  -1.0000000000000000       -1.0000000000000000       0.77321677753318585     
 -0.90000000000000002       -1.0000000000000000       0.39011619826888277     
 -0.80000000000000004       -1.0000000000000000      -0.13645479922569093     
 -0.69999999999999996       -1.0000000000000000      -0.61751472661427509     
 -0.59999999999999998       -1.0000000000000000      -0.86696023480934215     
 -0.49999999999999994       -1.0000000000000000      -0.78551021628955053     
 -0.39999999999999991       -1.0000000000000000      -0.40414693384869560     
 -0.29999999999999993       -1.0000000000000000       0.13198685963595252     
 -0.19999999999999993       -1.0000000000000000       0.61690087325464937     
  -9.9999999999999978E-002  -1.0000000000000000       0.86697907921568573     
   2.7755575615628914E-017  -1.0000000000000000       0.78430253942778128     
  0.10000000000000009       -1.0000000000000000       0.40367773588657035     
  0.20000000000000009       -1.0000000000000000      -0.13408978572717262     
  0.30000000000000016       -1.0000000000000000      -0.61766992942485577     
  0.40000000000000013       -1.0000000000000000      -0.86985771730222194     
  0.50000000000000011       -1.0000000000000000      -0.78558592145654660     
  0.60000000000000009       -1.0000000000000000      -0.40695031085063943     
  0.70000000000000007       -1.0000000000000000       0.13202759965662370     
  0.80000000000000004       -1.0000000000000000       0.61427275757906752     
  0.90000000000000002       -1.0000000000000000       0.86635071368958316     
   1.0000000000000000       -1.0000000000000000       0.77020441849906562     
  -1.0000000000000000      -0.90000000000000002       0.39011619826888072     
 -0.90000000000000002      -0.90000000000000002       0.19679091051250783     
 -0.80000000000000004      -0.90000000000000002       -6.8908504342503840E-002
 -0.69999999999999996      -0.90000000000000002      -0.31162111619598298     
 -0.59999999999999998      -0.90000000000000002      -0.43745195047403207     
 -0.49999999999999994      -0.90000000000000002      -0.39631880927490104     
 -0.39999999999999991      -0.90000000000000002      -0.20386856095954756     
 -0.29999999999999993      -0.90000000000000002        6.6654506601438721E-002
 -0.19999999999999993      -0.90000000000000002       0.31131175005079031     
  -9.9999999999999978E-002 -0.90000000000000002       0.43746132998635212     
   2.7755575615628914E-017 -0.90000000000000002       0.39570986559578480     
  0.10000000000000009      -0.90000000000000002       0.20363179557355857     
  0.20000000000000009      -0.90000000000000002       -6.7715141535987011E-002
  0.30000000000000016      -0.90000000000000002      -0.31169946449833458     
  0.40000000000000013      -0.90000000000000002      -0.43891358308889789     
  0.50000000000000011      -0.90000000000000002      -0.39635702929822419     
  0.60000000000000009      -0.90000000000000002      -0.20528299581387680     
  0.70000000000000007      -0.90000000000000002        6.6674996836389180E-002
  0.80000000000000004      -0.90000000000000002       0.30998536431171009     
  0.90000000000000002      -0.90000000000000002       0.43714429648857861     
   1.0000000000000000      -0.90000000000000002       0.38859661625543623     
  -1.0000000000000000      -0.80000000000000004      -0.13645479922569748     
 -0.90000000000000002      -0.80000000000000004       -6.8908504342501647E-002
 -0.80000000000000004      -0.80000000000000004        2.3977036226985150E-002
 -0.69999999999999996      -0.80000000000000004       0.10887251839320369     
 -0.59999999999999998      -0.80000000000000004       0.15293337313972180     
 -0.49999999999999994      -0.80000000000000004       0.13862410321851887     
 -0.39999999999999991      -0.80000000000000004        7.1386900263287964E-002
 -0.29999999999999993      -0.80000000000000004       -2.3188143673576345E-002
 -0.19999999999999993      -0.80000000000000004      -0.10876360837498146     
  -9.9999999999999978E-002 -0.80000000000000004      -0.15293691366942053     
   2.7755575615628914E-017 -0.80000000000000004      -0.13841034988797676     
  0.10000000000000009      -0.80000000000000004       -7.1304161155132273E-002
  0.20000000000000009      -0.80000000000000004        2.3559878941958351E-002
  0.30000000000000016      -0.80000000000000004       0.10889983631309162     
  0.40000000000000013      -0.80000000000000004       0.15344513652558617     
  0.50000000000000011      -0.80000000000000004       0.13863742318968295     
  0.60000000000000009      -0.80000000000000004        7.1881583518041137E-002
  0.70000000000000007      -0.80000000000000004       -2.3195441664666621E-002
  0.80000000000000004      -0.80000000000000004      -0.10830048628574368     
  0.90000000000000002      -0.80000000000000004      -0.15282602185691105     
   1.0000000000000000      -0.80000000000000004      -0.13592274592608214     
  -1.0000000000000000      -0.69999999999999996      -0.61751472661427209     
 -0.90000000000000002      -0.69999999999999996      -0.31162111619598215     
 -0.80000000000000004      -0.69999999999999996       0.10887251839320032     
 -0.69999999999999996      -0.69999999999999996       0.49306136717240773     
 -0.59999999999999998      -0.69999999999999996       0.69231590731392822     
 -0.49999999999999994      -0.69999999999999996       0.62733244217720485     
 -0.39999999999999991      -0.69999999999999996       0.32282879997238162     
 -0.29999999999999993      -0.69999999999999996      -0.10530387766029810     
 -0.19999999999999993      -0.69999999999999996      -0.49257054348915635     
  -9.9999999999999978E-002 -0.69999999999999996      -0.69233117287063994     
   2.7755575615628914E-017 -0.69999999999999996      -0.62636732530769257     
  0.10000000000000009      -0.69999999999999996      -0.32245414770266473     
  0.20000000000000009      -0.69999999999999996       0.10698395936211734     
  0.30000000000000016      -0.69999999999999996       0.49318524486176862     
  0.40000000000000013      -0.69999999999999996       0.69463035285191344     
  0.50000000000000011      -0.69999999999999996       0.62739286225804236     
  0.60000000000000009      -0.69999999999999996       0.32506761529112377     
  0.70000000000000007      -0.69999999999999996      -0.10533652266053442     
  0.80000000000000004      -0.69999999999999996      -0.49047233141024960     
  0.90000000000000002      -0.69999999999999996      -0.69182934092203030     
   1.0000000000000000      -0.69999999999999996      -0.61510852030221641     
  -1.0000000000000000      -0.59999999999999998      -0.86696023480933182     
 -0.90000000000000002      -0.59999999999999998      -0.43745195047402885     
 -0.80000000000000004      -0.59999999999999998       0.15293337313973585     
 -0.69999999999999996      -0.59999999999999998       0.69231590731393244     
 -0.59999999999999998      -0.59999999999999998       0.97202842575318626     
 -0.49999999999999994      -0.59999999999999998       0.88074398236835738     
 -0.39999999999999991      -0.59999999999999998       0.45318518207944830     
 -0.29999999999999993      -0.59999999999999998      -0.14792349548874797     
 -0.19999999999999993      -0.59999999999999998      -0.69162726987171186     
  -9.9999999999999978E-002 -0.59999999999999998      -0.97204968901452860     
   2.7755575615628914E-017 -0.59999999999999998      -0.87938949779066655     
  0.10000000000000009      -0.59999999999999998      -0.45265913896856141     
  0.20000000000000009      -0.59999999999999998       0.15028176229632081     
  0.30000000000000016      -0.59999999999999998       0.69248988183848692     
  0.40000000000000013      -0.59999999999999998       0.97527745934980703     
  0.50000000000000011      -0.59999999999999998       0.88082884078055801     
  0.60000000000000009      -0.59999999999999998       0.45632840587208895     
  0.70000000000000007      -0.59999999999999998      -0.14796924238677719     
  0.80000000000000004      -0.59999999999999998      -0.68868095009797414     
  0.90000000000000002      -0.59999999999999998      -0.97134514161164709     
   1.0000000000000000      -0.59999999999999998      -0.86358238673715204     
  -1.0000000000000000      -0.49999999999999994      -0.78551021628955098     
 -0.90000000000000002      -0.49999999999999994      -0.39631880927490226     
 -0.80000000000000004      -0.49999999999999994       0.13862410321851934     
 -0.69999999999999996      -0.49999999999999994       0.62733244217720663     
 -0.59999999999999998      -0.49999999999999994       0.88074398236835505     
 -0.49999999999999994      -0.49999999999999994       0.79799910908937499     
 -0.39999999999999991      -0.49999999999999994       0.41057262518499610     
 -0.29999999999999993      -0.49999999999999994      -0.13408512671409106     
 -0.19999999999999993      -0.49999999999999994      -0.62670882798938676     
  -9.9999999999999978E-002 -0.49999999999999994      -0.88076312682284930     
   2.7755575615628914E-017 -0.49999999999999994      -0.79677223005559128     
  0.10000000000000009      -0.49999999999999994      -0.41009596751763844     
  0.20000000000000009      -0.49999999999999994       0.13622148861577835     
  0.30000000000000016      -0.49999999999999994       0.62749011243445452     
  0.40000000000000013      -0.49999999999999994       0.88368753303699110     
  0.50000000000000011      -0.49999999999999994       0.79807601781979542     
  0.60000000000000009      -0.49999999999999994       0.41342057321108872     
  0.70000000000000007      -0.49999999999999994      -0.13412651467699591     
  0.80000000000000004      -0.49999999999999994      -0.62403892900523561     
  0.90000000000000002      -0.49999999999999994      -0.88012477086179497     
   1.0000000000000000      -0.49999999999999994      -0.78244996267851064     
  -1.0000000000000000      -0.39999999999999991      -0.40414693384868683     
 -0.90000000000000002      -0.39999999999999991      -0.20386856095954406     
 -0.80000000000000004      -0.39999999999999991        7.1386900263290642E-002
 -0.69999999999999996      -0.39999999999999991       0.32282879997237879     
 -0.59999999999999998      -0.39999999999999991       0.45318518207944336     
 -0.49999999999999994      -0.39999999999999991       0.41057262518499477     
 -0.39999999999999991      -0.39999999999999991       0.21120076142844571     
 -0.29999999999999993      -0.39999999999999991       -6.9051836572798064E-002
 -0.19999999999999993      -0.39999999999999991      -0.32250830767617616     
  -9.9999999999999978E-002 -0.39999999999999991      -0.45319489881571040     
   2.7755575615628914E-017 -0.39999999999999991      -0.40994178091802119     
  0.10000000000000009      -0.39999999999999991      -0.21095548060083089     
  0.20000000000000009      -0.39999999999999991        7.0150617426941717E-002
  0.30000000000000016      -0.39999999999999991       0.32290996616109924     
  0.40000000000000013      -0.39999999999999991       0.45469938284673911     
  0.50000000000000011      -0.39999999999999991       0.41061221983579599     
  0.60000000000000009      -0.39999999999999991       0.21266606720140280     
  0.70000000000000007      -0.39999999999999991       -6.9073063684436761E-002
  0.80000000000000004      -0.39999999999999991      -0.32113421734987058     
  0.90000000000000002      -0.39999999999999991      -0.45286646304150679     
   1.0000000000000000      -0.39999999999999991      -0.40257269956947522     
  -1.0000000000000000      -0.29999999999999993       0.13198685963595272     
 -0.90000000000000002      -0.29999999999999993        6.6654506601437763E-002
 -0.80000000000000004      -0.29999999999999993       -2.3188143673576484E-002
 -0.69999999999999996      -0.29999999999999993      -0.10530387766029781     
 -0.59999999999999998      -0.29999999999999993      -0.14792349548874836     
 -0.49999999999999994      -0.29999999999999993      -0.13408512671409012     
 -0.39999999999999991      -0.29999999999999993       -6.9051836572798370E-002
 -0.29999999999999993      -0.29999999999999993        2.2425067018169865E-002
 -0.19999999999999993      -0.29999999999999993       0.10519851247107195     
  -9.9999999999999978E-002 -0.29999999999999993       0.14792692799047824     
   2.7755575615628914E-017 -0.29999999999999993       0.13387834936334272     
  0.10000000000000009      -0.29999999999999993        6.8971808901950704E-002
  0.20000000000000009      -0.29999999999999993       -2.2784653198689726E-002
  0.30000000000000016      -0.29999999999999993      -0.10533029848468717     
  0.40000000000000013      -0.29999999999999993      -0.14841851781402476     
  0.50000000000000011      -0.29999999999999993      -0.13409800907405961     
  0.60000000000000009      -0.29999999999999993       -6.9530320654289157E-002
  0.70000000000000007      -0.29999999999999993        2.2432130022649238E-002
  0.80000000000000004      -0.29999999999999993       0.10475057927750392     
  0.90000000000000002      -0.29999999999999993       0.14781966711417141     
   1.0000000000000000      -0.29999999999999993       0.13147221120880798     
  -1.0000000000000000      -0.19999999999999993       0.61690087325464071     
 -0.90000000000000002      -0.19999999999999993       0.31131175005078793     
 -0.80000000000000004      -0.19999999999999993      -0.10876360837499460     
 -0.69999999999999996      -0.19999999999999993      -0.49257054348916113     
 -0.59999999999999998      -0.19999999999999993      -0.69162726987172296     
 -0.49999999999999994      -0.19999999999999993      -0.62670882798938943     
 -0.39999999999999991      -0.19999999999999993      -0.32250830767618477     
 -0.29999999999999993      -0.19999999999999993       0.10519851247107249     
 -0.19999999999999993      -0.19999999999999993       0.49208020391931140     
  -9.9999999999999978E-002 -0.19999999999999993       0.69164252166965134     
   2.7755575615628914E-017 -0.19999999999999993       0.62574466640357929     
  0.10000000000000009      -0.19999999999999993       0.32213402825095533     
  0.20000000000000009      -0.19999999999999993      -0.10687692810941028     
  0.30000000000000016      -0.19999999999999993      -0.49269429756523547     
  0.40000000000000013      -0.19999999999999993      -0.69393941748470334     
  0.50000000000000011      -0.19999999999999993      -0.62676918774402934     
  0.60000000000000009      -0.19999999999999993      -0.32474489713836363     
  0.70000000000000007      -0.19999999999999993       0.10523112573151203     
  0.80000000000000004      -0.19999999999999993       0.48998408207101468     
  0.90000000000000002      -0.19999999999999993       0.69114118857858609     
   1.0000000000000000      -0.19999999999999993       0.61449705599011561     
  -1.0000000000000000       -9.9999999999999978E-002  0.86697907921568595     
 -0.90000000000000002       -9.9999999999999978E-002  0.43746132998635251     
 -0.80000000000000004       -9.9999999999999978E-002 -0.15293691366942122     
 -0.69999999999999996       -9.9999999999999978E-002 -0.69233117287064039     
 -0.59999999999999998       -9.9999999999999978E-002 -0.97204968901452882     
 -0.49999999999999994       -9.9999999999999978E-002 -0.88076312682284708     
 -0.39999999999999991       -9.9999999999999978E-002 -0.45319489881571273     
 -0.29999999999999993       -9.9999999999999978E-002  0.14792692799047988     
 -0.19999999999999993       -9.9999999999999978E-002  0.69164252166964957     
  -9.9999999999999978E-002  -9.9999999999999978E-002  0.97207095231660712     
   2.7755575615628914E-017  -9.9999999999999978E-002  0.87940861410914661     
  0.10000000000000009       -9.9999999999999978E-002  0.45266884412550734     
  0.20000000000000009       -9.9999999999999978E-002 -0.15028524478575486     
  0.30000000000000016       -9.9999999999999978E-002 -0.69250515133037038     
  0.40000000000000013       -9.9999999999999978E-002 -0.97529879238590311     
  0.50000000000000011       -9.9999999999999978E-002 -0.88084798716169532     
  0.60000000000000009       -9.9999999999999978E-002 -0.45633819101615414     
  0.70000000000000007       -9.9999999999999978E-002  0.14797267566073294     
  0.80000000000000004       -9.9999999999999978E-002  0.68869613644539907     
  0.90000000000000002       -9.9999999999999978E-002  0.97136638960093247     
   1.0000000000000000       -9.9999999999999978E-002  0.86360115868059451     
  -1.0000000000000000        2.7755575615628914E-017  0.78430253942775974     
 -0.90000000000000002        2.7755575615628914E-017  0.39570986559578253     
 -0.80000000000000004        2.7755575615628914E-017 -0.13841034988798784     
 -0.69999999999999996        2.7755575615628914E-017 -0.62636732530769679     
 -0.59999999999999998        2.7755575615628914E-017 -0.87938949779066733     
 -0.49999999999999994        2.7755575615628914E-017 -0.79677223005559594     
 -0.39999999999999991        2.7755575615628914E-017 -0.40994178091802708     
 -0.29999999999999993        2.7755575615628914E-017  0.13387834936334336     
 -0.19999999999999993        2.7755575615628914E-017  0.62574466640356963     
  -9.9999999999999978E-002   2.7755575615628914E-017  0.87940861410914906     
   2.7755575615628914E-017   2.7755575615628914E-017  0.79554723350567735     
  0.10000000000000009        2.7755575615628914E-017  0.40946585646500733     
  0.20000000000000009        2.7755575615628914E-017 -0.13601143045258696     
  0.30000000000000016        2.7755575615628914E-017 -0.62652475272427244     
  0.40000000000000013        2.7755575615628914E-017 -0.88232852548334317     
  0.50000000000000011        2.7755575615628914E-017 -0.79684902030080129     
  0.60000000000000009        2.7755575615628914E-017 -0.41278535009897016     
  0.70000000000000007        2.7755575615628914E-017  0.13391967434737020     
  0.80000000000000004        2.7755575615628914E-017  0.62307887632724923     
  0.90000000000000002        2.7755575615628914E-017  0.87877123958457404     
   1.0000000000000000        2.7755575615628914E-017  0.78124698812430149     
  -1.0000000000000000       0.10000000000000009       0.40367773588657030     
 -0.90000000000000002       0.10000000000000009       0.20363179557355920     
 -0.80000000000000004       0.10000000000000009       -7.1304161155132717E-002
 -0.69999999999999996       0.10000000000000009      -0.32245414770266478     
 -0.59999999999999998       0.10000000000000009      -0.45265913896856014     
 -0.49999999999999994       0.10000000000000009      -0.41009596751763749     
 -0.39999999999999991       0.10000000000000009      -0.21095548060083189     
 -0.29999999999999993       0.10000000000000009        6.8971808901951384E-002
 -0.19999999999999993       0.10000000000000009       0.32213402825095433     
  -9.9999999999999978E-002  0.10000000000000009       0.45266884412550767     
   2.7755575615628914E-017  0.10000000000000009       0.40946585646500644     
  0.10000000000000009       0.10000000000000009       0.21071048445646295     
  0.20000000000000009       0.10000000000000009       -7.0069313290569132E-002
  0.30000000000000016       0.10000000000000009      -0.32253521975377164     
  0.40000000000000013       0.10000000000000009      -0.45417158122786583     
  0.50000000000000011       0.10000000000000009      -0.41013551625480826     
  0.60000000000000009       0.10000000000000009      -0.21241908528381565     
  0.70000000000000007       0.10000000000000009        6.8993011224410511E-002
  0.80000000000000004       0.10000000000000009       0.32076153228325616     
  0.90000000000000002       0.10000000000000009       0.45234078965075353     
   1.0000000000000000       0.10000000000000009       0.40210532979505564     
  -1.0000000000000000       0.20000000000000009      -0.13408978572718047     
 -0.90000000000000002       0.20000000000000009       -6.7715141535984888E-002
 -0.80000000000000004       0.20000000000000009        2.3559878941966112E-002
 -0.69999999999999996       0.20000000000000009       0.10698395936211809     
 -0.59999999999999998       0.20000000000000009       0.15028176229631937     
 -0.49999999999999994       0.20000000000000009       0.13622148861577724     
 -0.39999999999999991       0.20000000000000009        7.0150617426942841E-002
 -0.29999999999999993       0.20000000000000009       -2.2784653198688731E-002
 -0.19999999999999993       0.20000000000000009      -0.10687692810940931     
  -9.9999999999999978E-002  0.20000000000000009      -0.15028524478575273     
   2.7755575615628914E-017  0.20000000000000009      -0.13601143045258748     
  0.10000000000000009       0.20000000000000009       -7.0069313290568744E-002
  0.20000000000000009       0.20000000000000009        2.3149955069988494E-002
  0.30000000000000016       0.20000000000000009       0.10701080272137359     
  0.40000000000000013       0.20000000000000009       0.15078466243108304     
  0.50000000000000011       0.20000000000000009       0.13623457711000933     
  0.60000000000000009       0.20000000000000009        7.0636726160110186E-002
  0.70000000000000007       0.20000000000000009       -2.2791826362766412E-002
  0.80000000000000004       0.20000000000000009      -0.10642184317098445     
  0.90000000000000002       0.20000000000000009      -0.15017627493701882     
   1.0000000000000000       0.20000000000000009      -0.13356694719617049     
  -1.0000000000000000       0.30000000000000016      -0.61766992942485366     
 -0.90000000000000002       0.30000000000000016      -0.31169946449833386     
 -0.80000000000000004       0.30000000000000016       0.10889983631309166     
 -0.69999999999999996       0.30000000000000016       0.49318524486176829     
 -0.59999999999999998       0.30000000000000016       0.69248988183848748     
 -0.49999999999999994       0.30000000000000016       0.62749011243445363     
 -0.39999999999999991       0.30000000000000016       0.32290996616110196     
 -0.29999999999999993       0.30000000000000016      -0.10533029848468738     
 -0.19999999999999993       0.30000000000000016      -0.49269429756523525     
  -9.9999999999999978E-002  0.30000000000000016      -0.69250515133037038     
   2.7755575615628914E-017  0.30000000000000016      -0.62652475272427255     
  0.10000000000000009       0.30000000000000016      -0.32253521975377142     
  0.20000000000000009       0.30000000000000016       0.10701080272137470     
  0.30000000000000016       0.30000000000000016       0.49330915365526518     
  0.40000000000000013       0.30000000000000016       0.69480490926896532     
  0.50000000000000011       0.30000000000000016       0.62755054768309682     
  0.60000000000000009       0.30000000000000016       0.32514934414848651     
  0.70000000000000007       0.30000000000000016      -0.10536295173764534     
  0.80000000000000004       0.30000000000000016      -0.49059555843073360     
  0.90000000000000002       0.30000000000000016      -0.69200319325435977     
   1.0000000000000000       0.30000000000000016      -0.61526311816355228     
  -1.0000000000000000       0.40000000000000013      -0.86985771730218941     
 -0.90000000000000002       0.40000000000000013      -0.43891358308889150     
 -0.80000000000000004       0.40000000000000013       0.15344513652560196     
 -0.69999999999999996       0.40000000000000013       0.69463035285191610     
 -0.59999999999999998       0.40000000000000013       0.97527745934982035     
 -0.49999999999999994       0.40000000000000013       0.88368753303699310     
 -0.39999999999999991       0.40000000000000013       0.45469938284675415     
 -0.29999999999999993       0.40000000000000013      -0.14841851781402426     
 -0.19999999999999993       0.40000000000000013      -0.69393941748469712     
  -9.9999999999999978E-002  0.40000000000000013      -0.97529879238590089     
   2.7755575615628914E-017  0.40000000000000013      -0.88232852548335539     
  0.10000000000000009       0.40000000000000013      -0.45417158122786588     
  0.20000000000000009       0.40000000000000013       0.15078466243107988     
  0.30000000000000016       0.40000000000000013       0.69480490926896354     
  0.40000000000000013       0.40000000000000013       0.97853734902708578     
  0.50000000000000011       0.40000000000000013       0.88377267530207448     
  0.60000000000000009       0.40000000000000013       0.45785311193635569     
  0.70000000000000007       0.40000000000000013      -0.14846441693951118     
  0.80000000000000004       0.40000000000000013      -0.69098324657915366     
  0.90000000000000002       0.40000000000000013      -0.97459189030487359     
   1.0000000000000000       0.40000000000000013      -0.86646858285125850     
  -1.0000000000000000       0.50000000000000011      -0.78558592145654549     
 -0.90000000000000002       0.50000000000000011      -0.39635702929822419     
 -0.80000000000000004       0.50000000000000011       0.13863742318968442     
 -0.69999999999999996       0.50000000000000011       0.62739286225804336     
 -0.59999999999999998       0.50000000000000011       0.88082884078056001     
 -0.49999999999999994       0.50000000000000011       0.79807601781979365     
 -0.39999999999999991       0.50000000000000011       0.41061221983579776     
 -0.29999999999999993       0.50000000000000011      -0.13409800907406089     
 -0.19999999999999993       0.50000000000000011      -0.62676918774403179     
  -9.9999999999999978E-002  0.50000000000000011      -0.88084798716169666     
   2.7755575615628914E-017  0.50000000000000011      -0.79684902030080107     
  0.10000000000000009       0.50000000000000011      -0.41013551625480810     
  0.20000000000000009       0.50000000000000011       0.13623457711001341     
  0.30000000000000016       0.50000000000000011       0.62755054768309781     
  0.40000000000000013       0.50000000000000011       0.88377267530207915     
  0.50000000000000011       0.50000000000000011       0.79815293394697850     
  0.60000000000000009       0.50000000000000011       0.41346044232105866     
  0.70000000000000007       0.50000000000000011      -0.13413940106749306     
  0.80000000000000004       0.50000000000000011      -0.62409903170511882     
  0.90000000000000002       0.50000000000000011      -0.88020956967771424     
   1.0000000000000000       0.50000000000000011      -0.78252537273425160     
  -1.0000000000000000       0.60000000000000009      -0.40695031085062150     
 -0.90000000000000002       0.60000000000000009      -0.20528299581387530     
 -0.80000000000000004       0.60000000000000009        7.1881583518057804E-002
 -0.69999999999999996       0.60000000000000009       0.32506761529112355     
 -0.59999999999999998       0.60000000000000009       0.45632840587210993     
 -0.49999999999999994       0.60000000000000009       0.41342057321109021     
 -0.39999999999999991       0.60000000000000009       0.21266606720140238     
 -0.29999999999999993       0.60000000000000009       -6.9530320654289393E-002
 -0.19999999999999993       0.60000000000000009      -0.32474489713838034     
  -9.9999999999999978E-002  0.60000000000000009      -0.45633819101615397     
   2.7755575615628914E-017  0.60000000000000009      -0.41278535009897549     
  0.10000000000000009       0.60000000000000009      -0.21241908528381467     
  0.20000000000000009       0.60000000000000009        7.0636726160126659E-002
  0.30000000000000016       0.60000000000000009       0.32514934414848551     
  0.40000000000000013       0.60000000000000009       0.45785311193636807     
  0.50000000000000011       0.60000000000000009       0.41346044232105872     
  0.60000000000000009       0.60000000000000009       0.21414153689079840     
  0.70000000000000007       0.60000000000000009       -6.9551695521121587E-002
  0.80000000000000004       0.60000000000000009      -0.32336127861744440     
  0.90000000000000002       0.60000000000000009      -0.45600747703730377     
   1.0000000000000000       0.60000000000000009      -0.40536515473135404     
  -1.0000000000000000       0.70000000000000007       0.13202759965662159     
 -0.90000000000000002       0.70000000000000007        6.6674996836388167E-002
 -0.80000000000000004       0.70000000000000007       -2.3195441664665223E-002
 -0.69999999999999996       0.70000000000000007      -0.10533652266053446     
 -0.59999999999999998       0.70000000000000007      -0.14796924238677781     
 -0.49999999999999994       0.70000000000000007      -0.13412651467699543     
 -0.39999999999999991       0.70000000000000007       -6.9073063684438316E-002
 -0.29999999999999993       0.70000000000000007        2.2432130022649169E-002
 -0.19999999999999993       0.70000000000000007       0.10523112573151093     
  -9.9999999999999978E-002  0.70000000000000007       0.14797267566073255     
   2.7755575615628914E-017  0.70000000000000007       0.13391967434737156     
  0.10000000000000009       0.70000000000000007        6.8993011224410247E-002
  0.20000000000000009       0.70000000000000007       -2.2791826362764486E-002
  0.30000000000000016       0.70000000000000007      -0.10536295173764476     
  0.40000000000000013       0.70000000000000007      -0.14846441693951240     
  0.50000000000000011       0.70000000000000007      -0.13413940106749292     
  0.60000000000000009       0.70000000000000007       -6.9551695521123502E-002
  0.70000000000000007       0.70000000000000007        2.2439195061289798E-002
  0.80000000000000004       0.70000000000000007       0.10478305335850088     
  0.90000000000000002       0.70000000000000007       0.14786538167655344     
   1.0000000000000000       0.70000000000000007       0.13151279297606372     
  -1.0000000000000000       0.80000000000000004       0.61427275757906563     
 -0.90000000000000002       0.80000000000000004       0.30998536431170776     
 -0.80000000000000004       0.80000000000000004      -0.10830048628576089     
 -0.69999999999999996       0.80000000000000004      -0.49047233141025576     
 -0.59999999999999998       0.80000000000000004      -0.68868095009799768     
 -0.49999999999999994       0.80000000000000004      -0.62403892900524083     
 -0.39999999999999991       0.80000000000000004      -0.32113421734988484     
 -0.29999999999999993       0.80000000000000004       0.10475057927750483     
 -0.19999999999999993       0.80000000000000004       0.48998408207102268     
  -9.9999999999999978E-002  0.80000000000000004       0.68869613644540073     
   2.7755575615628914E-017  0.80000000000000004       0.62307887632726844     
  0.10000000000000009       0.80000000000000004       0.32076153228325766     
  0.20000000000000009       0.80000000000000004      -0.10642184317098465     
  0.30000000000000016       0.80000000000000004      -0.49059555843073488     
  0.40000000000000013       0.80000000000000004      -0.69098324657916466     
  0.50000000000000011       0.80000000000000004      -0.62409903170511938     
  0.60000000000000009       0.80000000000000004      -0.32336127861743585     
  0.70000000000000007       0.80000000000000004       0.10478305335850184     
  0.80000000000000004       0.80000000000000004       0.48789688859074748     
  0.90000000000000002       0.80000000000000004       0.68819693912915192     
   1.0000000000000000       0.80000000000000004       0.61187918202572111     
  -1.0000000000000000       0.90000000000000002       0.86635071368958194     
 -0.90000000000000002       0.90000000000000002       0.43714429648857872     
 -0.80000000000000004       0.90000000000000002      -0.15282602185690886     
 -0.69999999999999996       0.90000000000000002      -0.69182934092202952     
 -0.59999999999999998       0.90000000000000002      -0.97134514161164598     
 -0.49999999999999994       0.90000000000000002      -0.88012477086179297     
 -0.39999999999999991       0.90000000000000002      -0.45286646304151257     
 -0.29999999999999993       0.90000000000000002       0.14781966711417177     
 -0.19999999999999993       0.90000000000000002       0.69114118857857942     
  -9.9999999999999978E-002  0.90000000000000002       0.97136638960093147     
   2.7755575615628914E-017  0.90000000000000002       0.87877123958457259     
  0.10000000000000009       0.90000000000000002       0.45234078965075358     
  0.20000000000000009       0.90000000000000002      -0.15017627493701813     
  0.30000000000000016       0.90000000000000002      -0.69200319325435888     
  0.40000000000000013       0.90000000000000002      -0.97459189030487292     
  0.50000000000000011       0.90000000000000002      -0.88020956967771313     
  0.60000000000000009       0.90000000000000002      -0.45600747703730610     
  0.70000000000000007       0.90000000000000002       0.14786538167655322     
  0.80000000000000004       0.90000000000000002       0.68819693912914393     
  0.90000000000000002       0.90000000000000002       0.97066233753546871     
   1.0000000000000000       0.90000000000000002       0.86297524119353974     
  -1.0000000000000000        1.0000000000000000       0.77020441849901544     
 -0.90000000000000002        1.0000000000000000       0.38859661625543124     
 -0.80000000000000004        1.0000000000000000      -0.13592274592609013     
 -0.69999999999999996        1.0000000000000000      -0.61510852030221619     
 -0.59999999999999998        1.0000000000000000      -0.86358238673714560     
 -0.49999999999999994        1.0000000000000000      -0.78244996267851263     
 -0.39999999999999991        1.0000000000000000      -0.40257269956948039     
 -0.29999999999999993        1.0000000000000000       0.13147221120880834     
 -0.19999999999999993        1.0000000000000000       0.61449705599009852     
  -9.9999999999999978E-002   1.0000000000000000       0.86360115868059206     
   2.7755575615628914E-017   1.0000000000000000       0.78124698812429616     
  0.10000000000000009        1.0000000000000000       0.40210532979505487     
  0.20000000000000009        1.0000000000000000      -0.13356694719616771     
  0.30000000000000016        1.0000000000000000      -0.61526311816354917     
  0.40000000000000013        1.0000000000000000      -0.86646858285123463     
  0.50000000000000011        1.0000000000000000      -0.78252537273424694     
  0.60000000000000009        1.0000000000000000      -0.40536515473134005     
  0.70000000000000007        1.0000000000000000       0.13151279297606205     
  0.80000000000000004        1.0000000000000000       0.61187918202569003     
  0.90000000000000002        1.0000000000000000       0.86297524119353897     
   1.0000000000000000        1.0000000000000000       0.76720379343652800     
