  -1.0000000000000000       -1.0000000000000000        3.1382901811053292E-002
 -0.90000000000000002       -1.0000000000000000       0.12322098629785290     
 -0.80000000000000004       -1.0000000000000000       0.16839379678662561     
 -0.69999999999999996       -1.0000000000000000       0.15116864864720514     
 -0.59999999999999998       -1.0000000000000000        7.3928905184248828E-002
 -0.49999999999999994       -1.0000000000000000       -3.0782452835798457E-002
 -0.39999999999999991       -1.0000000000000000      -0.12881713556918267     
 -0.29999999999999993       -1.0000000000000000      -0.17578654808531380     
 -0.19999999999999993       -1.0000000000000000      -0.15790157422684672     
  -9.9999999999999978E-002  -1.0000000000000000       -7.7809276321563398E-002
   2.7755575615628914E-017  -1.0000000000000000        2.9596032509640047E-002
  0.10000000000000009       -1.0000000000000000       0.12768617628237033     
  0.20000000000000009       -1.0000000000000000       0.17452856368271372     
  0.30000000000000016       -1.0000000000000000       0.15673738738316273     
  0.40000000000000013       -1.0000000000000000        7.6624489088710848E-002
  0.50000000000000011       -1.0000000000000000       -3.0801275978308271E-002
  0.60000000000000009       -1.0000000000000000      -0.12888490617275886     
  0.70000000000000007       -1.0000000000000000      -0.17575949003256108     
  0.80000000000000004       -1.0000000000000000      -0.15802364207764111     
  0.90000000000000002       -1.0000000000000000       -7.7839559449525378E-002
   1.0000000000000000       -1.0000000000000000        2.8923377451220589E-002
  -1.0000000000000000      -0.90000000000000002       0.12322098629785196     
 -0.90000000000000002      -0.90000000000000002       0.48141878240483799     
 -0.80000000000000004      -0.90000000000000002       0.65730393901562822     
 -0.69999999999999996      -0.90000000000000002       0.58963190903941709     
 -0.59999999999999998      -0.90000000000000002       0.28786679744022509     
 -0.49999999999999994      -0.90000000000000002      -0.12088920498733349     
 -0.39999999999999991      -0.90000000000000002      -0.50327728618505241     
 -0.29999999999999993      -0.90000000000000002      -0.68616281683611147     
 -0.19999999999999993      -0.90000000000000002      -0.61589471346777114     
  -9.9999999999999978E-002 -0.90000000000000002      -0.30298337316143759     
   2.7755575615628914E-017 -0.90000000000000002       0.11626154670363278     
  0.10000000000000009      -0.90000000000000002       0.49886344629462398     
  0.20000000000000009      -0.90000000000000002       0.68125247760247631     
  0.30000000000000016      -0.90000000000000002       0.61135132134209003     
  0.40000000000000013      -0.90000000000000002       0.29835835473407257     
  0.50000000000000011      -0.90000000000000002      -0.12096563195452138     
  0.60000000000000009      -0.90000000000000002      -0.50354248709081295     
  0.70000000000000007      -0.90000000000000002      -0.68605691158649396     
  0.80000000000000004      -0.90000000000000002      -0.61637070143361816     
  0.90000000000000002      -0.90000000000000002      -0.30310234254216967     
   1.0000000000000000      -0.90000000000000002       0.11362413422001144     
  -1.0000000000000000      -0.80000000000000004       0.16839379678661384     
 -0.90000000000000002      -0.80000000000000004       0.65730393901562867     
 -0.80000000000000004      -0.80000000000000004       0.89729560785506335     
 -0.69999999999999996      -0.80000000000000004       0.80480501727949094     
 -0.59999999999999998      -0.80000000000000004       0.39279255660274570     
 -0.49999999999999994      -0.80000000000000004      -0.16521368715204268     
 -0.39999999999999991      -0.80000000000000004      -0.68714702623547907     
 -0.29999999999999993      -0.80000000000000004      -0.93669186018352568     
 -0.19999999999999993      -0.80000000000000004      -0.84065212730489958     
  -9.9999999999999978E-002 -0.80000000000000004      -0.41342082922261297     
   2.7755575615628914E-017 -0.80000000000000004       0.15889725812350511     
  0.10000000000000009      -0.80000000000000004       0.68112180798024979     
  0.20000000000000009      -0.80000000000000004       0.92998869257183325     
  0.30000000000000016      -0.80000000000000004       0.83445009267064962     
  0.40000000000000013      -0.80000000000000004       0.40710705725491014     
  0.50000000000000011      -0.80000000000000004      -0.16531876733734693     
  0.60000000000000009      -0.80000000000000004      -0.68750922505994461     
  0.70000000000000007      -0.80000000000000004      -0.93654721442797684     
  0.80000000000000004      -0.80000000000000004      -0.84130178190245009     
  0.90000000000000002      -0.80000000000000004      -0.41358342953766375     
   1.0000000000000000      -0.80000000000000004       0.15529389819068096     
  -1.0000000000000000      -0.69999999999999996       0.15116864864720744     
 -0.90000000000000002      -0.69999999999999996       0.58963190903941709     
 -0.80000000000000004      -0.69999999999999996       0.80480501727948772     
 -0.69999999999999996      -0.69999999999999996       0.72176814425293478     
 -0.59999999999999998      -0.69999999999999996       0.35217528099633383     
 -0.49999999999999994      -0.69999999999999996      -0.14831853550094054     
 -0.39999999999999991      -0.69999999999999996      -0.61640154410876191     
 -0.29999999999999993      -0.69999999999999996      -0.84014082446342120     
 -0.19999999999999993      -0.69999999999999996      -0.75391687927358342     
  -9.9999999999999978E-002 -0.69999999999999996      -0.37067175618269871     
   2.7755575615628914E-017 -0.69999999999999996       0.14265380605433456     
  0.10000000000000009      -0.69999999999999996       0.61099751912311906     
  0.20000000000000009      -0.69999999999999996       0.83412860772578723     
  0.30000000000000016      -0.69999999999999996       0.74835429064842407     
  0.40000000000000013      -0.69999999999999996       0.36500872490309499     
  0.50000000000000011      -0.69999999999999996      -0.14841332602764962     
  0.60000000000000009      -0.69999999999999996      -0.61672653084735418     
  0.70000000000000007      -0.69999999999999996      -0.84001103562241575     
  0.80000000000000004      -0.69999999999999996      -0.75449947979252141     
  0.90000000000000002      -0.69999999999999996      -0.37081773608739493     
   1.0000000000000000      -0.69999999999999996       0.13941970765907577     
  -1.0000000000000000      -0.59999999999999998        7.3928905184257848E-002
 -0.90000000000000002      -0.59999999999999998       0.28786679744023097     
 -0.80000000000000004      -0.59999999999999998       0.39279255660276985     
 -0.69999999999999996      -0.59999999999999998       0.35217528099633660     
 -0.59999999999999998      -0.59999999999999998       0.17173617716503528     
 -0.49999999999999994      -0.59999999999999998       -7.2540368019536172E-002
 -0.39999999999999991      -0.59999999999999998      -0.30093500168900583     
 -0.29999999999999993      -0.59999999999999998      -0.41003898250949844     
 -0.19999999999999993      -0.59999999999999998      -0.36786197104776042     
  -9.9999999999999978E-002 -0.59999999999999998      -0.18075734137302713     
   2.7755575615628914E-017 -0.59999999999999998        6.9776345750328553E-002
  0.10000000000000009      -0.59999999999999998       0.29829766580528977     
  0.20000000000000009      -0.59999999999999998       0.40710467351768986     
  0.30000000000000016      -0.59999999999999998       0.36514727725050511     
  0.40000000000000013      -0.59999999999999998       0.17799337361226616     
  0.50000000000000011      -0.59999999999999998       -7.2587243646965796E-002
  0.60000000000000009      -0.59999999999999998      -0.30109375277405581     
  0.70000000000000007      -0.59999999999999998      -0.40997557824672620     
  0.80000000000000004      -0.59999999999999998      -0.36814621335854419     
  0.90000000000000002      -0.59999999999999998      -0.18082874640769117     
   1.0000000000000000      -0.59999999999999998        6.8195470038192221E-002
  -1.0000000000000000      -0.49999999999999994       -3.0782452835796247E-002
 -0.90000000000000002      -0.49999999999999994      -0.12088920498733387     
 -0.80000000000000004      -0.49999999999999994      -0.16521368715203846     
 -0.69999999999999996      -0.49999999999999994      -0.14831853550094073     
 -0.59999999999999998      -0.49999999999999994       -7.2540368019534729E-002
 -0.49999999999999994      -0.49999999999999994        3.0193214161460175E-002
 -0.39999999999999991      -0.49999999999999994       0.12637951331218555     
 -0.29999999999999993      -0.49999999999999994       0.17246680284008617     
 -0.19999999999999993      -0.49999999999999994       0.15492450761702276     
  -9.9999999999999978E-002 -0.49999999999999994        7.6347781546457646E-002
   2.7755575615628914E-017 -0.49999999999999994       -2.9029162720514010E-002
  0.10000000000000009      -0.49999999999999994      -0.12526990443601377     
  0.20000000000000009      -0.49999999999999994      -0.17123257501952649     
  0.30000000000000016      -0.49999999999999994      -0.15378229707911373     
  0.40000000000000013      -0.49999999999999994       -7.5185372622444915E-002
  0.50000000000000011      -0.49999999999999994        3.0211649843782818E-002
  0.60000000000000009      -0.49999999999999994       0.12644599697656836     
  0.70000000000000007      -0.49999999999999994       0.17244025888669898     
  0.80000000000000004      -0.49999999999999994       0.15504427547539507     
  0.90000000000000002      -0.49999999999999994        7.6377484541295934E-002
   1.0000000000000000      -0.49999999999999994       -2.8369337908122291E-002
  -1.0000000000000000      -0.39999999999999991      -0.12881713556914770     
 -0.90000000000000002      -0.39999999999999991      -0.50327728618504697     
 -0.80000000000000004      -0.39999999999999991      -0.68714702623545287     
 -0.69999999999999996      -0.39999999999999991      -0.61640154410876336     
 -0.59999999999999998      -0.39999999999999991      -0.30093500168898302     
 -0.49999999999999994      -0.39999999999999991       0.12637951331218583     
 -0.39999999999999991      -0.39999999999999991       0.52612824874834641     
 -0.29999999999999993      -0.39999999999999991       0.71731616746205851     
 -0.19999999999999993      -0.39999999999999991       0.64385669776510868     
  -9.9999999999999978E-002 -0.39999999999999991       0.31673783620619411     
   2.7755575615628914E-017 -0.39999999999999991      -0.12154175654476208     
  0.10000000000000009      -0.39999999999999991      -0.52151401215818194     
  0.20000000000000009      -0.39999999999999991      -0.71218288780511907     
  0.30000000000000016      -0.39999999999999991      -0.63910702730933378     
  0.40000000000000013      -0.39999999999999991      -0.31190283067783015     
  0.50000000000000011      -0.39999999999999991       0.12645941694186033     
  0.60000000000000009      -0.39999999999999991       0.52640549188521413     
  0.70000000000000007      -0.39999999999999991       0.71720545322160689     
  0.80000000000000004      -0.39999999999999991       0.64435429555475654     
  0.90000000000000002      -0.39999999999999991       0.31686220879749766     
   1.0000000000000000      -0.39999999999999991      -0.11878457281674011     
  -1.0000000000000000      -0.29999999999999993      -0.17578654808530916     
 -0.90000000000000002      -0.29999999999999993      -0.68616281683610991     
 -0.80000000000000004      -0.29999999999999993      -0.93669186018352180     
 -0.69999999999999996      -0.29999999999999993      -0.84014082446341920     
 -0.59999999999999998      -0.29999999999999993      -0.41003898250949117     
 -0.49999999999999994      -0.29999999999999993       0.17246680284008559     
 -0.39999999999999991      -0.29999999999999993       0.71731616746206328     
 -0.29999999999999993      -0.29999999999999993       0.97781782438170450     
 -0.19999999999999993      -0.29999999999999993       0.87756183839024293     
  -9.9999999999999978E-002 -0.29999999999999993       0.43157297850436427     
   2.7755575615628914E-017 -0.29999999999999993      -0.16587304443050060     
  0.10000000000000009      -0.29999999999999993      -0.71102640804891559     
  0.20000000000000009      -0.29999999999999993      -0.97082035049357673     
  0.30000000000000016      -0.29999999999999993      -0.87108749924396245     
  0.40000000000000013      -0.29999999999999993      -0.42498199728386049     
  0.50000000000000011      -0.29999999999999993       0.17257649390569241     
  0.60000000000000009      -0.29999999999999993       0.71769426819035831     
  0.70000000000000007      -0.29999999999999993       0.97766682814130468     
  0.80000000000000004      -0.29999999999999993       0.87824001688202302     
  0.90000000000000002      -0.29999999999999993       0.43174271716769275     
   1.0000000000000000      -0.29999999999999993      -0.16211148795381625     
  -1.0000000000000000      -0.19999999999999993      -0.15790157422684356     
 -0.90000000000000002      -0.19999999999999993      -0.61589471346777025     
 -0.80000000000000004      -0.19999999999999993      -0.84065212730489935     
 -0.69999999999999996      -0.19999999999999993      -0.75391687927358264     
 -0.59999999999999998      -0.19999999999999993      -0.36786197104776241     
 -0.49999999999999994      -0.19999999999999993       0.15492450761702420     
 -0.39999999999999991      -0.19999999999999993       0.64385669776511811     
 -0.29999999999999993      -0.19999999999999993       0.87756183839024393     
 -0.19999999999999993      -0.19999999999999993       0.78749757109882124     
  -9.9999999999999978E-002 -0.19999999999999993       0.38718231817998772     
   2.7755575615628914E-017 -0.19999999999999993      -0.14900746188204303     
  0.10000000000000009      -0.19999999999999993      -0.63821196982313777     
  0.20000000000000009      -0.19999999999999993      -0.87128182930951148     
  0.30000000000000016      -0.19999999999999993      -0.78168721681281961     
  0.40000000000000013      -0.19999999999999993      -0.38126704796933658     
  0.50000000000000011      -0.19999999999999993       0.15502351890878915     
  0.60000000000000009      -0.19999999999999993       0.64419615953202225     
  0.70000000000000007      -0.19999999999999993       0.87742626870853713     
  0.80000000000000004      -0.19999999999999993       0.78810612166425531     
  0.90000000000000002      -0.19999999999999993       0.38733479987911046     
   1.0000000000000000      -0.19999999999999993      -0.14562931775328020     
  -1.0000000000000000       -9.9999999999999978E-002  -7.7809276321565327E-002
 -0.90000000000000002       -9.9999999999999978E-002 -0.30298337316143836     
 -0.80000000000000004       -9.9999999999999978E-002 -0.41342082922261097     
 -0.69999999999999996       -9.9999999999999978E-002 -0.37067175618269993     
 -0.59999999999999998       -9.9999999999999978E-002 -0.18075734137302721     
 -0.49999999999999994       -9.9999999999999978E-002   7.6347781546456994E-002
 -0.39999999999999991       -9.9999999999999978E-002  0.31673783620619111     
 -0.29999999999999993       -9.9999999999999978E-002  0.43157297850436677     
 -0.19999999999999993       -9.9999999999999978E-002  0.38718231817998827     
  -9.9999999999999978E-002  -9.9999999999999978E-002  0.19025235907202162     
   2.7755575615628914E-017  -9.9999999999999978E-002  -7.3438591200044617E-002
  0.10000000000000009       -9.9999999999999978E-002 -0.31396199329850794     
  0.20000000000000009       -9.9999999999999978E-002 -0.42848456834032456     
  0.30000000000000016       -9.9999999999999978E-002 -0.38432505432636599     
  0.40000000000000013       -9.9999999999999978E-002 -0.18734323723160740     
  0.50000000000000011       -9.9999999999999978E-002   7.6397110213000594E-002
  0.60000000000000009       -9.9999999999999978E-002  0.31690492237690870     
  0.70000000000000007       -9.9999999999999978E-002  0.43150624529469589     
  0.80000000000000004       -9.9999999999999978E-002  0.38748148949697253     
  0.90000000000000002       -9.9999999999999978E-002  0.19032751181362845     
   1.0000000000000000       -9.9999999999999978E-002  -7.1774727790348256E-002
  -1.0000000000000000        2.7755575615628914E-017   2.9596032509621145E-002
 -0.90000000000000002        2.7755575615628914E-017  0.11626154670362940     
 -0.80000000000000004        2.7755575615628914E-017  0.15889725812348351     
 -0.69999999999999996        2.7755575615628914E-017  0.14265380605433628     
 -0.59999999999999998        2.7755575615628914E-017   6.9776345750312205E-002
 -0.49999999999999994        2.7755575615628914E-017  -2.9029162720515169E-002
 -0.39999999999999991        2.7755575615628914E-017 -0.12154175654475370     
 -0.29999999999999993        2.7755575615628914E-017 -0.16587304443049630     
 -0.19999999999999993        2.7755575615628914E-017 -0.14900746188204186     
  -9.9999999999999978E-002   2.7755575615628914E-017  -7.3438591200047060E-002
   2.7755575615628914E-017   2.7755575615628914E-017   2.7909570441741850E-002
  0.10000000000000009        2.7755575615628914E-017  0.12047456059736021     
  0.20000000000000009        2.7755575615628914E-017  0.16468600283008733     
  0.30000000000000016        2.7755575615628914E-017  0.14790890875504922     
  0.40000000000000013        2.7755575615628914E-017   7.2320628060104211E-002
  0.50000000000000011        2.7755575615628914E-017  -2.9046854570729579E-002
  0.60000000000000009        2.7755575615628914E-017 -0.12160568954008320     
  0.70000000000000007        2.7755575615628914E-017 -0.16584751910249201     
  0.80000000000000004        2.7755575615628914E-017 -0.14912265726075696     
  0.90000000000000002        2.7755575615628914E-017  -7.3467148503357366E-002
   1.0000000000000000        2.7755575615628914E-017   2.7275127905229148E-002
  -1.0000000000000000       0.10000000000000009       0.12768617628236789     
 -0.90000000000000002       0.10000000000000009       0.49886344629462270     
 -0.80000000000000004       0.10000000000000009       0.68112180798024813     
 -0.69999999999999996       0.10000000000000009       0.61099751912311806     
 -0.59999999999999998       0.10000000000000009       0.29829766580528816     
 -0.49999999999999994       0.10000000000000009      -0.12526990443601313     
 -0.39999999999999991       0.10000000000000009      -0.52151401215818161     
 -0.29999999999999993       0.10000000000000009      -0.71102640804891504     
 -0.19999999999999993       0.10000000000000009      -0.63821196982313710     
  -9.9999999999999978E-002  0.10000000000000009      -0.31396199329850655     
   2.7755575615628914E-017  0.10000000000000009       0.12047456059736095     
  0.10000000000000009       0.10000000000000009       0.51694023387743671     
  0.20000000000000009       0.10000000000000009       0.70593813924907367     
  0.30000000000000016       0.10000000000000009       0.63350394492869555     
  0.40000000000000013       0.10000000000000009       0.30916938398291877     
  0.50000000000000011       0.10000000000000009      -0.12534910155917575     
  0.60000000000000009       0.10000000000000009      -0.52178882298919060     
  0.70000000000000007       0.10000000000000009      -0.71091666517282315     
  0.80000000000000004       0.10000000000000009      -0.63870520541603326     
  0.90000000000000002       0.10000000000000009      -0.31408527381952639     
   1.0000000000000000       0.10000000000000009       0.11774157650551939     
  -1.0000000000000000       0.20000000000000009       0.17452856368269509     
 -0.90000000000000002       0.20000000000000009       0.68125247760247543     
 -0.80000000000000004       0.20000000000000009       0.92998869257180783     
 -0.69999999999999996       0.20000000000000009       0.83412860772579223     
 -0.59999999999999998       0.20000000000000009       0.40710467351768581     
 -0.49999999999999994       0.20000000000000009      -0.17123257501952777     
 -0.39999999999999991       0.20000000000000009      -0.71218288780510686     
 -0.29999999999999993       0.20000000000000009      -0.97082035049357662     
 -0.19999999999999993       0.20000000000000009      -0.87128182930949871     
  -9.9999999999999978E-002  0.20000000000000009      -0.42848456834032772     
   2.7755575615628914E-017  0.20000000000000009       0.16468600283008081     
  0.10000000000000009       0.20000000000000009       0.70593813924907411     
  0.20000000000000009       0.20000000000000009       0.96387295205333212     
  0.30000000000000016       0.20000000000000009       0.86485382190194504     
  0.40000000000000013       0.20000000000000009       0.42194075355441013     
  0.50000000000000011       0.20000000000000009      -0.17134148098943860     
  0.60000000000000009       0.20000000000000009      -0.71255828278220956     
  0.70000000000000007       0.20000000000000009      -0.97067043482470439     
  0.80000000000000004       0.20000000000000009      -0.87195515461797835     
  0.90000000000000002       0.20000000000000009      -0.42865309229501519     
   1.0000000000000000       0.20000000000000009       0.16095136517272463     
  -1.0000000000000000       0.30000000000000016       0.15673738738316143     
 -0.90000000000000002       0.30000000000000016       0.61135132134208869     
 -0.80000000000000004       0.30000000000000016       0.83445009267064929     
 -0.69999999999999996       0.30000000000000016       0.74835429064842174     
 -0.59999999999999998       0.30000000000000016       0.36514727725050478     
 -0.49999999999999994       0.30000000000000016      -0.15378229707911215     
 -0.39999999999999991       0.30000000000000016      -0.63910702730933489     
 -0.29999999999999993       0.30000000000000016      -0.87108749924396167     
 -0.19999999999999993       0.30000000000000016      -0.78168721681282227     
  -9.9999999999999978E-002  0.30000000000000016      -0.38432505432636443     
   2.7755575615628914E-017  0.30000000000000016       0.14790890875505011     
  0.10000000000000009       0.30000000000000016       0.63350394492869611     
  0.20000000000000009       0.30000000000000016       0.86485382190194549     
  0.30000000000000016       0.30000000000000016       0.77591973017401750     
  0.40000000000000013       0.30000000000000016       0.37845342451877800     
  0.50000000000000011       0.30000000000000016      -0.15388058098570892     
  0.60000000000000009       0.30000000000000016      -0.63944398534851965     
  0.70000000000000007       0.30000000000000016      -0.87095292944690017     
  0.80000000000000004       0.30000000000000016      -0.78229127719519920     
  0.90000000000000002       0.30000000000000016      -0.38447641186736509     
   1.0000000000000000       0.30000000000000016       0.14455567504851691     
  -1.0000000000000000       0.40000000000000013        7.6624489088715969E-002
 -0.90000000000000002       0.40000000000000013       0.29835835473407563     
 -0.80000000000000004       0.40000000000000013       0.40710705725493090     
 -0.69999999999999996       0.40000000000000013       0.36500872490309710     
 -0.59999999999999998       0.40000000000000013       0.17799337361227971     
 -0.49999999999999994       0.40000000000000013       -7.5185372622443694E-002
 -0.39999999999999991       0.40000000000000013      -0.31190283067783547     
 -0.29999999999999993       0.40000000000000013      -0.42498199728386660     
 -0.19999999999999993       0.40000000000000013      -0.38126704796933958     
  -9.9999999999999978E-002  0.40000000000000013      -0.18734323723160895     
   2.7755575615628914E-017  0.40000000000000013        7.2320628060104641E-002
  0.10000000000000009       0.40000000000000013       0.30916938398291927     
  0.20000000000000009       0.40000000000000013       0.42194075355441135     
  0.30000000000000016       0.40000000000000013       0.37845342451877856     
  0.40000000000000013       0.40000000000000013       0.18447854193472726     
  0.50000000000000011       0.40000000000000013       -7.5233962418522093E-002
  0.60000000000000009       0.40000000000000013      -0.31206736829457571     
  0.70000000000000007       0.40000000000000013      -0.42491628181879459     
  0.80000000000000004       0.40000000000000013      -0.38156164796358522     
  0.90000000000000002       0.40000000000000013      -0.18741724596296244     
   1.0000000000000000       0.40000000000000013        7.0682117724769303E-002
  -1.0000000000000000       0.50000000000000011       -3.0801275978306578E-002
 -0.90000000000000002       0.50000000000000011      -0.12096563195452076     
 -0.80000000000000004       0.50000000000000011      -0.16531876733734527     
 -0.69999999999999996       0.50000000000000011      -0.14841332602764920     
 -0.59999999999999998       0.50000000000000011       -7.2587243646965297E-002
 -0.49999999999999994       0.50000000000000011        3.0211649843783120E-002
 -0.39999999999999991       0.50000000000000011       0.12645941694186028     
 -0.29999999999999993       0.50000000000000011       0.17257649390569138     
 -0.19999999999999993       0.50000000000000011       0.15502351890879054     
  -9.9999999999999978E-002  0.50000000000000011        7.6397110212999872E-002
   2.7755575615628914E-017  0.50000000000000011       -2.9046854570728885E-002
  0.10000000000000009       0.50000000000000011      -0.12534910155917545     
  0.20000000000000009       0.50000000000000011      -0.17134148098943902     
  0.30000000000000016       0.50000000000000011      -0.15388058098570734     
  0.40000000000000013       0.50000000000000011       -7.5233962418522746E-002
  0.50000000000000011       0.50000000000000011        3.0230094248252518E-002
  0.60000000000000009       0.50000000000000011       0.12652594213111223     
  0.70000000000000007       0.50000000000000011       0.17254993336546690     
  0.80000000000000004       0.50000000000000011       0.15514336346290242     
  0.90000000000000002       0.50000000000000011        7.6426831306857859E-002
   1.0000000000000000       0.50000000000000011       -2.8386622395693315E-002
  -1.0000000000000000       0.60000000000000009      -0.12888490617273765     
 -0.90000000000000002       0.60000000000000009      -0.50354248709080907     
 -0.80000000000000004       0.60000000000000009      -0.68750922505990364     
 -0.69999999999999996       0.60000000000000009      -0.61672653084735429     
 -0.59999999999999998       0.60000000000000009      -0.30109375277403944     
 -0.49999999999999994       0.60000000000000009       0.12644599697656886     
 -0.39999999999999991       0.60000000000000009       0.52640549188519425     
 -0.29999999999999993       0.60000000000000009       0.71769426819035420     
 -0.19999999999999993       0.60000000000000009       0.64419615953200504     
  -9.9999999999999978E-002  0.60000000000000009       0.31690492237691081     
   2.7755575615628914E-017  0.60000000000000009      -0.12160568954007744     
  0.10000000000000009       0.60000000000000009      -0.52178882298918949     
  0.20000000000000009       0.60000000000000009      -0.71255828278220001     
  0.30000000000000016       0.60000000000000009      -0.63944398534851976     
  0.40000000000000013       0.60000000000000009      -0.31206736829457338     
  0.50000000000000011       0.60000000000000009       0.12652594213111307     
  0.60000000000000009       0.60000000000000009       0.52668288108338579     
  0.70000000000000007       0.60000000000000009       0.71758349564715129     
  0.80000000000000004       0.60000000000000009       0.64469401968928219     
  0.90000000000000002       0.60000000000000009       0.31702936038468699     
   1.0000000000000000       0.60000000000000009      -0.11884705462585075     
  -1.0000000000000000       0.70000000000000007      -0.17575949003255770     
 -0.90000000000000002       0.70000000000000007      -0.68605691158649240     
 -0.80000000000000004       0.70000000000000007      -0.93654721442797761     
 -0.69999999999999996       0.70000000000000007      -0.84001103562241342     
 -0.59999999999999998       0.70000000000000007      -0.40997557824672470     
 -0.49999999999999994       0.70000000000000007       0.17244025888669787     
 -0.39999999999999991       0.70000000000000007       0.71720545322160911     
 -0.29999999999999993       0.70000000000000007       0.97766682814130224     
 -0.19999999999999993       0.70000000000000007       0.87742626870853957     
  -9.9999999999999978E-002  0.70000000000000007       0.43150624529469445     
   2.7755575615628914E-017  0.70000000000000007      -0.16584751910249432     
  0.10000000000000009       0.70000000000000007      -0.71091666517282159     
  0.20000000000000009       0.70000000000000007      -0.97067043482470672     
  0.30000000000000016       0.70000000000000007      -0.87095292944689828     
  0.40000000000000013       0.70000000000000007      -0.42491628181879298     
  0.50000000000000011       0.70000000000000007       0.17254993336546789     
  0.60000000000000009       0.70000000000000007       0.71758349564715618     
  0.70000000000000007       0.70000000000000007       0.97751585518356354     
  0.80000000000000004       0.70000000000000007       0.87810434241510826     
  0.90000000000000002       0.70000000000000007       0.43167595783855273     
   1.0000000000000000       0.70000000000000007      -0.16208654206961676     
  -1.0000000000000000       0.80000000000000004      -0.15802364207763275     
 -0.90000000000000002       0.80000000000000004      -0.61637070143362038     
 -0.80000000000000004       0.80000000000000004      -0.84130178190245131     
 -0.69999999999999996       0.80000000000000004      -0.75449947979252541     
 -0.59999999999999998       0.80000000000000004      -0.36814621335854292     
 -0.49999999999999994       0.80000000000000004       0.15504427547539604     
 -0.39999999999999991       0.80000000000000004       0.64435429555475832     
 -0.29999999999999993       0.80000000000000004       0.87824001688202735     
 -0.19999999999999993       0.80000000000000004       0.78810612166424754     
  -9.9999999999999978E-002  0.80000000000000004       0.38748148949697570     
   2.7755575615628914E-017  0.80000000000000004      -0.14912265726076018     
  0.10000000000000009       0.80000000000000004      -0.63870520541603437     
  0.20000000000000009       0.80000000000000004      -0.87195515461798423     
  0.30000000000000016       0.80000000000000004      -0.78229127719520131     
  0.40000000000000013       0.80000000000000004      -0.38156164796357772     
  0.50000000000000011       0.80000000000000004       0.15514336346290378     
  0.60000000000000009       0.80000000000000004       0.64469401968929496     
  0.70000000000000007       0.80000000000000004       0.87810434241510882     
  0.80000000000000004       0.80000000000000004       0.78871514248919550     
  0.90000000000000002       0.80000000000000004       0.38763408907843799     
   1.0000000000000000       0.80000000000000004      -0.14574190182208627     
  -1.0000000000000000       0.90000000000000002       -7.7839559449526613E-002
 -0.90000000000000002       0.90000000000000002      -0.30310234254216861     
 -0.80000000000000004       0.90000000000000002      -0.41358342953766053     
 -0.69999999999999996       0.90000000000000002      -0.37081773608739360     
 -0.59999999999999998       0.90000000000000002      -0.18082874640769209     
 -0.49999999999999994       0.90000000000000002        7.6377484541293866E-002
 -0.39999999999999991       0.90000000000000002       0.31686220879749299     
 -0.29999999999999993       0.90000000000000002       0.43174271716769275     
 -0.19999999999999993       0.90000000000000002       0.38733479987911085     
  -9.9999999999999978E-002  0.90000000000000002       0.19032751181362684     
   2.7755575615628914E-017  0.90000000000000002       -7.3467148503355714E-002
  0.10000000000000009       0.90000000000000002      -0.31408527381952633     
  0.20000000000000009       0.90000000000000002      -0.42865309229501058     
  0.30000000000000016       0.90000000000000002      -0.38447641186736442     
  0.40000000000000013       0.90000000000000002      -0.18741724596296067     
  0.50000000000000011       0.90000000000000002        7.6426831306857901E-002
  0.60000000000000009       0.90000000000000002       0.31702936038468293     
  0.70000000000000007       0.90000000000000002       0.43167595783855267     
  0.80000000000000004       0.90000000000000002       0.38763408907843455     
  0.90000000000000002       0.90000000000000002       0.19040269377563285     
   1.0000000000000000       0.90000000000000002       -7.1802635906484349E-002
  -1.0000000000000000        1.0000000000000000        2.8923377451194134E-002
 -0.90000000000000002        1.0000000000000000       0.11362413422000796     
 -0.80000000000000004        1.0000000000000000       0.15529389819066305     
 -0.69999999999999996        1.0000000000000000       0.13941970765907685     
 -0.59999999999999998        1.0000000000000000        6.8195470038168476E-002
 -0.49999999999999994        1.0000000000000000       -2.8369337908124400E-002
 -0.39999999999999991        1.0000000000000000      -0.11878457281674444     
 -0.29999999999999993        1.0000000000000000      -0.16211148795381239     
 -0.19999999999999993        1.0000000000000000      -0.14562931775327928     
  -9.9999999999999978E-002   1.0000000000000000       -7.1774727790348478E-002
   2.7755575615628914E-017   1.0000000000000000        2.7275127905237551E-002
  0.10000000000000009        1.0000000000000000       0.11774157650551824     
  0.20000000000000009        1.0000000000000000       0.16095136517273514     
  0.30000000000000016        1.0000000000000000       0.14455567504851702     
  0.40000000000000013        1.0000000000000000        7.0682117724766430E-002
  0.50000000000000011        1.0000000000000000       -2.8386622395693440E-002
  0.60000000000000009        1.0000000000000000      -0.11884705462586609     
  0.70000000000000007        1.0000000000000000      -0.16208654206961601     
  0.80000000000000004        1.0000000000000000      -0.14574190182208463     
  0.90000000000000002        1.0000000000000000       -7.1802635906487083E-002
   1.0000000000000000        1.0000000000000000        2.6655097272695962E-002
