  -1.0000000000000000       -1.0000000000000000        2.4858304084099422E-003
 -0.90000000000000002       -1.0000000000000000       -2.7267814379281850E-002
 -0.80000000000000004       -1.0000000000000000       -4.6628312623663425E-002
 -0.69999999999999996       -1.0000000000000000       -4.8168877095077257E-002
 -0.59999999999999998       -1.0000000000000000       -3.1317421449712349E-002
 -0.49999999999999994       -1.0000000000000000       -2.5029484456744965E-003
 -0.39999999999999991       -1.0000000000000000        2.7266991089122575E-002
 -0.29999999999999993       -1.0000000000000000        4.6622146755910900E-002
 -0.19999999999999993       -1.0000000000000000        4.8169024978548226E-002
  -9.9999999999999978E-002  -1.0000000000000000        3.1317014731905152E-002
   2.7755575615628914E-017  -1.0000000000000000        2.5031141669864792E-003
  0.10000000000000009       -1.0000000000000000       -2.7267167100301953E-002
  0.20000000000000009       -1.0000000000000000       -4.6622015636921886E-002
  0.30000000000000016       -1.0000000000000000       -4.8169050781840549E-002
  0.40000000000000013       -1.0000000000000000       -3.1317104490737740E-002
  0.50000000000000011       -1.0000000000000000       -2.5029435727105223E-003
  0.60000000000000009       -1.0000000000000000        2.7266979118137535E-002
  0.70000000000000007       -1.0000000000000000        4.6622144413357963E-002
  0.80000000000000004       -1.0000000000000000        4.8168985976655983E-002
  0.90000000000000002       -1.0000000000000000        3.1316654875521488E-002
   1.0000000000000000       -1.0000000000000000        2.4894584174718383E-003
  -1.0000000000000000      -0.90000000000000002       -2.7267814379281833E-002
 -0.90000000000000002      -0.90000000000000002       0.29853881799406995     
 -0.80000000000000004      -0.90000000000000002       0.51055808047499707     
 -0.69999999999999996      -0.90000000000000002       0.52745706358059752     
 -0.59999999999999998      -0.90000000000000002       0.34296068130596741     
 -0.49999999999999994      -0.90000000000000002        2.7455918764892659E-002
 -0.39999999999999991      -0.90000000000000002      -0.29852977374727918     
 -0.29999999999999993      -0.90000000000000002      -0.51049031404385670     
 -0.19999999999999993      -0.90000000000000002      -0.52745868017230191     
  -9.9999999999999978E-002 -0.90000000000000002      -0.34295622842131596     
   2.7755575615628914E-017 -0.90000000000000002       -2.7457734753252833E-002
  0.10000000000000009      -0.90000000000000002       0.29853170684941321     
  0.20000000000000009      -0.90000000000000002       0.51048887004320653     
  0.30000000000000016      -0.90000000000000002       0.52745897002923325     
  0.40000000000000013      -0.90000000000000002       0.34295720771774496     
  0.50000000000000011      -0.90000000000000002        2.7455865226243544E-002
  0.60000000000000009      -0.90000000000000002      -0.29852964228810114     
  0.70000000000000007      -0.90000000000000002      -0.51049028827053322     
  0.80000000000000004      -0.90000000000000002      -0.52745825112535205     
  0.90000000000000002      -0.90000000000000002      -0.34295227497363340     
   1.0000000000000000      -0.90000000000000002       -2.7307736866232477E-002
  -1.0000000000000000      -0.80000000000000004       -4.6628312623665485E-002
 -0.90000000000000002      -0.80000000000000004       0.51055808047499762     
 -0.80000000000000004      -0.80000000000000004       0.87314637479998514     
 -0.69999999999999996      -0.80000000000000004       0.90204384612401378     
 -0.59999999999999998      -0.80000000000000004       0.58651998904067770     
 -0.49999999999999994      -0.80000000000000004        4.6949942785618433E-002
 -0.39999999999999991      -0.80000000000000004      -0.51054261593348638     
 -0.29999999999999993      -0.80000000000000004      -0.87303050550165895     
 -0.19999999999999993      -0.80000000000000004      -0.90204661103472816     
  -9.9999999999999978E-002 -0.80000000000000004      -0.58651237376011223     
   2.7755575615628914E-017 -0.80000000000000004       -4.6953048321386477E-002
  0.10000000000000009      -0.80000000000000004       0.51054592134192134     
  0.20000000000000009      -0.80000000000000004       0.87302803677234841     
  0.30000000000000016      -0.80000000000000004       0.90204710606185634     
  0.40000000000000013      -0.80000000000000004       0.58651404886074066     
  0.50000000000000011      -0.80000000000000004        4.6949851241785925E-002
  0.60000000000000009      -0.80000000000000004      -0.51054239115016231     
  0.70000000000000007      -0.80000000000000004      -0.87303046143610297     
  0.80000000000000004      -0.80000000000000004      -0.90204587747246878     
  0.90000000000000002      -0.80000000000000004      -0.58650561387740296     
   1.0000000000000000      -0.80000000000000004       -4.6696568922541981E-002
  -1.0000000000000000      -0.69999999999999996       -4.8168877095077799E-002
 -0.90000000000000002      -0.69999999999999996       0.52745706358059741     
 -0.80000000000000004      -0.69999999999999996       0.90204384612401545     
 -0.69999999999999996      -0.69999999999999996       0.93189606434454608     
 -0.59999999999999998      -0.69999999999999996       0.60592866894297570     
 -0.49999999999999994      -0.69999999999999996        4.8501115919427733E-002
 -0.39999999999999991      -0.69999999999999996      -0.52744108881630547     
 -0.29999999999999993      -0.69999999999999996      -0.90192415561747663     
 -0.19999999999999993      -0.69999999999999996      -0.93189892090505344     
  -9.9999999999999978E-002 -0.69999999999999996      -0.60592080160268091     
   2.7755575615628914E-017 -0.69999999999999996       -4.8504324159283123E-002
  0.10000000000000009      -0.69999999999999996       0.52744450330529624     
  0.20000000000000009      -0.69999999999999996       0.90192160562944246     
  0.30000000000000016      -0.69999999999999996       0.93189943192258162     
  0.40000000000000013      -0.69999999999999996       0.60592253233098048     
  0.50000000000000011      -0.69999999999999996        4.8501021355643763E-002
  0.60000000000000009      -0.69999999999999996      -0.52744085661410367     
  0.70000000000000007      -0.69999999999999996      -0.90192411010016138     
  0.80000000000000004      -0.69999999999999996      -0.93189816317195340     
  0.90000000000000002      -0.69999999999999996      -0.60591381870393068     
   1.0000000000000000      -0.69999999999999996       -4.8239381794429097E-002
  -1.0000000000000000      -0.59999999999999998       -3.1317421449713084E-002
 -0.90000000000000002      -0.59999999999999998       0.34296068130596830     
 -0.80000000000000004      -0.59999999999999998       0.58651998904067870     
 -0.69999999999999996      -0.59999999999999998       0.60592866894297659     
 -0.59999999999999998      -0.59999999999999998       0.39397966250980593     
 -0.49999999999999994      -0.59999999999999998        3.1533412122170118E-002
 -0.39999999999999991      -0.59999999999999998      -0.34295029586885734     
 -0.29999999999999993      -0.59999999999999998      -0.58644217805989340     
 -0.19999999999999993      -0.59999999999999998      -0.60593052645317269     
  -9.9999999999999978E-002 -0.59999999999999998      -0.39397454704317775     
   2.7755575615628914E-017 -0.59999999999999998       -3.1535498084856686E-002
  0.10000000000000009      -0.59999999999999998       0.34295251570445823     
  0.20000000000000009      -0.59999999999999998       0.58644052046161332     
  0.30000000000000016      -0.59999999999999998       0.60593085833946225     
  0.40000000000000013      -0.59999999999999998       0.39397567256839311     
  0.50000000000000011      -0.59999999999999998        3.1533350645168712E-002
  0.60000000000000009      -0.59999999999999998      -0.34295014490818443     
  0.70000000000000007      -0.59999999999999998      -0.58644214847044451     
  0.80000000000000004      -0.59999999999999998      -0.60593003387030187     
  0.90000000000000002      -0.59999999999999998      -0.39397000736753407     
   1.0000000000000000      -0.59999999999999998       -3.1363254126254007E-002
  -1.0000000000000000      -0.49999999999999994       -2.5029484456748001E-003
 -0.90000000000000002      -0.49999999999999994        2.7455918764892770E-002
 -0.80000000000000004      -0.49999999999999994        4.6949942785618745E-002
 -0.69999999999999996      -0.49999999999999994        4.8501115919427767E-002
 -0.59999999999999998      -0.49999999999999994        3.1533412122169813E-002
 -0.49999999999999994      -0.49999999999999994        2.5201841697007465E-003
 -0.39999999999999991      -0.49999999999999994       -2.7455089813097276E-002
 -0.29999999999999993      -0.49999999999999994       -4.6943734534228218E-002
 -0.19999999999999993      -0.49999999999999994       -4.8501264824513515E-002
  -9.9999999999999978E-002 -0.49999999999999994       -3.1533002598663464E-002
   2.7755575615628914E-017 -0.49999999999999994       -2.5203510332919262E-003
  0.10000000000000009      -0.49999999999999994        2.7455267034946773E-002
  0.20000000000000009      -0.49999999999999994        4.6943602515657462E-002
  0.30000000000000016      -0.49999999999999994        4.8501290801525251E-002
  0.40000000000000013      -0.49999999999999994        3.1533092978686734E-002
  0.50000000000000011      -0.49999999999999994        2.5201792632299864E-003
  0.60000000000000009      -0.49999999999999994       -2.7455077759767934E-002
  0.70000000000000007      -0.49999999999999994       -4.6943732175589586E-002
  0.80000000000000004      -0.49999999999999994       -4.8501225554760323E-002
  0.90000000000000002      -0.49999999999999994       -3.1532640267744931E-002
   1.0000000000000000      -0.49999999999999994       -2.5066013652824850E-003
  -1.0000000000000000      -0.39999999999999991        2.7266991089123328E-002
 -0.90000000000000002      -0.39999999999999991      -0.29852977374727918     
 -0.80000000000000004      -0.39999999999999991      -0.51054261593348382     
 -0.69999999999999996      -0.39999999999999991      -0.52744108881630603     
 -0.59999999999999998      -0.39999999999999991      -0.34295029586885761     
 -0.49999999999999994      -0.39999999999999991       -2.7455089813097411E-002
 -0.39999999999999991      -0.39999999999999991       0.29852072977283162     
 -0.29999999999999993      -0.39999999999999991       0.51047485154140027     
 -0.19999999999999993      -0.39999999999999991       0.52744270535888749     
  -9.9999999999999978E-002 -0.39999999999999991       0.34294584311911763     
   2.7755575615628914E-017 -0.39999999999999991        2.7456905746530254E-002
  0.10000000000000009      -0.39999999999999991      -0.29852266281674050     
  0.20000000000000009      -0.39999999999999991      -0.51047340758403636     
  0.30000000000000016      -0.39999999999999991      -0.52744299520744631     
  0.40000000000000013      -0.39999999999999991      -0.34294682238569646     
  0.50000000000000011      -0.39999999999999991       -2.7455036276060087E-002
  0.60000000000000009      -0.39999999999999991       0.29852059831762956     
  0.70000000000000007      -0.39999999999999991       0.51047482576884995     
  0.80000000000000004      -0.39999999999999991       0.52744227632484753     
  0.90000000000000002      -0.39999999999999991       0.34294188979047774     
   1.0000000000000000      -0.39999999999999991        2.7306912377440245E-002
  -1.0000000000000000      -0.29999999999999993        4.6622146755910900E-002
 -0.90000000000000002      -0.29999999999999993      -0.51049031404385636     
 -0.80000000000000004      -0.29999999999999993      -0.87303050550166017     
 -0.69999999999999996      -0.29999999999999993      -0.90192415561747663     
 -0.59999999999999998      -0.29999999999999993      -0.58644217805989296     
 -0.49999999999999994      -0.29999999999999993       -4.6943734534228128E-002
 -0.39999999999999991      -0.29999999999999993       0.51047485154140093     
 -0.29999999999999993      -0.29999999999999993       0.87291465146707392     
 -0.19999999999999993      -0.29999999999999993       0.90192692016011711     
  -9.9999999999999978E-002 -0.29999999999999993       0.58643456379008752     
   2.7755575615628914E-017 -0.29999999999999993        4.6946839658508384E-002
  0.10000000000000009      -0.29999999999999993      -0.51047815651378337     
  0.20000000000000009      -0.29999999999999993      -0.87291218306168727     
  0.30000000000000016      -0.29999999999999993      -0.90192741512478858     
  0.40000000000000013      -0.29999999999999993      -0.58643623866686068     
  0.50000000000000011      -0.29999999999999993       -4.6943643002463245E-002
  0.60000000000000009      -0.29999999999999993       0.51047462678771460     
  0.70000000000000007      -0.29999999999999993       0.87291460740731042     
  0.80000000000000004      -0.29999999999999993       0.90192618669428615     
  0.90000000000000002      -0.29999999999999993       0.58642780479856904     
   1.0000000000000000      -0.29999999999999993        4.6690394084642012E-002
  -1.0000000000000000      -0.19999999999999993        4.8169024978549572E-002
 -0.90000000000000002      -0.19999999999999993      -0.52745868017230257     
 -0.80000000000000004      -0.19999999999999993      -0.90204661103473127     
 -0.69999999999999996      -0.19999999999999993      -0.93189892090505477     
 -0.59999999999999998      -0.19999999999999993      -0.60593052645317491     
 -0.49999999999999994      -0.19999999999999993       -4.8501264824513612E-002
 -0.39999999999999991      -0.19999999999999993       0.52744270535889193     
 -0.29999999999999993      -0.19999999999999993       0.90192692016011622     
 -0.19999999999999993      -0.19999999999999993       0.93190177747429626     
  -9.9999999999999978E-002 -0.19999999999999993       0.60592265908878118     
   2.7755575615628914E-017 -0.19999999999999993        4.8504473074210221E-002
  0.10000000000000009      -0.19999999999999993      -0.52744611985838608     
  0.20000000000000009      -0.19999999999999993      -0.90192437016422811     
  0.30000000000000016      -0.19999999999999993      -0.93190228849343604     
  0.40000000000000013      -0.19999999999999993      -0.60592438982237318     
  0.50000000000000011      -0.19999999999999993       -4.8501170260438646E-002
  0.60000000000000009      -0.19999999999999993       0.52744247315599435     
  0.70000000000000007      -0.19999999999999993       0.90192687464266086     
  0.80000000000000004      -0.19999999999999993       0.93190101973889272     
  0.90000000000000002      -0.19999999999999993       0.60591567616856801     
   1.0000000000000000      -0.19999999999999993        4.8239529894971038E-002
  -1.0000000000000000       -9.9999999999999978E-002   3.1317014731905686E-002
 -0.90000000000000002       -9.9999999999999978E-002 -0.34295622842131573     
 -0.80000000000000004       -9.9999999999999978E-002 -0.58651237376011356     
 -0.69999999999999996       -9.9999999999999978E-002 -0.60592080160268069     
 -0.59999999999999998       -9.9999999999999978E-002 -0.39397454704317686     
 -0.49999999999999994       -9.9999999999999978E-002  -3.1533002598663373E-002
 -0.39999999999999991       -9.9999999999999978E-002  0.34294584311911774     
 -0.29999999999999993       -9.9999999999999978E-002  0.58643456379008763     
 -0.19999999999999993       -9.9999999999999978E-002  0.60592265908878085     
  -9.9999999999999978E-002  -9.9999999999999978E-002  0.39396943164295695     
   2.7755575615628914E-017  -9.9999999999999978E-002   3.1535088534262692E-002
  0.10000000000000009       -9.9999999999999978E-002 -0.34294806292587537     
  0.20000000000000009       -9.9999999999999978E-002 -0.58643290621335420     
  0.30000000000000016       -9.9999999999999978E-002 -0.60592299097073210     
  0.40000000000000013       -9.9999999999999978E-002 -0.39397055715357049     
  0.50000000000000011       -9.9999999999999978E-002  -3.1532941122460828E-002
  0.60000000000000009       -9.9999999999999978E-002  0.34294569216039600     
  0.70000000000000007       -9.9999999999999978E-002  0.58643453420102198     
  0.80000000000000004       -9.9999999999999978E-002  0.60592216651229336     
  0.90000000000000002       -9.9999999999999978E-002  0.39396489202627816     
   1.0000000000000000       -9.9999999999999978E-002   3.1362846812978754E-002
  -1.0000000000000000        2.7755575615628914E-017   2.5031141669864801E-003
 -0.90000000000000002        2.7755575615628914E-017  -2.7457734753253041E-002
 -0.80000000000000004        2.7755575615628914E-017  -4.6953048321386588E-002
 -0.69999999999999996        2.7755575615628914E-017  -4.8504324159283435E-002
 -0.59999999999999998        2.7755575615628914E-017  -3.1535498084856735E-002
 -0.49999999999999994        2.7755575615628914E-017  -2.5203510332920862E-003
 -0.39999999999999991        2.7755575615628914E-017   2.7456905746530331E-002
 -0.29999999999999993        2.7755575615628914E-017   4.6946839658508294E-002
 -0.19999999999999993        2.7755575615628914E-017   4.8504473074210241E-002
  -9.9999999999999978E-002   2.7755575615628914E-017   3.1535088534262810E-002
   2.7755575615628914E-017   2.7755575615628914E-017   2.5205179079248975E-003
  0.10000000000000009        2.7755575615628914E-017  -2.7457082980119920E-002
  0.20000000000000009        2.7755575615628914E-017  -4.6946707631176740E-002
  0.30000000000000016        2.7755575615628914E-017  -4.8504499052964431E-002
  0.40000000000000013        2.7755575615628914E-017  -3.1535178920251886E-002
  0.50000000000000011        2.7755575615628914E-017  -2.5203461264961557E-003
  0.60000000000000009        2.7755575615628914E-017   2.7456893692398465E-002
  0.70000000000000007        2.7755575615628914E-017   4.6946837299712468E-002
  0.80000000000000004        2.7755575615628914E-017   4.8504433801848754E-002
  0.90000000000000002        2.7755575615628914E-017   3.1534726179334262E-002
   1.0000000000000000        2.7755575615628914E-017   2.5067673288694699E-003
  -1.0000000000000000       0.10000000000000009       -2.7267167100301894E-002
 -0.90000000000000002       0.10000000000000009       0.29853170684941271     
 -0.80000000000000004       0.10000000000000009       0.51054592134192112     
 -0.69999999999999996       0.10000000000000009       0.52744450330529669     
 -0.59999999999999998       0.10000000000000009       0.34295251570445884     
 -0.49999999999999994       0.10000000000000009        2.7455267034946697E-002
 -0.39999999999999991       0.10000000000000009      -0.29852266281674023     
 -0.29999999999999993       0.10000000000000009      -0.51047815651378325     
 -0.19999999999999993       0.10000000000000009      -0.52744611985838530     
  -9.9999999999999978E-002  0.10000000000000009      -0.34294806292587537     
   2.7755575615628914E-017  0.10000000000000009       -2.7457082980119518E-002
  0.10000000000000009       0.10000000000000009       0.29852459587308916     
  0.20000000000000009       0.10000000000000009       0.51047671254716365     
  0.30000000000000016       0.10000000000000009       0.52744640970872980     
  0.40000000000000013       0.10000000000000009       0.34294904219882971     
  0.50000000000000011       0.10000000000000009        2.7455213497564791E-002
  0.60000000000000009       0.10000000000000009      -0.29852253136067597     
  0.70000000000000007       0.10000000000000009      -0.51047813074106840     
  0.80000000000000004       0.10000000000000009      -0.52744569082156834     
  0.90000000000000002       0.10000000000000009      -0.34294410957177768     
   1.0000000000000000       0.10000000000000009       -2.7307088644973044E-002
  -1.0000000000000000       0.20000000000000009       -4.6622015636922649E-002
 -0.90000000000000002       0.20000000000000009       0.51048887004320687     
 -0.80000000000000004       0.20000000000000009       0.87302803677234819     
 -0.69999999999999996       0.20000000000000009       0.90192160562944379     
 -0.59999999999999998       0.20000000000000009       0.58644052046161499     
 -0.49999999999999994       0.20000000000000009        4.6943602515657219E-002
 -0.39999999999999991       0.20000000000000009      -0.51047340758403936     
 -0.29999999999999993       0.20000000000000009      -0.87291218306168583     
 -0.19999999999999993       0.20000000000000009      -0.90192437016422355     
  -9.9999999999999978E-002  0.20000000000000009      -0.58643290621335509     
   2.7755575615628914E-017  0.20000000000000009       -4.6946707631176497E-002
  0.10000000000000009       0.20000000000000009       0.51047671254716331     
  0.20000000000000009       0.20000000000000009       0.87290971466317191     
  0.30000000000000016       0.20000000000000009       0.90192486512760628     
  0.40000000000000013       0.20000000000000009       0.58643458108534974     
  0.50000000000000011       0.20000000000000009        4.6943510984148375E-002
  0.60000000000000009       0.20000000000000009      -0.51047318283100462     
  0.70000000000000007       0.20000000000000009      -0.87291213900204656     
  0.80000000000000004       0.20000000000000009      -0.90192363670047138     
  0.90000000000000002       0.20000000000000009      -0.58642614724076048     
   1.0000000000000000       0.20000000000000009       -4.6690262775560536E-002
  -1.0000000000000000       0.30000000000000016       -4.8169050781840854E-002
 -0.90000000000000002       0.30000000000000016       0.52745897002923292     
 -0.80000000000000004       0.30000000000000016       0.90204710606185845     
 -0.69999999999999996       0.30000000000000016       0.93189943192258051     
 -0.59999999999999998       0.30000000000000016       0.60593085833946081     
 -0.49999999999999994       0.30000000000000016        4.8501290801525224E-002
 -0.39999999999999991       0.30000000000000016      -0.52744299520744642     
 -0.29999999999999993       0.30000000000000016      -0.90192741512478791     
 -0.19999999999999993       0.30000000000000016      -0.93190228849343537     
  -9.9999999999999978E-002  0.30000000000000016      -0.60592299097073210     
   2.7755575615628914E-017  0.30000000000000016       -4.8504499052964362E-002
  0.10000000000000009       0.30000000000000016       0.52744640970873002     
  0.20000000000000009       0.30000000000000016       0.90192486512760639     
  0.30000000000000016       0.30000000000000016       0.93190279951275046     
  0.40000000000000013       0.30000000000000016       0.60592472170531475     
  0.50000000000000011       0.30000000000000016        4.8501196237400901E-002
  0.60000000000000009       0.30000000000000016      -0.52744276300440818     
  0.70000000000000007       0.30000000000000016      -0.90192736960730924     
  0.80000000000000004       0.30000000000000016      -0.93190153075761295     
  0.90000000000000002       0.30000000000000016      -0.60591600804685042     
   1.0000000000000000       0.30000000000000016       -4.8239555734411112E-002
  -1.0000000000000000       0.40000000000000013       -3.1317104490739760E-002
 -0.90000000000000002       0.40000000000000013       0.34295720771774590     
 -0.80000000000000004       0.40000000000000013       0.58651404886074587     
 -0.69999999999999996       0.40000000000000013       0.60592253233098026     
 -0.59999999999999998       0.40000000000000013       0.39397567256839416     
 -0.49999999999999994       0.40000000000000013        3.1533092978686658E-002
 -0.39999999999999991       0.40000000000000013      -0.34294682238569979     
 -0.29999999999999993       0.40000000000000013      -0.58643623866685879     
 -0.19999999999999993       0.40000000000000013      -0.60592438982237196     
  -9.9999999999999978E-002  0.40000000000000013      -0.39397055715357027     
   2.7755575615628914E-017  0.40000000000000013       -3.1535178920252128E-002
  0.10000000000000009       0.40000000000000013       0.34294904219883021     
  0.20000000000000009       0.40000000000000013       0.58643458108535240     
  0.30000000000000016       0.40000000000000013       0.60592472170531453     
  0.40000000000000013       0.40000000000000013       0.39397168266738181     
  0.50000000000000011       0.40000000000000013        3.1533031502307067E-002
  0.60000000000000009       0.40000000000000013      -0.34294667142655316     
  0.70000000000000007       0.40000000000000013      -0.58643620907770999     
  0.80000000000000004       0.40000000000000013      -0.60592389724448414     
  0.90000000000000002       0.40000000000000013      -0.39396601752384347     
   1.0000000000000000       0.40000000000000013       -3.1362936703987369E-002
  -1.0000000000000000       0.50000000000000011       -2.5029435727109352E-003
 -0.90000000000000002       0.50000000000000011        2.7455865226243707E-002
 -0.80000000000000004       0.50000000000000011        4.6949851241786592E-002
 -0.69999999999999996       0.50000000000000011        4.8501021355643707E-002
 -0.59999999999999998       0.50000000000000011        3.1533350645168635E-002
 -0.49999999999999994       0.50000000000000011        2.5201792632299842E-003
 -0.39999999999999991       0.50000000000000011       -2.7455036276060087E-002
 -0.29999999999999993       0.50000000000000011       -4.6943643002463405E-002
 -0.19999999999999993       0.50000000000000011       -4.8501170260438778E-002
  -9.9999999999999978E-002  0.50000000000000011       -3.1532941122460752E-002
   2.7755575615628914E-017  0.50000000000000011       -2.5203461264960993E-003
  0.10000000000000009       0.50000000000000011        2.7455213497564857E-002
  0.20000000000000009       0.50000000000000011        4.6943510984148562E-002
  0.30000000000000016       0.50000000000000011        4.8501196237400970E-002
  0.40000000000000013       0.50000000000000011        3.1533031502307407E-002
  0.50000000000000011       0.50000000000000011        2.5201743567687790E-003
  0.60000000000000009       0.50000000000000011       -2.7455024222754181E-002
  0.70000000000000007       0.50000000000000011       -4.6943640643829193E-002
  0.80000000000000004       0.50000000000000011       -4.8501130990761775E-002
  0.90000000000000002       0.50000000000000011       -3.1532578792246635E-002
   1.0000000000000000       0.50000000000000011       -2.5065964852252513E-003
  -1.0000000000000000       0.60000000000000009        2.7266979118137438E-002
 -0.90000000000000002       0.60000000000000009      -0.29852964228810092     
 -0.80000000000000004       0.60000000000000009      -0.51054239115016120     
 -0.69999999999999996       0.60000000000000009      -0.52744085661410400     
 -0.59999999999999998       0.60000000000000009      -0.34295014490818426     
 -0.49999999999999994       0.60000000000000009       -2.7455077759768031E-002
 -0.39999999999999991       0.60000000000000009       0.29852059831763117     
 -0.29999999999999993       0.60000000000000009       0.51047462678771383     
 -0.19999999999999993       0.60000000000000009       0.52744247315599202     
  -9.9999999999999978E-002  0.60000000000000009       0.34294569216039572     
   2.7755575615628914E-017  0.60000000000000009        2.7456893692398943E-002
  0.10000000000000009       0.60000000000000009      -0.29852253136067614     
  0.20000000000000009       0.60000000000000009      -0.51047318283100307     
  0.30000000000000016       0.60000000000000009      -0.52744276300440807     
  0.40000000000000013       0.60000000000000009      -0.34294667142655078     
  0.50000000000000011       0.60000000000000009       -2.7455024222753994E-002
  0.60000000000000009       0.60000000000000009       0.29852046686248651     
  0.70000000000000007       0.60000000000000009       0.51047460101517550     
  0.80000000000000004       0.60000000000000009       0.52744204412214102     
  0.90000000000000002       0.60000000000000009       0.34294173883348689     
   1.0000000000000000       0.60000000000000009        2.7306900389019464E-002
  -1.0000000000000000       0.70000000000000007        4.6622144413357616E-002
 -0.90000000000000002       0.70000000000000007      -0.51049028827053311     
 -0.80000000000000004       0.70000000000000007      -0.87303046143610441     
 -0.69999999999999996       0.70000000000000007      -0.90192411010016105     
 -0.59999999999999998       0.70000000000000007      -0.58644214847044407     
 -0.49999999999999994       0.70000000000000007       -4.6943732175589462E-002
 -0.39999999999999991       0.70000000000000007       0.51047482576885073     
 -0.29999999999999993       0.70000000000000007       0.87291460740730975     
 -0.19999999999999993       0.70000000000000007       0.90192687464266030     
  -9.9999999999999978E-002  0.70000000000000007       0.58643453420102176     
   2.7755575615628914E-017  0.70000000000000007        4.6946837299712461E-002
  0.10000000000000009       0.70000000000000007      -0.51047813074106818     
  0.20000000000000009       0.70000000000000007      -0.87291213900204667     
  0.30000000000000016       0.70000000000000007      -0.90192736960730868     
  0.40000000000000013       0.70000000000000007      -0.58643620907770944     
  0.50000000000000011       0.70000000000000007       -4.6943640643829165E-002
  0.60000000000000009       0.70000000000000007       0.51047460101517605     
  0.70000000000000007       0.70000000000000007       0.87291456334754824     
  0.80000000000000004       0.70000000000000007       0.90192614117686620     
  0.90000000000000002       0.70000000000000007       0.58642777520984157     
   1.0000000000000000       0.70000000000000007        4.6690391738687512E-002
  -1.0000000000000000       0.80000000000000004        4.8168985976657280E-002
 -0.90000000000000002       0.80000000000000004      -0.52745825112535305     
 -0.80000000000000004       0.80000000000000004      -0.90204587747247089     
 -0.69999999999999996       0.80000000000000004      -0.93189816317195373     
 -0.59999999999999998       0.80000000000000004      -0.60593003387030275     
 -0.49999999999999994       0.80000000000000004       -4.8501225554760441E-002
 -0.39999999999999991       0.80000000000000004       0.52744227632485152     
 -0.29999999999999993       0.80000000000000004       0.90192618669428504     
 -0.19999999999999993       0.80000000000000004       0.93190101973888939     
  -9.9999999999999978E-002  0.80000000000000004       0.60592216651229369     
   2.7755575615628914E-017  0.80000000000000004        4.8504433801847040E-002
  0.10000000000000009       0.80000000000000004      -0.52744569082156723     
  0.20000000000000009       0.80000000000000004      -0.90192363670047015     
  0.30000000000000016       0.80000000000000004      -0.93190153075761273     
  0.40000000000000013       0.80000000000000004      -0.60592389724448070     
  0.50000000000000011       0.80000000000000004       -4.8501130990761865E-002
  0.60000000000000009       0.80000000000000004       0.52744204412214213     
  0.70000000000000007       0.80000000000000004       0.90192614117686487     
  0.80000000000000004       0.80000000000000004       0.93190026200409359     
  0.90000000000000002       0.80000000000000004       0.60591518359771290     
   1.0000000000000000       0.80000000000000004        4.8239490836427076E-002
  -1.0000000000000000       0.90000000000000002        3.1316654875521183E-002
 -0.90000000000000002       0.90000000000000002      -0.34295227497363329     
 -0.80000000000000004       0.90000000000000002      -0.58650561387740330     
 -0.69999999999999996       0.90000000000000002      -0.60591381870393091     
 -0.59999999999999998       0.90000000000000002      -0.39397000736753301     
 -0.49999999999999994       0.90000000000000002       -3.1532640267744896E-002
 -0.39999999999999991       0.90000000000000002       0.34294188979047679     
 -0.29999999999999993       0.90000000000000002       0.58642780479856937     
 -0.19999999999999993       0.90000000000000002       0.60591567616856623     
  -9.9999999999999978E-002  0.90000000000000002       0.39396489202627849     
   2.7755575615628914E-017  0.90000000000000002        3.1534726179333832E-002
  0.10000000000000009       0.90000000000000002      -0.34294410957177790     
  0.20000000000000009       0.90000000000000002      -0.58642614724075892     
  0.30000000000000016       0.90000000000000002      -0.60591600804685120     
  0.40000000000000013       0.90000000000000002      -0.39396601752384303     
  0.50000000000000011       0.90000000000000002       -3.1532578792246871E-002
  0.60000000000000009       0.90000000000000002       0.34294173883348655     
  0.70000000000000007       0.90000000000000002       0.58642777520984213     
  0.80000000000000004       0.90000000000000002       0.60591518359771179     
  0.90000000000000002       0.90000000000000002       0.39396035246162919     
   1.0000000000000000       0.90000000000000002        3.1362486432728397E-002
  -1.0000000000000000        1.0000000000000000        2.4894584174710074E-003
 -0.90000000000000002        1.0000000000000000       -2.7307736866232141E-002
 -0.80000000000000004        1.0000000000000000       -4.6696568922544389E-002
 -0.69999999999999996        1.0000000000000000       -4.8239381794429145E-002
 -0.59999999999999998        1.0000000000000000       -3.1363254126255471E-002
 -0.49999999999999994        1.0000000000000000       -2.5066013652824738E-003
 -0.39999999999999991        1.0000000000000000        2.7306912377441497E-002
 -0.29999999999999993        1.0000000000000000        4.6690394084642213E-002
 -0.19999999999999993        1.0000000000000000        4.8239529894973418E-002
  -9.9999999999999978E-002   1.0000000000000000        3.1362846812978580E-002
   2.7755575615628914E-017   1.0000000000000000        2.5067673288691871E-003
  0.10000000000000009        1.0000000000000000       -2.7307088644973127E-002
  0.20000000000000009        1.0000000000000000       -4.6690262775562728E-002
  0.30000000000000016        1.0000000000000000       -4.8239555734411813E-002
  0.40000000000000013        1.0000000000000000       -3.1362936703989881E-002
  0.50000000000000011        1.0000000000000000       -2.5065964852252439E-003
  0.60000000000000009        1.0000000000000000        2.7306900389021237E-002
  0.70000000000000007        1.0000000000000000        4.6690391738687893E-002
  0.80000000000000004        1.0000000000000000        4.8239490836429005E-002
  0.90000000000000002        1.0000000000000000        3.1362486432728119E-002
   1.0000000000000000        1.0000000000000000        2.4930916939645410E-003
