  -1.0000000000000000       -1.0000000000000000       0.70217966698375700     
 -0.90000000000000002       -1.0000000000000000       0.31604097166734707     
 -0.80000000000000004       -1.0000000000000000      -0.18118200423054154     
 -0.69999999999999996       -1.0000000000000000      -0.60845611962269575     
 -0.59999999999999998       -1.0000000000000000      -0.79947945389558128     
 -0.49999999999999994       -1.0000000000000000      -0.69152557658138369     
 -0.39999999999999991       -1.0000000000000000      -0.31157435443665776     
 -0.29999999999999993       -1.0000000000000000       0.18721247602787616     
 -0.19999999999999993       -1.0000000000000000       0.63406699001735278     
  -9.9999999999999978E-002  -1.0000000000000000       0.83270289611647785     
   2.7755575615628914E-017  -1.0000000000000000       0.71962706313613933     
  0.10000000000000009       -1.0000000000000000       0.32692104481984002     
  0.20000000000000009       -1.0000000000000000      -0.18526804836541769     
  0.30000000000000016       -1.0000000000000000      -0.63070708843293299     
  0.40000000000000013       -1.0000000000000000      -0.83072705082650722     
  0.50000000000000011       -1.0000000000000000      -0.71689124384228586     
  0.60000000000000009       -1.0000000000000000      -0.32549972361909052     
  0.70000000000000007       -1.0000000000000000       0.18742132733161337     
  0.80000000000000004       -1.0000000000000000       0.63141810458595615     
  0.90000000000000002       -1.0000000000000000       0.83189614967551129     
   1.0000000000000000       -1.0000000000000000       0.70661596288977313     
  -1.0000000000000000      -0.90000000000000002       0.31604097166734407     
 -0.90000000000000002      -0.90000000000000002       0.14209414085126598     
 -0.80000000000000004      -0.90000000000000002       -8.1791922076853749E-002
 -0.69999999999999996      -0.90000000000000002      -0.27410361815373979     
 -0.59999999999999998      -0.90000000000000002      -0.35998588572522194     
 -0.49999999999999994      -0.90000000000000002      -0.31124700147833512     
 -0.39999999999999991      -0.90000000000000002      -0.14008301442264509     
 -0.29999999999999993      -0.90000000000000002        8.4516011232211363E-002
 -0.19999999999999993      -0.90000000000000002       0.28564163752787097     
  -9.9999999999999978E-002 -0.90000000000000002       0.37494601234568942     
   2.7755575615628914E-017 -0.90000000000000002       0.32389682157049954     
  0.10000000000000009      -0.90000000000000002       0.14698556349067787     
  0.20000000000000009      -0.90000000000000002       -8.3639730458832870E-002
  0.30000000000000016      -0.90000000000000002      -0.28412756420953378     
  0.40000000000000013      -0.90000000000000002      -0.37405542958905841     
  0.50000000000000011      -0.90000000000000002      -0.32266330787337083     
  0.60000000000000009      -0.90000000000000002      -0.14634434153225168     
  0.70000000000000007      -0.90000000000000002        8.4610387507019297E-002
  0.80000000000000004      -0.90000000000000002       0.28444875399466196     
  0.90000000000000002      -0.90000000000000002       0.37458273442492901     
   1.0000000000000000      -0.90000000000000002       0.31803987996019378     
  -1.0000000000000000      -0.80000000000000004      -0.18118200423054193     
 -0.90000000000000002      -0.80000000000000004       -8.1791922076850626E-002
 -0.80000000000000004      -0.80000000000000004        4.6355040490205078E-002
 -0.69999999999999996      -0.80000000000000004       0.15660087549740281     
 -0.59999999999999998      -0.80000000000000004       0.20604304367622339     
 -0.49999999999999994      -0.80000000000000004       0.17843087867375190     
 -0.39999999999999991      -0.80000000000000004        8.0640647715930144E-002
 -0.29999999999999993      -0.80000000000000004       -4.7895141967925194E-002
 -0.19999999999999993      -0.80000000000000004      -0.16319153212592422     
  -9.9999999999999978E-002 -0.80000000000000004      -0.21460474473815055     
   2.7755575615628914E-017 -0.80000000000000004      -0.18567902959488194     
  0.10000000000000009      -0.80000000000000004       -8.4608237963657920E-002
  0.20000000000000009      -0.80000000000000004        4.7395237370315861E-002
  0.30000000000000016      -0.80000000000000004       0.16232753965375732     
  0.40000000000000013      -0.80000000000000004       0.21409699430839987     
  0.50000000000000011      -0.80000000000000004       0.18497660223940660     
  0.60000000000000009      -0.80000000000000004        8.4243929758777522E-002
  0.70000000000000007      -0.80000000000000004       -4.7948425068119353E-002
  0.80000000000000004      -0.80000000000000004      -0.16250910905219601     
  0.90000000000000002      -0.80000000000000004      -0.21439686098422095     
   1.0000000000000000      -0.80000000000000004      -0.18232314644499650     
  -1.0000000000000000      -0.69999999999999996      -0.60845611962269186     
 -0.90000000000000002      -0.69999999999999996      -0.27410361815374085     
 -0.80000000000000004      -0.69999999999999996       0.15660087549739696     
 -0.69999999999999996      -0.69999999999999996       0.52684164327112437     
 -0.59999999999999998      -0.69999999999999996       0.69252200873953829     
 -0.49999999999999994      -0.69999999999999996       0.59922199869374804     
 -0.39999999999999991      -0.69999999999999996       0.27023443018377219     
 -0.29999999999999993      -0.69999999999999996      -0.16181038537410891     
 -0.19999999999999993      -0.69999999999999996      -0.54901630667707346     
  -9.9999999999999978E-002 -0.69999999999999996      -0.72129999142677892     
   2.7755575615628914E-017 -0.69999999999999996      -0.62356979536140877     
  0.10000000000000009      -0.69999999999999996      -0.28354048873484156     
  0.20000000000000009      -0.69999999999999996       0.16012731572799024     
  0.30000000000000016      -0.69999999999999996       0.54610784595616424     
  0.40000000000000013      -0.69999999999999996       0.71958996028569533     
  0.50000000000000011      -0.69999999999999996       0.62120265571674083     
  0.60000000000000009      -0.69999999999999996       0.28231132856615565     
  0.70000000000000007      -0.69999999999999996      -0.16199074947891920     
  0.80000000000000004      -0.69999999999999996      -0.54672205281319219     
  0.90000000000000002      -0.69999999999999996      -0.72060120701479158     
   1.0000000000000000      -0.69999999999999996      -0.61229670837947414     
  -1.0000000000000000      -0.59999999999999998      -0.79947945389557251     
 -0.90000000000000002      -0.59999999999999998      -0.35998588572521911     
 -0.80000000000000004      -0.59999999999999998       0.20604304367623280     
 -0.69999999999999996      -0.59999999999999998       0.69252200873954273     
 -0.59999999999999998      -0.59999999999999998       0.91010989678942000     
 -0.49999999999999994      -0.59999999999999998       0.78734775977585691     
 -0.39999999999999991      -0.59999999999999998       0.35490110525386337     
 -0.29999999999999993      -0.59999999999999998      -0.21289926577089335     
 -0.19999999999999993      -0.59999999999999998      -0.72167077367240473     
  -9.9999999999999978E-002 -0.59999999999999998      -0.94793030489847230     
   2.7755575615628914E-017 -0.59999999999999998      -0.81934147056494011     
  0.10000000000000009      -0.59999999999999998      -0.37237914493465479     
  0.20000000000000009      -0.59999999999999998       0.21068652631174373     
  0.30000000000000016      -0.59999999999999998       0.71784713036296788     
  0.40000000000000013      -0.59999999999999998       0.94568195619380568     
  0.50000000000000011      -0.59999999999999998       0.81622871901867555     
  0.60000000000000009      -0.59999999999999998       0.37076238276018147     
  0.70000000000000007      -0.59999999999999998      -0.21313668099844296     
  0.80000000000000004      -0.59999999999999998      -0.71865549668451256     
  0.90000000000000002      -0.59999999999999998      -0.94701194237793052     
   1.0000000000000000      -0.59999999999999998      -0.80452827957467665     
  -1.0000000000000000      -0.49999999999999994      -0.69152557658138403     
 -0.90000000000000002      -0.49999999999999994      -0.31124700147833745     
 -0.80000000000000004      -0.49999999999999994       0.17843087867375054     
 -0.69999999999999996      -0.49999999999999994       0.59922199869374781     
 -0.59999999999999998      -0.49999999999999994       0.78734775977585314     
 -0.49999999999999994      -0.49999999999999994       0.68103312862230914     
 -0.39999999999999991      -0.49999999999999994       0.30684816225216116     
 -0.29999999999999993      -0.49999999999999994      -0.18436976730610077     
 -0.19999999999999993      -0.49999999999999994      -0.62444418565198601     
  -9.9999999999999978E-002 -0.49999999999999994      -0.82006704949502629     
   2.7755575615628914E-017 -0.49999999999999994      -0.70870821981661936     
  0.10000000000000009      -0.49999999999999994      -0.32196203952189095     
  0.20000000000000009      -0.49999999999999994       0.18245485164690992     
  0.30000000000000016      -0.49999999999999994       0.62113527898736198     
  0.40000000000000013      -0.49999999999999994       0.81812119435744590     
  0.50000000000000011      -0.49999999999999994       0.70601392909212302     
  0.60000000000000009      -0.49999999999999994       0.32056229664528330     
  0.70000000000000007      -0.49999999999999994      -0.18457544648744290     
  0.80000000000000004      -0.49999999999999994      -0.62183549707844255     
  0.90000000000000002      -0.49999999999999994      -0.81927254520160919     
   1.0000000000000000      -0.49999999999999994      -0.69589454254414551     
  -1.0000000000000000      -0.39999999999999991      -0.31157435443665044     
 -0.90000000000000002      -0.39999999999999991      -0.14008301442264345     
 -0.80000000000000004      -0.39999999999999991        8.0640647715929437E-002
 -0.69999999999999996      -0.39999999999999991       0.27023443018377019     
 -0.59999999999999998      -0.39999999999999991       0.35490110525386365     
 -0.49999999999999994      -0.39999999999999991       0.30684816225216016     
 -0.39999999999999991      -0.39999999999999991       0.13810029665633755     
 -0.29999999999999993      -0.39999999999999991       -8.3326426565049419E-002
 -0.19999999999999993      -0.39999999999999991      -0.28160959224796467     
  -9.9999999999999978E-002 -0.39999999999999991      -0.36964992914587591     
   2.7755575615628914E-017 -0.39999999999999991      -0.31931923554463248     
  0.10000000000000009      -0.39999999999999991      -0.14490520006119104     
  0.20000000000000009      -0.39999999999999991        8.2462508667884890E-002
  0.30000000000000016      -0.39999999999999991       0.28011688226911635     
  0.40000000000000013      -0.39999999999999991       0.36877190839961094     
  0.50000000000000011      -0.39999999999999991       0.31810311364681698     
  0.60000000000000009      -0.39999999999999991       0.14427301163638537     
  0.70000000000000007      -0.39999999999999991       -8.3419476143869284E-002
  0.80000000000000004      -0.39999999999999991      -0.28043355519868274     
  0.90000000000000002      -0.39999999999999991      -0.36929178213813585     
   1.0000000000000000      -0.39999999999999991      -0.31354505430911073     
  -1.0000000000000000      -0.29999999999999993       0.18721247602787613     
 -0.90000000000000002      -0.29999999999999993        8.4516011232211349E-002
 -0.80000000000000004      -0.29999999999999993       -4.7895141967926325E-002
 -0.69999999999999996      -0.29999999999999993      -0.16181038537410902     
 -0.59999999999999998      -0.29999999999999993      -0.21289926577089149     
 -0.49999999999999994      -0.29999999999999993      -0.18436976730609939     
 -0.39999999999999991      -0.29999999999999993       -8.3326426565045825E-002
 -0.29999999999999993      -0.29999999999999993        4.9486392115009971E-002
 -0.19999999999999993      -0.29999999999999993       0.16862028133950061     
  -9.9999999999999978E-002 -0.29999999999999993       0.22174585832654031     
   2.7755575615628914E-017 -0.29999999999999993       0.19185914624130113     
  0.10000000000000009      -0.29999999999999993        8.7426128605164369E-002
  0.20000000000000009      -0.29999999999999993       -4.8969861340572587E-002
  0.30000000000000016      -0.29999999999999993      -0.16772755253563687     
  0.40000000000000013      -0.29999999999999993      -0.22122122251134793     
  0.50000000000000011      -0.29999999999999993      -0.19113336383109716     
  0.60000000000000009      -0.29999999999999993       -8.7049711904636007E-002
  0.70000000000000007      -0.29999999999999993        4.9541444348500017E-002
  0.80000000000000004      -0.29999999999999993       0.16791515200771834     
  0.90000000000000002      -0.29999999999999993       0.22153105734015222     
   1.0000000000000000      -0.29999999999999993       0.18839157517441010     
  -1.0000000000000000      -0.19999999999999993       0.63406699001733935     
 -0.90000000000000002      -0.19999999999999993       0.28564163752786559     
 -0.80000000000000004      -0.19999999999999993      -0.16319153212594317     
 -0.69999999999999996      -0.19999999999999993      -0.54901630667707868     
 -0.59999999999999998      -0.19999999999999993      -0.72167077367241028     
 -0.49999999999999994      -0.19999999999999993      -0.62444418565198834     
 -0.39999999999999991      -0.19999999999999993      -0.28160959224795667     
 -0.29999999999999993      -0.19999999999999993       0.16862028133950230     
 -0.19999999999999993      -0.19999999999999993       0.57212429526144171     
  -9.9999999999999978E-002 -0.19999999999999993       0.75166004138260134     
   2.7755575615628914E-017 -0.19999999999999993       0.64981681262382529     
  0.10000000000000009      -0.19999999999999993       0.29547574159559176     
  0.20000000000000009      -0.19999999999999993      -0.16686637289792119     
  0.30000000000000016      -0.19999999999999993      -0.56909341975240968     
  0.40000000000000013      -0.19999999999999993      -0.74987803717697821     
  0.50000000000000011      -0.19999999999999993      -0.64735004449376421     
  0.60000000000000009      -0.19999999999999993      -0.29419484980647043     
  0.70000000000000007      -0.19999999999999993       0.16880823585913152     
  0.80000000000000004      -0.19999999999999993       0.56973347512333750     
  0.90000000000000002      -0.19999999999999993       0.75093184468791130     
   1.0000000000000000      -0.19999999999999993       0.63806922689444490     
  -1.0000000000000000       -9.9999999999999978E-002  0.83270289611647164     
 -0.90000000000000002       -9.9999999999999978E-002  0.37494601234569030     
 -0.80000000000000004       -9.9999999999999978E-002 -0.21460474473814825     
 -0.69999999999999996       -9.9999999999999978E-002 -0.72129999142677725     
 -0.59999999999999998       -9.9999999999999978E-002 -0.94793030489847163     
 -0.49999999999999994       -9.9999999999999978E-002 -0.82006704949502440     
 -0.39999999999999991       -9.9999999999999978E-002 -0.36964992914587919     
 -0.29999999999999993       -9.9999999999999978E-002  0.22174585832654226     
 -0.19999999999999993       -9.9999999999999978E-002  0.75166004138260145     
  -9.9999999999999978E-002  -9.9999999999999978E-002  0.98732237174122606     
   2.7755575615628914E-017  -9.9999999999999978E-002  0.85339029693340507     
  0.10000000000000009       -9.9999999999999978E-002  0.38785430581341945     
  0.20000000000000009       -9.9999999999999978E-002 -0.21944116873366359     
  0.30000000000000016       -9.9999999999999978E-002 -0.74767750662891186     
  0.40000000000000013       -9.9999999999999978E-002 -0.98498059352791334     
  0.50000000000000011       -9.9999999999999978E-002 -0.85014819695748467     
  0.60000000000000009       -9.9999999999999978E-002 -0.38617036118020259     
  0.70000000000000007       -9.9999999999999978E-002  0.22199313862999873     
  0.80000000000000004       -9.9999999999999978E-002  0.74851946235386158     
  0.90000000000000002       -9.9999999999999978E-002  0.98636584591789622     
   1.0000000000000000       -9.9999999999999978E-002  0.83796152626024278     
  -1.0000000000000000        2.7755575615628914E-017  0.71962706313612224     
 -0.90000000000000002        2.7755575615628914E-017  0.32389682157049610     
 -0.80000000000000004        2.7755575615628914E-017 -0.18567902959488888     
 -0.69999999999999996        2.7755575615628914E-017 -0.62356979536141088     
 -0.59999999999999998        2.7755575615628914E-017 -0.81934147056493822     
 -0.49999999999999994        2.7755575615628914E-017 -0.70870821981662357     
 -0.39999999999999991        2.7755575615628914E-017 -0.31931923554463104     
 -0.29999999999999993        2.7755575615628914E-017  0.19185914624130621     
 -0.19999999999999993        2.7755575615628914E-017  0.64981681262382940     
  -9.9999999999999978E-002   2.7755575615628914E-017  0.85339029693340407     
   2.7755575615628914E-017   2.7755575615628914E-017  0.73750792264533771     
  0.10000000000000009        2.7755575615628914E-017  0.33504734801072183     
  0.20000000000000009        2.7755575615628914E-017 -0.18986642678191901     
  0.30000000000000016        2.7755575615628914E-017 -0.64637346257553785     
  0.40000000000000013        2.7755575615628914E-017 -0.85136538254345484     
  0.50000000000000011        2.7755575615628914E-017 -0.73470416834278729     
  0.60000000000000009        2.7755575615628914E-017 -0.33359074070941958     
  0.70000000000000007        2.7755575615628914E-017  0.19207317937626495     
  0.80000000000000004        2.7755575615628914E-017  0.64710212229658537     
  0.90000000000000002        2.7755575615628914E-017  0.85256350835150552     
   1.0000000000000000        2.7755575615628914E-017  0.72417354599352823     
  -1.0000000000000000       0.10000000000000009       0.32692104481983869     
 -0.90000000000000002       0.10000000000000009       0.14698556349067990     
 -0.80000000000000004       0.10000000000000009       -8.4608237963658919E-002
 -0.69999999999999996       0.10000000000000009      -0.28354048873484139     
 -0.59999999999999998       0.10000000000000009      -0.37237914493465285     
 -0.49999999999999994       0.10000000000000009      -0.32196203952189140     
 -0.39999999999999991       0.10000000000000009      -0.14490520006119126     
 -0.29999999999999993       0.10000000000000009        8.7426128605164827E-002
 -0.19999999999999993       0.10000000000000009       0.29547574159559320     
  -9.9999999999999978E-002  0.10000000000000009       0.38785430581342129     
   2.7755575615628914E-017  0.10000000000000009       0.33504734801072195     
  0.10000000000000009       0.10000000000000009       0.15204536684234984     
  0.20000000000000009       0.10000000000000009       -8.6519678386519361E-002
  0.30000000000000016       0.10000000000000009      -0.29390954056475865     
  0.40000000000000013       0.10000000000000009      -0.38693306091687435     
  0.50000000000000011       0.10000000000000009      -0.33377136445769040     
  0.60000000000000009       0.10000000000000009      -0.15138206679232855     
  0.70000000000000007       0.10000000000000009        8.7523754697135317E-002
  0.80000000000000004       0.10000000000000009       0.29424179024853592     
  0.90000000000000002       0.10000000000000009       0.38747852125770094     
   1.0000000000000000       0.10000000000000009       0.32898877264405224     
  -1.0000000000000000       0.20000000000000009      -0.18526804836542182     
 -0.90000000000000002       0.20000000000000009       -8.3639730458828790E-002
 -0.80000000000000004       0.20000000000000009        4.7395237370326172E-002
 -0.69999999999999996       0.20000000000000009       0.16012731572799296     
 -0.59999999999999998       0.20000000000000009       0.21068652631174078     
 -0.49999999999999994       0.20000000000000009       0.18245485164690919     
 -0.39999999999999991       0.20000000000000009        8.2462508667882073E-002
 -0.29999999999999993       0.20000000000000009       -4.8969861340570027E-002
 -0.19999999999999993       0.20000000000000009      -0.16686637289790857     
  -9.9999999999999978E-002  0.20000000000000009      -0.21944116873366326     
   2.7755575615628914E-017  0.20000000000000009      -0.18986642678191332     
  0.10000000000000009       0.20000000000000009       -8.6519678386519305E-002
  0.20000000000000009       0.20000000000000009        4.8458706783651780E-002
  0.30000000000000016       0.20000000000000009       0.16598293450775756     
  0.40000000000000013       0.20000000000000009       0.21892199476975790     
  0.50000000000000011       0.20000000000000009       0.18914820421978826     
  0.60000000000000009       0.20000000000000009        8.6147186306689605E-002
  0.70000000000000007       0.20000000000000009       -4.9024338148695189E-002
  0.80000000000000004       0.20000000000000009      -0.16616857370106178     
  0.90000000000000002       0.20000000000000009      -0.21922860042831196     
   1.0000000000000000       0.20000000000000009      -0.18643487897227404     
  -1.0000000000000000       0.30000000000000016      -0.63070708843293111     
 -0.90000000000000002       0.30000000000000016      -0.28412756420953350     
 -0.80000000000000004       0.30000000000000016       0.16232753965375779     
 -0.69999999999999996       0.30000000000000016       0.54610784595616235     
 -0.59999999999999998       0.30000000000000016       0.71784713036296799     
 -0.49999999999999994       0.30000000000000016       0.62113527898736076     
 -0.39999999999999991       0.30000000000000016       0.28011688226911718     
 -0.29999999999999993       0.30000000000000016      -0.16772755253563690     
 -0.19999999999999993       0.30000000000000016      -0.56909341975240801     
  -9.9999999999999978E-002  0.30000000000000016      -0.74767750662891042     
   2.7755575615628914E-017  0.30000000000000016      -0.64637346257553618     
  0.10000000000000009       0.30000000000000016      -0.29390954056475732     
  0.20000000000000009       0.30000000000000016       0.16598293450775983     
  0.30000000000000016       0.30000000000000016       0.56607859912004677     
  0.40000000000000013       0.30000000000000016       0.74590494125229334     
  0.50000000000000011       0.30000000000000016       0.64391975910286559     
  0.60000000000000009       0.30000000000000016       0.29263543154509514     
  0.70000000000000007       0.30000000000000016      -0.16791451222169335     
  0.80000000000000004       0.30000000000000016      -0.56671526648550996     
  0.90000000000000002       0.30000000000000016      -0.74695316809744017     
   1.0000000000000000       0.30000000000000016      -0.63468812437832189     
  -1.0000000000000000       0.40000000000000013      -0.83072705082647658     
 -0.90000000000000002       0.40000000000000013      -0.37405542958905330     
 -0.80000000000000004       0.40000000000000013       0.21409699430841608     
 -0.69999999999999996       0.40000000000000013       0.71958996028569944     
 -0.59999999999999998       0.40000000000000013       0.94568195619381590     
 -0.49999999999999994       0.40000000000000013       0.81812119435745112     
 -0.39999999999999991       0.40000000000000013       0.36877190839961632     
 -0.29999999999999993       0.40000000000000013      -0.22122122251135082     
 -0.19999999999999993       0.40000000000000013      -0.74987803717698120     
  -9.9999999999999978E-002  0.40000000000000013      -0.98498059352791167     
   2.7755575615628914E-017  0.40000000000000013      -0.85136538254346461     
  0.10000000000000009       0.40000000000000013      -0.38693306091687502     
  0.20000000000000009       0.40000000000000013       0.21892199476976512     
  0.30000000000000016       0.40000000000000013       0.74590494125229423     
  0.40000000000000013       0.40000000000000013       0.98264436421573753     
  0.50000000000000011       0.40000000000000013       0.84813096249840170     
  0.60000000000000009       0.40000000000000013       0.38525310294024234     
  0.70000000000000007       0.40000000000000013      -0.22146791830557278     
  0.80000000000000004       0.40000000000000013      -0.74674490620757050     
  0.90000000000000002       0.40000000000000013      -0.98402633632337777     
   1.0000000000000000       0.40000000000000013      -0.83597321641393652     
  -1.0000000000000000       0.50000000000000011      -0.71689124384228586     
 -0.90000000000000002       0.50000000000000011      -0.32266330787337316     
 -0.80000000000000004       0.50000000000000011       0.18497660223940557     
 -0.69999999999999996       0.50000000000000011       0.62120265571673972     
 -0.59999999999999998       0.50000000000000011       0.81622871901867600     
 -0.49999999999999994       0.50000000000000011       0.70601392909212091     
 -0.39999999999999991       0.50000000000000011       0.31810311364682020     
 -0.29999999999999993       0.50000000000000011      -0.19113336383109750     
 -0.19999999999999993       0.50000000000000011      -0.64735004449376865     
  -9.9999999999999978E-002  0.50000000000000011      -0.85014819695748378     
   2.7755575615628914E-017  0.50000000000000011      -0.73470416834278907     
  0.10000000000000009       0.50000000000000011      -0.33377136445768979     
  0.20000000000000009       0.50000000000000011       0.18914820421979120     
  0.30000000000000016       0.50000000000000011       0.64391975910286647     
  0.40000000000000013       0.50000000000000011       0.84813096249840592     
  0.50000000000000011       0.50000000000000011       0.73191104244364302     
  0.60000000000000009       0.50000000000000011       0.33232027338000569     
  0.70000000000000007       0.50000000000000011      -0.19134658861856896     
  0.80000000000000004       0.50000000000000011      -0.64464566529334844     
  0.90000000000000002       0.50000000000000011      -0.84932454913378053     
   1.0000000000000000       0.50000000000000011      -0.72142047340979765     
  -1.0000000000000000       0.60000000000000009      -0.32549972361907958     
 -0.90000000000000002       0.60000000000000009      -0.14634434153225220     
 -0.80000000000000004       0.60000000000000009        8.4243929758789596E-002
 -0.69999999999999996       0.60000000000000009       0.28231132856615404     
 -0.59999999999999998       0.60000000000000009       0.37076238276019968     
 -0.49999999999999994       0.60000000000000009       0.32056229664528685     
 -0.39999999999999991       0.60000000000000009       0.14427301163638101     
 -0.29999999999999993       0.60000000000000009       -8.7049711904639351E-002
 -0.19999999999999993       0.60000000000000009      -0.29419484980649901     
  -9.9999999999999978E-002  0.60000000000000009      -0.38617036118020054     
   2.7755575615628914E-017  0.60000000000000009      -0.33359074070942513     
  0.10000000000000009       0.60000000000000009      -0.15138206679232877     
  0.20000000000000009       0.60000000000000009        8.6147186306711310E-002
  0.30000000000000016       0.60000000000000009       0.29263543154509469     
  0.40000000000000013       0.60000000000000009       0.38525310294025794     
  0.50000000000000011       0.60000000000000009       0.33232027338000447     
  0.60000000000000009       0.60000000000000009       0.15072162875096248     
  0.70000000000000007       0.60000000000000009       -8.7146918946623159E-002
  0.80000000000000004       0.60000000000000009      -0.29296625369619805     
  0.90000000000000002       0.60000000000000009      -0.38579620789136004     
   1.0000000000000000       0.60000000000000009      -0.32755849356278527     
  -1.0000000000000000       0.70000000000000007       0.18742132733161204     
 -0.90000000000000002       0.70000000000000007        8.4610387507018478E-002
 -0.80000000000000004       0.70000000000000007       -4.7948425068118174E-002
 -0.69999999999999996       0.70000000000000007      -0.16199074947891887     
 -0.59999999999999998       0.70000000000000007      -0.21313668099844357     
 -0.49999999999999994       0.70000000000000007      -0.18457544648744204     
 -0.39999999999999991       0.70000000000000007       -8.3419476143869131E-002
 -0.29999999999999993       0.70000000000000007        4.9541444348499698E-002
 -0.19999999999999993       0.70000000000000007       0.16880823585912944     
  -9.9999999999999978E-002  0.70000000000000007       0.22199313862999731     
   2.7755575615628914E-017  0.70000000000000007       0.19207317937626731     
  0.10000000000000009       0.70000000000000007        8.7523754697134373E-002
  0.20000000000000009       0.70000000000000007       -4.9024338148693558E-002
  0.30000000000000016       0.70000000000000007      -0.16791451222169243     
  0.40000000000000013       0.70000000000000007      -0.22146791830557355     
  0.50000000000000011       0.70000000000000007      -0.19134658861856732     
  0.60000000000000009       0.70000000000000007       -8.7146918946625129E-002
  0.70000000000000007       0.70000000000000007        4.9596557877010207E-002
  0.80000000000000004       0.70000000000000007       0.16810232021277466     
  0.90000000000000002       0.70000000000000007       0.22177809809983920     
   1.0000000000000000       0.70000000000000007       0.18860174043109176     
  -1.0000000000000000       0.80000000000000004       0.63141810458595238     
 -0.90000000000000002       0.80000000000000004       0.28444875399465958     
 -0.80000000000000004       0.80000000000000004      -0.16250910905221796     
 -0.69999999999999996       0.80000000000000004      -0.54672205281320074     
 -0.59999999999999998       0.80000000000000004      -0.71865549668453887     
 -0.49999999999999994       0.80000000000000004      -0.62183549707844754     
 -0.39999999999999991       0.80000000000000004      -0.28043355519869029     
 -0.29999999999999993       0.80000000000000004       0.16791515200771909     
 -0.19999999999999993       0.80000000000000004       0.56973347512334716     
  -9.9999999999999978E-002  0.80000000000000004       0.74851946235386446     
   2.7755575615628914E-017  0.80000000000000004       0.64710212229660324     
  0.10000000000000009       0.80000000000000004       0.29424179024853847     
  0.20000000000000009       0.80000000000000004      -0.16616857370107035     
  0.30000000000000016       0.80000000000000004      -0.56671526648551207     
  0.40000000000000013       0.80000000000000004      -0.74674490620757727     
  0.50000000000000011       0.80000000000000004      -0.64464566529335121     
  0.60000000000000009       0.80000000000000004      -0.29296625369618740     
  0.70000000000000007       0.80000000000000004       0.16810232021277569     
  0.80000000000000004       0.80000000000000004       0.56735264477078340     
  0.90000000000000002       0.80000000000000004       0.74779430827226101     
   1.0000000000000000       0.80000000000000004       0.63540361571425552     
  -1.0000000000000000       0.90000000000000002       0.83189614967550995     
 -0.90000000000000002       0.90000000000000002       0.37458273442493017     
 -0.80000000000000004       0.90000000000000002      -0.21439686098421634     
 -0.69999999999999996       0.90000000000000002      -0.72060120701478858     
 -0.59999999999999998       0.90000000000000002      -0.94701194237793118     
 -0.49999999999999994       0.90000000000000002      -0.81927254520160719     
 -0.39999999999999991       0.90000000000000002      -0.36929178213814173     
 -0.29999999999999993       0.90000000000000002       0.22153105734015202     
 -0.19999999999999993       0.90000000000000002       0.75093184468790652     
  -9.9999999999999978E-002  0.90000000000000002       0.98636584591789267     
   2.7755575615628914E-017  0.90000000000000002       0.85256350835150763     
  0.10000000000000009       0.90000000000000002       0.38747852125770099     
  0.20000000000000009       0.90000000000000002      -0.21922860042831047     
  0.30000000000000016       0.90000000000000002      -0.74695316809743806     
  0.40000000000000013       0.90000000000000002      -0.98402633632337810     
  0.50000000000000011       0.90000000000000002      -0.84932454913377864     
  0.60000000000000009       0.90000000000000002      -0.38579620789136365     
  0.70000000000000007       0.90000000000000002       0.22177809809983942     
  0.80000000000000004       0.90000000000000002       0.74779430827225324     
  0.90000000000000002       0.90000000000000002       0.98541024678559042     
   1.0000000000000000       0.90000000000000002       0.83714968540922419     
  -1.0000000000000000        1.0000000000000000       0.70661596288973494     
 -0.90000000000000002        1.0000000000000000       0.31803987996019134     
 -0.80000000000000004        1.0000000000000000      -0.18232314644500242     
 -0.69999999999999996        1.0000000000000000      -0.61229670837947181     
 -0.59999999999999998        1.0000000000000000      -0.80452827957466744     
 -0.49999999999999994        1.0000000000000000      -0.69589454254414795     
 -0.39999999999999991        1.0000000000000000      -0.31354505430910506     
 -0.29999999999999993        1.0000000000000000       0.18839157517441293     
 -0.19999999999999993        1.0000000000000000       0.63806922689444356     
  -9.9999999999999978E-002   1.0000000000000000       0.83796152626023945     
   2.7755575615628914E-017   1.0000000000000000       0.72417354599351846     
  0.10000000000000009        1.0000000000000000       0.32898877264405257     
  0.20000000000000009        1.0000000000000000      -0.18643487897228217     
  0.30000000000000016        1.0000000000000000      -0.63468812437831890     
  0.40000000000000013        1.0000000000000000      -0.83597321641391631     
  0.50000000000000011        1.0000000000000000      -0.72142047340979232     
  0.60000000000000009        1.0000000000000000      -0.32755849356276728     
  0.70000000000000007        1.0000000000000000       0.18860174043109032     
  0.80000000000000004        1.0000000000000000       0.63540361571422843     
  0.90000000000000002        1.0000000000000000       0.83714968540922063     
   1.0000000000000000        1.0000000000000000       0.71108025509766482     
