  -1.0000000000000000       -1.0000000000000000       0.12615297466725678     
 -0.90000000000000002       -1.0000000000000000       -8.5236235986888856E-002
 -0.80000000000000004       -1.0000000000000000      -0.26261525795696589     
 -0.69999999999999996       -1.0000000000000000      -0.34164123119642692     
 -0.59999999999999998       -1.0000000000000000      -0.28693238383614822     
 -0.49999999999999994       -1.0000000000000000      -0.12581681223335364     
 -0.39999999999999991       -1.0000000000000000        9.0388570332624735E-002
 -0.29999999999999993       -1.0000000000000000       0.27349760165511422     
 -0.19999999999999993       -1.0000000000000000       0.35612472457930305     
  -9.9999999999999978E-002  -1.0000000000000000       0.29938425837364452     
   2.7755575615628914E-017  -1.0000000000000000       0.13242664152853981     
  0.10000000000000009       -1.0000000000000000       -8.8503906802621934E-002
  0.20000000000000009       -1.0000000000000000      -0.27134539613019881     
  0.30000000000000016       -1.0000000000000000      -0.35410911947256424     
  0.40000000000000013       -1.0000000000000000      -0.29717454563871037     
  0.50000000000000011       -1.0000000000000000      -0.13038212557650497     
  0.60000000000000009       -1.0000000000000000        9.0610005016926135E-002
  0.70000000000000007       -1.0000000000000000       0.27350185131381038     
  0.80000000000000004       -1.0000000000000000       0.35598759131608704     
  0.90000000000000002       -1.0000000000000000       0.29931299889680052     
   1.0000000000000000       -1.0000000000000000       0.13030792960012591     
  -1.0000000000000000      -0.90000000000000002       -8.5236235986888662E-002
 -0.90000000000000002      -0.90000000000000002        5.6884205111567152E-002
 -0.80000000000000004      -0.90000000000000002       0.17629576246993098     
 -0.69999999999999996      -0.90000000000000002       0.22967749630667719     
 -0.59999999999999998      -0.90000000000000002       0.19315642365888672     
 -0.49999999999999994      -0.90000000000000002        8.5001078571968439E-002
 -0.39999999999999991      -0.90000000000000002       -6.0331266179857700E-002
 -0.29999999999999993      -0.90000000000000002      -0.18359830583202286     
 -0.19999999999999993      -0.90000000000000002      -0.23941339803295059     
  -9.9999999999999978E-002 -0.90000000000000002      -0.20153673162220190     
   2.7755575615628914E-017 -0.90000000000000002       -8.9460308439860442E-002
  0.10000000000000009      -0.90000000000000002        5.9065410503576762E-002
  0.20000000000000009      -0.90000000000000002       0.18215129805329258     
  0.30000000000000016      -0.90000000000000002       0.23805908823981473     
  0.40000000000000013      -0.90000000000000002       0.20005336461285234     
  0.50000000000000011      -0.90000000000000002        8.8086412611737802E-002
  0.60000000000000009      -0.90000000000000002       -6.0478551406736768E-002
  0.70000000000000007      -0.90000000000000002      -0.18360093295861893     
  0.80000000000000004      -0.90000000000000002      -0.23931940065898707     
  0.90000000000000002      -0.90000000000000002      -0.20148853104504283     
   1.0000000000000000      -0.90000000000000002       -8.8026892722862640E-002
  -1.0000000000000000      -0.80000000000000004      -0.26261525795696566     
 -0.90000000000000002      -0.80000000000000004       0.17629576246993428     
 -0.80000000000000004      -0.80000000000000004       0.54484430777945236     
 -0.69999999999999996      -0.80000000000000004       0.70933364670979715     
 -0.59999999999999998      -0.80000000000000004       0.59616215771867120     
 -0.49999999999999994      -0.80000000000000004       0.26190248077853706     
 -0.39999999999999991      -0.80000000000000004      -0.18696624956741900     
 -0.29999999999999993      -0.80000000000000004      -0.56741712888947249     
 -0.19999999999999993      -0.80000000000000004      -0.73940340114266334     
  -9.9999999999999978E-002 -0.80000000000000004      -0.62203027981553438     
   2.7755575615628914E-017 -0.80000000000000004      -0.27565137879901908     
  0.10000000000000009      -0.80000000000000004       0.18305508718528724     
  0.20000000000000009      -0.80000000000000004       0.56294839570920185     
  0.30000000000000016      -0.80000000000000004       0.73521968338860788     
  0.40000000000000013      -0.80000000000000004       0.61744586919961519     
  0.50000000000000011      -0.80000000000000004       0.27140739232162420     
  0.60000000000000009      -0.80000000000000004      -0.18742344851482792     
  0.70000000000000007      -0.80000000000000004      -0.56742558058728065     
  0.80000000000000004      -0.80000000000000004      -0.73911575732502577     
  0.90000000000000002      -0.80000000000000004      -0.62188185087240111     
   1.0000000000000000      -0.80000000000000004      -0.27123775325200528     
  -1.0000000000000000      -0.69999999999999996      -0.34164123119642287     
 -0.90000000000000002      -0.69999999999999996       0.22967749630667658     
 -0.80000000000000004      -0.69999999999999996       0.70933364670978816     
 -0.69999999999999996      -0.69999999999999996       0.92332697316370649     
 -0.59999999999999998      -0.69999999999999996       0.77589225723946376     
 -0.49999999999999994      -0.69999999999999996       0.34071772666802058     
 -0.39999999999999991      -0.69999999999999996      -0.24357494092588006     
 -0.29999999999999993      -0.69999999999999996      -0.73872258328570506     
 -0.19999999999999993      -0.69999999999999996      -0.96246871413870561     
  -9.9999999999999978E-002 -0.69999999999999996      -0.80956000853429022     
   2.7755575615628914E-017 -0.69999999999999996      -0.35860709607919089     
  0.10000000000000009      -0.69999999999999996       0.23848330553764224     
  0.20000000000000009      -0.69999999999999996       0.73290577388036016     
  0.30000000000000016      -0.69999999999999996       0.95702249800488648     
  0.40000000000000013      -0.69999999999999996       0.80359154262727217     
  0.50000000000000011      -0.69999999999999996       0.35308249966677935     
  0.60000000000000009      -0.69999999999999996      -0.24417081099234506     
  0.70000000000000007      -0.69999999999999996      -0.73873369267706890     
  0.80000000000000004      -0.69999999999999996      -0.96209514168498678     
  0.90000000000000002      -0.69999999999999996      -0.80936693956701289     
   1.0000000000000000      -0.69999999999999996      -0.35286621218111597     
  -1.0000000000000000      -0.59999999999999998      -0.28693238383614023     
 -0.90000000000000002      -0.59999999999999998       0.19315642365888985     
 -0.80000000000000004      -0.59999999999999998       0.59616215771868974     
 -0.69999999999999996      -0.59999999999999998       0.77589225723946953     
 -0.59999999999999998      -0.59999999999999998       0.65190483477067518     
 -0.49999999999999994      -0.59999999999999998       0.28615970174732075     
 -0.39999999999999991      -0.59999999999999998      -0.20484089143042275     
 -0.29999999999999993      -0.59999999999999998      -0.62086325118383157     
 -0.19999999999999993      -0.59999999999999998      -0.80878430791269273     
  -9.9999999999999978E-002 -0.59999999999999998      -0.68019322420100903     
   2.7755575615628914E-017 -0.59999999999999998      -0.30118682077968711     
  0.10000000000000009      -0.59999999999999998       0.20056185136564569     
  0.20000000000000009      -0.59999999999999998       0.61597530403243361     
  0.30000000000000016      -0.59999999999999998       0.80420746157123979     
  0.40000000000000013      -0.59999999999999998       0.67517699290275313     
  0.50000000000000011      -0.59999999999999998       0.29654416470525075     
  0.60000000000000009      -0.59999999999999998      -0.20534219375442703     
  0.70000000000000007      -0.59999999999999998      -0.62087267091600529     
  0.80000000000000004      -0.59999999999999998      -0.80847104870904429     
  0.90000000000000002      -0.59999999999999998      -0.68003109200471068     
   1.0000000000000000      -0.59999999999999998      -0.29636594755284462     
  -1.0000000000000000      -0.49999999999999994      -0.12581681223335378     
 -0.90000000000000002      -0.49999999999999994        8.5001078571968341E-002
 -0.80000000000000004      -0.49999999999999994       0.26190248077853834     
 -0.69999999999999996      -0.49999999999999994       0.34071772666802042     
 -0.59999999999999998      -0.49999999999999994       0.28615970174731975     
 -0.49999999999999994      -0.49999999999999994       0.12548145436509217     
 -0.39999999999999991      -0.49999999999999994       -9.0139295275172782E-002
 -0.29999999999999993      -0.49999999999999994      -0.27275525563877773     
 -0.19999999999999993      -0.49999999999999994      -0.35516205758810038     
  -9.9999999999999978E-002 -0.49999999999999994      -0.29857802167735636     
   2.7755575615628914E-017 -0.49999999999999994      -0.13207359358033871     
  0.10000000000000009      -0.49999999999999994        8.8259739426247596E-002
  0.20000000000000009      -0.49999999999999994       0.27060886635642606     
  0.30000000000000016      -0.49999999999999994       0.35315190929228801     
  0.40000000000000013      -0.49999999999999994       0.29637430679632443     
  0.50000000000000011      -0.49999999999999994       0.13003461088779264     
  0.60000000000000009      -0.49999999999999994       -9.0360113404846953E-002
  0.70000000000000007      -0.49999999999999994      -0.27275949119621506     
  0.80000000000000004      -0.49999999999999994      -0.35502527449105542     
  0.90000000000000002      -0.49999999999999994      -0.29850695147727457     
   1.0000000000000000      -0.49999999999999994      -0.12996050593147399     
  -1.0000000000000000      -0.39999999999999991        9.0388570332647009E-002
 -0.90000000000000002      -0.39999999999999991       -6.0331266179855833E-002
 -0.80000000000000004      -0.39999999999999991      -0.18696624956740895     
 -0.69999999999999996      -0.39999999999999991      -0.24357494092588214     
 -0.59999999999999998      -0.39999999999999991      -0.20484089143040246     
 -0.49999999999999994      -0.39999999999999991       -9.0139295275173809E-002
 -0.39999999999999991      -0.39999999999999991        6.3987107252453324E-002
 -0.29999999999999993      -0.39999999999999991       0.19471082194294700     
 -0.19999999999999993      -0.39999999999999991       0.25389996002420562     
  -9.9999999999999978E-002 -0.39999999999999991       0.21372816762930330     
   2.7755575615628914E-017 -0.39999999999999991        9.4868157016979621E-002
  0.10000000000000009      -0.39999999999999991       -6.2644642362743766E-002
  0.20000000000000009      -0.39999999999999991      -0.19317625945570985     
  0.30000000000000016      -0.39999999999999991      -0.25246369399288360     
  0.40000000000000013      -0.39999999999999991      -0.21215501793445271     
  0.50000000000000011      -0.39999999999999991       -9.3411121664159116E-002
  0.60000000000000009      -0.39999999999999991        6.4143323551245746E-002
  0.70000000000000007      -0.39999999999999991       0.19471361081552632     
  0.80000000000000004      -0.39999999999999991       0.25380029694449702     
  0.90000000000000002      -0.39999999999999991       0.21367705407996054     
   1.0000000000000000      -0.39999999999999991        9.3348117495017577E-002
  -1.0000000000000000      -0.29999999999999993       0.27349760165511505     
 -0.90000000000000002      -0.29999999999999993      -0.18359830583202125     
 -0.80000000000000004      -0.29999999999999993      -0.56741712888946971     
 -0.69999999999999996      -0.29999999999999993      -0.73872258328570395     
 -0.59999999999999998      -0.29999999999999993      -0.62086325118382568     
 -0.49999999999999994      -0.29999999999999993      -0.27275525563877745     
 -0.39999999999999991      -0.29999999999999993       0.19471082194295181     
 -0.29999999999999993      -0.29999999999999993       0.59092512709214817     
 -0.19999999999999993      -0.29999999999999993       0.77003817625704751     
  -9.9999999999999978E-002 -0.29999999999999993       0.64780317234314932     
   2.7755575615628914E-017 -0.29999999999999993       0.28707385798939267     
  0.10000000000000009      -0.29999999999999993      -0.19063761793340245     
  0.20000000000000009      -0.29999999999999993      -0.58627124593776037     
  0.30000000000000016      -0.29999999999999993      -0.76568112271555755     
  0.40000000000000013      -0.29999999999999993      -0.64302883040350833     
  0.50000000000000011      -0.29999999999999993      -0.28265403808205419     
  0.60000000000000009      -0.29999999999999993       0.19518695696316427     
  0.70000000000000007      -0.29999999999999993       0.59093392802026168     
  0.80000000000000004      -0.29999999999999993       0.76973860750836831     
  0.90000000000000002      -0.29999999999999993       0.64764859252964746     
   1.0000000000000000      -0.29999999999999993       0.28247733140444520     
  -1.0000000000000000      -0.19999999999999993       0.35612472457930205     
 -0.90000000000000002      -0.19999999999999993      -0.23941339803295281     
 -0.80000000000000004      -0.19999999999999993      -0.73940340114266712     
 -0.69999999999999996      -0.19999999999999993      -0.96246871413870794     
 -0.59999999999999998      -0.19999999999999993      -0.80878430791268796     
 -0.49999999999999994      -0.19999999999999993      -0.35516205758809866     
 -0.39999999999999991      -0.19999999999999993       0.25389996002421916     
 -0.29999999999999993      -0.19999999999999993       0.77003817625705062     
 -0.19999999999999993      -0.19999999999999993        1.0032697530879202     
  -9.9999999999999978E-002 -0.19999999999999993       0.84387931815966499     
   2.7755575615628914E-017 -0.19999999999999993       0.37380981688260839     
  0.10000000000000009      -0.19999999999999993      -0.24859248129273612     
  0.20000000000000009      -0.19999999999999993      -0.76397478008472797     
  0.30000000000000016      -0.19999999999999993      -0.99759266161707694     
  0.40000000000000013      -0.19999999999999993      -0.83765783980100372     
  0.50000000000000011      -0.19999999999999993      -0.36805102222544089     
  0.60000000000000009      -0.19999999999999993       0.25452108785779204     
  0.70000000000000007      -0.19999999999999993       0.77004975625822014     
  0.80000000000000004      -0.19999999999999993        1.0028803415117069     
  0.90000000000000002      -0.19999999999999993       0.84367806417000646     
   1.0000000000000000      -0.19999999999999993       0.36782555198903177     
  -1.0000000000000000       -9.9999999999999978E-002  0.29938425837364091     
 -0.90000000000000002       -9.9999999999999978E-002 -0.20153673162220170     
 -0.80000000000000004       -9.9999999999999978E-002 -0.62203027981553227     
 -0.69999999999999996       -9.9999999999999978E-002 -0.80956000853429022     
 -0.59999999999999998       -9.9999999999999978E-002 -0.68019322420100703     
 -0.49999999999999994       -9.9999999999999978E-002 -0.29857802167735709     
 -0.39999999999999991       -9.9999999999999978E-002  0.21372816762930141     
 -0.29999999999999993       -9.9999999999999978E-002  0.64780317234315266     
 -0.19999999999999993       -9.9999999999999978E-002  0.84387931815966488     
  -9.9999999999999978E-002  -9.9999999999999978E-002  0.70970913829956661     
   2.7755575615628914E-017  -9.9999999999999978E-002  0.31425724655328507     
  0.10000000000000009       -9.9999999999999978E-002 -0.20926345341500074     
  0.20000000000000009       -9.9999999999999978E-002 -0.64270312554915221     
  0.30000000000000016       -9.9999999999999978E-002 -0.83910387398926656     
  0.40000000000000013       -9.9999999999999978E-002 -0.70447524742048828     
  0.50000000000000011       -9.9999999999999978E-002 -0.30941313659755554     
  0.60000000000000009       -9.9999999999999978E-002  0.21425121796760302     
  0.70000000000000007       -9.9999999999999978E-002  0.64781300015277510     
  0.80000000000000004       -9.9999999999999978E-002  0.84355246074921519     
  0.90000000000000002       -9.9999999999999978E-002  0.70953996996756374     
   1.0000000000000000       -9.9999999999999978E-002  0.30922715868519846     
  -1.0000000000000000        2.7755575615628914E-017  0.13242664152853095     
 -0.90000000000000002        2.7755575615628914E-017  -8.9460308439862898E-002
 -0.80000000000000004        2.7755575615628914E-017 -0.27565137879903095     
 -0.69999999999999996        2.7755575615628914E-017 -0.35860709607918939     
 -0.59999999999999998        2.7755575615628914E-017 -0.30118682077969539     
 -0.49999999999999994        2.7755575615628914E-017 -0.13207359358033935     
 -0.39999999999999991        2.7755575615628914E-017   9.4868157016989696E-002
 -0.29999999999999993        2.7755575615628914E-017  0.28707385798939761     
 -0.19999999999999993        2.7755575615628914E-017  0.37380981688261544     
  -9.9999999999999978E-002   2.7755575615628914E-017  0.31425724655328269     
   2.7755575615628914E-017   2.7755575615628914E-017  0.13901199257224198     
  0.10000000000000009        2.7755575615628914E-017  -9.2889925540315318E-002
  0.20000000000000009        2.7755575615628914E-017 -0.28481477147136597     
  0.30000000000000016        2.7755575615628914E-017 -0.37169413241292842     
  0.40000000000000013        2.7755575615628914E-017 -0.31193784520415618     
  0.50000000000000011        2.7755575615628914E-017 -0.13686595841837260     
  0.60000000000000009        2.7755575615628914E-017   9.5100554968440346E-002
  0.70000000000000007        2.7755575615628914E-017  0.28707831387004817     
  0.80000000000000004        2.7755575615628914E-017  0.37366583580283114     
  0.90000000000000002        2.7755575615628914E-017  0.31418244217338298     
   1.0000000000000000        2.7755575615628914E-017  0.13678787618654792     
  -1.0000000000000000       0.10000000000000009       -8.8503906802621907E-002
 -0.90000000000000002       0.10000000000000009        5.9065410503576540E-002
 -0.80000000000000004       0.10000000000000009       0.18305508718528474     
 -0.69999999999999996       0.10000000000000009       0.23848330553764113     
 -0.59999999999999998       0.10000000000000009       0.20056185136564422     
 -0.49999999999999994       0.10000000000000009        8.8259739426247444E-002
 -0.39999999999999991       0.10000000000000009       -6.2644642362744252E-002
 -0.29999999999999993       0.10000000000000009      -0.19063761793340175     
 -0.19999999999999993       0.10000000000000009      -0.24859248129273293     
  -9.9999999999999978E-002  0.10000000000000009      -0.20926345341500002     
   2.7755575615628914E-017  0.10000000000000009       -9.2889925540313972E-002
  0.10000000000000009       0.10000000000000009        6.1330253172174866E-002
  0.20000000000000009       0.10000000000000009       0.18913513212406724     
  0.30000000000000016       0.10000000000000009       0.24718624693918104     
  0.40000000000000013       0.10000000000000009       0.20772321287169512     
  0.50000000000000011       0.10000000000000009        9.1463354322442847E-002
  0.60000000000000009       0.10000000000000009       -6.2797575518393461E-002
  0.70000000000000007       0.10000000000000009      -0.19064034593322463     
  0.80000000000000004       0.10000000000000009      -0.24849488124263255     
  0.90000000000000002       0.10000000000000009      -0.20921340502448726     
   1.0000000000000000       0.10000000000000009       -9.1401558703960661E-002
  -1.0000000000000000       0.20000000000000009      -0.27134539613020547     
 -0.90000000000000002       0.20000000000000009       0.18215129805329353     
 -0.80000000000000004       0.20000000000000009       0.56294839570918942     
 -0.69999999999999996       0.20000000000000009       0.73290577388036526     
 -0.59999999999999998       0.20000000000000009       0.61597530403241674     
 -0.49999999999999994       0.20000000000000009       0.27060886635642489     
 -0.39999999999999991       0.20000000000000009      -0.19317625945570407     
 -0.29999999999999993       0.20000000000000009      -0.58627124593775914     
 -0.19999999999999993       0.20000000000000009      -0.76397478008470732     
  -9.9999999999999978E-002  0.20000000000000009      -0.64270312554915432     
   2.7755575615628914E-017  0.20000000000000009      -0.28481477147136014     
  0.10000000000000009       0.20000000000000009       0.18913513212406777     
  0.20000000000000009       0.20000000000000009       0.58165400971160652     
  0.30000000000000016       0.20000000000000009       0.75965203694837591     
  0.40000000000000013       0.20000000000000009       0.63796638437793929     
  0.50000000000000011       0.20000000000000009       0.28042975572624912     
  0.60000000000000009       0.20000000000000009      -0.19364864028169926     
  0.70000000000000007       0.20000000000000009      -0.58627997683476762     
  0.80000000000000004       0.20000000000000009      -0.76367756444744961     
  0.90000000000000002       0.20000000000000009      -0.64254976198365366     
   1.0000000000000000       0.20000000000000009      -0.28025440985207234     
  -1.0000000000000000       0.30000000000000016      -0.35410911947256440     
 -0.90000000000000002       0.30000000000000016       0.23805908823981312     
 -0.80000000000000004       0.30000000000000016       0.73521968338860688     
 -0.69999999999999996       0.30000000000000016       0.95702249800488259     
 -0.59999999999999998       0.30000000000000016       0.80420746157123868     
 -0.49999999999999994       0.30000000000000016       0.35315190929228801     
 -0.39999999999999991       0.30000000000000016      -0.25246369399288504     
 -0.29999999999999993       0.30000000000000016      -0.76568112271555755     
 -0.19999999999999993       0.30000000000000016      -0.99759266161707794     
  -9.9999999999999978E-002  0.30000000000000016      -0.83910387398926445     
   2.7755575615628914E-017  0.30000000000000016      -0.37169413241292953     
  0.10000000000000009       0.30000000000000016       0.24718624693918237     
  0.20000000000000009       0.30000000000000016       0.75965203694837846     
  0.30000000000000016       0.30000000000000016       0.99194769373425606     
  0.40000000000000013       0.30000000000000016       0.83291759816000244     
  0.50000000000000011       0.30000000000000016       0.36596792381794363     
  0.60000000000000009       0.30000000000000016      -0.25308130881909952     
  0.70000000000000007       0.30000000000000016      -0.76569263743294025     
  0.80000000000000004       0.30000000000000016      -0.99720545543522332     
  0.90000000000000002       0.30000000000000016      -0.83890375912081083     
   1.0000000000000000       0.30000000000000016      -0.36574373938834609     
  -1.0000000000000000       0.40000000000000013      -0.29717454563870771     
 -0.90000000000000002       0.40000000000000013       0.20005336461285381     
 -0.80000000000000004       0.40000000000000013       0.61744586919963440     
 -0.69999999999999996       0.40000000000000013       0.80359154262727406     
 -0.59999999999999998       0.40000000000000013       0.67517699290276123     
 -0.49999999999999994       0.40000000000000013       0.29637430679632809     
 -0.39999999999999991       0.40000000000000013      -0.21215501793445848     
 -0.29999999999999993       0.40000000000000013      -0.64302883040351366     
 -0.19999999999999993       0.40000000000000013      -0.83765783980101283     
  -9.9999999999999978E-002  0.40000000000000013      -0.70447524742049150     
   2.7755575615628914E-017  0.40000000000000013      -0.31193784520415901     
  0.10000000000000009       0.40000000000000013       0.20772321287169557     
  0.20000000000000009       0.40000000000000013       0.63796638437795272     
  0.30000000000000016       0.40000000000000013       0.83291759816000277     
  0.40000000000000013       0.40000000000000013       0.69927993056463411     
  0.50000000000000011       0.40000000000000013       0.30712944490535066     
  0.60000000000000009       0.40000000000000013      -0.21267422128095700     
  0.70000000000000007       0.40000000000000013      -0.64303858710123807     
  0.80000000000000004       0.40000000000000013      -0.83733340274966095     
  0.90000000000000002       0.40000000000000013      -0.70430732800601248     
   1.0000000000000000       0.40000000000000013      -0.30694489480750176     
  -1.0000000000000000       0.50000000000000011      -0.13038212557650619     
 -0.90000000000000002       0.50000000000000011        8.8086412611736997E-002
 -0.80000000000000004       0.50000000000000011       0.27140739232162547     
 -0.69999999999999996       0.50000000000000011       0.35308249966677879     
 -0.59999999999999998       0.50000000000000011       0.29654416470525230     
 -0.49999999999999994       0.50000000000000011       0.13003461088779308     
 -0.39999999999999991       0.50000000000000011       -9.3411121664158395E-002
 -0.29999999999999993       0.50000000000000011      -0.28265403808205453     
 -0.19999999999999993       0.50000000000000011      -0.36805102222544472     
  -9.9999999999999978E-002  0.50000000000000011      -0.30941313659755509     
   2.7755575615628914E-017  0.50000000000000011      -0.13686595841837298     
  0.10000000000000009       0.50000000000000011        9.1463354322443235E-002
  0.20000000000000009       0.50000000000000011       0.28042975572625156     
  0.30000000000000016       0.50000000000000011       0.36596792381794480     
  0.40000000000000013       0.50000000000000011       0.30712944490535210     
  0.50000000000000011       0.50000000000000011       0.13475297942489844     
  0.60000000000000009       0.50000000000000011       -9.3639955660762414E-002
  0.70000000000000007       0.50000000000000011      -0.28265842768479899     
  0.80000000000000004       0.50000000000000011      -0.36790927786540734     
  0.90000000000000002       0.50000000000000011      -0.30933948766443686     
   1.0000000000000000       0.50000000000000011      -0.13467619931348065     
  -1.0000000000000000       0.60000000000000009        9.0610005016927078E-002
 -0.90000000000000002       0.60000000000000009       -6.0478551406735540E-002
 -0.80000000000000004       0.60000000000000009      -0.18742344851479598     
 -0.69999999999999996       0.60000000000000009      -0.24417081099234714     
 -0.59999999999999998       0.60000000000000009      -0.20534219375440102     
 -0.49999999999999994       0.60000000000000009       -9.0360113404845940E-002
 -0.39999999999999991       0.60000000000000009        6.4143323551225817E-002
 -0.29999999999999993       0.60000000000000009       0.19518695696315955     
 -0.19999999999999993       0.60000000000000009       0.25452108785775907     
  -9.9999999999999978E-002  0.60000000000000009       0.21425121796760613     
   2.7755575615628914E-017  0.60000000000000009        9.5100554968437209E-002
  0.10000000000000009       0.60000000000000009       -6.2797575518392226E-002
  0.20000000000000009       0.60000000000000009      -0.19364864028167503     
  0.30000000000000016       0.60000000000000009      -0.25308130881909857     
  0.40000000000000013       0.60000000000000009      -0.21267422128093705     
  0.50000000000000011       0.60000000000000009       -9.3639955660760818E-002
  0.60000000000000009       0.60000000000000009        6.4299921179748504E-002
  0.70000000000000007       0.60000000000000009       0.19518975251453288     
  0.80000000000000004       0.60000000000000009       0.25442117967355560     
  0.90000000000000002       0.60000000000000009       0.21419997917426922     
   1.0000000000000000       0.60000000000000009        9.3576790259137024E-002
  -1.0000000000000000       0.70000000000000007       0.27350185131381111     
 -0.90000000000000002       0.70000000000000007      -0.18360093295861873     
 -0.80000000000000004       0.70000000000000007      -0.56742558058728265     
 -0.69999999999999996       0.70000000000000007      -0.73873369267706668     
 -0.59999999999999998       0.70000000000000007      -0.62087267091600473     
 -0.49999999999999994       0.70000000000000007      -0.27275949119621407     
 -0.39999999999999991       0.70000000000000007       0.19471361081552693     
 -0.29999999999999993       0.70000000000000007       0.59093392802025924     
 -0.19999999999999993       0.70000000000000007       0.77004975625822092     
  -9.9999999999999978E-002  0.70000000000000007       0.64781300015277277     
   2.7755575615628914E-017  0.70000000000000007       0.28707831387004890     
  0.10000000000000009       0.70000000000000007      -0.19064034593322449     
  0.20000000000000009       0.70000000000000007      -0.58627997683476807     
  0.30000000000000016       0.70000000000000007      -0.76569263743293803     
  0.40000000000000013       0.70000000000000007      -0.64303858710123873     
  0.50000000000000011       0.70000000000000007      -0.28265842768479760     
  0.60000000000000009       0.70000000000000007       0.19518975251453594     
  0.70000000000000007       0.70000000000000007       0.59094272900895772     
  0.80000000000000004       0.70000000000000007       0.76975018242814397     
  0.90000000000000002       0.70000000000000007       0.64765841792127021     
   1.0000000000000000       0.70000000000000007       0.28248171525881660     
  -1.0000000000000000       0.80000000000000004       0.35598759131610053     
 -0.90000000000000002       0.80000000000000004      -0.23931940065898846     
 -0.80000000000000004       0.80000000000000004      -0.73911575732504065     
 -0.69999999999999996       0.80000000000000004      -0.96209514168499477     
 -0.59999999999999998       0.80000000000000004      -0.80847104870904929     
 -0.49999999999999994       0.80000000000000004      -0.35502527449105614     
 -0.39999999999999991       0.80000000000000004       0.25380029694450501     
 -0.29999999999999993       0.80000000000000004       0.76973860750837297     
 -0.19999999999999993       0.80000000000000004        1.0028803415117142     
  -9.9999999999999978E-002  0.80000000000000004       0.84355246074922086     
   2.7755575615628914E-017  0.80000000000000004       0.37366583580283314     
  0.10000000000000009       0.80000000000000004      -0.24849488124263491     
  0.20000000000000009       0.80000000000000004      -0.76367756444747192     
  0.30000000000000016       0.80000000000000004      -0.99720545543522576     
  0.40000000000000013       0.80000000000000004      -0.83733340274965617     
  0.50000000000000011       0.80000000000000004      -0.36790927786540628     
  0.60000000000000009       0.80000000000000004       0.25442117967358469     
  0.70000000000000007       0.80000000000000004       0.76975018242814464     
  0.80000000000000004       0.80000000000000004        1.0024910764566493     
  0.90000000000000002       0.80000000000000004       0.84335128412082672     
   1.0000000000000000       0.80000000000000004       0.36768387043785689     
  -1.0000000000000000       0.90000000000000002       0.29931299889680013     
 -0.90000000000000002       0.90000000000000002      -0.20148853104504089     
 -0.80000000000000004       0.90000000000000002      -0.62188185087239634     
 -0.69999999999999996       0.90000000000000002      -0.80936693956700911     
 -0.59999999999999998       0.90000000000000002      -0.68003109200471024     
 -0.49999999999999994       0.90000000000000002      -0.29850695147727485     
 -0.39999999999999991       0.90000000000000002       0.21367705407995516     
 -0.29999999999999993       0.90000000000000002       0.64764859252964768     
 -0.19999999999999993       0.90000000000000002       0.84367806417000524     
  -9.9999999999999978E-002  0.90000000000000002       0.70953996996756086     
   2.7755575615628914E-017  0.90000000000000002       0.31418244217338542     
  0.10000000000000009       0.90000000000000002      -0.20921340502448790     
  0.20000000000000009       0.90000000000000002      -0.64254976198364955     
  0.30000000000000016       0.90000000000000002      -0.83890375912080961     
  0.40000000000000013       0.90000000000000002      -0.70430732800601137     
  0.50000000000000011       0.90000000000000002      -0.30933948766443570     
  0.60000000000000009       0.90000000000000002       0.21419997917426686     
  0.70000000000000007       0.90000000000000002       0.64765841792127088     
  0.80000000000000004       0.90000000000000002       0.84335128412082105     
  0.90000000000000002       0.90000000000000002       0.70937084188406474     
   1.0000000000000000       0.90000000000000002       0.30915355094923525     
  -1.0000000000000000        1.0000000000000000       0.13030792960011217     
 -0.90000000000000002        1.0000000000000000       -8.8026892722862821E-002
 -0.80000000000000004        1.0000000000000000      -0.27123775325200938     
 -0.69999999999999996        1.0000000000000000      -0.35286621218111164     
 -0.59999999999999998        1.0000000000000000      -0.29636594755285345     
 -0.49999999999999994        1.0000000000000000      -0.12996050593147584     
 -0.39999999999999991        1.0000000000000000        9.3348117495017008E-002
 -0.29999999999999993        1.0000000000000000       0.28247733140444792     
 -0.19999999999999993        1.0000000000000000       0.36782555198903361     
  -9.9999999999999978E-002   1.0000000000000000       0.30922715868519757     
   2.7755575615628914E-017   1.0000000000000000       0.13678787618654903     
  0.10000000000000009        1.0000000000000000       -9.1401558703961217E-002
  0.20000000000000009        1.0000000000000000      -0.28025440985207023     
  0.30000000000000016        1.0000000000000000      -0.36574373938834459     
  0.40000000000000013        1.0000000000000000      -0.30694489480749476     
  0.50000000000000011        1.0000000000000000      -0.13467619931347974     
  0.60000000000000009        1.0000000000000000        9.3576790259134068E-002
  0.70000000000000007        1.0000000000000000       0.28248171525881433     
  0.80000000000000004        1.0000000000000000       0.36768387043785056     
  0.90000000000000002        1.0000000000000000       0.30915355094923219     
   1.0000000000000000        1.0000000000000000       0.13459933804371335     
