  -1.0000000000000000       -1.0000000000000000       0.94702444342673531     
 -0.90000000000000002       -1.0000000000000000       0.81547231239680351     
 -0.80000000000000004       -1.0000000000000000       0.38428630595459468     
 -0.69999999999999996       -1.0000000000000000      -0.18697292620494083     
 -0.59999999999999998       -1.0000000000000000      -0.68907111480659389     
 -0.49999999999999994       -1.0000000000000000      -0.93035150282986390     
 -0.39999999999999991       -1.0000000000000000      -0.81386876747567360     
 -0.29999999999999993       -1.0000000000000000      -0.38809310719569579     
 -0.19999999999999993       -1.0000000000000000       0.19402639893941132     
  -9.9999999999999978E-002  -1.0000000000000000       0.71556043569228955     
   2.7755575615628914E-017  -1.0000000000000000       0.96430808903265097     
  0.10000000000000009       -1.0000000000000000       0.84424446667440733     
  0.20000000000000009       -1.0000000000000000       0.40159249689783777     
  0.30000000000000016       -1.0000000000000000      -0.19387411457358622     
  0.40000000000000013       -1.0000000000000000      -0.71661894160826733     
  0.50000000000000011       -1.0000000000000000      -0.96422354371805297     
  0.60000000000000009       -1.0000000000000000      -0.84588188050413748     
  0.70000000000000007       -1.0000000000000000      -0.40220968886889880     
  0.80000000000000004       -1.0000000000000000       0.19149190897701740     
  0.90000000000000002       -1.0000000000000000       0.71464968386526995     
   1.0000000000000000       -1.0000000000000000       0.94655086626243934     
  -1.0000000000000000      -0.90000000000000002       0.81547231239679885     
 -0.90000000000000002      -0.90000000000000002       0.70206571033504950     
 -0.80000000000000004      -0.90000000000000002       0.33069666771944112     
 -0.69999999999999996      -0.90000000000000002      -0.16121028970618526     
 -0.59999999999999998      -0.90000000000000002      -0.59348113184590179     
 -0.49999999999999994      -0.90000000000000002      -0.80111684256414872     
 -0.39999999999999991      -0.90000000000000002      -0.70068464103074457     
 -0.29999999999999993      -0.90000000000000002      -0.33397364867703189     
 -0.19999999999999993      -0.90000000000000002       0.16729238341203356     
  -9.9999999999999978E-002 -0.90000000000000002       0.61629647045125435     
   2.7755575615628914E-017 -0.90000000000000002       0.83035765139170914     
  0.10000000000000009      -0.90000000000000002       0.72683639691177726     
  0.20000000000000009      -0.90000000000000002       0.34559097278655021     
  0.30000000000000016      -0.90000000000000002      -0.16716087438906826     
  0.40000000000000013      -0.90000000000000002      -0.61720739019528970     
  0.50000000000000011      -0.90000000000000002      -0.83028374695092633     
  0.60000000000000009      -0.90000000000000002      -0.72824503610374258     
  0.70000000000000007      -0.90000000000000002      -0.34612127515667046     
  0.80000000000000004      -0.90000000000000002       0.16511113277101080     
  0.90000000000000002      -0.90000000000000002       0.61551250819172809     
   1.0000000000000000      -0.90000000000000002       0.81506776682711224     
  -1.0000000000000000      -0.80000000000000004       0.38428630595458191     
 -0.90000000000000002      -0.80000000000000004       0.33069666771944450     
 -0.80000000000000004      -0.80000000000000004       0.15560003430446492     
 -0.69999999999999996      -0.80000000000000004       -7.6210302589905743E-002
 -0.59999999999999998      -0.80000000000000004      -0.27982303968158517     
 -0.49999999999999994      -0.80000000000000004      -0.37752300366050939     
 -0.39999999999999991      -0.80000000000000004      -0.33004553239673018     
 -0.29999999999999993      -0.80000000000000004      -0.15714312816332682     
 -0.19999999999999993      -0.80000000000000004        7.9086121178610053E-002
  -9.9999999999999978E-002 -0.80000000000000004       0.29058114140548030     
   2.7755575615628914E-017 -0.80000000000000004       0.39130389354793504     
  0.10000000000000009      -0.80000000000000004       0.34236430950391700     
  0.20000000000000009      -0.80000000000000004       0.16260985795384034     
  0.30000000000000016      -0.80000000000000004       -7.9023713917463337E-002
  0.40000000000000013      -0.80000000000000004      -0.29100977783392018     
  0.50000000000000011      -0.80000000000000004      -0.39126780030887548     
  0.60000000000000009      -0.80000000000000004      -0.34302660748994607     
  0.70000000000000007      -0.80000000000000004      -0.16285843445427695     
  0.80000000000000004      -0.80000000000000004        7.8059563795508852E-002
  0.90000000000000002      -0.80000000000000004       0.29021202086134079     
   1.0000000000000000      -0.80000000000000004       0.38409939188204079     
  -1.0000000000000000      -0.69999999999999996      -0.18697292620493958     
 -0.90000000000000002      -0.69999999999999996      -0.16121028970618484     
 -0.80000000000000004      -0.69999999999999996       -7.6210302589908574E-002
 -0.69999999999999996      -0.69999999999999996        3.6571398460973771E-002
 -0.59999999999999998      -0.69999999999999996       0.13583296354100727     
 -0.49999999999999994      -0.69999999999999996       0.18367884147126332     
 -0.39999999999999991      -0.69999999999999996       0.16089414699590968     
 -0.29999999999999993      -0.69999999999999996        7.6963543073267068E-002
 -0.19999999999999993      -0.69999999999999996       -3.7950213160525215E-002
  -9.9999999999999978E-002 -0.69999999999999996      -0.14105352908442415     
   2.7755575615628914E-017 -0.69999999999999996      -0.19038105201779509     
  0.10000000000000009      -0.69999999999999996      -0.16689850987042970     
  0.20000000000000009      -0.69999999999999996       -7.9639948740446165E-002
  0.30000000000000016      -0.69999999999999996        3.7920765908394743E-002
  0.40000000000000013      -0.69999999999999996       0.14126340739194629     
  0.50000000000000011      -0.69999999999999996       0.19036616281622232     
  0.60000000000000009      -0.69999999999999996       0.16722394406200811     
  0.70000000000000007      -0.69999999999999996        7.9763688941357547E-002
  0.80000000000000004      -0.69999999999999996       -3.7447910936409513E-002
  0.90000000000000002      -0.69999999999999996      -0.14087326643668552     
   1.0000000000000000      -0.69999999999999996      -0.18687412278843349     
  -1.0000000000000000      -0.59999999999999998      -0.68907111480657812     
 -0.90000000000000002      -0.59999999999999998      -0.59348113184589568     
 -0.80000000000000004      -0.59999999999999998      -0.27982303968157274     
 -0.69999999999999996      -0.59999999999999998       0.13583296354101165     
 -0.59999999999999998      -0.59999999999999998       0.50124920573874709     
 -0.49999999999999994      -0.59999999999999998       0.67693817181143146     
 -0.39999999999999991      -0.59999999999999998       0.59231464198299766     
 -0.29999999999999993      -0.59999999999999998       0.28259395524227471     
 -0.19999999999999993      -0.59999999999999998      -0.14095669381504336     
  -9.9999999999999978E-002 -0.59999999999999998      -0.52051756294720997     
   2.7755575615628914E-017 -0.59999999999999998      -0.70164438587793154     
  0.10000000000000009      -0.59999999999999998      -0.61442097912180793     
  0.20000000000000009      -0.59999999999999998      -0.29242325011399989     
  0.30000000000000016      -0.59999999999999998       0.14084627090093438     
  0.40000000000000013      -0.59999999999999998       0.52128830250181879     
  0.50000000000000011      -0.59999999999999998       0.70158398191289040     
  0.60000000000000009      -0.59999999999999998       0.61561372017818494     
  0.70000000000000007      -0.59999999999999998       0.29287349400587143     
  0.80000000000000004      -0.59999999999999998      -0.13911137518870018     
  0.90000000000000002      -0.59999999999999998      -0.51985460599108824     
   1.0000000000000000      -0.59999999999999998      -0.68872325830590864     
  -1.0000000000000000      -0.49999999999999994      -0.93035150282986256     
 -0.90000000000000002      -0.49999999999999994      -0.80111684256415250     
 -0.80000000000000004      -0.49999999999999994      -0.37752300366050856     
 -0.69999999999999996      -0.49999999999999994       0.18367884147126223     
 -0.59999999999999998      -0.49999999999999994       0.67693817181142579     
 -0.49999999999999994      -0.49999999999999994       0.91397208388801254     
 -0.39999999999999991      -0.49999999999999994       0.79954153204321576     
 -0.29999999999999993      -0.49999999999999994       0.38126279502380761     
 -0.19999999999999993      -0.49999999999999994      -0.19060804073226223     
  -9.9999999999999978E-002 -0.49999999999999994      -0.70296106958947879     
   2.7755575615628914E-017 -0.49999999999999994      -0.94733083091566872     
  0.10000000000000009      -0.49999999999999994      -0.82938249734480907     
  0.20000000000000009      -0.49999999999999994      -0.39452459524456157     
  0.30000000000000016      -0.49999999999999994       0.19045844158152439     
  0.40000000000000013      -0.49999999999999994       0.70400094589946360     
  0.50000000000000011      -0.49999999999999994       0.94724778622753802     
  0.60000000000000009      -0.49999999999999994       0.83099109804508664     
  0.70000000000000007      -0.49999999999999994       0.39513093389209525     
  0.80000000000000004      -0.49999999999999994      -0.18811815909643861     
  0.90000000000000002      -0.49999999999999994      -0.70206634906077414     
   1.0000000000000000      -0.49999999999999994      -0.92988622752684935     
  -1.0000000000000000      -0.39999999999999991      -0.81386876747565440     
 -0.90000000000000002      -0.39999999999999991      -0.70068464103073758     
 -0.80000000000000004      -0.39999999999999991      -0.33004553239672385     
 -0.69999999999999996      -0.39999999999999991       0.16089414699590779     
 -0.59999999999999998      -0.39999999999999991       0.59231464198299277     
 -0.49999999999999994      -0.39999999999999991       0.79954153204321610     
 -0.39999999999999991      -0.39999999999999991       0.69930628636885650     
 -0.29999999999999993      -0.39999999999999991       0.33331606531070890     
 -0.19999999999999993      -0.39999999999999991      -0.16696431535112902     
  -9.9999999999999978E-002 -0.39999999999999991      -0.61508513976553225     
   2.7755575615628914E-017 -0.39999999999999991      -0.82872484650652700     
  0.10000000000000009      -0.39999999999999991      -0.72540659923554818     
  0.20000000000000009      -0.39999999999999991      -0.34491051699131714     
  0.30000000000000016      -0.39999999999999991       0.16683306346245250     
  0.40000000000000013      -0.39999999999999991       0.61599426604813401     
  0.50000000000000011      -0.39999999999999991       0.82865108286207512     
  0.60000000000000009      -0.39999999999999991       0.72681246307897396     
  0.70000000000000007      -0.39999999999999991       0.34543977186620306     
  0.80000000000000004      -0.39999999999999991      -0.16478735880338247     
  0.90000000000000002      -0.39999999999999991      -0.61430272021951060     
   1.0000000000000000      -0.39999999999999991      -0.81346503066826115     
  -1.0000000000000000      -0.29999999999999993      -0.38809310719569406     
 -0.90000000000000002      -0.29999999999999993      -0.33397364867703411     
 -0.80000000000000004      -0.29999999999999993      -0.15714312816332590     
 -0.69999999999999996      -0.29999999999999993        7.6963543073268373E-002
 -0.59999999999999998      -0.29999999999999993       0.28259395524227671     
 -0.49999999999999994      -0.29999999999999993       0.38126279502380750     
 -0.39999999999999991      -0.29999999999999993       0.33331606531071117     
 -0.29999999999999993      -0.29999999999999993       0.15870151644032185     
 -0.19999999999999993      -0.29999999999999993       -7.9867781387160872E-002
  -9.9999999999999978E-002 -0.29999999999999993      -0.29345858219683679     
   2.7755575615628914E-017 -0.29999999999999993      -0.39518019110572333     
  0.10000000000000009      -0.29999999999999993      -0.34575691027529087     
  0.20000000000000009      -0.29999999999999993      -0.16422245636963673     
  0.30000000000000016      -0.29999999999999993        7.9804758921432087E-002
  0.40000000000000013      -0.29999999999999993       0.29389146921417947     
  0.50000000000000011      -0.29999999999999993       0.39514374931557322     
  0.60000000000000009      -0.29999999999999993       0.34642577983391598     
  0.70000000000000007      -0.29999999999999993       0.16447350469490724     
  0.80000000000000004      -0.29999999999999993       -7.8831045157215618E-002
  0.90000000000000002      -0.29999999999999993      -0.29308580283788815     
   1.0000000000000000      -0.29999999999999993      -0.38790431511269663     
  -1.0000000000000000      -0.19999999999999993       0.19402639893939652     
 -0.90000000000000002      -0.19999999999999993       0.16729238341202934     
 -0.80000000000000004      -0.19999999999999993        7.9086121178587251E-002
 -0.69999999999999996      -0.19999999999999993       -3.7950213160531064E-002
 -0.59999999999999998      -0.19999999999999993      -0.14095669381506745     
 -0.49999999999999994      -0.19999999999999993      -0.19060804073226584     
 -0.39999999999999991      -0.19999999999999993      -0.16696431535112993     
 -0.29999999999999993      -0.19999999999999993       -7.9867781387161163E-002
 -0.19999999999999993      -0.19999999999999993        3.9381010107295188E-002
  -9.9999999999999978E-002 -0.19999999999999993       0.14637418066805094     
   2.7755575615628914E-017 -0.19999999999999993       0.19756308472540060     
  0.10000000000000009      -0.19999999999999993       0.17319520773132632     
  0.20000000000000009      -0.19999999999999993        8.2645180275650612E-002
  0.30000000000000016      -0.19999999999999993       -3.9350453259320753E-002
  0.40000000000000013      -0.19999999999999993      -0.14659197865081000     
  0.50000000000000011      -0.19999999999999993      -0.19754763818176665     
  0.60000000000000009      -0.19999999999999993      -0.17353292394664444     
  0.70000000000000007      -0.19999999999999993       -8.2773592998284684E-002
  0.80000000000000004      -0.19999999999999993        3.8859753966409470E-002
  0.90000000000000002      -0.19999999999999993       0.14618711660902919     
   1.0000000000000000      -0.19999999999999993       0.19392385556294439     
  -1.0000000000000000       -9.9999999999999978E-002  0.71556043569228289     
 -0.90000000000000002       -9.9999999999999978E-002  0.61629647045125324     
 -0.80000000000000004       -9.9999999999999978E-002  0.29058114140548014     
 -0.69999999999999996       -9.9999999999999978E-002 -0.14105352908442317     
 -0.59999999999999998       -9.9999999999999978E-002 -0.52051756294720997     
 -0.49999999999999994       -9.9999999999999978E-002 -0.70296106958947913     
 -0.39999999999999991       -9.9999999999999978E-002 -0.61508513976553669     
 -0.29999999999999993       -9.9999999999999978E-002 -0.29345858219683496     
 -0.19999999999999993       -9.9999999999999978E-002  0.14637418066805036     
  -9.9999999999999978E-002  -9.9999999999999978E-002  0.54052660504573791     
   2.7755575615628914E-017  -9.9999999999999978E-002  0.72861703540161016     
  0.10000000000000009       -9.9999999999999978E-002  0.63804131423450494     
  0.20000000000000009       -9.9999999999999978E-002  0.30366577256725436     
  0.30000000000000016       -9.9999999999999978E-002 -0.14625951486093181     
  0.40000000000000013       -9.9999999999999978E-002 -0.54132697637588723     
  0.50000000000000011       -9.9999999999999978E-002 -0.72855431534934212     
  0.60000000000000009       -9.9999999999999978E-002 -0.63927991385317562     
  0.70000000000000007       -9.9999999999999978E-002 -0.30413333099163381     
  0.80000000000000004       -9.9999999999999978E-002  0.14445791779456446     
  0.90000000000000002       -9.9999999999999978E-002  0.53983816116031780     
   1.0000000000000000       -9.9999999999999978E-002  0.71519918935131910     
  -1.0000000000000000        2.7755575615628914E-017  0.96430808903261489     
 -0.90000000000000002        2.7755575615628914E-017  0.83035765139170559     
 -0.80000000000000004        2.7755575615628914E-017  0.39130389354791956     
 -0.69999999999999996        2.7755575615628914E-017 -0.19038105201779865     
 -0.59999999999999998        2.7755575615628914E-017 -0.70164438587793643     
 -0.49999999999999994        2.7755575615628914E-017 -0.94733083091567760     
 -0.39999999999999991        2.7755575615628914E-017 -0.82872484650653133     
 -0.29999999999999993        2.7755575615628914E-017 -0.39518019110572111     
 -0.19999999999999993        2.7755575615628914E-017  0.19756308472539430     
  -9.9999999999999978E-002   2.7755575615628914E-017  0.72861703540161216     
   2.7755575615628914E-017   2.7755575615628914E-017  0.98190711750424242     
  0.10000000000000009        2.7755575615628914E-017  0.85965500555912888     
  0.20000000000000009        2.7755575615628914E-017  0.40892608875901693     
  0.30000000000000016        2.7755575615628914E-017 -0.19740802864759363     
  0.40000000000000013        2.7755575615628914E-017 -0.72969487055185978     
  0.50000000000000011        2.7755575615628914E-017 -0.98182105137086984     
  0.60000000000000009        2.7755575615628914E-017 -0.86132232947883625     
  0.70000000000000007        2.7755575615628914E-017 -0.40955456796219086     
  0.80000000000000004        2.7755575615628914E-017  0.19498231554220830     
  0.90000000000000002        2.7755575615628914E-017  0.72768965637531713     
   1.0000000000000000        2.7755575615628914E-017  0.96382580366225423     
  -1.0000000000000000       0.10000000000000009       0.84424446667440245     
 -0.90000000000000002       0.10000000000000009       0.72683639691177915     
 -0.80000000000000004       0.10000000000000009       0.34236430950391666     
 -0.69999999999999996       0.10000000000000009      -0.16689850987042881     
 -0.59999999999999998       0.10000000000000009      -0.61442097912180571     
 -0.49999999999999994       0.10000000000000009      -0.82938249734480596     
 -0.39999999999999991       0.10000000000000009      -0.72540659923554829     
 -0.29999999999999993       0.10000000000000009      -0.34575691027529054     
 -0.19999999999999993       0.10000000000000009       0.17319520773132588     
  -9.9999999999999978E-002  0.10000000000000009       0.63804131423450694     
   2.7755575615628914E-017  0.10000000000000009       0.85965500555912655     
  0.10000000000000009       0.10000000000000009       0.75248105691067579     
  0.20000000000000009       0.10000000000000009       0.35778411747360073     
  0.30000000000000016       0.10000000000000009      -0.17305905817696532     
  0.40000000000000013       0.10000000000000009      -0.63898437307695144     
  0.50000000000000011       0.10000000000000009      -0.85957849215418314     
  0.60000000000000009       0.10000000000000009      -0.75393939515900765     
  0.70000000000000007       0.10000000000000009      -0.35833312891316654     
  0.80000000000000004       0.10000000000000009       0.17093699789897482     
  0.90000000000000002       0.10000000000000009       0.63722969193760159     
   1.0000000000000000       0.10000000000000009       0.84382565177169511     
  -1.0000000000000000       0.20000000000000009       0.40159249689781806     
 -0.90000000000000002       0.20000000000000009       0.34559097278655182     
 -0.80000000000000004       0.20000000000000009       0.16260985795385371     
 -0.69999999999999996       0.20000000000000009       -7.9639948740443819E-002
 -0.59999999999999998       0.20000000000000009      -0.29242325011397990     
 -0.49999999999999994       0.20000000000000009      -0.39452459524456224     
 -0.39999999999999991       0.20000000000000009      -0.34491051699131936     
 -0.29999999999999993       0.20000000000000009      -0.16422245636963789     
 -0.19999999999999993       0.20000000000000009        8.2645180275649516E-002
  -9.9999999999999978E-002  0.20000000000000009       0.30366577256725341     
   2.7755575615628914E-017  0.20000000000000009       0.40892608875901232     
  0.10000000000000009       0.20000000000000009       0.35778411747359967     
  0.20000000000000009       0.20000000000000009       0.16993545848718619     
  0.30000000000000016       0.20000000000000009       -8.2579966842041164E-002
  0.40000000000000013       0.20000000000000009      -0.30411371886292993     
  0.50000000000000011       0.20000000000000009      -0.40888838298873520     
  0.60000000000000009       0.20000000000000009      -0.35847625722731441     
  0.70000000000000007       0.20000000000000009      -0.17019524301227604     
  0.80000000000000004       0.20000000000000009        8.1572378461860703E-002
  0.90000000000000002       0.20000000000000009       0.30328002558919936     
   1.0000000000000000       0.20000000000000009       0.40139712730539007     
  -1.0000000000000000       0.30000000000000016      -0.19387411457358467     
 -0.90000000000000002       0.30000000000000016      -0.16716087438906610     
 -0.80000000000000004       0.30000000000000016       -7.9023713917462365E-002
 -0.69999999999999996       0.30000000000000016        3.7920765908394598E-002
 -0.59999999999999998       0.30000000000000016       0.14084627090093416     
 -0.49999999999999994       0.30000000000000016       0.19045844158152408     
 -0.39999999999999991       0.30000000000000016       0.16683306346245452     
 -0.29999999999999993       0.30000000000000016        7.9804758921431074E-002
 -0.19999999999999993       0.30000000000000016       -3.9350453259318560E-002
  -9.9999999999999978E-002  0.30000000000000016      -0.14625951486093081     
   2.7755575615628914E-017  0.30000000000000016      -0.19740802864759124     
  0.10000000000000009       0.30000000000000016      -0.17305905817696449     
  0.20000000000000009       0.30000000000000016       -8.2579966842041233E-002
  0.30000000000000016       0.30000000000000016        3.9319919996863781E-002
  0.40000000000000013       0.30000000000000016       0.14647714106905624     
  0.50000000000000011       0.30000000000000016       0.19739259243936028     
  0.60000000000000009       0.30000000000000016       0.17339650723436043     
  0.70000000000000007       0.30000000000000016        8.2708276984664458E-002
  0.80000000000000004       0.30000000000000016       -3.8829608313159833E-002
  0.90000000000000002       0.30000000000000016      -0.14607259806194955     
   1.0000000000000000       0.30000000000000016      -0.19377165678581401     
  -1.0000000000000000       0.40000000000000013      -0.71661894160821804     
 -0.90000000000000002       0.40000000000000013      -0.61720739019528192     
 -0.80000000000000004       0.40000000000000013      -0.29100977783390169     
 -0.69999999999999996       0.40000000000000013       0.14126340739195167     
 -0.59999999999999998       0.40000000000000013       0.52128830250183833     
 -0.49999999999999994       0.40000000000000013       0.70400094589946716     
 -0.39999999999999991       0.40000000000000013       0.61599426604814478     
 -0.29999999999999993       0.40000000000000013       0.29389146921417619     
 -0.19999999999999993       0.40000000000000013      -0.14659197865079684     
  -9.9999999999999978E-002  0.40000000000000013      -0.54132697637588745     
   2.7755575615628914E-017  0.40000000000000013      -0.72969487055187032     
  0.10000000000000009       0.40000000000000013      -0.63898437307695100     
  0.20000000000000009       0.40000000000000013      -0.30411371886294342     
  0.30000000000000016       0.40000000000000013       0.14647714106905668     
  0.40000000000000013       0.40000000000000013       0.54212852849110271     
  0.50000000000000011       0.40000000000000013       0.72963205129429920     
  0.60000000000000009       0.40000000000000013       0.64022479724164960     
  0.70000000000000007       0.40000000000000013       0.30458196222541672     
  0.80000000000000004       0.40000000000000013      -0.14467288797174224     
  0.90000000000000002       0.40000000000000013      -0.54063751570303009     
   1.0000000000000000       0.40000000000000013      -0.71625717975569136     
  -1.0000000000000000       0.50000000000000011      -0.96422354371804819     
 -0.90000000000000002       0.50000000000000011      -0.83028374695092744     
 -0.80000000000000004       0.50000000000000011      -0.39126780030887626     
 -0.69999999999999996       0.50000000000000011       0.19036616281622076     
 -0.59999999999999998       0.50000000000000011       0.70158398191289228     
 -0.49999999999999994       0.50000000000000011       0.94724778622753336     
 -0.39999999999999991       0.50000000000000011       0.82865108286207967     
 -0.29999999999999993       0.50000000000000011       0.39514374931557172     
 -0.19999999999999993       0.50000000000000011      -0.19754763818176774     
  -9.9999999999999978E-002  0.50000000000000011      -0.72855431534934245     
   2.7755575615628914E-017  0.50000000000000011      -0.98182105137086884     
  0.10000000000000009       0.50000000000000011      -0.85957849215418125     
  0.20000000000000009       0.50000000000000011      -0.40888838298873553     
  0.30000000000000016       0.50000000000000011       0.19739259243936186     
  0.40000000000000013       0.50000000000000011       0.72963205129430397     
  0.50000000000000011       0.50000000000000011       0.98173498331175069     
  0.60000000000000009       0.50000000000000011       0.86124565856100210     
  0.70000000000000007       0.50000000000000011       0.40951679717394246     
  0.80000000000000004       0.50000000000000011      -0.19496710530835601     
  0.90000000000000002       0.50000000000000011      -0.72762702000099977     
   1.0000000000000000       0.50000000000000011      -0.96374132850602234     
  -1.0000000000000000       0.60000000000000009      -0.84588188050409385     
 -0.90000000000000002       0.60000000000000009      -0.72824503610374047     
 -0.80000000000000004       0.60000000000000009      -0.34302660748993508     
 -0.69999999999999996       0.60000000000000009       0.16722394406200716     
 -0.59999999999999998       0.60000000000000009       0.61561372017818927     
 -0.49999999999999994       0.60000000000000009       0.83099109804508919     
 -0.39999999999999991       0.60000000000000009       0.72681246307897329     
 -0.29999999999999993       0.60000000000000009       0.34642577983391609     
 -0.19999999999999993       0.60000000000000009      -0.17353292394665168     
  -9.9999999999999978E-002  0.60000000000000009      -0.63927991385317462     
   2.7755575615628914E-017  0.60000000000000009      -0.86132232947883114     
  0.10000000000000009       0.60000000000000009      -0.75393939515900932     
  0.20000000000000009       0.60000000000000009      -0.35847625722730836     
  0.30000000000000016       0.60000000000000009       0.17339650723435901     
  0.40000000000000013       0.60000000000000009       0.64022479724164472     
  0.50000000000000011       0.60000000000000009       0.86124565856099966     
  0.60000000000000009       0.60000000000000009       0.75540055096084946     
  0.70000000000000007       0.60000000000000009       0.35902632394753176     
  0.80000000000000004       0.60000000000000009      -0.17127034401020474     
  0.90000000000000002       0.60000000000000009      -0.63846671969304358     
   1.0000000000000000       0.60000000000000009      -0.84546228010452706     
  -1.0000000000000000       0.70000000000000007      -0.40220968886889746     
 -0.90000000000000002       0.70000000000000007      -0.34612127515667168     
 -0.80000000000000004       0.70000000000000007      -0.16285843445427600     
 -0.69999999999999996       0.70000000000000007        7.9763688941356645E-002
 -0.59999999999999998       0.70000000000000007       0.29287349400587154     
 -0.49999999999999994       0.70000000000000007       0.39513093389209253     
 -0.39999999999999991       0.70000000000000007       0.34543977186620423     
 -0.29999999999999993       0.70000000000000007       0.16447350469490740     
 -0.19999999999999993       0.70000000000000007       -8.2773592998287862E-002
  -9.9999999999999978E-002  0.70000000000000007      -0.30413333099163403     
   2.7755575615628914E-017  0.70000000000000007      -0.40955456796219109     
  0.10000000000000009       0.70000000000000007      -0.35833312891316527     
  0.20000000000000009       0.70000000000000007      -0.17019524301227301     
  0.30000000000000016       0.70000000000000007        8.2708276984664736E-002
  0.40000000000000013       0.70000000000000007       0.30458196222541883     
  0.50000000000000011       0.70000000000000007       0.40951679717394268     
  0.60000000000000009       0.70000000000000007       0.35902632394753020     
  0.70000000000000007       0.70000000000000007       0.17045541941643921     
  0.80000000000000004       0.70000000000000007       -8.1699149996555379E-002
  0.90000000000000002       0.70000000000000007      -0.30374699294058782     
   1.0000000000000000       0.70000000000000007      -0.40201403977024885     
  -1.0000000000000000       0.80000000000000004       0.19149190897699636     
 -0.90000000000000002       0.80000000000000004       0.16511113277100792     
 -0.80000000000000004       0.80000000000000004        7.8059563795498915E-002
 -0.69999999999999996       0.80000000000000004       -3.7447910936415085E-002
 -0.59999999999999998       0.80000000000000004      -0.13911137518873334     
 -0.49999999999999994       0.80000000000000004      -0.18811815909644386     
 -0.39999999999999991       0.80000000000000004      -0.16478735880340567     
 -0.29999999999999993       0.80000000000000004       -7.8831045157215507E-002
 -0.19999999999999993       0.80000000000000004        3.8859753966401525E-002
  -9.9999999999999978E-002  0.80000000000000004       0.14445791779456488     
   2.7755575615628914E-017  0.80000000000000004       0.19498231554223402     
  0.10000000000000009       0.80000000000000004       0.17093699789898040     
  0.20000000000000009       0.80000000000000004        8.1572378461881825E-002
  0.30000000000000016       0.80000000000000004       -3.8829608313160353E-002
  0.40000000000000013       0.80000000000000004      -0.14467288797175545     
  0.50000000000000011       0.80000000000000004      -0.19496710530835973     
  0.60000000000000009       0.80000000000000004      -0.17127034401022204     
  0.70000000000000007       0.80000000000000004       -8.1699149996554324E-002
  0.80000000000000004       0.80000000000000004        3.8345270303701412E-002
  0.90000000000000002       0.80000000000000004       0.14427328863049169     
   1.0000000000000000       0.80000000000000004       0.19139060332785293     
  -1.0000000000000000       0.90000000000000002       0.71464968386526950     
 -0.90000000000000002       0.90000000000000002       0.61551250819172731     
 -0.80000000000000004       0.90000000000000002       0.29021202086134340     
 -0.69999999999999996       0.90000000000000002      -0.14087326643668507     
 -0.59999999999999998       0.90000000000000002      -0.51985460599109012     
 -0.49999999999999994       0.90000000000000002      -0.70206634906077292     
 -0.39999999999999991       0.90000000000000002      -0.61430272021951782     
 -0.29999999999999993       0.90000000000000002      -0.29308580283788616     
 -0.19999999999999993       0.90000000000000002       0.14618711660902398     
  -9.9999999999999978E-002  0.90000000000000002       0.53983816116031480     
   2.7755575615628914E-017  0.90000000000000002       0.72768965637531613     
  0.10000000000000009       0.90000000000000002       0.63722969193760060     
  0.20000000000000009       0.90000000000000002       0.30328002558920358     
  0.30000000000000016       0.90000000000000002      -0.14607259806194958     
  0.40000000000000013       0.90000000000000002      -0.54063751570303020     
  0.50000000000000011       0.90000000000000002      -0.72762702000099766     
  0.60000000000000009       0.90000000000000002      -0.63846671969304947     
  0.70000000000000007       0.90000000000000002      -0.30374699294058727     
  0.80000000000000004       0.90000000000000002       0.14427328863048614     
  0.90000000000000002       0.90000000000000002       0.53915059255025211     
   1.0000000000000000       0.90000000000000002       0.71428888599080531     
  -1.0000000000000000        1.0000000000000000       0.94655086626237228     
 -0.90000000000000002        1.0000000000000000       0.81506776682710480     
 -0.80000000000000004        1.0000000000000000       0.38409939188201569     
 -0.69999999999999996        1.0000000000000000      -0.18687412278843452     
 -0.59999999999999998        1.0000000000000000      -0.68872325830591097     
 -0.49999999999999994        1.0000000000000000      -0.92988622752685357     
 -0.39999999999999991        1.0000000000000000      -0.81346503066825981     
 -0.29999999999999993        1.0000000000000000      -0.38790431511269224     
 -0.19999999999999993        1.0000000000000000       0.19392385556293823     
  -9.9999999999999978E-002   1.0000000000000000       0.71519918935131521     
   2.7755575615628914E-017   1.0000000000000000       0.96382580366224635     
  0.10000000000000009        1.0000000000000000       0.84382565177169566     
  0.20000000000000009        1.0000000000000000       0.40139712730538768     
  0.30000000000000016        1.0000000000000000      -0.19377165678581340     
  0.40000000000000013        1.0000000000000000      -0.71625717975567604     
  0.50000000000000011        1.0000000000000000      -0.96374132850601635     
  0.60000000000000009        1.0000000000000000      -0.84546228010451385     
  0.70000000000000007        1.0000000000000000      -0.40201403977024874     
  0.80000000000000004        1.0000000000000000       0.19139060332782351     
  0.90000000000000002        1.0000000000000000       0.71428888599080220     
   1.0000000000000000        1.0000000000000000       0.94607744398295102     
