  -1.0000000000000000       -1.0000000000000000       0.84526354834988804     
 -0.90000000000000002       -1.0000000000000000       0.48481665213068387     
 -0.80000000000000004       -1.0000000000000000       -5.1773611320447534E-002
 -0.69999999999999996       -1.0000000000000000      -0.57681210445952880     
 -0.59999999999999998       -1.0000000000000000      -0.88699789579072275     
 -0.49999999999999994       -1.0000000000000000      -0.85840321219021065     
 -0.39999999999999991       -1.0000000000000000      -0.50226297170953071     
 -0.29999999999999993       -1.0000000000000000        4.6114300720011672E-002
 -0.19999999999999993       -1.0000000000000000       0.57559022272027194     
  -9.9999999999999978E-002  -1.0000000000000000       0.88679488916992810     
   2.7755575615628914E-017  -1.0000000000000000       0.85648942562475627     
  0.10000000000000009       -1.0000000000000000       0.50179094928327173     
  0.20000000000000009       -1.0000000000000000       -4.8820878945475411E-002
  0.30000000000000016       -1.0000000000000000      -0.57685364934115380     
  0.40000000000000013       -1.0000000000000000      -0.89005086600216843     
  0.50000000000000011       -1.0000000000000000      -0.85844417651066995     
  0.60000000000000009       -1.0000000000000000      -0.50529558405141806     
  0.70000000000000007       -1.0000000000000000        4.6205509427108604E-002
  0.80000000000000004       -1.0000000000000000       0.57316818401231240     
  0.90000000000000002       -1.0000000000000000       0.88607746113559238     
   1.0000000000000000       -1.0000000000000000       0.84117035446848487     
  -1.0000000000000000      -0.90000000000000002       0.48481665213068059     
 -0.90000000000000002      -0.90000000000000002       0.27803854557245750     
 -0.80000000000000004      -0.90000000000000002       -2.9757205823426367E-002
 -0.69999999999999996      -0.90000000000000002      -0.33090362064773299     
 -0.59999999999999998      -0.90000000000000002      -0.50879242568621141     
 -0.49999999999999994      -0.90000000000000002      -0.49235330087729234     
 -0.39999999999999991      -0.90000000000000002      -0.28804375492404061     
 -0.29999999999999993      -0.90000000000000002        2.6511983442386044E-002
 -0.19999999999999993      -0.90000000000000002       0.33020310929597374     
  -9.9999999999999978E-002 -0.90000000000000002       0.50867637369679508     
   2.7755575615628914E-017 -0.90000000000000002       0.49125596924536519     
  0.10000000000000009      -0.90000000000000002       0.28777314009975163     
  0.20000000000000009      -0.90000000000000002       -2.8064221650988555E-002
  0.30000000000000016      -0.90000000000000002      -0.33092756062877415     
  0.40000000000000013      -0.90000000000000002      -0.51054384712006351     
  0.50000000000000011      -0.90000000000000002      -0.49237683983169334     
  0.60000000000000009      -0.90000000000000002      -0.28978330267857672     
  0.70000000000000007      -0.90000000000000002        2.6564304822466217E-002
  0.80000000000000004      -0.90000000000000002       0.32881380192023607     
  0.90000000000000002      -0.90000000000000002       0.50826492131613432     
   1.0000000000000000      -0.90000000000000002       0.48246953623756544     
  -1.0000000000000000      -0.80000000000000004       -5.1773611320456256E-002
 -0.90000000000000002      -0.80000000000000004       -2.9757205823424192E-002
 -0.80000000000000004      -0.80000000000000004        3.0692377795336840E-003
 -0.69999999999999996      -0.80000000000000004        3.5227263156368219E-002
 -0.59999999999999998      -0.80000000000000004        5.4266447237355409E-002
 -0.49999999999999994      -0.80000000000000004        5.2578186263484837E-002
 -0.39999999999999991      -0.80000000000000004        3.0828226473958283E-002
 -0.29999999999999993      -0.80000000000000004       -2.7213021573811585E-003
 -0.19999999999999993      -0.80000000000000004       -3.5151887670482732E-002
  -9.9999999999999978E-002 -0.80000000000000004       -5.4253372205263113E-002
   2.7755575615628914E-017 -0.80000000000000004       -5.2460373194221033E-002
  0.10000000000000009      -0.80000000000000004       -3.0799111311549460E-002
  0.20000000000000009      -0.80000000000000004        2.8873661377921134E-003
  0.30000000000000016      -0.80000000000000004        3.5229623519862426E-002
  0.40000000000000013      -0.80000000000000004        5.4452892942061251E-002
  0.50000000000000011      -0.80000000000000004        5.2580623893839010E-002
  0.60000000000000009      -0.80000000000000004        3.1013751987393260E-002
  0.70000000000000007      -0.80000000000000004       -2.7268773261875118E-003
  0.80000000000000004      -0.80000000000000004       -3.5003703348512105E-002
  0.90000000000000002      -0.80000000000000004       -5.4209359324216083E-002
   1.0000000000000000      -0.80000000000000004       -5.1521882855131262E-002
  -1.0000000000000000      -0.69999999999999996      -0.57681210445952558     
 -0.90000000000000002      -0.69999999999999996      -0.33090362064773171     
 -0.80000000000000004      -0.69999999999999996        3.5227263156365027E-002
 -0.69999999999999996      -0.69999999999999996       0.39351481934924154     
 -0.59999999999999998      -0.69999999999999996       0.60522754685389646     
 -0.49999999999999994      -0.69999999999999996       0.58577842557395798     
 -0.39999999999999991      -0.69999999999999996       0.34281151705260682     
 -0.29999999999999993      -0.69999999999999996       -3.1364009442505489E-002
 -0.19999999999999993      -0.69999999999999996      -0.39268046061285455     
  -9.9999999999999978E-002 -0.69999999999999996      -0.60508836513660214     
   2.7755575615628914E-017 -0.69999999999999996      -0.58447184932863983     
  0.10000000000000009      -0.69999999999999996      -0.34248920083372292     
  0.20000000000000009      -0.69999999999999996        3.3211277935418962E-002
  0.30000000000000016      -0.69999999999999996       0.39354298304605306     
  0.40000000000000013      -0.69999999999999996       0.60731034874017908     
  0.50000000000000011      -0.69999999999999996       0.58580630740400452     
  0.60000000000000009      -0.69999999999999996       0.34488075768959892     
  0.70000000000000007      -0.69999999999999996       -3.1426239081262242E-002
  0.80000000000000004      -0.69999999999999996      -0.39102782048787649     
  0.90000000000000002      -0.69999999999999996      -0.60459871834356338     
   1.0000000000000000      -0.69999999999999996      -0.57401786056005011     
  -1.0000000000000000      -0.59999999999999998      -0.88699789579070987     
 -0.90000000000000002      -0.59999999999999998      -0.50879242568620708     
 -0.80000000000000004      -0.59999999999999998        5.4266447237370223E-002
 -0.69999999999999996      -0.59999999999999998       0.60522754685390279     
 -0.59999999999999998      -0.59999999999999998       0.93075336514542606     
 -0.49999999999999994      -0.59999999999999998       0.90078616755618757     
 -0.39999999999999991      -0.59999999999999998       0.52710164483024258     
 -0.29999999999999993      -0.59999999999999998       -4.8326906143094844E-002
 -0.19999999999999993      -0.59999999999999998      -0.60394500352595015     
  -9.9999999999999978E-002 -0.59999999999999998      -0.93053993658439749     
   2.7755575615628914E-017 -0.59999999999999998      -0.89877752131603439     
  0.10000000000000009      -0.59999999999999998      -0.52660619020436172     
  0.20000000000000009      -0.59999999999999998        5.1167295517400541E-002
  0.30000000000000016      -0.59999999999999998       0.60527102829049118     
  0.40000000000000013      -0.59999999999999998       0.93395672961589371     
  0.50000000000000011      -0.59999999999999998       0.90082910997513932     
  0.60000000000000009      -0.59999999999999998       0.53028384960235331     
  0.70000000000000007      -0.59999999999999998       -4.8422611067508045E-002
  0.80000000000000004      -0.59999999999999998      -0.60140348338961325     
  0.90000000000000002      -0.59999999999999998      -0.92978704282639113     
   1.0000000000000000      -0.59999999999999998      -0.88270197182714216     
  -1.0000000000000000      -0.49999999999999994      -0.85840321219021321     
 -0.90000000000000002      -0.49999999999999994      -0.49235330087729340     
 -0.80000000000000004      -0.49999999999999994        5.2578186263485940E-002
 -0.69999999999999996      -0.49999999999999994       0.58577842557395898     
 -0.59999999999999998      -0.49999999999999994       0.90078616755618535     
 -0.49999999999999994      -0.49999999999999994       0.87174713216036503     
 -0.39999999999999991      -0.49999999999999994       0.51007083024393629     
 -0.29999999999999993      -0.49999999999999994       -4.6830898222918672E-002
 -0.19999999999999993      -0.49999999999999994      -0.58453754832531790     
  -9.9999999999999978E-002 -0.49999999999999994      -0.90058000361704094     
   2.7755575615628914E-017 -0.49999999999999994      -0.86980359425078679     
  0.10000000000000009      -0.49999999999999994      -0.50959146969368163     
  0.20000000000000009      -0.49999999999999994        4.9579551025797759E-002
  0.30000000000000016      -0.49999999999999994       0.58582061582291067     
  0.40000000000000013      -0.49999999999999994       0.90388659498488710     
  0.50000000000000011      -0.49999999999999994       0.87178873309737337     
  0.60000000000000009      -0.49999999999999994       0.51315058412909731     
  0.70000000000000007      -0.49999999999999994       -4.6923524743924520E-002
  0.80000000000000004      -0.49999999999999994      -0.58207785930383893     
  0.90000000000000002      -0.49999999999999994      -0.89985142295785248     
   1.0000000000000000      -0.49999999999999994      -0.85424638693851684     
  -1.0000000000000000      -0.39999999999999991      -0.50226297170952172     
 -0.90000000000000002      -0.39999999999999991      -0.28804375492403728     
 -0.80000000000000004      -0.39999999999999991        3.0828226473960534E-002
 -0.69999999999999996      -0.39999999999999991       0.34281151705260332     
 -0.59999999999999998      -0.39999999999999991       0.52710164483023692     
 -0.49999999999999994      -0.39999999999999991       0.51007083024393407     
 -0.39999999999999991      -0.39999999999999991       0.29840900111118013     
 -0.29999999999999993      -0.39999999999999991       -2.7466225921330405E-002
 -0.19999999999999993      -0.39999999999999991      -0.34208579855129057     
  -9.9999999999999978E-002 -0.39999999999999991      -0.52698141787457142     
   2.7755575615628914E-017 -0.39999999999999991      -0.50893401183746878     
  0.10000000000000009      -0.39999999999999991      -0.29812864846124526     
  0.20000000000000009      -0.39999999999999991        2.9074321490127047E-002
  0.30000000000000016      -0.39999999999999991       0.34283631887556854     
  0.40000000000000013      -0.39999999999999991       0.52891609290372676     
  0.50000000000000011      -0.39999999999999991       0.51009521639090527     
  0.60000000000000009      -0.39999999999999991       0.30021114758740347     
  0.70000000000000007      -0.39999999999999991       -2.7520430125199474E-002
  0.80000000000000004      -0.39999999999999991      -0.34064649604724395     
  0.90000000000000002      -0.39999999999999991      -0.52655515934718122     
   1.0000000000000000      -0.39999999999999991      -0.49983139587371234     
  -1.0000000000000000      -0.29999999999999993        4.6114300720011499E-002
 -0.90000000000000002      -0.29999999999999993        2.6511983442384701E-002
 -0.80000000000000004      -0.29999999999999993       -2.7213021573814092E-003
 -0.69999999999999996      -0.29999999999999993       -3.1364009442505413E-002
 -0.59999999999999998      -0.29999999999999993       -4.8326906143095559E-002
 -0.49999999999999994      -0.29999999999999993       -4.6830898222917798E-002
 -0.39999999999999991      -0.29999999999999993       -2.7466225921329974E-002
 -0.29999999999999993      -0.29999999999999993        2.4112410561583602E-003
 -0.19999999999999993      -0.29999999999999993        3.1296808066600117E-002
  -9.9999999999999978E-002 -0.29999999999999993        4.8315182198881576E-002
   2.7755575615628914E-017 -0.29999999999999993        4.6725891059366795E-002
  0.10000000000000009      -0.29999999999999993        2.7440268568853343E-002
  0.20000000000000009      -0.29999999999999993       -2.5591872176950283E-003
  0.30000000000000016      -0.29999999999999993       -3.1366089311786617E-002
  0.40000000000000013      -0.29999999999999993       -4.8492904234409086E-002
  0.50000000000000011      -0.29999999999999993       -4.6833060680904960E-002
  0.60000000000000009      -0.29999999999999993       -2.7631444288842948E-002
  0.70000000000000007      -0.29999999999999993        2.4162054128590012E-003
  0.80000000000000004      -0.29999999999999993        3.1164842254053627E-002
  0.90000000000000002      -0.29999999999999993        4.8275971851641925E-002
   1.0000000000000000      -0.29999999999999993        4.5889964611988014E-002
  -1.0000000000000000      -0.19999999999999993       0.57559022272026217     
 -0.90000000000000002      -0.19999999999999993       0.33020310929597130     
 -0.80000000000000004      -0.19999999999999993       -3.5151887670498178E-002
 -0.69999999999999996      -0.19999999999999993      -0.39268046061286171     
 -0.59999999999999998      -0.19999999999999993      -0.60394500352596281     
 -0.49999999999999994      -0.19999999999999993      -0.58453754832532179     
 -0.39999999999999991      -0.19999999999999993      -0.34208579855130061     
 -0.29999999999999993      -0.19999999999999993        3.1296808066599853E-002
 -0.19999999999999993      -0.19999999999999993       0.39184786539354144     
  -9.9999999999999978E-002 -0.19999999999999993       0.60380611191313072     
   2.7755575615628914E-017 -0.19999999999999993       0.58323373548873014     
  0.10000000000000009      -0.19999999999999993       0.34176416360238099     
  0.20000000000000009      -0.19999999999999993       -3.3140165505366886E-002
  0.30000000000000016      -0.19999999999999993      -0.39270856328937126     
  0.40000000000000013      -0.19999999999999993      -0.60602338925489430     
  0.50000000000000011      -0.19999999999999993      -0.58456537056428826     
  0.60000000000000009      -0.19999999999999993      -0.34415065416685359     
  0.70000000000000007      -0.19999999999999993        3.1358905796643487E-002
  0.80000000000000004      -0.19999999999999993       0.39019872735818306     
  0.90000000000000002      -0.19999999999999993       0.60331750184412603     
   1.0000000000000000      -0.19999999999999993       0.57280189048458052     
  -1.0000000000000000       -9.9999999999999978E-002  0.88679488916992932     
 -0.90000000000000002       -9.9999999999999978E-002  0.50867637369679519     
 -0.80000000000000004       -9.9999999999999978E-002  -5.4253372205264008E-002
 -0.69999999999999996       -9.9999999999999978E-002 -0.60508836513660258     
 -0.59999999999999998       -9.9999999999999978E-002 -0.93053993658439738     
 -0.49999999999999994       -9.9999999999999978E-002 -0.90058000361703916     
 -0.39999999999999991       -9.9999999999999978E-002 -0.52698141787457409     
 -0.29999999999999993       -9.9999999999999978E-002   4.8315182198883012E-002
 -0.19999999999999993       -9.9999999999999978E-002  0.60380611191312861     
  -9.9999999999999978E-002  -9.9999999999999978E-002  0.93032655276680831     
   2.7755575615628914E-017  -9.9999999999999978E-002  0.89857181329512847     
  0.10000000000000009       -9.9999999999999978E-002  0.52648607535961578     
  0.20000000000000009       -9.9999999999999978E-002  -5.1154923311305583E-002
  0.30000000000000016       -9.9999999999999978E-002 -0.60513183543845361     
  0.40000000000000013       -9.9999999999999978E-002 -0.93374256435985670     
  0.50000000000000011       -9.9999999999999978E-002 -0.90062293575056684     
  0.60000000000000009       -9.9999999999999978E-002 -0.53016289290180163     
  0.70000000000000007       -9.9999999999999978E-002   4.8410865147925017E-002
  0.80000000000000004       -9.9999999999999978E-002  0.60126517455539619     
  0.90000000000000002       -9.9999999999999978E-002  0.92957383087908985     
   1.0000000000000000       -9.9999999999999978E-002  0.88249994189010850     
  -1.0000000000000000        2.7755575615628914E-017  0.85648942562473518     
 -0.90000000000000002        2.7755575615628914E-017  0.49125596924536291     
 -0.80000000000000004        2.7755575615628914E-017  -5.2460373194233044E-002
 -0.69999999999999996        2.7755575615628914E-017 -0.58447184932864471     
 -0.59999999999999998        2.7755575615628914E-017 -0.89877752131603528     
 -0.49999999999999994        2.7755575615628914E-017 -0.86980359425079268     
 -0.39999999999999991        2.7755575615628914E-017 -0.50893401183747500     
 -0.29999999999999993        2.7755575615628914E-017   4.6725891059366649E-002
 -0.19999999999999993        2.7755575615628914E-017  0.58323373548872004     
  -9.9999999999999978E-002   2.7755575615628914E-017  0.89857181329513147     
   2.7755575615628914E-017   2.7755575615628914E-017  0.86786438597971294     
  0.10000000000000009        2.7755575615628914E-017  0.50845571882479523     
  0.20000000000000009        2.7755575615628914E-017  -4.9468417451358881E-002
  0.30000000000000016        2.7755575615628914E-017 -0.58451394444623594     
  0.40000000000000013        2.7755575615628914E-017 -0.90187103321528217     
  0.50000000000000011        2.7755575615628914E-017 -0.86984510202442200     
  0.60000000000000009        2.7755575615628914E-017 -0.51200689817745959     
  0.70000000000000007        2.7755575615628914E-017   4.6818311004735345E-002
  0.80000000000000004        2.7755575615628914E-017  0.58077953125291670     
  0.90000000000000002        2.7755575615628914E-017  0.89784485658380286     
   1.0000000000000000        2.7755575615628914E-017  0.85234186201894235     
  -1.0000000000000000       0.10000000000000009       0.50179094928327161     
 -0.90000000000000002       0.10000000000000009       0.28777314009975230     
 -0.80000000000000004       0.10000000000000009       -3.0799111311549013E-002
 -0.69999999999999996       0.10000000000000009      -0.34248920083372286     
 -0.59999999999999998       0.10000000000000009      -0.52660619020436150     
 -0.49999999999999994       0.10000000000000009      -0.50959146969368097     
 -0.39999999999999991       0.10000000000000009      -0.29812864846124687     
 -0.29999999999999993       0.10000000000000009        2.7440268568854266E-002
 -0.19999999999999993       0.10000000000000009       0.34176416360237949     
  -9.9999999999999978E-002  0.10000000000000009       0.52648607535961633     
   2.7755575615628914E-017  0.10000000000000009       0.50845571882479401     
  0.10000000000000009       0.10000000000000009       0.29784855903677648     
  0.20000000000000009       0.10000000000000009       -2.9046853265521519E-002
  0.30000000000000016       0.10000000000000009      -0.34251397909143178     
  0.40000000000000013       0.10000000000000009      -0.52841893231853254     
  0.50000000000000011       0.10000000000000009      -0.50961583282613143     
  0.60000000000000009       0.10000000000000009      -0.29992910101026915     
  0.70000000000000007       0.10000000000000009        2.7494421820261572E-002
  0.80000000000000004       0.10000000000000009       0.34032621400902907     
  0.90000000000000002       0.10000000000000009       0.52606021733206576     
   1.0000000000000000       0.10000000000000009       0.49936165719152287     
  -1.0000000000000000       0.20000000000000009       -4.8820878945484210E-002
 -0.90000000000000002       0.20000000000000009       -2.8064221650985616E-002
 -0.80000000000000004       0.20000000000000009        2.8873661378015203E-003
 -0.69999999999999996       0.20000000000000009        3.3211277935420308E-002
 -0.59999999999999998       0.20000000000000009        5.1167295517404544E-002
 -0.49999999999999994       0.20000000000000009        4.9579551025796198E-002
 -0.39999999999999991       0.20000000000000009        2.9074321490129316E-002
 -0.29999999999999993       0.20000000000000009       -2.5591872176947135E-003
 -0.19999999999999993       0.20000000000000009       -3.3140165505368316E-002
  -9.9999999999999978E-002  0.20000000000000009       -5.1154923311303953E-002
   2.7755575615628914E-017  0.20000000000000009       -4.9468417451361116E-002
  0.10000000000000009       0.20000000000000009       -2.9046853265520839E-002
  0.20000000000000009       0.20000000000000009        2.7157992050497889E-003
  0.30000000000000016       0.20000000000000009        3.3213491343916740E-002
  0.40000000000000013       0.20000000000000009        5.1343070913208860E-002
  0.50000000000000011       0.20000000000000009        4.9581844852143502E-002
  0.60000000000000009       0.20000000000000009        2.9249251073341666E-002
  0.70000000000000007       0.20000000000000009       -2.5644436619939046E-003
  0.80000000000000004       0.20000000000000009       -3.3000443735051038E-002
  0.90000000000000002       0.20000000000000009       -5.1113415914360541E-002
   1.0000000000000000       0.20000000000000009       -4.8583439021764360E-002
  -1.0000000000000000       0.30000000000000016      -0.57685364934115269     
 -0.90000000000000002       0.30000000000000016      -0.33092756062877310     
 -0.80000000000000004       0.30000000000000016        3.5229623519861801E-002
 -0.69999999999999996       0.30000000000000016       0.39354298304605262     
 -0.59999999999999998       0.30000000000000016       0.60527102829049351     
 -0.49999999999999994       0.30000000000000016       0.58582061582291012     
 -0.39999999999999991       0.30000000000000016       0.34283631887557137     
 -0.29999999999999993       0.30000000000000016       -3.1366089311787027E-002
 -0.19999999999999993       0.30000000000000016      -0.39270856328936948     
  -9.9999999999999978E-002  0.30000000000000016      -0.60513183543845384     
   2.7755575615628914E-017  0.30000000000000016      -0.58451394444623594     
  0.10000000000000009       0.30000000000000016      -0.34251397909143161     
  0.20000000000000009       0.30000000000000016        3.3213491343918163E-002
  0.30000000000000016       0.30000000000000016       0.39357114845171615     
  0.40000000000000013       0.30000000000000016       0.60735397923198187     
  0.50000000000000011       0.30000000000000016       0.58584849953731455     
  0.60000000000000009       0.30000000000000016       0.34490570815855193     
  0.70000000000000007       0.30000000000000016       -3.1428323412899230E-002
  0.80000000000000004       0.30000000000000016      -0.39105580442768784     
  0.90000000000000002       0.30000000000000016      -0.60464215325841653     
   1.0000000000000000       0.30000000000000016      -0.57405920242623854     
  -1.0000000000000000       0.40000000000000013      -0.89005086600213235     
 -0.90000000000000002       0.40000000000000013      -0.51054384712005618     
 -0.80000000000000004       0.40000000000000013        5.4452892942079764E-002
 -0.69999999999999996       0.40000000000000013       0.60731034874018319     
 -0.59999999999999998       0.40000000000000013       0.93395672961590825     
 -0.49999999999999994       0.40000000000000013       0.90388659498488921     
 -0.39999999999999991       0.40000000000000013       0.52891609290374508     
 -0.29999999999999993       0.40000000000000013       -4.8492904234408267E-002
 -0.19999999999999993       0.40000000000000013      -0.60602338925488886     
  -9.9999999999999978E-002  0.40000000000000013      -0.93374256435985514     
   2.7755575615628914E-017  0.40000000000000013      -0.90187103321529627     
  0.10000000000000009       0.40000000000000013      -0.52841893231853287     
  0.20000000000000009       0.40000000000000013        5.1343070913201713E-002
  0.30000000000000016       0.40000000000000013       0.60735397923197987     
  0.40000000000000013       0.40000000000000013       0.93717111798429220     
  0.50000000000000011       0.40000000000000013       0.90392968497515802     
  0.60000000000000009       0.40000000000000013       0.53210924982380226     
  0.70000000000000007       0.40000000000000013       -4.8588938531353876E-002
  0.80000000000000004       0.40000000000000013      -0.60347312199555214     
  0.90000000000000002       0.40000000000000013      -0.93298707898033140     
   1.0000000000000000       0.40000000000000013      -0.88574015250535543     
  -1.0000000000000000       0.50000000000000011      -0.85844417651066907     
 -0.90000000000000002       0.50000000000000011      -0.49237683983169328     
 -0.80000000000000004       0.50000000000000011        5.2580623893839627E-002
 -0.69999999999999996       0.50000000000000011       0.58580630740400508     
 -0.59999999999999998       0.50000000000000011       0.90082910997514154     
 -0.49999999999999994       0.50000000000000011       0.87178873309737204     
 -0.39999999999999991       0.50000000000000011       0.51009521639090749     
 -0.29999999999999993       0.50000000000000011       -4.6833060680906084E-002
 -0.19999999999999993       0.50000000000000011      -0.58456537056428914     
  -9.9999999999999978E-002  0.50000000000000011      -0.90062293575056795     
   2.7755575615628914E-017  0.50000000000000011      -0.86984510202442156     
  0.10000000000000009       0.50000000000000011      -0.50961583282613110     
  0.20000000000000009       0.50000000000000011        4.9581844852146728E-002
  0.30000000000000016       0.50000000000000011       0.58584849953731533     
  0.40000000000000013       0.50000000000000011       0.90392968497516180     
  0.50000000000000011       0.50000000000000011       0.87183033596987614     
  0.60000000000000009       0.50000000000000011       0.51317511709113484     
  0.70000000000000007       0.50000000000000011       -4.6925691614551311E-002
  0.80000000000000004       0.50000000000000011      -0.58210556428405769     
  0.90000000000000002       0.50000000000000011      -0.89989432027405558     
   1.0000000000000000       0.50000000000000011      -0.85428715217709306     
  -1.0000000000000000       0.60000000000000009      -0.50529558405139507     
 -0.90000000000000002       0.60000000000000009      -0.28978330267857522     
 -0.80000000000000004       0.60000000000000009        3.1013751987408234E-002
 -0.69999999999999996       0.60000000000000009       0.34488075768959864     
 -0.59999999999999998       0.60000000000000009       0.53028384960237307     
 -0.49999999999999994       0.60000000000000009       0.51315058412909864     
 -0.39999999999999991       0.60000000000000009       0.30021114758740242     
 -0.29999999999999993       0.60000000000000009       -2.7631444288843170E-002
 -0.19999999999999993       0.60000000000000009      -0.34415065416686791     
  -9.9999999999999978E-002  0.60000000000000009      -0.53016289290180107     
   2.7755575615628914E-017  0.60000000000000009      -0.51200689817746536     
  0.10000000000000009       0.60000000000000009      -0.29992910101026815     
  0.20000000000000009       0.60000000000000009        2.9249251073355267E-002
  0.30000000000000016       0.60000000000000009       0.34490570815855010     
  0.40000000000000013       0.60000000000000009       0.53210924982381091     
  0.50000000000000011       0.60000000000000009       0.51317511709113373     
  0.60000000000000009       0.60000000000000009       0.30202417390849057     
  0.70000000000000007       0.60000000000000009       -2.7685975706890065E-002
  0.80000000000000004       0.60000000000000009      -0.34270266234236585     
  0.90000000000000002       0.60000000000000009      -0.52973406025529857     
   1.0000000000000000       0.60000000000000009      -0.50284932051402209     
  -1.0000000000000000       0.70000000000000007        4.6205509427106974E-002
 -0.90000000000000002       0.70000000000000007        2.6564304822465155E-002
 -0.80000000000000004       0.70000000000000007       -2.7268773261852198E-003
 -0.69999999999999996       0.70000000000000007       -3.1426239081262207E-002
 -0.59999999999999998       0.70000000000000007       -4.8422611067508350E-002
 -0.49999999999999994       0.70000000000000007       -4.6923524743924437E-002
 -0.39999999999999991       0.70000000000000007       -2.7520430125200460E-002
 -0.29999999999999993       0.70000000000000007        2.4162054128589695E-003
 -0.19999999999999993       0.70000000000000007        3.1358905796641981E-002
  -9.9999999999999978E-002  0.70000000000000007        4.8410865147924718E-002
   2.7755575615628914E-017  0.70000000000000007        4.6818311004737746E-002
  0.10000000000000009       0.70000000000000007        2.7494421820261541E-002
  0.20000000000000009       0.70000000000000007       -2.5644436619915514E-003
  0.30000000000000016       0.70000000000000007       -3.1428323412898682E-002
  0.40000000000000013       0.70000000000000007       -4.8588938531354868E-002
  0.50000000000000011       0.70000000000000007       -4.6925691614551464E-002
  0.60000000000000009       0.70000000000000007       -2.7685975706892445E-002
  0.70000000000000007       0.70000000000000007        2.4211796106854730E-003
  0.80000000000000004       0.70000000000000007        3.1226678654876997E-002
  0.90000000000000002       0.70000000000000007        4.8371577378677338E-002
   1.0000000000000000       0.70000000000000007        4.5980731525172701E-002
  -1.0000000000000000       0.80000000000000004       0.57316818401230596     
 -0.90000000000000002       0.80000000000000004       0.32881380192023374     
 -0.80000000000000004       0.80000000000000004       -3.5003703348529855E-002
 -0.69999999999999996       0.80000000000000004      -0.39102782048788426     
 -0.59999999999999998       0.80000000000000004      -0.60140348338964278     
 -0.49999999999999994       0.80000000000000004      -0.58207785930384348     
 -0.39999999999999991       0.80000000000000004      -0.34064649604726066     
 -0.29999999999999993       0.80000000000000004        3.1164842254054182E-002
 -0.19999999999999993       0.80000000000000004       0.39019872735819217     
  -9.9999999999999978E-002  0.80000000000000004       0.60126517455539830     
   2.7755575615628914E-017  0.80000000000000004       0.58077953125294035     
  0.10000000000000009       0.80000000000000004       0.34032621400903096     
  0.20000000000000009       0.80000000000000004       -3.3000443735048221E-002
  0.30000000000000016       0.80000000000000004      -0.39105580442768945     
  0.40000000000000013       0.80000000000000004      -0.60347312199556624     
  0.50000000000000011       0.80000000000000004      -0.58210556428405869     
  0.60000000000000009       0.80000000000000004      -0.34270266234236274     
  0.70000000000000007       0.80000000000000004        3.1226678654877667E-002
  0.80000000000000004       0.80000000000000004       0.38855652923426243     
  0.90000000000000002       0.80000000000000004       0.60077862033953244     
   1.0000000000000000       0.80000000000000004       0.57039158219020414     
  -1.0000000000000000       0.90000000000000002       0.88607746113559205     
 -0.90000000000000002       0.90000000000000002       0.50826492131613388     
 -0.80000000000000004       0.90000000000000002       -5.4209359324215549E-002
 -0.69999999999999996       0.90000000000000002      -0.60459871834356238     
 -0.59999999999999998       0.90000000000000002      -0.92978704282639069     
 -0.49999999999999994       0.90000000000000002      -0.89985142295785103     
 -0.39999999999999991       0.90000000000000002      -0.52655515934718744     
 -0.29999999999999993       0.90000000000000002        4.8275971851642348E-002
 -0.19999999999999993       0.90000000000000002       0.60331750184411947     
  -9.9999999999999978E-002  0.90000000000000002       0.92957383087908874     
   2.7755575615628914E-017  0.90000000000000002       0.89784485658379987     
  0.10000000000000009       0.90000000000000002       0.52606021733206632     
  0.20000000000000009       0.90000000000000002       -5.1113415914361339E-002
  0.30000000000000016       0.90000000000000002      -0.60464215325841497     
  0.40000000000000013       0.90000000000000002      -0.93298707898033095     
  0.50000000000000011       0.90000000000000002      -0.89989432027405436     
  0.60000000000000009       0.90000000000000002      -0.52973406025530068     
  0.70000000000000007       0.90000000000000002        4.8371577378677061E-002
  0.80000000000000004       0.90000000000000002       0.60077862033952611     
  0.90000000000000002       0.90000000000000002       0.92882171787045020     
   1.0000000000000000       0.90000000000000002       0.88178598731461100     
  -1.0000000000000000        1.0000000000000000       0.84117035446842869     
 -0.90000000000000002        1.0000000000000000       0.48246953623755900     
 -0.80000000000000004        1.0000000000000000       -5.1521882855143732E-002
 -0.69999999999999996        1.0000000000000000      -0.57401786056005133     
 -0.59999999999999998        1.0000000000000000      -0.88270197182713794     
 -0.49999999999999994        1.0000000000000000      -0.85424638693851895     
 -0.39999999999999991        1.0000000000000000      -0.49983139587371650     
 -0.29999999999999993        1.0000000000000000        4.5889964611988771E-002
 -0.19999999999999993        1.0000000000000000       0.57280189048456598     
  -9.9999999999999978E-002   1.0000000000000000       0.88249994189010716     
   2.7755575615628914E-017   1.0000000000000000       0.85234186201893580     
  0.10000000000000009        1.0000000000000000       0.49936165719152137     
  0.20000000000000009        1.0000000000000000       -4.8583439021763236E-002
  0.30000000000000016        1.0000000000000000      -0.57405920242623543     
  0.40000000000000013        1.0000000000000000      -0.88574015250533078     
  0.50000000000000011        1.0000000000000000      -0.85428715217708762     
  0.60000000000000009        1.0000000000000000      -0.50284932051400610     
  0.70000000000000007        1.0000000000000000        4.5980731525171563E-002
  0.80000000000000004        1.0000000000000000       0.57039158219017139     
  0.90000000000000002        1.0000000000000000       0.88178598731461011     
   1.0000000000000000        1.0000000000000000       0.83709697181253351     
