  -1.0000000000000000       -1.0000000000000000       0.61267568061878175     
 -0.90000000000000002       -1.0000000000000000       0.22405429452591125     
 -0.80000000000000004       -1.0000000000000000      -0.24178235211347809     
 -0.69999999999999996       -1.0000000000000000      -0.61516571559019750     
 -0.59999999999999998       -1.0000000000000000      -0.74955409598807599     
 -0.49999999999999994       -1.0000000000000000      -0.60391112983335771     
 -0.39999999999999991       -1.0000000000000000      -0.21998152988642847     
 -0.29999999999999993       -1.0000000000000000       0.25047438049523330     
 -0.19999999999999993       -1.0000000000000000       0.64122429303678297     
  -9.9999999999999978E-002  -1.0000000000000000       0.78083519897692855     
   2.7755575615628914E-017  -1.0000000000000000       0.62906766999265351     
  0.10000000000000009       -1.0000000000000000       0.23168343601187366     
  0.20000000000000009       -1.0000000000000000      -0.24820183845292010     
  0.30000000000000016       -1.0000000000000000      -0.63770151699992084     
  0.40000000000000013       -1.0000000000000000      -0.77863998383782906     
  0.50000000000000011       -1.0000000000000000      -0.62592617562646224     
  0.60000000000000009       -1.0000000000000000      -0.22994208583898892     
  0.70000000000000007       -1.0000000000000000       0.25066083233688075     
  0.80000000000000004       -1.0000000000000000       0.63885010246343377     
  0.90000000000000002       -1.0000000000000000       0.78010020079355880     
   1.0000000000000000       -1.0000000000000000       0.61744106893294115     
  -1.0000000000000000      -0.90000000000000002       0.22405429452590930     
 -0.90000000000000002      -0.90000000000000002        8.1767189816010444E-002
 -0.80000000000000004      -0.90000000000000002       -8.8693470052142787E-002
 -0.69999999999999996      -0.90000000000000002      -0.22524079919692164     
 -0.59999999999999998      -0.90000000000000002      -0.27428078103931347     
 -0.49999999999999994      -0.90000000000000002      -0.22085107657814193     
 -0.39999999999999991      -0.90000000000000002       -8.0277335450363474E-002
 -0.29999999999999993      -0.90000000000000002        9.1883415033045812E-002
 -0.19999999999999993      -0.90000000000000002       0.23478245274117673     
  -9.9999999999999978E-002 -0.90000000000000002       0.28572780719069640     
   2.7755575615628914E-017 -0.90000000000000002       0.23005298501226806     
  0.10000000000000009      -0.90000000000000002        8.4551149841355408E-002
  0.20000000000000009      -0.90000000000000002       -9.1049890631825309E-002
  0.30000000000000016      -0.90000000000000002      -0.23349231919797572     
  0.40000000000000013      -0.90000000000000002      -0.28492326111830441     
  0.50000000000000011      -0.90000000000000002      -0.22890166530025302     
  0.60000000000000009      -0.90000000000000002       -8.3912581056621735E-002
  0.70000000000000007      -0.90000000000000002        9.1951345623665678E-002
  0.80000000000000004      -0.90000000000000002       0.23391452192681494     
  0.90000000000000002      -0.90000000000000002       0.28545899053748081     
   1.0000000000000000      -0.90000000000000002       0.22580027552687928     
  -1.0000000000000000      -0.80000000000000004      -0.24178235211347671     
 -0.90000000000000002      -0.80000000000000004       -8.8693470052140677E-002
 -0.80000000000000004      -0.80000000000000004        9.4970801427931281E-002
 -0.69999999999999996      -0.80000000000000004       0.24231752382610564     
 -0.59999999999999998      -0.80000000000000004       0.29552292693147370     
 -0.49999999999999994      -0.80000000000000004       0.23832038610942052     
 -0.39999999999999991      -0.80000000000000004        8.7086954262978036E-002
 -0.29999999999999993      -0.80000000000000004       -9.8382660633059379E-002
 -0.19999999999999993      -0.80000000000000004      -0.25258151475360574     
  -9.9999999999999978E-002 -0.80000000000000004      -0.30785519133647643     
   2.7755575615628914E-017 -0.80000000000000004      -0.24824441375444470     
  0.10000000000000009      -0.80000000000000004       -9.1713919455519544E-002
  0.20000000000000009      -0.80000000000000004        9.7489829483325630E-002
  0.30000000000000016      -0.80000000000000004       0.25119432801289954     
  0.40000000000000013      -0.80000000000000004       0.30699174065683243     
  0.50000000000000011      -0.80000000000000004       0.24700869930056152     
  0.60000000000000009      -0.80000000000000004        9.1029579488156598E-002
  0.70000000000000007      -0.80000000000000004       -9.8456653485579068E-002
  0.80000000000000004      -0.80000000000000004      -0.25164408334479965     
  0.90000000000000002      -0.80000000000000004      -0.30756518389010784     
   1.0000000000000000      -0.80000000000000004      -0.24365760160885802     
  -1.0000000000000000      -0.69999999999999996      -0.61516571559019351     
 -0.90000000000000002      -0.69999999999999996      -0.22524079919692300     
 -0.80000000000000004      -0.69999999999999996       0.24231752382609847     
 -0.69999999999999996      -0.69999999999999996       0.61721550904288014     
 -0.59999999999999998      -0.69999999999999996       0.75232241860075533     
 -0.49999999999999994      -0.69999999999999996       0.60636234285548773     
 -0.39999999999999991      -0.69999999999999996       0.22115222036629312     
 -0.29999999999999993      -0.69999999999999996      -0.25102645399186896     
 -0.19999999999999993      -0.69999999999999996      -0.64336027062108636     
  -9.9999999999999978E-002 -0.69999999999999996      -0.78371826795035415     
   2.7755575615628914E-017 -0.69999999999999996      -0.63161751505665686     
  0.10000000000000009      -0.69999999999999996      -0.23291074426146993     
  0.20000000000000009      -0.69999999999999996       0.24874869169030381     
  0.30000000000000016      -0.69999999999999996       0.63982621548649898     
  0.40000000000000013      -0.69999999999999996       0.78151700418692116     
  0.50000000000000011      -0.69999999999999996       0.62846730343880686     
  0.60000000000000009      -0.69999999999999996       0.23116519045292250     
  0.70000000000000007      -0.69999999999999996      -0.25121407898238851     
  0.80000000000000004      -0.69999999999999996      -0.64097593140157050     
  0.90000000000000002      -0.69999999999999996      -0.78298033035711334     
   1.0000000000000000      -0.69999999999999996      -0.61994510462798225     
  -1.0000000000000000      -0.59999999999999998      -0.74955409598806633     
 -0.90000000000000002      -0.59999999999999998      -0.27428078103931069     
 -0.80000000000000004      -0.59999999999999998       0.29552292693148347     
 -0.69999999999999996      -0.59999999999999998       0.75232241860075966     
 -0.59999999999999998      -0.59999999999999998       0.91684101837703857     
 -0.49999999999999994      -0.59999999999999998       0.73882947309799818     
 -0.39999999999999991      -0.59999999999999998       0.26929857222946846     
 -0.29999999999999993      -0.59999999999999998      -0.30614547550559634     
 -0.19999999999999993      -0.59999999999999998      -0.78419059059170804     
  -9.9999999999999978E-002 -0.59999999999999998      -0.95510301408042897     
   2.7755575615628914E-017 -0.59999999999999998      -0.76960403018833734     
  0.10000000000000009      -0.59999999999999998      -0.28362040371572400     
  0.20000000000000009      -0.59999999999999998       0.30336770183872980     
  0.30000000000000016      -0.59999999999999998       0.77988266353678004     
  0.40000000000000013      -0.59999999999999998       0.95241913762438790     
  0.50000000000000011      -0.59999999999999998       0.76576319214810373     
  0.60000000000000009      -0.59999999999999998       0.28149179084025816     
  0.70000000000000007      -0.59999999999999998      -0.30637383913280164     
  0.80000000000000004      -0.59999999999999998      -0.78128567167468721     
  0.90000000000000002      -0.59999999999999998      -0.95420383879057968     
   1.0000000000000000      -0.59999999999999998      -0.75538081095717358     
  -1.0000000000000000      -0.49999999999999994      -0.60391112983335871     
 -0.90000000000000002      -0.49999999999999994      -0.22085107657814390     
 -0.80000000000000004      -0.49999999999999994       0.23832038610941858     
 -0.69999999999999996      -0.49999999999999994       0.60636234285548818     
 -0.59999999999999998      -0.49999999999999994       0.73882947309799574     
 -0.49999999999999994      -0.49999999999999994       0.59527193642080334     
 -0.39999999999999991      -0.49999999999999994       0.21683657957723440     
 -0.29999999999999993      -0.49999999999999994      -0.24688794087466759     
 -0.19999999999999993      -0.49999999999999994      -0.63204800258496674     
  -9.9999999999999978E-002 -0.49999999999999994      -0.76966300038227997     
   2.7755575615628914E-017 -0.49999999999999994      -0.62006857738060461     
  0.10000000000000009      -0.49999999999999994      -0.22837115003236044     
  0.20000000000000009      -0.49999999999999994       0.24464793689863881     
  0.30000000000000016      -0.49999999999999994       0.62857564275007471     
  0.40000000000000013      -0.49999999999999994       0.76749920901042568     
  0.50000000000000011      -0.49999999999999994       0.61697205203662642     
  0.60000000000000009      -0.49999999999999994       0.22665473092386551     
  0.70000000000000007      -0.49999999999999994      -0.24707172839859884     
  0.80000000000000004      -0.49999999999999994      -0.62970777214951901     
  0.90000000000000002      -0.49999999999999994      -0.76893851696017901     
   1.0000000000000000      -0.49999999999999994      -0.60860830938278287     
  -1.0000000000000000      -0.39999999999999991      -0.21998152988641767     
 -0.90000000000000002      -0.39999999999999991       -8.0277335450362003E-002
 -0.80000000000000004      -0.39999999999999991        8.7086954262978397E-002
 -0.69999999999999996      -0.39999999999999991       0.22115222036629029     
 -0.59999999999999998      -0.39999999999999991       0.26929857222947201     
 -0.49999999999999994      -0.39999999999999991       0.21683657957723210     
 -0.39999999999999991      -0.39999999999999991        7.8814553597186518E-002
 -0.29999999999999993      -0.39999999999999991       -9.0219149146975611E-002
 -0.19999999999999993      -0.39999999999999991      -0.23052068172270437     
  -9.9999999999999978E-002 -0.39999999999999991      -0.28053767739482860     
   2.7755575615628914E-017 -0.39999999999999991      -0.22587126569877777     
  0.10000000000000009      -0.39999999999999991       -8.3010564655351018E-002
  0.20000000000000009      -0.39999999999999991        8.9400724911686463E-002
  0.30000000000000016      -0.39999999999999991       0.22925396086877708     
  0.40000000000000013      -0.39999999999999991       0.27974771932311676     
  0.50000000000000011      -0.39999999999999991       0.22474082244566154     
  0.60000000000000009      -0.39999999999999991        8.2383566799839991E-002
  0.70000000000000007      -0.39999999999999991       -9.0285839622318759E-002
  0.80000000000000004      -0.39999999999999991      -0.22966853415824376     
  0.90000000000000002      -0.39999999999999991      -0.28027374656578363     
   1.0000000000000000      -0.39999999999999991      -0.22169584173541401     
  -1.0000000000000000      -0.29999999999999993       0.25047438049523285     
 -0.90000000000000002      -0.29999999999999993        9.1883415033045937E-002
 -0.80000000000000004      -0.29999999999999993       -9.8382660633060670E-002
 -0.69999999999999996      -0.29999999999999993      -0.25102645399186918     
 -0.59999999999999998      -0.29999999999999993      -0.30614547550559357     
 -0.49999999999999994      -0.29999999999999993      -0.24688794087466606     
 -0.39999999999999991      -0.29999999999999993       -9.0219149146972155E-002
 -0.29999999999999993      -0.29999999999999993       0.10191707988201927     
 -0.19999999999999993      -0.29999999999999993       0.26165933102069966     
  -9.9999999999999978E-002 -0.29999999999999993       0.31892101812137025     
   2.7755575615628914E-017 -0.29999999999999993       0.25716871664522040     
  0.10000000000000009      -0.29999999999999993        9.5012499854653681E-002
  0.20000000000000009      -0.29999999999999993      -0.10099217246769625     
  0.30000000000000016      -0.29999999999999993      -0.26022229095654209     
  0.40000000000000013      -0.29999999999999993      -0.31802654146990639     
  0.50000000000000011      -0.29999999999999993      -0.25588859952082033     
  0.60000000000000009      -0.29999999999999993       -9.4303572912742398E-002
  0.70000000000000007      -0.29999999999999993       0.10199373491821744     
  0.80000000000000004      -0.29999999999999993       0.26068819654533087     
  0.90000000000000002      -0.29999999999999993       0.31862058521210229     
   1.0000000000000000      -0.29999999999999993       0.25241701698995711     
  -1.0000000000000000      -0.19999999999999993       0.64122429303677209     
 -0.90000000000000002      -0.19999999999999993       0.23478245274117160     
 -0.80000000000000004      -0.19999999999999993      -0.25258151475362323     
 -0.69999999999999996      -0.19999999999999993      -0.64336027062109180     
 -0.59999999999999998      -0.19999999999999993      -0.78419059059171081     
 -0.49999999999999994      -0.19999999999999993      -0.63204800258496829     
 -0.39999999999999991      -0.19999999999999993      -0.23052068172269596     
 -0.29999999999999993      -0.19999999999999993       0.26165933102070182     
 -0.19999999999999993      -0.19999999999999993       0.67061250272884321     
  -9.9999999999999978E-002 -0.19999999999999993       0.81691635840993793     
   2.7755575615628914E-017 -0.19999999999999993       0.65837298518020604     
  0.10000000000000009      -0.19999999999999993       0.24277731268940331     
  0.20000000000000009      -0.19999999999999993      -0.25928508788986016     
  0.30000000000000016      -0.19999999999999993      -0.66692874846762118     
  0.40000000000000013      -0.19999999999999993      -0.81462185267273080     
  0.50000000000000011      -0.19999999999999993      -0.65508933559682070     
  0.60000000000000009      -0.19999999999999993      -0.24095782089813464     
  0.70000000000000007      -0.19999999999999993       0.26185490445203358     
  0.80000000000000004      -0.19999999999999993       0.66812716156630791     
  0.90000000000000002      -0.19999999999999993       0.81614716165865286     
   1.0000000000000000      -0.19999999999999993       0.64620613052191811     
  -1.0000000000000000       -9.9999999999999978E-002  0.78083519897692177     
 -0.90000000000000002       -9.9999999999999978E-002  0.28572780719069751     
 -0.80000000000000004       -9.9999999999999978E-002 -0.30785519133647382     
 -0.69999999999999996       -9.9999999999999978E-002 -0.78371826795035271     
 -0.59999999999999998       -9.9999999999999978E-002 -0.95510301408042808     
 -0.49999999999999994       -9.9999999999999978E-002 -0.76966300038227853     
 -0.39999999999999991       -9.9999999999999978E-002 -0.28053767739483199     
 -0.29999999999999993       -9.9999999999999978E-002  0.31892101812137286     
 -0.19999999999999993       -9.9999999999999978E-002  0.81691635840993804     
  -9.9999999999999978E-002  -9.9999999999999978E-002  0.99496177415927101     
   2.7755575615628914E-017  -9.9999999999999978E-002  0.80172186422653402     
  0.10000000000000009       -9.9999999999999978E-002  0.29545721692538057     
  0.20000000000000009       -9.9999999999999978E-002 -0.31602732671639677     
  0.30000000000000016       -9.9999999999999978E-002 -0.81242865414502652     
  0.40000000000000013       -9.9999999999999978E-002 -0.99216589660325583     
  0.50000000000000011       -9.9999999999999978E-002 -0.79772074373930524     
  0.60000000000000009       -9.9999999999999978E-002 -0.29323977573817261     
  0.70000000000000007       -9.9999999999999978E-002  0.31915891274631003     
  0.80000000000000004       -9.9999999999999978E-002  0.81389020782114707     
  0.90000000000000002       -9.9999999999999978E-002  0.99402507372004101     
   1.0000000000000000       -9.9999999999999978E-002  0.78690507062373294     
  -1.0000000000000000        2.7755575615628914E-017  0.62906766999263830     
 -0.90000000000000002        2.7755575615628914E-017  0.23005298501226443     
 -0.80000000000000004        2.7755575615628914E-017 -0.24824441375445261     
 -0.69999999999999996        2.7755575615628914E-017 -0.63161751505665720     
 -0.59999999999999998        2.7755575615628914E-017 -0.76960403018833345     
 -0.49999999999999994        2.7755575615628914E-017 -0.62006857738060728     
 -0.39999999999999991        2.7755575615628914E-017 -0.22587126569877433     
 -0.29999999999999993        2.7755575615628914E-017  0.25716871664522561     
 -0.19999999999999993        2.7755575615628914E-017  0.65837298518021081     
  -9.9999999999999978E-002   2.7755575615628914E-017  0.80172186422653235     
   2.7755575615628914E-017   2.7755575615628914E-017  0.64589812011262049     
  0.10000000000000009        2.7755575615628914E-017  0.23788639048863830     
  0.20000000000000009        2.7755575615628914E-017 -0.25483543396296987     
  0.30000000000000016        2.7755575615628914E-017 -0.65475600406906476     
  0.40000000000000013        2.7755575615628914E-017 -0.79946796005679588     
  0.50000000000000011        2.7755575615628914E-017 -0.64267263707692235     
  0.60000000000000009        2.7755575615628914E-017 -0.23609849433780095     
  0.70000000000000007        2.7755575615628914E-017  0.25736016322527649     
  0.80000000000000004        2.7755575615628914E-017  0.65593526620072407     
  0.90000000000000002        2.7755575615628914E-017  0.80096720207256666     
   1.0000000000000000        2.7755575615628914E-017  0.63396047398795652     
  -1.0000000000000000       0.10000000000000009       0.23168343601187358     
 -0.90000000000000002       0.10000000000000009        8.4551149841356948E-002
 -0.80000000000000004       0.10000000000000009       -9.1713919455520154E-002
 -0.69999999999999996       0.10000000000000009      -0.23291074426146968     
 -0.59999999999999998       0.10000000000000009      -0.28362040371572217     
 -0.49999999999999994       0.10000000000000009      -0.22837115003236094     
 -0.39999999999999991       0.10000000000000009       -8.3010564655351157E-002
 -0.29999999999999993       0.10000000000000009        9.5012499854654056E-002
 -0.19999999999999993       0.10000000000000009       0.24277731268940542     
  -9.9999999999999978E-002  0.10000000000000009       0.29545721692538229     
   2.7755575615628914E-017  0.10000000000000009       0.23788639048863874     
  0.10000000000000009       0.10000000000000009        8.7429896102693666E-002
  0.20000000000000009       0.10000000000000009       -9.4150589994517739E-002
  0.30000000000000016       0.10000000000000009      -0.24144324685005208     
  0.40000000000000013       0.10000000000000009      -0.29462527314813353     
  0.50000000000000011       0.10000000000000009      -0.23669586424369279     
  0.60000000000000009       0.10000000000000009       -8.6769581208138144E-002
  0.70000000000000007       0.10000000000000009        9.5082743133101666E-002
  0.80000000000000004       0.10000000000000009       0.24187982893148097     
  0.90000000000000002       0.10000000000000009       0.29517924691293634     
   1.0000000000000000       0.10000000000000009       0.23348887319494591     
  -1.0000000000000000       0.20000000000000009      -0.24820183845292312     
 -0.90000000000000002       0.20000000000000009       -9.1049890631822103E-002
 -0.80000000000000004       0.20000000000000009        9.7489829483332902E-002
 -0.69999999999999996       0.20000000000000009       0.24874869169030714     
 -0.59999999999999998       0.20000000000000009       0.30336770183872358     
 -0.49999999999999994       0.20000000000000009       0.24464793689863917     
 -0.39999999999999991       0.20000000000000009        8.9400724911685645E-002
 -0.29999999999999993       0.20000000000000009      -0.10099217246769431     
 -0.19999999999999993       0.20000000000000009      -0.25928508788984522     
  -9.9999999999999978E-002  0.20000000000000009      -0.31602732671639705     
   2.7755575615628914E-017  0.20000000000000009      -0.25483543396296282     
  0.10000000000000009       0.20000000000000009       -9.4150589994517808E-002
  0.20000000000000009       0.20000000000000009       0.10007565870006375     
  0.30000000000000016       0.20000000000000009       0.25786108743930769     
  0.40000000000000013       0.20000000000000009       0.31514096702104644     
  0.50000000000000011       0.20000000000000009       0.25356693317523699     
  0.60000000000000009       0.20000000000000009        9.3448096524471280E-002
  0.70000000000000007       0.20000000000000009      -0.10106813224929778     
  0.80000000000000004       0.20000000000000009      -0.25832276414487387     
  0.90000000000000002       0.20000000000000009      -0.31572961963066937     
   1.0000000000000000       0.20000000000000009      -0.25012684692396236     
  -1.0000000000000000       0.30000000000000016      -0.63770151699991928     
 -0.90000000000000002       0.30000000000000016      -0.23349231919797545     
 -0.80000000000000004       0.30000000000000016       0.25119432801289920     
 -0.69999999999999996       0.30000000000000016       0.63982621548649710     
 -0.59999999999999998       0.30000000000000016       0.77988266353678126     
 -0.49999999999999994       0.30000000000000016       0.62857564275007305     
 -0.39999999999999991       0.30000000000000016       0.22925396086877844     
 -0.29999999999999993       0.30000000000000016      -0.26022229095654215     
 -0.19999999999999993       0.30000000000000016      -0.66692874846762074     
  -9.9999999999999978E-002  0.30000000000000016      -0.81242865414502463     
   2.7755575615628914E-017  0.30000000000000016      -0.65475600406906298     
  0.10000000000000009       0.30000000000000016      -0.24144324685005103     
  0.20000000000000009       0.30000000000000016       0.25786108743930913     
  0.30000000000000016       0.30000000000000016       0.66326522904600993     
  0.40000000000000013       0.30000000000000016       0.81014675111733203     
  0.50000000000000011       0.30000000000000016       0.65149039019485466     
  0.60000000000000009       0.30000000000000016       0.23963374812294255     
  0.70000000000000007       0.30000000000000016      -0.26041678951862574     
  0.80000000000000004       0.30000000000000016      -0.66445706185279829     
  0.90000000000000002       0.30000000000000016      -0.81166368318087945     
   1.0000000000000000       0.30000000000000016      -0.64265599055876632     
  -1.0000000000000000       0.40000000000000013      -0.77863998383780342     
 -0.90000000000000002       0.40000000000000013      -0.28492326111829941     
 -0.80000000000000004       0.40000000000000013       0.30699174065684992     
 -0.69999999999999996       0.40000000000000013       0.78151700418692516     
 -0.59999999999999998       0.40000000000000013       0.95241913762439856     
 -0.49999999999999994       0.40000000000000013       0.76749920901042967     
 -0.39999999999999991       0.40000000000000013       0.27974771932311993     
 -0.29999999999999993       0.40000000000000013      -0.31802654146991005     
 -0.19999999999999993       0.40000000000000013      -0.81462185267273524     
  -9.9999999999999978E-002  0.40000000000000013      -0.99216589660325505     
   2.7755575615628914E-017  0.40000000000000013      -0.79946796005680376     
  0.10000000000000009       0.40000000000000013      -0.29462527314813464     
  0.20000000000000009       0.40000000000000013       0.31514096702105493     
  0.30000000000000016       0.40000000000000013       0.81014675111733203     
  0.40000000000000013       0.40000000000000013       0.98937786620050827     
  0.50000000000000011       0.40000000000000013       0.79547806969162582     
  0.60000000000000009       0.40000000000000013       0.29241405291405936     
  0.70000000000000007       0.40000000000000013      -0.31826376540862994     
  0.80000000000000004       0.40000000000000013      -0.81160421193963839     
  0.90000000000000002       0.40000000000000013      -0.99123182934911691     
   1.0000000000000000       0.40000000000000013      -0.78469281532035728     
  -1.0000000000000000       0.50000000000000011      -0.62592617562646391     
 -0.90000000000000002       0.50000000000000011      -0.22890166530025519     
 -0.80000000000000004       0.50000000000000011       0.24700869930056008     
 -0.69999999999999996       0.50000000000000011       0.62846730343880564     
 -0.59999999999999998       0.50000000000000011       0.76576319214810584     
 -0.49999999999999994       0.50000000000000011       0.61697205203662409     
 -0.39999999999999991       0.50000000000000011       0.22474082244566496     
 -0.29999999999999993       0.50000000000000011      -0.25588859952082088     
 -0.19999999999999993       0.50000000000000011      -0.65508933559682492     
  -9.9999999999999978E-002  0.50000000000000011      -0.79772074373930468     
   2.7755575615628914E-017  0.50000000000000011      -0.64267263707692412     
  0.10000000000000009       0.50000000000000011      -0.23669586424369213     
  0.20000000000000009       0.50000000000000011       0.25356693317523971     
  0.30000000000000016       0.50000000000000011       0.65149039019485644     
  0.40000000000000013       0.50000000000000011       0.79547806969162993     
  0.50000000000000011       0.50000000000000011       0.63946322562475688     
  0.60000000000000009       0.50000000000000011       0.23491687101920700     
  0.70000000000000007       0.50000000000000011      -0.25607908633173043     
  0.80000000000000004       0.50000000000000011      -0.65266379477471315     
  0.90000000000000002       0.50000000000000011      -0.79696984985920905     
   1.0000000000000000       0.50000000000000011      -0.63079459336388999     
  -1.0000000000000000       0.60000000000000009      -0.22994208583898393     
 -0.90000000000000002       0.60000000000000009       -8.3912581056623026E-002
 -0.80000000000000004       0.60000000000000009        9.1029579488171780E-002
 -0.69999999999999996       0.60000000000000009       0.23116519045292033     
 -0.59999999999999998       0.60000000000000009       0.28149179084027792     
 -0.49999999999999994       0.60000000000000009       0.22665473092386745     
 -0.39999999999999991       0.60000000000000009        8.2383566799832816E-002
 -0.29999999999999993       0.60000000000000009       -9.4303572912746214E-002
 -0.19999999999999993       0.60000000000000009      -0.24095782089816606     
  -9.9999999999999978E-002  0.60000000000000009      -0.29323977573817078     
   2.7755575615628914E-017  0.60000000000000009      -0.23609849433780725     
  0.10000000000000009       0.60000000000000009       -8.6769581208137422E-002
  0.20000000000000009       0.60000000000000009        9.3448096524495691E-002
  0.30000000000000016       0.60000000000000009       0.23963374812294275     
  0.40000000000000013       0.60000000000000009       0.29241405291407613     
  0.50000000000000011       0.60000000000000009       0.23491687101920697     
  0.60000000000000009       0.60000000000000009        8.6114197285557262E-002
  0.70000000000000007       0.60000000000000009       -9.4373283626614901E-002
  0.80000000000000004       0.60000000000000009      -0.24006708821586356     
  0.90000000000000002       0.60000000000000009      -0.29296389443036314     
   1.0000000000000000       0.60000000000000009      -0.23173401302156346     
  -1.0000000000000000       0.70000000000000007       0.25066083233687964     
 -0.90000000000000002       0.70000000000000007        9.1951345623664971E-002
 -0.80000000000000004       0.70000000000000007       -9.8456653485578319E-002
 -0.69999999999999996       0.70000000000000007      -0.25121407898238796     
 -0.59999999999999998       0.70000000000000007      -0.30637383913280308     
 -0.49999999999999994       0.70000000000000007      -0.24707172839859792     
 -0.39999999999999991       0.70000000000000007       -9.0285839622319897E-002
 -0.29999999999999993       0.70000000000000007       0.10199373491821685     
 -0.19999999999999993       0.70000000000000007       0.26185490445203197     
  -9.9999999999999978E-002  0.70000000000000007       0.31915891274630837     
   2.7755575615628914E-017  0.70000000000000007       0.25736016322527888     
  0.10000000000000009       0.70000000000000007        9.5082743133100708E-002
  0.20000000000000009       0.70000000000000007      -0.10106813224929599     
  0.30000000000000016       0.70000000000000007      -0.26041678951862512     
  0.40000000000000013       0.70000000000000007      -0.31826376540863111     
  0.50000000000000011       0.70000000000000007      -0.25607908633172866     
  0.60000000000000009       0.70000000000000007       -9.4373283626615720E-002
  0.70000000000000007       0.70000000000000007       0.10207044632478081     
  0.80000000000000004       0.70000000000000007       0.26088304788617134     
  0.90000000000000002       0.70000000000000007       0.31885825611169194     
   1.0000000000000000       0.70000000000000007       0.25260492398495171     
  -1.0000000000000000       0.80000000000000004       0.63885010246343177     
 -0.90000000000000002       0.80000000000000004       0.23391452192681297     
 -0.80000000000000004       0.80000000000000004      -0.25164408334482130     
 -0.69999999999999996       0.80000000000000004      -0.64097593140157860     
 -0.59999999999999998       0.80000000000000004      -0.78128567167470886     
 -0.49999999999999994       0.80000000000000004      -0.62970777214952234     
 -0.39999999999999991       0.80000000000000004      -0.22966853415824853     
 -0.29999999999999993       0.80000000000000004       0.26068819654533232     
 -0.19999999999999993       0.80000000000000004       0.66812716156631902     
  -9.9999999999999978E-002  0.80000000000000004       0.81389020782115151     
   2.7755575615628914E-017  0.80000000000000004       0.65593526620073794     
  0.10000000000000009       0.80000000000000004       0.24187982893148213     
  0.20000000000000009       0.80000000000000004      -0.25832276414488553     
  0.30000000000000016       0.80000000000000004      -0.66445706185280140     
  0.40000000000000013       0.80000000000000004      -0.81160421193964416     
  0.50000000000000011       0.80000000000000004      -0.65266379477471559     
  0.60000000000000009       0.80000000000000004      -0.24006708821584866     
  0.70000000000000007       0.80000000000000004       0.26088304788617322     
  0.80000000000000004       0.80000000000000004       0.66565102018683153     
  0.90000000000000002       0.80000000000000004       0.81312385933671205     
   1.0000000000000000       0.80000000000000004       0.64381346759801450     
  -1.0000000000000000       0.90000000000000002       0.78010020079355724     
 -0.90000000000000002       0.90000000000000002       0.28545899053748242     
 -0.80000000000000004       0.90000000000000002      -0.30756518389010273     
 -0.69999999999999996       0.90000000000000002      -0.78298033035710979     
 -0.59999999999999998       0.90000000000000002      -0.95420383879058079     
 -0.49999999999999994       0.90000000000000002      -0.76893851696017690     
 -0.39999999999999991       0.90000000000000002      -0.28027374656578979     
 -0.29999999999999993       0.90000000000000002       0.31862058521210163     
 -0.19999999999999993       0.90000000000000002       0.81614716165864909     
  -9.9999999999999978E-002  0.90000000000000002       0.99402507372003701     
   2.7755575615628914E-017  0.90000000000000002       0.80096720207256800     
  0.10000000000000009       0.90000000000000002       0.29517924691293662     
  0.20000000000000009       0.90000000000000002      -0.31572961963066659     
  0.30000000000000016       0.90000000000000002      -0.81166368318087756     
  0.40000000000000013       0.90000000000000002      -0.99123182934911658     
  0.50000000000000011       0.90000000000000002      -0.79696984985920738     
  0.60000000000000009       0.90000000000000002      -0.29296389443036641     
  0.70000000000000007       0.90000000000000002       0.31885825611169172     
  0.80000000000000004       0.90000000000000002       0.81312385933670495     
  0.90000000000000002       0.90000000000000002       0.99308925501969347     
   1.0000000000000000       0.90000000000000002       0.78616435620328362     
  -1.0000000000000000        1.0000000000000000       0.61744106893290929     
 -0.90000000000000002        1.0000000000000000       0.22580027552687679     
 -0.80000000000000004        1.0000000000000000      -0.24365760160886363     
 -0.69999999999999996        1.0000000000000000      -0.61994510462797936     
 -0.59999999999999998        1.0000000000000000      -0.75538081095716614     
 -0.49999999999999994        1.0000000000000000      -0.60860830938278443     
 -0.39999999999999991        1.0000000000000000      -0.22169584173540957     
 -0.29999999999999993        1.0000000000000000       0.25241701698995933     
 -0.19999999999999993        1.0000000000000000       0.64620613052191789     
  -9.9999999999999978E-002   1.0000000000000000       0.78690507062372983     
   2.7755575615628914E-017   1.0000000000000000       0.63396047398794897     
  0.10000000000000009        1.0000000000000000       0.23348887319494641     
  0.20000000000000009        1.0000000000000000      -0.25012684692396941     
  0.30000000000000016        1.0000000000000000      -0.64265599055876244     
  0.40000000000000013        1.0000000000000000      -0.78469281532033763     
  0.50000000000000011        1.0000000000000000      -0.63079459336388510     
  0.60000000000000009        1.0000000000000000      -0.23173401302154753     
  0.70000000000000007        1.0000000000000000       0.25260492398494960     
  0.80000000000000004        1.0000000000000000       0.64381346759799074     
  0.90000000000000002        1.0000000000000000       0.78616435620328096     
   1.0000000000000000        1.0000000000000000       0.62224345848747076     
