  -1.0000000000000000       -1.0000000000000000        7.8421408520480329E-005
 -0.90000000000000002       -1.0000000000000000       -1.0173542388465816E-002
 -0.80000000000000004       -1.0000000000000000       -1.6544079803321867E-002
 -0.69999999999999996       -1.0000000000000000       -1.6764817493511178E-002
 -0.59999999999999998       -1.0000000000000000       -1.0365201313244315E-002
 -0.49999999999999994       -1.0000000000000000       -1.6544179712911592E-004
 -0.39999999999999991       -1.0000000000000000        1.0662506737235570E-002
 -0.29999999999999993       -1.0000000000000000        1.7260672293204608E-002
 -0.19999999999999993       -1.0000000000000000        1.7500180061082608E-002
  -9.9999999999999978E-002  -1.0000000000000000        1.0865059388047431E-002
   2.7755575615628914E-017  -1.0000000000000000        3.1622172514641936E-004
  0.10000000000000009       -1.0000000000000000       -1.0547147144093249E-002
  0.20000000000000009       -1.0000000000000000       -1.7145560590655248E-002
  0.30000000000000016       -1.0000000000000000       -1.7385222840705015E-002
  0.40000000000000013       -1.0000000000000000       -1.0746957370757388E-002
  0.50000000000000011       -1.0000000000000000       -1.9886346826053687E-004
  0.60000000000000009       -1.0000000000000000        1.0672145941936249E-002
  0.70000000000000007       -1.0000000000000000        1.7260208446283037E-002
  0.80000000000000004       -1.0000000000000000        1.7513133583417922E-002
  0.90000000000000002       -1.0000000000000000        1.0864487717718217E-002
   1.0000000000000000       -1.0000000000000000        3.2734537252537626E-004
  -1.0000000000000000      -0.90000000000000002       -1.0173542388466827E-002
 -0.90000000000000002      -0.90000000000000002       0.29822503278416118     
 -0.80000000000000004      -0.90000000000000002       0.49276165468427235     
 -0.69999999999999996      -0.90000000000000002       0.50409492929491262     
 -0.59999999999999998      -0.90000000000000002       0.31643569645374120     
 -0.49999999999999994      -0.90000000000000002        1.2764020145003649E-002
 -0.39999999999999991      -0.90000000000000002      -0.31264598687365669     
 -0.29999999999999993      -0.90000000000000002      -0.51408452425152418     
 -0.19999999999999993      -0.90000000000000002      -0.52617314259387371     
  -9.9999999999999978E-002 -0.90000000000000002      -0.33160263931699169     
   2.7755575615628914E-017 -0.90000000000000002       -1.7410220453480178E-002
  0.10000000000000009      -0.90000000000000002       0.30919491769313184     
  0.20000000000000009      -0.90000000000000002       0.51067234657522076     
  0.30000000000000016      -0.90000000000000002       0.52274814937798308     
  0.40000000000000013      -0.90000000000000002       0.32809188075562890     
  0.50000000000000011      -0.90000000000000002        1.3922486850635633E-002
  0.60000000000000009      -0.90000000000000002      -0.31293603283719501     
  0.70000000000000007      -0.90000000000000002      -0.51407643379928503     
  0.80000000000000004      -0.90000000000000002      -0.52655443252866863     
  0.90000000000000002      -0.90000000000000002      -0.33157950458757079     
   1.0000000000000000      -0.90000000000000002       -1.7613761473558628E-002
  -1.0000000000000000      -0.80000000000000004       -1.6544079803329857E-002
 -0.90000000000000002      -0.80000000000000004       0.49276165468427408     
 -0.80000000000000004      -0.80000000000000004       0.81393438134199891     
 -0.69999999999999996      -0.80000000000000004       0.83249637899166684     
 -0.59999999999999998      -0.80000000000000004       0.52242634073598615     
 -0.49999999999999994      -0.80000000000000004        2.0823028662474891E-002
 -0.39999999999999991      -0.80000000000000004      -0.51658665590690522     
 -0.29999999999999993      -0.80000000000000004      -0.84915578085548227     
 -0.19999999999999993      -0.80000000000000004      -0.86895892017801468     
  -9.9999999999999978E-002 -0.80000000000000004      -0.54746954839758999     
   2.7755575615628914E-017 -0.80000000000000004       -2.8492376596043339E-002
  0.10000000000000009      -0.80000000000000004       0.51088674708440340     
  0.20000000000000009      -0.80000000000000004       0.84351906553904243     
  0.30000000000000016      -0.80000000000000004       0.86330161500515035     
  0.40000000000000013      -0.80000000000000004       0.54167031513603647     
  0.50000000000000011      -0.80000000000000004        2.2731146549244699E-002
  0.60000000000000009      -0.80000000000000004      -0.51706565052948050     
  0.70000000000000007      -0.80000000000000004      -0.84914222700148623     
  0.80000000000000004      -0.80000000000000004      -0.86958887810650998     
  0.90000000000000002      -0.80000000000000004      -0.54743153779496989     
   1.0000000000000000      -0.80000000000000004       -2.8832826689173544E-002
  -1.0000000000000000      -0.69999999999999996       -1.6764817493508301E-002
 -0.90000000000000002      -0.69999999999999996       0.50409492929491184     
 -0.80000000000000004      -0.69999999999999996       0.83249637899166140     
 -0.69999999999999996      -0.69999999999999996       0.85138663706873774     
 -0.59999999999999998      -0.69999999999999996       0.53418640431735931     
 -0.49999999999999994      -0.69999999999999996        2.1141377008907673E-002
 -0.39999999999999991      -0.69999999999999996      -0.52846611732605475     
 -0.29999999999999993      -0.69999999999999996      -0.86852142518303677     
 -0.19999999999999993      -0.69999999999999996      -0.88867720891982482     
  -9.9999999999999978E-002 -0.69999999999999996      -0.55979516069745761     
   2.7755575615628914E-017 -0.69999999999999996       -2.8982525434009778E-002
  0.10000000000000009      -0.69999999999999996       0.52263652232534952     
  0.20000000000000009      -0.69999999999999996       0.86275583547491663     
  0.30000000000000016      -0.69999999999999996       0.88289090768808753     
  0.40000000000000013      -0.69999999999999996       0.55386353683659217     
  0.50000000000000011      -0.69999999999999996        2.3089754040323769E-002
  0.60000000000000009      -0.69999999999999996      -0.52895597673789474     
  0.70000000000000007      -0.69999999999999996      -0.86850744787367118     
  0.80000000000000004      -0.69999999999999996      -0.88932162365036327     
  0.90000000000000002      -0.69999999999999996      -0.55975640524959991     
   1.0000000000000000      -0.69999999999999996       -2.9333291796123984E-002
  -1.0000000000000000      -0.59999999999999998       -1.0365201313235525E-002
 -0.90000000000000002      -0.59999999999999998       0.31643569645374608     
 -0.80000000000000004      -0.59999999999999998       0.52242634073600969     
 -0.69999999999999996      -0.59999999999999998       0.53418640431736486     
 -0.59999999999999998      -0.59999999999999998       0.33507143870767880     
 -0.49999999999999994      -0.59999999999999998        1.3111703603717649E-002
 -0.39999999999999991      -0.59999999999999998      -0.33173246805376422     
 -0.29999999999999993      -0.59999999999999998      -0.54503397584405011     
 -0.19999999999999993      -0.59999999999999998      -0.55758431749941628     
  -9.9999999999999978E-002 -0.59999999999999998      -0.35113647746296917     
   2.7755575615628914E-017 -0.59999999999999998       -1.8029273842734121E-002
  0.10000000000000009      -0.59999999999999998       0.32807445269005842     
  0.20000000000000009      -0.59999999999999998       0.54141550169839492     
  0.30000000000000016      -0.59999999999999998       0.55395319136745569     
  0.40000000000000013      -0.59999999999999998       0.34741399859639371     
  0.50000000000000011      -0.59999999999999998        1.4331159230579380E-002
  0.60000000000000009      -0.59999999999999998      -0.33203981697145596     
  0.70000000000000007      -0.59999999999999998      -0.54502509096933560     
  0.80000000000000004      -0.59999999999999998      -0.55798880452513111     
  0.90000000000000002      -0.59999999999999998      -0.35111227790864824     
   1.0000000000000000      -0.59999999999999998       -1.8251928185860949E-002
  -1.0000000000000000      -0.49999999999999994       -1.6544179712737052E-004
 -0.90000000000000002      -0.49999999999999994        1.2764020145003635E-002
 -0.80000000000000004      -0.49999999999999994        2.0823028662476453E-002
 -0.69999999999999996      -0.49999999999999994        2.1141377008907690E-002
 -0.59999999999999998      -0.49999999999999994        1.3111703603717925E-002
 -0.49999999999999994      -0.49999999999999994        2.7495747967562798E-004
 -0.39999999999999991      -0.49999999999999994       -1.3378234504863756E-002
 -0.29999999999999993      -0.49999999999999994       -2.1724784070852030E-002
 -0.19999999999999993      -0.49999999999999994       -2.2068428459680732E-002
  -9.9999999999999978E-002 -0.49999999999999994       -1.3743218397796927E-002
   2.7755575615628914E-017 -0.49999999999999994       -4.6605662662533773E-004
  0.10000000000000009      -0.49999999999999994        1.3232909713608751E-002
  0.20000000000000009      -0.49999999999999994        2.1580039728917692E-002
  0.30000000000000016      -0.49999999999999994        2.1923730172077254E-002
  0.40000000000000013      -0.49999999999999994        1.3594629184825444E-002
  0.50000000000000011      -0.49999999999999994        3.1841096572016403E-004
  0.60000000000000009      -0.49999999999999994       -1.3390391925267357E-002
  0.70000000000000007      -0.49999999999999994       -2.1724249015169669E-002
  0.80000000000000004      -0.49999999999999994       -2.2084693776391023E-002
  0.90000000000000002      -0.49999999999999994       -1.3742446845935908E-002
   1.0000000000000000      -0.49999999999999994       -4.7896923380334359E-004
  -1.0000000000000000      -0.39999999999999991        1.0662506737266316E-002
 -0.90000000000000002      -0.39999999999999991      -0.31264598687365169     
 -0.80000000000000004      -0.39999999999999991      -0.51658665590688435     
 -0.69999999999999996      -0.39999999999999991      -0.52846611732605675     
 -0.59999999999999998      -0.39999999999999991      -0.33173246805373946     
 -0.49999999999999994      -0.39999999999999991       -1.3378234504864781E-002
 -0.39999999999999991      -0.39999999999999991       0.32776424665391962     
 -0.29999999999999993      -0.39999999999999991       0.53894049286336976     
 -0.19999999999999993      -0.39999999999999991       0.55161174557110315     
  -9.9999999999999978E-002 -0.39999999999999991       0.34763262776864307     
   2.7755575615628914E-017 -0.39999999999999991        1.8249020389417756E-002
  0.10000000000000009      -0.39999999999999991      -0.32414632409219302     
  0.20000000000000009      -0.39999999999999991      -0.53536333045289830     
  0.30000000000000016      -0.39999999999999991      -0.54802115448842814     
  0.40000000000000013      -0.39999999999999991      -0.34395212163782207     
  0.50000000000000011      -0.39999999999999991       -1.4592652147592103E-002
  0.60000000000000009      -0.39999999999999991       0.32806831522937674     
  0.70000000000000007      -0.39999999999999991       0.53893200910144745     
  0.80000000000000004      -0.39999999999999991       0.55201147254804517     
  0.90000000000000002      -0.39999999999999991       0.34760837675530359     
   1.0000000000000000      -0.39999999999999991        1.8462450303254423E-002
  -1.0000000000000000      -0.29999999999999993        1.7260672293208386E-002
 -0.90000000000000002      -0.29999999999999993      -0.51408452425152240     
 -0.80000000000000004      -0.29999999999999993      -0.84915578085547905     
 -0.69999999999999996      -0.29999999999999993      -0.86852142518303488     
 -0.59999999999999998      -0.29999999999999993      -0.54503397584404289     
 -0.49999999999999994      -0.29999999999999993       -2.1724784070853192E-002
 -0.39999999999999991      -0.29999999999999993       0.53894049286337653     
 -0.29999999999999993      -0.29999999999999993       0.88590131493265645     
 -0.19999999999999993      -0.29999999999999993       0.90656182591681767     
  -9.9999999999999978E-002 -0.29999999999999993       0.57116090294829558     
   2.7755575615628914E-017 -0.29999999999999993        2.9726021334097730E-002
  0.10000000000000009      -0.29999999999999993      -0.53299393045595600     
  0.20000000000000009      -0.29999999999999993      -0.88002068333837125     
  0.30000000000000016      -0.29999999999999993      -0.90065971196984829     
  0.40000000000000013      -0.29999999999999993      -0.56511071994152184     
  0.50000000000000011      -0.29999999999999993       -2.3715486131808353E-002
  0.60000000000000009      -0.29999999999999993       0.53944021528514408     
  0.70000000000000007      -0.29999999999999993       0.88588717505919823     
  0.80000000000000004      -0.29999999999999993       0.90721904363442984     
  0.90000000000000002      -0.29999999999999993       0.57112124698220024     
   1.0000000000000000      -0.29999999999999993        3.0081192643121445E-002
  -1.0000000000000000      -0.19999999999999993        1.7500180061084371E-002
 -0.90000000000000002      -0.19999999999999993      -0.52617314259387438     
 -0.80000000000000004      -0.19999999999999993      -0.86895892017801235     
 -0.69999999999999996      -0.19999999999999993      -0.88867720891982616     
 -0.59999999999999998      -0.19999999999999993      -0.55758431749941340     
 -0.49999999999999994      -0.19999999999999993       -2.2068428459679094E-002
 -0.39999999999999991      -0.19999999999999993       0.55161174557111459     
 -0.29999999999999993      -0.19999999999999993       0.90656182591681911     
 -0.19999999999999993      -0.19999999999999993       0.92760109616516817     
  -9.9999999999999978E-002 -0.19999999999999993       0.58431475119746457     
   2.7755575615628914E-017 -0.19999999999999993        3.0253033058603294E-002
  0.10000000000000009      -0.19999999999999993      -0.54552681783256196     
  0.20000000000000009      -0.19999999999999993      -0.90054371117151844     
  0.30000000000000016      -0.19999999999999993      -0.92156136035748781     
  0.40000000000000013      -0.19999999999999993      -0.57812332886049700     
  0.50000000000000011      -0.19999999999999993       -2.4102165009663598E-002
  0.60000000000000009      -0.19999999999999993       0.55212306075577822     
  0.70000000000000007      -0.19999999999999993       0.90654723720267527     
  0.80000000000000004      -0.19999999999999993       0.92827373501423094     
  0.90000000000000002      -0.19999999999999993       0.58427429745814807     
   1.0000000000000000      -0.19999999999999993        3.0619145053836234E-002
  -1.0000000000000000       -9.9999999999999978E-002   1.0865059388045170E-002
 -0.90000000000000002       -9.9999999999999978E-002 -0.33160263931699224     
 -0.80000000000000004       -9.9999999999999978E-002 -0.54746954839758810     
 -0.69999999999999996       -9.9999999999999978E-002 -0.55979516069745849     
 -0.59999999999999998       -9.9999999999999978E-002 -0.35113647746296967     
 -0.49999999999999994       -9.9999999999999978E-002  -1.3743218397797335E-002
 -0.39999999999999991       -9.9999999999999978E-002  0.34763262776864229     
 -0.29999999999999993       -9.9999999999999978E-002  0.57116090294829858     
 -0.19999999999999993       -9.9999999999999978E-002  0.58431475119746568     
  -9.9999999999999978E-002  -9.9999999999999978E-002  0.36797172169806464     
   2.7755575615628914E-017  -9.9999999999999978E-002   1.8896578175107748E-002
  0.10000000000000009       -9.9999999999999978E-002 -0.34379925476980233     
  0.20000000000000009       -9.9999999999999978E-002 -0.56736897863419367     
  0.30000000000000016       -9.9999999999999978E-002 -0.58050956177082957     
  0.40000000000000013       -9.9999999999999978E-002 -0.36407080343595122     
  0.50000000000000011       -9.9999999999999978E-002  -1.5021192432929840E-002
  0.60000000000000009       -9.9999999999999978E-002  0.34795471098820735     
  0.70000000000000007       -9.9999999999999978E-002  0.57115159434740737     
  0.80000000000000004       -9.9999999999999978E-002  0.58473862612234229     
  0.90000000000000002       -9.9999999999999978E-002  0.36794635977796436     
   1.0000000000000000       -9.9999999999999978E-002   1.9129857041204918E-002
  -1.0000000000000000        2.7755575615628914E-017   3.1622172513161794E-004
 -0.90000000000000002        2.7755575615628914E-017  -1.7410220453482814E-002
 -0.80000000000000004        2.7755575615628914E-017  -2.8492376596060534E-002
 -0.69999999999999996        2.7755575615628914E-017  -2.8982525434008932E-002
 -0.59999999999999998        2.7755575615628914E-017  -1.8029273842746444E-002
 -0.49999999999999994        2.7755575615628914E-017  -4.6605662662623724E-004
 -0.39999999999999991        2.7755575615628914E-017   1.8249020389427464E-002
 -0.29999999999999993        2.7755575615628914E-017   2.9726021334104014E-002
 -0.19999999999999993        2.7755575615628914E-017   3.0253033058606504E-002
  -9.9999999999999978E-002   2.7755575615628914E-017   1.8896578175105122E-002
   2.7755575615628914E-017   2.7755575615628914E-017   7.2931986934749859E-004
  0.10000000000000009        2.7755575615628914E-017  -1.8049997712529749E-002
  0.20000000000000009        2.7755575615628914E-017  -2.9528153862457485E-002
  0.30000000000000016        2.7755575615628914E-017  -3.0055029063029381E-002
  0.40000000000000013        2.7755575615628914E-017  -1.8693340820143418E-002
  0.50000000000000011        2.7755575615628914E-017  -5.2738358709171040E-004
  0.60000000000000009        2.7755575615628914E-017   1.8265689181499543E-002
  0.70000000000000007        2.7755575615628914E-017   2.9725354823849984E-002
  0.80000000000000004        2.7755575615628914E-017   3.0275237086802666E-002
  0.90000000000000002        2.7755575615628914E-017   1.8895452465333303E-002
   1.0000000000000000        2.7755575615628914E-017   7.4552372894565167E-004
  -1.0000000000000000       0.10000000000000009       -1.0547147144094840E-002
 -0.90000000000000002       0.10000000000000009       0.30919491769313051     
 -0.80000000000000004       0.10000000000000009       0.51088674708440096     
 -0.69999999999999996       0.10000000000000009       0.52263652232534830     
 -0.59999999999999998       0.10000000000000009       0.32807445269005608     
 -0.49999999999999994       0.10000000000000009        1.3232909713608621E-002
 -0.39999999999999991       0.10000000000000009      -0.32414632409219463     
 -0.29999999999999993       0.10000000000000009      -0.53299393045595578     
 -0.19999999999999993       0.10000000000000009      -0.54552681783255930     
  -9.9999999999999978E-002  0.10000000000000009      -0.34379925476980094     
   2.7755575615628914E-017  0.10000000000000009       -1.8049997712527643E-002
  0.10000000000000009       0.10000000000000009       0.32056831651847262     
  0.20000000000000009       0.10000000000000009       0.52945624248635614     
  0.30000000000000016       0.10000000000000009       0.54197584427876055     
  0.40000000000000013       0.10000000000000009       0.34015936058116486     
  0.50000000000000011       0.10000000000000009        1.4433975334739764E-002
  0.60000000000000009       0.10000000000000009      -0.32444703849508505     
  0.70000000000000007       0.10000000000000009      -0.53298554197303272     
  0.80000000000000004       0.10000000000000009      -0.54592213298125059     
  0.90000000000000002       0.10000000000000009      -0.34377526955484716     
   1.0000000000000000       0.10000000000000009       -1.8261035384804943E-002
  -1.0000000000000000       0.20000000000000009       -1.7145560590670145E-002
 -0.90000000000000002       0.20000000000000009       0.51067234657521943     
 -0.80000000000000004       0.20000000000000009       0.84351906553901834     
 -0.69999999999999996       0.20000000000000009       0.86275583547492229     
 -0.59999999999999998       0.20000000000000009       0.54141550169838393     
 -0.49999999999999994       0.20000000000000009        2.1580039728918008E-002
 -0.39999999999999991       0.20000000000000009      -0.53536333045288864     
 -0.29999999999999993       0.20000000000000009      -0.88002068333837047     
 -0.19999999999999993       0.20000000000000009      -0.90054371117150356     
  -9.9999999999999978E-002  0.20000000000000009      -0.56736897863419677     
   2.7755575615628914E-017  0.20000000000000009       -2.9528153862460153E-002
  0.10000000000000009       0.20000000000000009       0.52945624248635670     
  0.20000000000000009       0.20000000000000009       0.87417908644420506     
  0.30000000000000016       0.20000000000000009       0.89468077568242155     
  0.40000000000000013       0.20000000000000009       0.56135895641527489     
  0.50000000000000011       0.20000000000000009        2.3557516205219793E-002
  0.60000000000000009       0.20000000000000009      -0.53585973553086907     
  0.70000000000000007       0.20000000000000009      -0.88000663693940029     
  0.80000000000000004       0.20000000000000009      -0.90119656659434122     
  0.90000000000000002       0.20000000000000009      -0.56732958631475094     
   1.0000000000000000       0.20000000000000009       -2.9880976229518331E-002
  -1.0000000000000000       0.30000000000000016       -1.7385222840706153E-002
 -0.90000000000000002       0.30000000000000016       0.52274814937798164     
 -0.80000000000000004       0.30000000000000016       0.86330161500514957     
 -0.69999999999999996       0.30000000000000016       0.88289090768808465     
 -0.59999999999999998       0.30000000000000016       0.55395319136745536     
 -0.49999999999999994       0.30000000000000016        2.1923730172078326E-002
 -0.39999999999999991       0.30000000000000016      -0.54802115448843003     
 -0.29999999999999993       0.30000000000000016      -0.90065971196984740     
 -0.19999999999999993       0.30000000000000016      -0.92156136035749137     
  -9.9999999999999978E-002  0.30000000000000016      -0.58050956177082846     
   2.7755575615628914E-017  0.30000000000000016       -3.0055029063029745E-002
  0.10000000000000009       0.30000000000000016       0.54197584427876144     
  0.20000000000000009       0.30000000000000016       0.89468077568242255     
  0.30000000000000016       0.30000000000000016       0.91556094603132554     
  0.40000000000000013       0.30000000000000016       0.57435844742287401     
  0.50000000000000011       0.30000000000000016        2.3944204862919601E-002
  0.60000000000000009       0.30000000000000016      -0.54852914041220613     
  0.70000000000000007       0.30000000000000016      -0.90064521748898452     
  0.80000000000000004       0.30000000000000016      -0.92222962063169522     
  0.90000000000000002       0.30000000000000016      -0.58046937219752670     
   1.0000000000000000       0.30000000000000016       -3.0418774179026515E-002
  -1.0000000000000000       0.40000000000000013       -1.0746957370756345E-002
 -0.90000000000000002       0.40000000000000013       0.32809188075563078     
 -0.80000000000000004       0.40000000000000013       0.54167031513605557     
 -0.69999999999999996       0.40000000000000013       0.55386353683659451     
 -0.59999999999999998       0.40000000000000013       0.34741399859640359     
 -0.49999999999999994       0.40000000000000013        1.3594629184827024E-002
 -0.39999999999999991       0.40000000000000013      -0.34395212163782929     
 -0.29999999999999993       0.40000000000000013      -0.56511071994152862     
 -0.19999999999999993       0.40000000000000013      -0.57812332886050477     
  -9.9999999999999978E-002  0.40000000000000013      -0.36407080343595255     
   2.7755575615628914E-017  0.40000000000000013       -1.8693340820143251E-002
  0.10000000000000009       0.40000000000000013       0.34015936058116514     
  0.20000000000000009       0.40000000000000013       0.56135895641528277     
  0.30000000000000016       0.40000000000000013       0.57435844742287478     
  0.40000000000000013       0.40000000000000013       0.36021120416009772     
  0.50000000000000011       0.40000000000000013        1.4859003269762134E-002
  0.60000000000000009       0.40000000000000013      -0.34427079196790317     
  0.70000000000000007       0.40000000000000013      -0.56510150774603829     
  0.80000000000000004       0.40000000000000013      -0.57854271550652414     
  0.90000000000000002       0.40000000000000013      -0.36404571251468448     
   1.0000000000000000       0.40000000000000013       -1.8924197687869487E-002
  -1.0000000000000000       0.50000000000000011       -1.9886346826094472E-004
 -0.90000000000000002       0.50000000000000011        1.3922486850636054E-002
 -0.80000000000000004       0.50000000000000011        2.2731146549246555E-002
 -0.69999999999999996       0.50000000000000011        2.3089754040323894E-002
 -0.59999999999999998       0.50000000000000011        1.4331159230580343E-002
 -0.49999999999999994       0.50000000000000011        3.1841096572089223E-004
 -0.39999999999999991       0.50000000000000011       -1.4592652147591914E-002
 -0.29999999999999993       0.50000000000000011       -2.3715486131808849E-002
 -0.19999999999999993       0.50000000000000011       -2.4102165009664552E-002
  -9.9999999999999978E-002  0.50000000000000011       -1.5021192432930233E-002
   2.7755575615628914E-017  0.50000000000000011       -5.2738358709169793E-004
  0.10000000000000009       0.50000000000000011        1.4433975334740397E-002
  0.20000000000000009       0.50000000000000011        2.3557516205220834E-002
  0.30000000000000016       0.50000000000000011        2.3944204862920589E-002
  0.40000000000000013       0.50000000000000011        1.4859003269762474E-002
  0.50000000000000011       0.50000000000000011        3.6622647231674744E-004
  0.60000000000000009       0.50000000000000011       -1.4605930403438189E-002
  0.70000000000000007       0.50000000000000011       -2.3714915373161768E-002
  0.80000000000000004       0.50000000000000011       -2.4119910188531598E-002
  0.90000000000000002       0.50000000000000011       -1.5020335969662884E-002
   1.0000000000000000       0.50000000000000011       -5.4118181254522160E-004
  -1.0000000000000000       0.60000000000000009        1.0672145941947497E-002
 -0.90000000000000002       0.60000000000000009      -0.31293603283719118     
 -0.80000000000000004       0.60000000000000009      -0.51706565052944087     
 -0.69999999999999996       0.60000000000000009      -0.52895597673789696     
 -0.59999999999999998       0.60000000000000009      -0.33203981697143486     
 -0.49999999999999994       0.60000000000000009       -1.3390391925267820E-002
 -0.39999999999999991       0.60000000000000009       0.32806831522935492     
 -0.29999999999999993       0.60000000000000009       0.53944021528513764     
 -0.19999999999999993       0.60000000000000009       0.55212306075575346     
  -9.9999999999999978E-002  0.60000000000000009       0.34795471098821046     
   2.7755575615628914E-017  0.60000000000000009        1.8265689181503900E-002
  0.10000000000000009       0.60000000000000009      -0.32444703849508411     
  0.20000000000000009       0.60000000000000009      -0.53585973553085275     
  0.30000000000000016       0.60000000000000009      -0.54852914041220457     
  0.40000000000000013       0.60000000000000009      -0.34427079196789273     
  0.50000000000000011       0.60000000000000009       -1.4605930403437231E-002
  0.60000000000000009       0.60000000000000009       0.32837266566568585     
  0.70000000000000007       0.60000000000000009       0.53943172347827495     
  0.80000000000000004       0.60000000000000009       0.55252315852513179     
  0.90000000000000002       0.60000000000000009       0.34793043767782961     
   1.0000000000000000       0.60000000000000009        1.8479321013611338E-002
  -1.0000000000000000       0.70000000000000007        1.7260208446286208E-002
 -0.90000000000000002       0.70000000000000007      -0.51407643379928347     
 -0.80000000000000004       0.70000000000000007      -0.84914222700148845     
 -0.69999999999999996       0.70000000000000007      -0.86850744787366796     
 -0.59999999999999998       0.70000000000000007      -0.54502509096933405     
 -0.49999999999999994       0.70000000000000007       -2.1724249015169842E-002
 -0.39999999999999991       0.70000000000000007       0.53893200910144956     
 -0.29999999999999993       0.70000000000000007       0.88588717505919667     
 -0.19999999999999993       0.70000000000000007       0.90654723720267794     
  -9.9999999999999978E-002  0.70000000000000007       0.57115159434740526     
   2.7755575615628914E-017  0.70000000000000007        2.9725354823847288E-002
  0.10000000000000009       0.70000000000000007      -0.53298554197303216     
  0.20000000000000009       0.70000000000000007      -0.88000663693940218     
  0.30000000000000016       0.70000000000000007      -0.90064521748898241     
  0.40000000000000013       0.70000000000000007      -0.56510150774603740     
  0.50000000000000011       0.70000000000000007       -2.3714915373160464E-002
  0.60000000000000009       0.70000000000000007       0.53943172347827906     
  0.70000000000000007       0.70000000000000007       0.88587303527421624     
  0.80000000000000004       0.70000000000000007       0.90720444454070592     
  0.90000000000000002       0.70000000000000007       0.57111193916042302     
   1.0000000000000000       0.70000000000000007        3.0080523531782023E-002
  -1.0000000000000000       0.80000000000000004        1.7513133583431460E-002
 -0.90000000000000002       0.80000000000000004      -0.52655443252866951     
 -0.80000000000000004       0.80000000000000004      -0.86958887810651520     
 -0.69999999999999996       0.80000000000000004      -0.88932162365036871     
 -0.59999999999999998       0.80000000000000004      -0.55798880452512856     
 -0.49999999999999994       0.80000000000000004       -2.2084693776390628E-002
 -0.39999999999999991       0.80000000000000004       0.55201147254805016     
 -0.29999999999999993       0.80000000000000004       0.90721904363443484     
 -0.19999999999999993       0.80000000000000004       0.92827373501423149     
  -9.9999999999999978E-002  0.80000000000000004       0.58473862612234473     
   2.7755575615628914E-017  0.80000000000000004        3.0275237086801045E-002
  0.10000000000000009       0.80000000000000004      -0.54592213298125292     
  0.20000000000000009       0.80000000000000004      -0.90119656659435465     
  0.30000000000000016       0.80000000000000004      -0.92222962063169767     
  0.40000000000000013       0.80000000000000004      -0.57854271550651626     
  0.50000000000000011       0.80000000000000004       -2.4119910188530130E-002
  0.60000000000000009       0.80000000000000004       0.55252315852515321     
  0.70000000000000007       0.80000000000000004       0.90720444454070581     
  0.80000000000000004       0.80000000000000004       0.92894686135271909     
  0.90000000000000002       0.80000000000000004       0.58469814284493882     
   1.0000000000000000       0.80000000000000004        3.0641610138948942E-002
  -1.0000000000000000       0.90000000000000002        1.0864487717717135E-002
 -0.90000000000000002       0.90000000000000002      -0.33157950458756952     
 -0.80000000000000004       0.90000000000000002      -0.54743153779496667     
 -0.69999999999999996       0.90000000000000002      -0.55975640524959736     
 -0.59999999999999998       0.90000000000000002      -0.35111227790864796     
 -0.49999999999999994       0.90000000000000002       -1.3742446845937450E-002
 -0.39999999999999991       0.90000000000000002       0.34760837675529960     
 -0.29999999999999993       0.90000000000000002       0.57112124698220001     
 -0.19999999999999993       0.90000000000000002       0.58427429745814852     
  -9.9999999999999978E-002  0.90000000000000002       0.36794635977796258     
   2.7755575615628914E-017  0.90000000000000002        1.8895452465334535E-002
  0.10000000000000009       0.90000000000000002      -0.34377526955484744     
  0.20000000000000009       0.90000000000000002      -0.56732958631474550     
  0.30000000000000016       0.90000000000000002      -0.58046937219752504     
  0.40000000000000013       0.90000000000000002      -0.36404571251468199     
  0.50000000000000011       0.90000000000000002       -1.5020335969662665E-002
  0.60000000000000009       0.90000000000000002       0.34793043767782766     
  0.70000000000000007       0.90000000000000002       0.57111193916042302     
  0.80000000000000004       0.90000000000000002       0.58469814284493526     
  0.90000000000000002       0.90000000000000002       0.36792099947739049     
   1.0000000000000000       0.90000000000000002        1.9128712160609136E-002
  -1.0000000000000000        1.0000000000000000        3.2734537250644029E-004
 -0.90000000000000002        1.0000000000000000       -1.7613761473559909E-002
 -0.80000000000000004        1.0000000000000000       -2.8832826689186884E-002
 -0.69999999999999996        1.0000000000000000       -2.9333291796122572E-002
 -0.59999999999999998        1.0000000000000000       -1.8251928185879972E-002
 -0.49999999999999994        1.0000000000000000       -4.7896923380491660E-004
 -0.39999999999999991        1.0000000000000000        1.8462450303252192E-002
 -0.29999999999999993        1.0000000000000000        3.0081192643125428E-002
 -0.19999999999999993        1.0000000000000000        3.0619145053838667E-002
  -9.9999999999999978E-002   1.0000000000000000        1.9129857041204575E-002
   2.7755575615628914E-017   1.0000000000000000        7.4552372895283245E-004
  0.10000000000000009        1.0000000000000000       -1.8261035384805835E-002
  0.20000000000000009        1.0000000000000000       -2.9880976229510397E-002
  0.30000000000000016        1.0000000000000000       -3.0418774179026296E-002
  0.40000000000000013        1.0000000000000000       -1.8924197687869928E-002
  0.50000000000000011        1.0000000000000000       -5.4118181254506743E-004
  0.60000000000000009        1.0000000000000000        1.8479321013599340E-002
  0.70000000000000007        1.0000000000000000        3.0080523531782127E-002
  0.80000000000000004        1.0000000000000000        3.0641610138949265E-002
  0.90000000000000002        1.0000000000000000        1.9128712160607089E-002
   1.0000000000000000        1.0000000000000000        7.6180147627144643E-004
