  -1.0000000000000000       -1.0000000000000000        8.5111449896565591E-002
 -0.90000000000000002       -1.0000000000000000       -9.3523003350349743E-002
 -0.80000000000000004       -1.0000000000000000      -0.23863023018009610     
 -0.69999999999999996       -1.0000000000000000      -0.29170408502957990     
 -0.59999999999999998       -1.0000000000000000      -0.23384829419104458     
 -0.49999999999999994       -1.0000000000000000       -8.6632797483598936E-002
 -0.39999999999999991       -1.0000000000000000        9.3649593245805143E-002
 -0.29999999999999993       -1.0000000000000000       0.23816066292894586     
 -0.19999999999999993       -1.0000000000000000       0.29170426545506689     
  -9.9999999999999978E-002  -1.0000000000000000       0.23382331641549858     
   2.7755575615628914E-017  -1.0000000000000000        8.6634948501910877E-002
  0.10000000000000009       -1.0000000000000000       -9.3649775735711538E-002
  0.20000000000000009       -1.0000000000000000      -0.23815993723090167     
  0.30000000000000016       -1.0000000000000000      -0.29170158865677931     
  0.40000000000000013       -1.0000000000000000      -0.23381835617232050     
  0.50000000000000011       -1.0000000000000000       -8.6629141102896726E-002
  0.60000000000000009       -1.0000000000000000        9.3690678920764936E-002
  0.70000000000000007       -1.0000000000000000       0.23817069844025612     
  0.80000000000000004       -1.0000000000000000       0.29184007038822224     
  0.90000000000000002       -1.0000000000000000       0.23378610996928567     
   1.0000000000000000       -1.0000000000000000        8.5597129088352916E-002
  -1.0000000000000000      -0.90000000000000002       -9.3523003350349382E-002
 -0.90000000000000002      -0.90000000000000002       0.10266593004406507     
 -0.80000000000000004      -0.90000000000000002       0.26205187166560684     
 -0.69999999999999996      -0.90000000000000002       0.32037114199184707     
 -0.59999999999999998      -0.90000000000000002       0.25685916732257325     
 -0.49999999999999994      -0.90000000000000002        9.5194378278827652E-002
 -0.39999999999999991      -0.90000000000000002      -0.10280518182303694     
 -0.29999999999999993      -0.90000000000000002      -0.26153626401185792     
 -0.19999999999999993      -0.90000000000000002      -0.32037136968829727     
  -9.9999999999999978E-002 -0.90000000000000002      -0.25683172535668625     
   2.7755575615628914E-017 -0.90000000000000002       -9.5196736968273535E-002
  0.10000000000000009      -0.90000000000000002       0.10280538486725324     
  0.20000000000000009      -0.90000000000000002       0.26153546250159693     
  0.30000000000000016      -0.90000000000000002       0.32036842693611911     
  0.40000000000000013      -0.90000000000000002       0.25682624556136535     
  0.50000000000000011      -0.90000000000000002        9.5190352038004786E-002
  0.60000000000000009      -0.90000000000000002      -0.10285041566773953     
  0.70000000000000007      -0.90000000000000002      -0.26154729862220311     
  0.80000000000000004      -0.90000000000000002      -0.32052063689732757     
  0.90000000000000002      -0.90000000000000002      -0.25679079381172121     
   1.0000000000000000      -0.90000000000000002       -9.4055694836303924E-002
  -1.0000000000000000      -0.80000000000000004      -0.23863023018009888     
 -0.90000000000000002      -0.80000000000000004       0.26205187166560773     
 -0.80000000000000004      -0.80000000000000004       0.66879361629294320     
 -0.69999999999999996      -0.80000000000000004       0.81759903118530775     
 -0.59999999999999998      -0.80000000000000004       0.65548663877063507     
 -0.49999999999999994      -0.80000000000000004       0.24289515969489128     
 -0.39999999999999991      -0.80000000000000004      -0.26240704163420969     
 -0.29999999999999993      -0.80000000000000004      -0.66747766786229801     
 -0.19999999999999993      -0.80000000000000004      -0.81759958481702477     
  -9.9999999999999978E-002 -0.80000000000000004      -0.65541661469918433     
   2.7755575615628914E-017 -0.80000000000000004      -0.24290118261470500     
  0.10000000000000009      -0.80000000000000004       0.26240755737506777     
  0.20000000000000009      -0.80000000000000004       0.66747562655627435     
  0.30000000000000016      -0.80000000000000004       0.81759207749359941     
  0.40000000000000013      -0.80000000000000004       0.65540265988413882     
  0.50000000000000011      -0.80000000000000004       0.24288489436820224     
  0.60000000000000009      -0.80000000000000004      -0.26252237737218870     
  0.70000000000000007      -0.80000000000000004      -0.66750581663888875     
  0.80000000000000004      -0.80000000000000004      -0.81798041233053675     
  0.90000000000000002      -0.80000000000000004      -0.65531221969653519     
   1.0000000000000000      -0.80000000000000004      -0.23999034559038820     
  -1.0000000000000000      -0.69999999999999996      -0.29170408502957834     
 -0.90000000000000002      -0.69999999999999996       0.32037114199184652     
 -0.80000000000000004      -0.69999999999999996       0.81759903118530619     
 -0.69999999999999996      -0.69999999999999996       0.99950027580298428     
 -0.59999999999999998      -0.69999999999999996       0.80131004832231600     
 -0.49999999999999994      -0.69999999999999996       0.29691769792696798     
 -0.39999999999999991      -0.69999999999999996      -0.32080525077084943     
 -0.29999999999999993      -0.69999999999999996      -0.81599026920457018     
 -0.19999999999999993      -0.69999999999999996      -0.99950094190529704     
  -9.9999999999999978E-002 -0.69999999999999996      -0.80122444858661290     
   2.7755575615628914E-017 -0.69999999999999996      -0.29692506218674769     
  0.10000000000000009      -0.69999999999999996       0.32080588030535950     
  0.20000000000000009      -0.69999999999999996       0.81598777537285261     
  0.30000000000000016      -0.69999999999999996       0.99949176538395668     
  0.40000000000000013      -0.69999999999999996       0.80120740069908192     
  0.50000000000000011      -0.69999999999999996       0.29690515256331046     
  0.60000000000000009      -0.69999999999999996      -0.32094620662426232     
  0.70000000000000007      -0.69999999999999996      -0.81602467592231187     
  0.80000000000000004      -0.69999999999999996      -0.99996645469616463     
  0.90000000000000002      -0.69999999999999996      -0.80109685242753770     
   1.0000000000000000      -0.69999999999999996      -0.29336706191436085     
  -1.0000000000000000      -0.59999999999999998      -0.23384829419104675     
 -0.90000000000000002      -0.59999999999999998       0.25685916732257441     
 -0.80000000000000004      -0.59999999999999998       0.65548663877064894     
 -0.69999999999999996      -0.59999999999999998       0.80131004832231778     
 -0.59999999999999998      -0.59999999999999998       0.64241007913485737     
 -0.49999999999999994      -0.59999999999999998       0.23802795015548464     
 -0.39999999999999991      -0.59999999999999998      -0.25720713148151098     
 -0.29999999999999993      -0.59999999999999998      -0.65419684572518899     
 -0.19999999999999993      -0.59999999999999998      -0.80131057360346925     
  -9.9999999999999978E-002 -0.59999999999999998      -0.64234145572680224     
   2.7755575615628914E-017 -0.59999999999999998      -0.23803385526155979     
  0.10000000000000009      -0.59999999999999998       0.25720763541076569     
  0.20000000000000009      -0.59999999999999998       0.65419484772356640     
  0.30000000000000016      -0.59999999999999998       0.80130321754428890     
  0.40000000000000013      -0.59999999999999998       0.64232779774712134     
  0.50000000000000011      -0.59999999999999998       0.23801789551939526     
  0.60000000000000009      -0.59999999999999998      -0.25732010460124849     
  0.70000000000000007      -0.59999999999999998      -0.65422442615202070     
  0.80000000000000004      -0.59999999999999998      -0.80168374582390212     
  0.90000000000000002      -0.59999999999999998      -0.64223918083677323     
   1.0000000000000000      -0.59999999999999998      -0.23518173283418053     
  -1.0000000000000000      -0.49999999999999994       -8.6632797483599394E-002
 -0.90000000000000002      -0.49999999999999994        9.5194378278827541E-002
 -0.80000000000000004      -0.49999999999999994       0.24289515969489045     
 -0.69999999999999996      -0.49999999999999994       0.29691769792696798     
 -0.59999999999999998      -0.49999999999999994       0.23802795015548461     
 -0.49999999999999994      -0.49999999999999994        8.8181337737316207E-002
 -0.39999999999999991      -0.49999999999999994       -9.5323231434137401E-002
 -0.29999999999999993      -0.49999999999999994      -0.24241720023848337     
 -0.19999999999999993      -0.49999999999999994      -0.29691788167389443     
  -9.9999999999999978E-002 -0.49999999999999994      -0.23800252592203811     
   2.7755575615628914E-017 -0.49999999999999994       -8.8183527188486585E-002
  0.10000000000000009      -0.49999999999999994        9.5323417194207935E-002
  0.20000000000000009      -0.49999999999999994       0.24241646155540003     
  0.30000000000000016      -0.49999999999999994       0.29691515702382831     
  0.40000000000000013      -0.49999999999999994       0.23799747691968734     
  0.50000000000000011      -0.49999999999999994        8.8177615971822040E-002
  0.60000000000000009      -0.49999999999999994       -9.5365051793083841E-002
  0.70000000000000007      -0.49999999999999994      -0.24242741515613733     
  0.80000000000000004      -0.49999999999999994      -0.29705611422259648     
  0.90000000000000002      -0.49999999999999994      -0.23796465426209698     
   1.0000000000000000      -0.49999999999999994       -8.7127154847285920E-002
  -1.0000000000000000      -0.39999999999999991        9.3649593245805310E-002
 -0.90000000000000002      -0.39999999999999991      -0.10280518182303802     
 -0.80000000000000004      -0.39999999999999991      -0.26240704163420858     
 -0.69999999999999996      -0.39999999999999991      -0.32080525077085137     
 -0.59999999999999998      -0.39999999999999991      -0.25720713148150093     
 -0.49999999999999994      -0.39999999999999991       -9.5323231434137040E-002
 -0.39999999999999991      -0.39999999999999991       0.10294462165639362     
 -0.29999999999999993      -0.39999999999999991       0.26189073501879639     
 -0.19999999999999993      -0.39999999999999991       0.32080547869112547     
  -9.9999999999999978E-002 -0.39999999999999991       0.25717965235841000     
   2.7755575615628914E-017 -0.39999999999999991        9.5325593330308198E-002
  0.10000000000000009      -0.39999999999999991      -0.10294482496823235     
  0.20000000000000009      -0.39999999999999991      -0.26188993243538550     
  0.30000000000000016      -0.39999999999999991      -0.32080253195977820     
  0.40000000000000013      -0.39999999999999991      -0.25717416522990438     
  0.50000000000000011      -0.39999999999999991       -9.5319199767867402E-002
  0.60000000000000009      -0.39999999999999991       0.10298991647706547     
  0.70000000000000007      -0.39999999999999991       0.26190178454438245     
  0.80000000000000004      -0.39999999999999991       0.32095494782741479     
  0.90000000000000002      -0.39999999999999991       0.25713866554729597     
   1.0000000000000000      -0.39999999999999991        9.4183008595888740E-002
  -1.0000000000000000      -0.29999999999999993       0.23816066292894572     
 -0.90000000000000002      -0.29999999999999993      -0.26153626401185737     
 -0.80000000000000004      -0.29999999999999993      -0.66747766786229679     
 -0.69999999999999996      -0.29999999999999993      -0.81599026920456974     
 -0.59999999999999998      -0.29999999999999993      -0.65419684572518677     
 -0.49999999999999994      -0.29999999999999993      -0.24241720023848337     
 -0.39999999999999991      -0.29999999999999993       0.26189073501879462     
 -0.29999999999999993      -0.29999999999999993       0.66616430872802457     
 -0.19999999999999993      -0.29999999999999993       0.81599082173286330     
  -9.9999999999999978E-002 -0.29999999999999993       0.65412695944202726     
   2.7755575615628914E-017 -0.29999999999999993       0.24242321130895977     
  0.10000000000000009      -0.29999999999999993      -0.26189124974346695     
  0.20000000000000009      -0.29999999999999993      -0.66616227144084539     
  0.30000000000000016      -0.29999999999999993      -0.81598332918260863     
  0.40000000000000013      -0.29999999999999993      -0.65411303210080729     
  0.50000000000000011      -0.29999999999999993      -0.24240695511557461     
  0.60000000000000009      -0.29999999999999993       0.26200584376153202     
  0.70000000000000007      -0.29999999999999993       0.66619240211107378     
  0.80000000000000004      -0.29999999999999993       0.81637089984963551     
  0.90000000000000002      -0.29999999999999993       0.65402276988680452     
   1.0000000000000000      -0.29999999999999993       0.23951810243020391     
  -1.0000000000000000      -0.19999999999999993       0.29170426545506850     
 -0.90000000000000002      -0.19999999999999993      -0.32037136968829838     
 -0.80000000000000004      -0.19999999999999993      -0.81759958481703499     
 -0.69999999999999996      -0.19999999999999993      -0.99950094190529792     
 -0.59999999999999998      -0.19999999999999993      -0.80131057360347013     
 -0.49999999999999994      -0.19999999999999993      -0.29691788167389505     
 -0.39999999999999991      -0.19999999999999993       0.32080547869112785     
 -0.29999999999999993      -0.19999999999999993       0.81599082173286452     
 -0.19999999999999993      -0.19999999999999993       0.99950160799932986     
  -9.9999999999999978E-002 -0.19999999999999993       0.80122497381364788     
   2.7755575615628914E-017 -0.19999999999999993       0.29692524593968023     
  0.10000000000000009      -0.19999999999999993      -0.32080610822531791     
  0.20000000000000009      -0.19999999999999993      -0.81598832790085030     
  0.30000000000000016      -0.19999999999999993      -0.99949243147274824     
  0.40000000000000013      -0.19999999999999993      -0.80120792592425383     
  0.50000000000000011      -0.19999999999999993      -0.29690533630498483     
  0.60000000000000009      -0.19999999999999993       0.32094643460592065     
  0.70000000000000007      -0.19999999999999993       0.81602522846973258     
  0.80000000000000004      -0.19999999999999993       0.99996712106605157     
  0.90000000000000002      -0.19999999999999993       0.80109737758981070     
   1.0000000000000000      -0.19999999999999993       0.29336724365991007     
  -1.0000000000000000       -9.9999999999999978E-002  0.23382331641549919     
 -0.90000000000000002       -9.9999999999999978E-002 -0.25683172535668569     
 -0.80000000000000004       -9.9999999999999978E-002 -0.65541661469918444     
 -0.69999999999999996       -9.9999999999999978E-002 -0.80122444858661190     
 -0.59999999999999998       -9.9999999999999978E-002 -0.64234145572680235     
 -0.49999999999999994       -9.9999999999999978E-002 -0.23800252592203813     
 -0.39999999999999991       -9.9999999999999978E-002  0.25717965235840951     
 -0.29999999999999993       -9.9999999999999978E-002  0.65412695944202714     
 -0.19999999999999993       -9.9999999999999978E-002  0.80122497381364755     
  -9.9999999999999978E-002  -9.9999999999999978E-002  0.64227283964913517     
   2.7755575615628914E-017  -9.9999999999999978E-002  0.23800843039708636     
  0.10000000000000009       -9.9999999999999978E-002 -0.25718015623402402     
  0.20000000000000009       -9.9999999999999978E-002 -0.65412496165350820     
  0.30000000000000016       -9.9999999999999978E-002 -0.80121761854005125     
  0.40000000000000013       -9.9999999999999978E-002 -0.64225918312630914     
  0.50000000000000011       -9.9999999999999978E-002 -0.23799247235935708     
  0.60000000000000009       -9.9999999999999978E-002  0.25729261341696075     
  0.70000000000000007       -9.9999999999999978E-002  0.65415453692337422     
  0.80000000000000004       -9.9999999999999978E-002  0.80159810617674521     
  0.90000000000000002       -9.9999999999999978E-002  0.64217057568006042     
   1.0000000000000000       -9.9999999999999978E-002  0.23515661256686413     
  -1.0000000000000000        2.7755575615628914E-017   8.6634948501909170E-002
 -0.90000000000000002        2.7755575615628914E-017  -9.5196736968272633E-002
 -0.80000000000000004        2.7755575615628914E-017 -0.24290118261470783     
 -0.69999999999999996        2.7755575615628914E-017 -0.29692506218674564     
 -0.59999999999999998        2.7755575615628914E-017 -0.23803385526156690     
 -0.49999999999999994        2.7755575615628914E-017  -8.8183527188486960E-002
 -0.39999999999999991        2.7755575615628914E-017   9.5325593330309960E-002
 -0.29999999999999993        2.7755575615628914E-017  0.24242321130895933     
 -0.19999999999999993        2.7755575615628914E-017  0.29692524593967828     
  -9.9999999999999978E-002   2.7755575615628914E-017  0.23800843039708566     
   2.7755575615628914E-017   2.7755575615628914E-017   8.8185716693771676E-002
  0.10000000000000009        2.7755575615628914E-017  -9.5325779095110585E-002
  0.20000000000000009        2.7755575615628914E-017 -0.24242247260733590     
  0.30000000000000016        2.7755575615628914E-017 -0.29692252122189772     
  0.40000000000000013        2.7755575615628914E-017 -0.23800338126791834     
  0.50000000000000011        2.7755575615628914E-017  -8.8179805330167990E-002
  0.60000000000000009        2.7755575615628914E-017   9.5367414731932873E-002
  0.70000000000000007        2.7755575615628914E-017  0.24243342648059885     
  0.80000000000000004        2.7755575615628914E-017  0.29706348192257837     
  0.90000000000000002        2.7755575615628914E-017  0.23797055779446039     
   1.0000000000000000        2.7755575615628914E-017   8.7129318091541286E-002
  -1.0000000000000000       0.10000000000000009       -9.3649775735711482E-002
 -0.90000000000000002       0.10000000000000009       0.10280538486725276     
 -0.80000000000000004       0.10000000000000009       0.26240755737506705     
 -0.69999999999999996       0.10000000000000009       0.32080588030535950     
 -0.59999999999999998       0.10000000000000009       0.25720763541076502     
 -0.49999999999999994       0.10000000000000009        9.5323417194207422E-002
 -0.39999999999999991       0.10000000000000009      -0.10294482496823201     
 -0.29999999999999993       0.10000000000000009      -0.26189124974346684     
 -0.19999999999999993       0.10000000000000009      -0.32080610822531747     
  -9.9999999999999978E-002  0.10000000000000009      -0.25718015623402440     
   2.7755575615628914E-017  0.10000000000000009       -9.5325779095110696E-002
  0.10000000000000009       0.10000000000000009       0.10294502828037229     
  0.20000000000000009       0.10000000000000009       0.26189044715859716     
  0.30000000000000016       0.10000000000000009       0.32080316148823063     
  0.40000000000000013       0.10000000000000009       0.25717466909558251     
  0.50000000000000011       0.10000000000000009        9.5319385520314548E-002
  0.60000000000000009       0.10000000000000009      -0.10299011987476904     
  0.70000000000000007       0.10000000000000009      -0.26190229929037973     
  0.80000000000000004       0.10000000000000009      -0.32095557765163601     
  0.90000000000000002       0.10000000000000009      -0.25713916934431258     
   1.0000000000000000       0.10000000000000009       -9.4183192151705467E-002
  -1.0000000000000000       0.20000000000000009      -0.23815993723090373     
 -0.90000000000000002       0.20000000000000009       0.26153546250159826     
 -0.80000000000000004       0.20000000000000009       0.66747562655627879     
 -0.69999999999999996       0.20000000000000009       0.81598777537285605     
 -0.59999999999999998       0.20000000000000009       0.65419484772355607     
 -0.49999999999999994       0.20000000000000009       0.24241646155539956     
 -0.39999999999999991       0.20000000000000009      -0.26188993243538794     
 -0.29999999999999993       0.20000000000000009      -0.66616227144084605     
 -0.19999999999999993       0.20000000000000009      -0.81598832790084241     
  -9.9999999999999978E-002  0.20000000000000009      -0.65412496165350886     
   2.7755575615628914E-017  0.20000000000000009      -0.24242247260733205     
  0.10000000000000009       0.20000000000000009       0.26189044715859811     
  0.20000000000000009       0.20000000000000009       0.66616023415978387     
  0.30000000000000016       0.20000000000000009       0.81598083537332722     
  0.40000000000000013       0.20000000000000009       0.65411103435347218     
  0.50000000000000011       0.20000000000000009       0.24240621646331714     
  0.60000000000000009       0.20000000000000009      -0.26200504083145681     
  0.70000000000000007       0.20000000000000009      -0.66619036473863580     
  0.80000000000000004       0.20000000000000009      -0.81636840486149820     
  0.90000000000000002       0.20000000000000009      -0.65402077241359058     
   1.0000000000000000       0.20000000000000009      -0.23951737255090530     
  -1.0000000000000000       0.30000000000000016      -0.29170158865677887     
 -0.90000000000000002       0.30000000000000016       0.32036842693611850     
 -0.80000000000000004       0.30000000000000016       0.81759207749360041     
 -0.69999999999999996       0.30000000000000016       0.99949176538395501     
 -0.59999999999999998       0.30000000000000016       0.80130321754428824     
 -0.49999999999999994       0.30000000000000016       0.29691515702382881     
 -0.39999999999999991       0.30000000000000016      -0.32080253195977743     
 -0.29999999999999993       0.30000000000000016      -0.81598332918260785     
 -0.19999999999999993       0.30000000000000016      -0.99949243147274913     
  -9.9999999999999978E-002  0.30000000000000016      -0.80121761854005125     
   2.7755575615628914E-017  0.30000000000000016      -0.29692252122189955     
  0.10000000000000009       0.30000000000000016       0.32080316148823063     
  0.20000000000000009       0.30000000000000016       0.81598083537332711     
  0.30000000000000016       0.30000000000000016       0.99948325503030044     
  0.40000000000000013       0.30000000000000016       0.80120057080621143     
  0.50000000000000011       0.30000000000000016       0.29690261176979688     
  0.60000000000000009       0.30000000000000016      -0.32094348658356114     
  0.70000000000000007       0.30000000000000016      -0.81601773560395086     
  0.80000000000000004       0.30000000000000016      -0.99995794026881279     
  0.90000000000000002       0.30000000000000016      -0.80109002348568725     
   1.0000000000000000       0.30000000000000016      -0.29336455157279778     
  -1.0000000000000000       0.40000000000000013      -0.23381835617231994     
 -0.90000000000000002       0.40000000000000013       0.25682624556136630     
 -0.80000000000000004       0.40000000000000013       0.65540265988415392     
 -0.69999999999999996       0.40000000000000013       0.80120740069908070     
 -0.59999999999999998       0.40000000000000013       0.64232779774712745     
 -0.49999999999999994       0.40000000000000013       0.23799747691968842     
 -0.39999999999999991       0.40000000000000013      -0.25717416522990794     
 -0.29999999999999993       0.40000000000000013      -0.65411303210080796     
 -0.19999999999999993       0.40000000000000013      -0.80120792592425627     
  -9.9999999999999978E-002  0.40000000000000013      -0.64225918312630770     
   2.7755575615628914E-017  0.40000000000000013      -0.23800338126792006     
  0.10000000000000009       0.40000000000000013       0.25717466909558356     
  0.20000000000000009       0.40000000000000013       0.65411103435348183     
  0.30000000000000016       0.40000000000000013       0.80120057080621088     
  0.40000000000000013       0.40000000000000013       0.64224552688403558     
  0.50000000000000011       0.40000000000000013       0.23798742356760366     
  0.60000000000000009       0.40000000000000013      -0.25728712391974351     
  0.70000000000000007       0.40000000000000013      -0.65414060899944593     
  0.80000000000000004       0.40000000000000013      -0.80158105038494010     
  0.90000000000000002       0.40000000000000013      -0.64215692131157287     
   1.0000000000000000       0.40000000000000013      -0.23515162372945678     
  -1.0000000000000000       0.50000000000000011       -8.6629141102897628E-002
 -0.90000000000000002       0.50000000000000011        9.5190352038004827E-002
 -0.80000000000000004       0.50000000000000011       0.24288489436820360     
 -0.69999999999999996       0.50000000000000011       0.29690515256331013     
 -0.59999999999999998       0.50000000000000011       0.23801789551939678     
 -0.49999999999999994       0.50000000000000011        8.8177615971822165E-002
 -0.39999999999999991       0.50000000000000011       -9.5319199767868457E-002
 -0.29999999999999993       0.50000000000000011      -0.24240695511557475     
 -0.19999999999999993       0.50000000000000011      -0.29690533630498667     
  -9.9999999999999978E-002  0.50000000000000011      -0.23799247235935697     
   2.7755575615628914E-017  0.50000000000000011       -8.8179805330168531E-002
  0.10000000000000009       0.50000000000000011        9.5319385520314645E-002
  0.20000000000000009       0.50000000000000011       0.24240621646331897     
  0.30000000000000016       0.50000000000000011       0.29690261176979721     
  0.40000000000000013       0.50000000000000011       0.23798742356760555     
  0.50000000000000011       0.50000000000000011        8.8173894362682984E-002
  0.60000000000000009       0.50000000000000011       -9.5361018369232789E-002
  0.70000000000000007       0.50000000000000011      -0.24241716960272552     
  0.80000000000000004       0.50000000000000011      -0.29704356302299417     
  0.90000000000000002       0.50000000000000011      -0.23795460229372270     
   1.0000000000000000       0.50000000000000011       -8.7123477517911010E-002
  -1.0000000000000000       0.60000000000000009        9.3690678920763742E-002
 -0.90000000000000002       0.60000000000000009      -0.10285041566774003     
 -0.80000000000000004       0.60000000000000009      -0.26252237737217815     
 -0.69999999999999996       0.60000000000000009      -0.32094620662426426     
 -0.59999999999999998       0.60000000000000009      -0.25732010460123345     
 -0.49999999999999994       0.60000000000000009       -9.5365051793083799E-002
 -0.39999999999999991       0.60000000000000009       0.10298991647705738     
 -0.29999999999999993       0.60000000000000009       0.26200584376153085     
 -0.19999999999999993       0.60000000000000009       0.32094643460590666     
  -9.9999999999999978E-002  0.60000000000000009       0.25729261341696058     
   2.7755575615628914E-017  0.60000000000000009        9.5367414731932512E-002
  0.10000000000000009       0.60000000000000009      -0.10299011987476855     
  0.20000000000000009       0.60000000000000009      -0.26200504083144088     
  0.30000000000000016       0.60000000000000009      -0.32094348658356203     
  0.40000000000000013       0.60000000000000009      -0.25728712391973191     
  0.50000000000000011       0.60000000000000009       -9.5361018369232373E-002
  0.60000000000000009       0.60000000000000009       0.10303523105408637     
  0.70000000000000007       0.60000000000000009       0.26201689812513151     
  0.80000000000000004       0.60000000000000009       0.32109596926304612     
  0.90000000000000002       0.60000000000000009       0.25725160868728619     
   1.0000000000000000       0.60000000000000009        9.4224329587088082E-002
  -1.0000000000000000       0.70000000000000007       0.23817069844025604     
 -0.90000000000000002       0.70000000000000007      -0.26154729862220294     
 -0.80000000000000004       0.70000000000000007      -0.66750581663889141     
 -0.69999999999999996       0.70000000000000007      -0.81602467592231143     
 -0.59999999999999998       0.70000000000000007      -0.65422442615202148     
 -0.49999999999999994       0.70000000000000007      -0.24242741515613739     
 -0.39999999999999991       0.70000000000000007       0.26190178454438257     
 -0.29999999999999993       0.70000000000000007       0.66619240211107267     
 -0.19999999999999993       0.70000000000000007       0.81602522846973313     
  -9.9999999999999978E-002  0.70000000000000007       0.65415453692337433     
   2.7755575615628914E-017  0.70000000000000007       0.24243342648059923     
  0.10000000000000009       0.70000000000000007      -0.26190229929037934     
  0.20000000000000009       0.70000000000000007      -0.66619036473863713     
  0.30000000000000016       0.70000000000000007      -0.81601773560394997     
  0.40000000000000013       0.70000000000000007      -0.65414060899944670     
  0.50000000000000011       0.70000000000000007      -0.24241716960272516     
  0.60000000000000009       0.70000000000000007       0.26201689812513285     
  0.70000000000000007       0.70000000000000007       0.66622049667687899     
  0.80000000000000004       0.70000000000000007       0.81640532259637544     
  0.90000000000000002       0.70000000000000007       0.65405034298464415     
   1.0000000000000000       0.70000000000000007       0.23952819528023706     
  -1.0000000000000000       0.80000000000000004       0.29184007038822818     
 -0.90000000000000002       0.80000000000000004      -0.32052063689733012     
 -0.80000000000000004       0.80000000000000004      -0.81798041233055552     
 -0.69999999999999996       0.80000000000000004      -0.99996645469616785     
 -0.59999999999999998       0.80000000000000004      -0.80168374582390589     
 -0.49999999999999994       0.80000000000000004      -0.29705611422259787     
 -0.39999999999999991       0.80000000000000004       0.32095494782742234     
 -0.29999999999999993       0.80000000000000004       0.81637089984963540     
 -0.19999999999999993       0.80000000000000004       0.99996712106605323     
  -9.9999999999999978E-002  0.80000000000000004       0.80159810617674609     
   2.7755575615628914E-017  0.80000000000000004       0.29706348192257631     
  0.10000000000000009       0.80000000000000004      -0.32095557765163668     
  0.20000000000000009       0.80000000000000004      -0.81636840486150852     
  0.30000000000000016       0.80000000000000004      -0.99995794026881368     
  0.40000000000000013       0.80000000000000004      -0.80158105038493499     
  0.50000000000000011       0.80000000000000004      -0.29704356302299278     
  0.60000000000000009       0.80000000000000004       0.32109596926306261     
  0.70000000000000007       0.80000000000000004       0.81640532259637399     
  0.80000000000000004       0.80000000000000004        1.0004328508094489     
  0.90000000000000002       0.80000000000000004       0.80147045060564892     
   1.0000000000000000       0.80000000000000004       0.29350382395453273     
  -1.0000000000000000       0.90000000000000002       0.23378610996928340     
 -0.90000000000000002       0.90000000000000002      -0.25679079381172071     
 -0.80000000000000004       0.90000000000000002      -0.65531221969653231     
 -0.69999999999999996       0.90000000000000002      -0.80109685242753725     
 -0.59999999999999998       0.90000000000000002      -0.64223918083677412     
 -0.49999999999999994       0.90000000000000002      -0.23796465426209709     
 -0.39999999999999991       0.90000000000000002       0.25713866554729237     
 -0.29999999999999993       0.90000000000000002       0.65402276988680452     
 -0.19999999999999993       0.90000000000000002       0.80109737758980948     
  -9.9999999999999978E-002  0.90000000000000002       0.64217057568006131     
   2.7755575615628914E-017  0.90000000000000002       0.23797055779446419     
  0.10000000000000009       0.90000000000000002      -0.25713916934431241     
  0.20000000000000009       0.90000000000000002      -0.65402077241358880     
  0.30000000000000016       0.90000000000000002      -0.80109002348568714     
  0.40000000000000013       0.90000000000000002      -0.64215692131157409     
  0.50000000000000011       0.90000000000000002      -0.23795460229372306     
  0.60000000000000009       0.90000000000000002       0.25725160868728342     
  0.70000000000000007       0.90000000000000002       0.65405034298464426     
  0.80000000000000004       0.90000000000000002       0.80147045060564670     
  0.90000000000000002       0.90000000000000002       0.64206832795280444     
   1.0000000000000000       0.90000000000000002       0.23511919333288103     
  -1.0000000000000000        1.0000000000000000        8.5597129088345270E-002
 -0.90000000000000002        1.0000000000000000       -9.4055694836302828E-002
 -0.80000000000000004        1.0000000000000000      -0.23999034559038376     
 -0.69999999999999996        1.0000000000000000      -0.29336706191435896     
 -0.59999999999999998        1.0000000000000000      -0.23518173283418811     
 -0.49999999999999994        1.0000000000000000       -8.7127154847287225E-002
 -0.39999999999999991        1.0000000000000000        9.4183008595882023E-002
 -0.29999999999999993        1.0000000000000000       0.23951810243020399     
 -0.19999999999999993        1.0000000000000000       0.29336724365990685     
  -9.9999999999999978E-002   1.0000000000000000       0.23515661256686521     
   2.7755575615628914E-017   1.0000000000000000        8.7129318091547017E-002
  0.10000000000000009        1.0000000000000000       -9.4183192151705633E-002
  0.20000000000000009        1.0000000000000000      -0.23951737255090355     
  0.30000000000000016        1.0000000000000000      -0.29336455157279756     
  0.40000000000000013        1.0000000000000000      -0.23515162372945489     
  0.50000000000000011        1.0000000000000000       -8.7123477517912107E-002
  0.60000000000000009        1.0000000000000000        9.4224329587082351E-002
  0.70000000000000007        1.0000000000000000       0.23952819528023628     
  0.80000000000000004        1.0000000000000000       0.29350382395453078     
  0.90000000000000002        1.0000000000000000       0.23511919333287901     
   1.0000000000000000        1.0000000000000000        8.6085570011595752E-002
