  -1.0000000000000000       -1.0000000000000000       0.95601657957628794     
 -0.90000000000000002       -1.0000000000000000       0.74040239534623842     
 -0.80000000000000004       -1.0000000000000000       0.25376589288613954     
 -0.69999999999999996       -1.0000000000000000      -0.32417121469982241     
 -0.59999999999999998       -1.0000000000000000      -0.77902790177491910     
 -0.49999999999999994       -1.0000000000000000      -0.94009390965061601     
 -0.39999999999999991       -1.0000000000000000      -0.73827006367698467     
 -0.29999999999999993       -1.0000000000000000      -0.25703211931236886     
 -0.19999999999999993       -1.0000000000000000       0.33707387111411169     
  -9.9999999999999978E-002  -1.0000000000000000       0.80969568736474429     
   2.7755575615628914E-017  -1.0000000000000000       0.97523142913543015     
  0.10000000000000009       -1.0000000000000000       0.76650051087934723     
  0.20000000000000009       -1.0000000000000000       0.26636227661593148     
  0.30000000000000016       -1.0000000000000000      -0.33628063633883826     
  0.40000000000000013       -1.0000000000000000      -0.81024242550994152     
  0.50000000000000011       -1.0000000000000000      -0.97448550220464136     
  0.60000000000000009       -1.0000000000000000      -0.76735747266900156     
  0.70000000000000007       -1.0000000000000000      -0.26615868274625426     
  0.80000000000000004       -1.0000000000000000       0.33487222636322167     
  0.90000000000000002       -1.0000000000000000       0.80891921599115224     
   1.0000000000000000       -1.0000000000000000       0.95773110980213016     
  -1.0000000000000000      -0.90000000000000002       0.74040239534623320     
 -0.90000000000000002      -0.90000000000000002       0.57329312035487756     
 -0.80000000000000004      -0.90000000000000002       0.19633326348750194     
 -0.69999999999999996      -0.90000000000000002      -0.25126130034399519     
 -0.59999999999999998      -0.90000000000000002      -0.60345446826129667     
 -0.49999999999999994      -0.90000000000000002      -0.72807197811223479     
 -0.39999999999999991      -0.90000000000000002      -0.57164040842733399     
 -0.29999999999999993      -0.90000000000000002      -0.19886180428623673     
 -0.19999999999999993      -0.90000000000000002       0.26126287680457150     
  -9.9999999999999978E-002 -0.90000000000000002       0.62721193022504229     
   2.7755575615628914E-017 -0.90000000000000002       0.75528615474877636     
  0.10000000000000009      -0.90000000000000002       0.59350089108636328     
  0.20000000000000009      -0.90000000000000002       0.20608152055634460     
  0.30000000000000016      -0.90000000000000002      -0.26064720251722517     
  0.40000000000000013      -0.90000000000000002      -0.62763439104216157     
  0.50000000000000011      -0.90000000000000002      -0.75470760323911779     
  0.60000000000000009      -0.90000000000000002      -0.59416367731721276     
  0.70000000000000007      -0.90000000000000002      -0.20592264737380442     
  0.80000000000000004      -0.90000000000000002       0.25955775574192730     
  0.90000000000000002      -0.90000000000000002       0.62661068568650047     
   1.0000000000000000      -0.90000000000000002       0.74173319623192435     
  -1.0000000000000000      -0.80000000000000004       0.25376589288612739     
 -0.90000000000000002      -0.80000000000000004       0.19633326348750457     
 -0.80000000000000004      -0.80000000000000004        6.7036335237363243E-002
 -0.69999999999999996      -0.80000000000000004       -8.6374862817052547E-002
 -0.59999999999999998      -0.80000000000000004      -0.20698630052484410     
 -0.49999999999999994      -0.80000000000000004      -0.24954122746898433     
 -0.39999999999999991      -0.80000000000000004      -0.19576516123066728     
 -0.29999999999999993      -0.80000000000000004       -6.7901640184539230E-002
 -0.19999999999999993      -0.80000000000000004        8.9814176716570313E-002
  -9.9999999999999978E-002 -0.80000000000000004       0.21513698983534857     
   2.7755575615628914E-017 -0.80000000000000004       0.25887036441472250     
  0.10000000000000009      -0.80000000000000004       0.20325375330813031     
  0.20000000000000009      -0.80000000000000004        7.0368249316915057E-002
  0.30000000000000016      -0.80000000000000004       -8.9601448725024735E-002
  0.40000000000000013      -0.80000000000000004      -0.21528054706029057     
  0.50000000000000011      -0.80000000000000004      -0.25867097830467956     
  0.60000000000000009      -0.80000000000000004      -0.20347976630032058     
  0.70000000000000007      -0.80000000000000004       -7.0312269721476028E-002
  0.80000000000000004      -0.80000000000000004        8.9229734586748433E-002
  0.90000000000000002      -0.80000000000000004       0.21493105449220148     
   1.0000000000000000      -0.80000000000000004       0.25422578432523940     
  -1.0000000000000000      -0.69999999999999996      -0.32417121469982024     
 -0.90000000000000002      -0.69999999999999996      -0.25126130034399480     
 -0.80000000000000004      -0.69999999999999996       -8.6374862817057224E-002
 -0.69999999999999996      -0.69999999999999996       0.10959205645507376     
 -0.59999999999999998      -0.69999999999999996       0.26395461311367890     
 -0.49999999999999994      -0.69999999999999996       0.31877019074915358     
 -0.39999999999999991      -0.69999999999999996       0.25054037194760642     
 -0.29999999999999993      -0.69999999999999996        8.7484093373380770E-002
 -0.19999999999999993      -0.69999999999999996      -0.11395260063378970     
  -9.9999999999999978E-002 -0.69999999999999996      -0.27434330845637428     
   2.7755575615628914E-017 -0.69999999999999996      -0.33068258550369628     
  0.10000000000000009      -0.69999999999999996      -0.26011787247276691     
  0.20000000000000009      -0.69999999999999996       -9.0657903610707594E-002
  0.30000000000000016      -0.69999999999999996       0.11368581790674642     
  0.40000000000000013      -0.69999999999999996       0.27453028361775722     
  0.50000000000000011      -0.69999999999999996       0.33043105231433467     
  0.60000000000000009      -0.69999999999999996       0.26040992916178968     
  0.70000000000000007      -0.69999999999999996        9.0590823678367779E-002
  0.80000000000000004      -0.69999999999999996      -0.11320609107985263     
  0.90000000000000002      -0.69999999999999996      -0.27407984485589482     
   1.0000000000000000      -0.69999999999999996      -0.32474775655375598     
  -1.0000000000000000      -0.59999999999999998      -0.77902790177490366     
 -0.90000000000000002      -0.59999999999999998      -0.60345446826129023     
 -0.80000000000000004      -0.59999999999999998      -0.20698630052483424     
 -0.69999999999999996      -0.59999999999999998       0.26395461311368446     
 -0.59999999999999998      -0.59999999999999998       0.63468119530155132     
 -0.49999999999999994      -0.59999999999999998       0.76605186409723069     
 -0.39999999999999991      -0.59999999999999998       0.60171819572900109     
 -0.29999999999999993      -0.59999999999999998       0.20964889005191958     
 -0.19999999999999993      -0.59999999999999998      -0.27445964766522968     
  -9.9999999999999978E-002 -0.59999999999999998      -0.65966508828929471     
   2.7755575615628914E-017 -0.59999999999999998      -0.79468296118221426     
  0.10000000000000009      -0.59999999999999998      -0.62472535113762950     
  0.20000000000000009      -0.59999999999999998      -0.21725793572747443     
  0.30000000000000016      -0.59999999999999998       0.27381461071613539     
  0.40000000000000013      -0.59999999999999998       0.66011158043936624     
  0.50000000000000011      -0.59999999999999998       0.79407598782597644     
  0.60000000000000009      -0.59999999999999998       0.62542456674946534     
  0.70000000000000007      -0.59999999999999998       0.21709323386002349     
  0.80000000000000004      -0.59999999999999998      -0.27266561860326227     
  0.90000000000000002      -0.59999999999999998      -0.65903225964679857     
   1.0000000000000000      -0.59999999999999998      -0.78042205404712450     
  -1.0000000000000000      -0.49999999999999994      -0.94009390965061379     
 -0.90000000000000002      -0.49999999999999994      -0.72807197811223856     
 -0.80000000000000004      -0.49999999999999994      -0.24954122746898391     
 -0.69999999999999996      -0.49999999999999994       0.31877019074915242     
 -0.59999999999999998      -0.49999999999999994       0.76605186409722370     
 -0.49999999999999994      -0.49999999999999994       0.92443642469485687     
 -0.39999999999999991      -0.49999999999999994       0.72597517301759618     
 -0.29999999999999993      -0.49999999999999994       0.25275306393429448     
 -0.19999999999999993      -0.49999999999999994      -0.33145786750511341     
  -9.9999999999999978E-002 -0.49999999999999994      -0.79620881207250105     
   2.7755575615628914E-017 -0.49999999999999994      -0.95898870826204041     
  0.10000000000000009      -0.49999999999999994      -0.75373546409312320     
  0.20000000000000009      -0.49999999999999994      -0.26192788288198626     
  0.30000000000000016      -0.49999999999999994       0.33067785676074657     
  0.40000000000000013      -0.49999999999999994       0.79674645321264259     
  0.50000000000000011      -0.49999999999999994       0.95825521287090787     
  0.60000000000000009      -0.49999999999999994       0.75457816134359212     
  0.70000000000000007      -0.49999999999999994       0.26172769104583526     
  0.80000000000000004      -0.49999999999999994      -0.32929289192452432     
  0.90000000000000002      -0.49999999999999994      -0.79544527203073334     
   1.0000000000000000      -0.49999999999999994      -0.94177985654036356     
  -1.0000000000000000      -0.39999999999999991      -0.73827006367696946     
 -0.90000000000000002      -0.39999999999999991      -0.57164040842732866     
 -0.80000000000000004      -0.39999999999999991      -0.19576516123066376     
 -0.69999999999999996      -0.39999999999999991       0.25054037194760448     
 -0.59999999999999998      -0.39999999999999991       0.60171819572899443     
 -0.49999999999999994      -0.39999999999999991       0.72597517301759718     
 -0.39999999999999991      -0.39999999999999991       0.56999243902055829     
 -0.29999999999999993      -0.39999999999999991       0.19828640608588977     
 -0.19999999999999993      -0.39999999999999991      -0.26051326323119023     
  -9.9999999999999978E-002 -0.39999999999999991      -0.62540732125226517     
   2.7755575615628914E-017 -0.39999999999999991      -0.75311099200731679     
  0.10000000000000009      -0.39999999999999991      -0.59178992361826188     
  0.20000000000000009      -0.39999999999999991      -0.20548524730800791     
  0.30000000000000016      -0.39999999999999991       0.25989934417508748     
  0.40000000000000013      -0.39999999999999991       0.62582855245161972     
  0.50000000000000011      -0.39999999999999991       0.75253409524167014     
  0.60000000000000009      -0.39999999999999991       0.59245078895549153     
  0.70000000000000007      -0.39999999999999991       0.20532681566644986     
  0.80000000000000004      -0.39999999999999991      -0.25881305263529075     
  0.90000000000000002      -0.39999999999999991      -0.62480780971026628     
   1.0000000000000000      -0.39999999999999991      -0.73959707147943587     
  -1.0000000000000000      -0.29999999999999993      -0.25703211931236752     
 -0.90000000000000002      -0.29999999999999993      -0.19886180428623890     
 -0.80000000000000004      -0.29999999999999993       -6.7901640184540396E-002
 -0.69999999999999996      -0.29999999999999993        8.7484093373381838E-002
 -0.59999999999999998      -0.29999999999999993       0.20964889005192106     
 -0.49999999999999994      -0.29999999999999993       0.25275306393429486     
 -0.39999999999999991      -0.29999999999999993       0.19828640608589246     
 -0.29999999999999993      -0.29999999999999993        6.8778095482453894E-002
 -0.19999999999999993      -0.29999999999999993       -9.0967564243041019E-002
  -9.9999999999999978E-002 -0.29999999999999993      -0.21790440882364961     
   2.7755575615628914E-017 -0.29999999999999993      -0.26220225953878190     
  0.10000000000000009      -0.29999999999999993      -0.20587142165605454     
  0.20000000000000009      -0.29999999999999993       -7.1276528939911848E-002
  0.30000000000000016      -0.29999999999999993        9.0752114894982319E-002
  0.40000000000000013      -0.29999999999999993       0.21804982580970639     
  0.50000000000000011      -0.29999999999999993       0.26200031772485677     
  0.60000000000000009      -0.29999999999999993       0.20610035479184863     
  0.70000000000000007      -0.29999999999999993        7.1219843651279743E-002
  0.80000000000000004      -0.29999999999999993       -9.0375600109149690E-002
  0.90000000000000002      -0.29999999999999993      -0.21769582158440728     
   1.0000000000000000      -0.29999999999999993      -0.25749789346688690     
  -1.0000000000000000      -0.19999999999999993       0.33707387111409831     
 -0.90000000000000002      -0.19999999999999993       0.26126287680456689     
 -0.80000000000000004      -0.19999999999999993        8.9814176716545555E-002
 -0.69999999999999996      -0.19999999999999993      -0.11395260063379666     
 -0.59999999999999998      -0.19999999999999993      -0.27445964766525005     
 -0.49999999999999994      -0.19999999999999993      -0.33145786750511791     
 -0.39999999999999991      -0.19999999999999993      -0.26051326323119056     
 -0.29999999999999993      -0.19999999999999993       -9.0967564243041227E-002
 -0.19999999999999993      -0.19999999999999993       0.11848663966376509     
  -9.9999999999999978E-002 -0.19999999999999993       0.28526178877047192     
   2.7755575615628914E-017 -0.19999999999999993       0.34384438947379548     
  0.10000000000000009      -0.19999999999999993       0.27047198891707946     
  0.20000000000000009      -0.19999999999999993        9.4267742401885818E-002
  0.30000000000000016      -0.19999999999999993      -0.11820924800082698     
  0.40000000000000013      -0.19999999999999993      -0.28545621281749717     
  0.50000000000000011      -0.19999999999999993      -0.34358285087054979     
  0.60000000000000009      -0.19999999999999993      -0.27077567647407197     
  0.70000000000000007      -0.19999999999999993       -9.4198001084035893E-002
  0.80000000000000004      -0.19999999999999993       0.11771041768968363     
  0.90000000000000002      -0.19999999999999993       0.28498783803682637     
   1.0000000000000000      -0.19999999999999993       0.33767333940286876     
  -1.0000000000000000       -9.9999999999999978E-002  0.80969568736473674     
 -0.90000000000000002       -9.9999999999999978E-002  0.62721193022504074     
 -0.80000000000000004       -9.9999999999999978E-002  0.21513698983534799     
 -0.69999999999999996       -9.9999999999999978E-002 -0.27434330845637328     
 -0.59999999999999998       -9.9999999999999978E-002 -0.65966508828929560     
 -0.49999999999999994       -9.9999999999999978E-002 -0.79620881207250027     
 -0.39999999999999991       -9.9999999999999978E-002 -0.62540732125226728     
 -0.29999999999999993       -9.9999999999999978E-002 -0.21790440882364817     
 -0.19999999999999993       -9.9999999999999978E-002  0.28526178877047348     
  -9.9999999999999978E-002  -9.9999999999999978E-002  0.68563244261535994     
   2.7755575615628914E-017  -9.9999999999999978E-002  0.82596700623132946     
  0.10000000000000009       -9.9999999999999978E-002  0.64932022852403981     
  0.20000000000000009       -9.9999999999999978E-002  0.22581306933092254     
  0.30000000000000016       -9.9999999999999978E-002 -0.28459137433251469     
  0.40000000000000013       -9.9999999999999978E-002 -0.68609652292781376     
  0.50000000000000011       -9.9999999999999978E-002 -0.82533614825036727     
  0.60000000000000009       -9.9999999999999978E-002 -0.65004698045076204     
  0.70000000000000007       -9.9999999999999978E-002 -0.22564189756371292     
  0.80000000000000004       -9.9999999999999978E-002  0.28339713483803103     
  0.90000000000000002       -9.9999999999999978E-002  0.68497470033314156     
   1.0000000000000000       -9.9999999999999978E-002  0.81114468856327615     
  -1.0000000000000000        2.7755575615628914E-017  0.97523142913539773     
 -0.90000000000000002        2.7755575615628914E-017  0.75528615474877103     
 -0.80000000000000004        2.7755575615628914E-017  0.25887036441470962     
 -0.69999999999999996        2.7755575615628914E-017 -0.33068258550370022     
 -0.59999999999999998        2.7755575615628914E-017 -0.79468296118221615     
 -0.49999999999999994        2.7755575615628914E-017 -0.95898870826204707     
 -0.39999999999999991        2.7755575615628914E-017 -0.75311099200731912     
 -0.29999999999999993        2.7755575615628914E-017 -0.26220225953877896     
 -0.19999999999999993        2.7755575615628914E-017  0.34384438947379353     
  -9.9999999999999978E-002   2.7755575615628914E-017  0.82596700623133212     
   2.7755575615628914E-017   2.7755575615628914E-017  0.99483242439151220     
  0.10000000000000009        2.7755575615628914E-017  0.78190890099253485     
  0.20000000000000009        2.7755575615628914E-017  0.27172006797845794     
  0.30000000000000016        2.7755575615628914E-017 -0.34303523889073051     
  0.40000000000000013        2.7755575615628914E-017 -0.82652475292027494     
  0.50000000000000011        2.7755575615628914E-017 -0.99407152257264364     
  0.60000000000000009        2.7755575615628914E-017 -0.78278310502640125     
  0.70000000000000007        2.7755575615628914E-017 -0.27151240642328556     
  0.80000000000000004        2.7755575615628914E-017  0.34159849469366421     
  0.90000000000000002        2.7755575615628914E-017  0.82517492652208368     
   1.0000000000000000        2.7755575615628914E-017  0.97698035945592043     
  -1.0000000000000000       0.10000000000000009       0.76650051087934334     
 -0.90000000000000002       0.10000000000000009       0.59350089108636483     
 -0.80000000000000004       0.10000000000000009       0.20325375330812956     
 -0.69999999999999996       0.10000000000000009      -0.26011787247276669     
 -0.59999999999999998       0.10000000000000009      -0.62472535113762773     
 -0.49999999999999994       0.10000000000000009      -0.75373546409312098     
 -0.39999999999999991       0.10000000000000009      -0.59178992361826210     
 -0.29999999999999993       0.10000000000000009      -0.20587142165605402     
 -0.19999999999999993       0.10000000000000009       0.27047198891708063     
  -9.9999999999999978E-002  0.10000000000000009       0.64932022852404214     
   2.7755575615628914E-017  0.10000000000000009       0.78190890099253374     
  0.10000000000000009       0.10000000000000009       0.61442095712068290     
  0.20000000000000009       0.10000000000000009       0.21334562329512585     
  0.30000000000000016       0.10000000000000009      -0.26983461317386126     
  0.40000000000000013       0.10000000000000009      -0.64975758060026245     
  0.50000000000000011       0.10000000000000009      -0.78130995648681845     
  0.60000000000000009       0.10000000000000009      -0.61510710572334526     
  0.70000000000000007       0.10000000000000009      -0.21318115021557232     
  0.80000000000000004       0.10000000000000009       0.26870676480444972     
  0.90000000000000002       0.10000000000000009       0.64869779097052505     
   1.0000000000000000       0.10000000000000009       0.76787822019797314     
  -1.0000000000000000       0.20000000000000009       0.26636227661591483     
 -0.90000000000000002       0.20000000000000009       0.20608152055634793     
 -0.80000000000000004       0.20000000000000009        7.0368249316929504E-002
 -0.69999999999999996       0.20000000000000009       -9.0657903610704693E-002
 -0.59999999999999998       0.20000000000000009      -0.21725793572745869     
 -0.49999999999999994       0.20000000000000009      -0.26192788288198743     
 -0.39999999999999991       0.20000000000000009      -0.20548524730801018     
 -0.29999999999999993       0.20000000000000009       -7.1276528939911071E-002
 -0.19999999999999993       0.20000000000000009        9.4267742401886859E-002
  -9.9999999999999978E-002  0.20000000000000009       0.22581306933092382     
   2.7755575615628914E-017  0.20000000000000009       0.27172006797845683     
  0.10000000000000009       0.20000000000000009       0.21334562329512652     
  0.20000000000000009       0.20000000000000009        7.3865710380975405E-002
  0.30000000000000016       0.20000000000000009       -9.4044484446576329E-002
  0.40000000000000013       0.20000000000000009      -0.22596377365975920     
  0.50000000000000011       0.20000000000000009      -0.27151080352876006     
  0.60000000000000009       0.20000000000000009      -0.21358287480364038     
  0.70000000000000007       0.20000000000000009       -7.3806978285088393E-002
  0.80000000000000004       0.20000000000000009        9.3654290361266018E-002
  0.90000000000000002       0.20000000000000009       0.22559690948977953     
   1.0000000000000000       0.20000000000000009       0.26684493136156706     
  -1.0000000000000000       0.30000000000000016      -0.33628063633883587     
 -0.90000000000000002       0.30000000000000016      -0.26064720251722301     
 -0.80000000000000004       0.30000000000000016       -8.9601448725023763E-002
 -0.69999999999999996       0.30000000000000016       0.11368581790674613     
 -0.59999999999999998       0.30000000000000016       0.27381461071613500     
 -0.49999999999999994       0.30000000000000016       0.33067785676074540     
 -0.39999999999999991       0.30000000000000016       0.25989934417508964     
 -0.29999999999999993       0.30000000000000016        9.0752114894981251E-002
 -0.19999999999999993       0.30000000000000016      -0.11820924800082512     
  -9.9999999999999978E-002  0.30000000000000016      -0.28459137433251352     
   2.7755575615628914E-017  0.30000000000000016      -0.34303523889072812     
  0.10000000000000009       0.30000000000000016      -0.26983461317386020     
  0.20000000000000009       0.30000000000000016       -9.4044484446575774E-002
  0.30000000000000016       0.30000000000000016       0.11793249995268752     
  0.40000000000000013       0.30000000000000016       0.28478533420518432     
  0.50000000000000011       0.30000000000000016       0.34277430988864804     
  0.60000000000000009       0.30000000000000016       0.27013757986385545     
  0.70000000000000007       0.30000000000000016        9.3974899044046600E-002
  0.80000000000000004       0.30000000000000016      -0.11743485259554008     
  0.90000000000000002       0.30000000000000016      -0.28431806902163897     
   1.0000000000000000       0.30000000000000016      -0.33687871418955723     
  -1.0000000000000000       0.40000000000000013      -0.81024242550989323     
 -0.90000000000000002       0.40000000000000013      -0.62763439104215446     
 -0.80000000000000004       0.40000000000000013      -0.21528054706027261     
 -0.69999999999999996       0.40000000000000013       0.27453028361776272     
 -0.59999999999999998       0.40000000000000013       0.66011158043938412     
 -0.49999999999999994       0.40000000000000013       0.79674645321264759     
 -0.39999999999999991       0.40000000000000013       0.62582855245163049     
 -0.29999999999999993       0.40000000000000013       0.21804982580970386     
 -0.19999999999999993       0.40000000000000013      -0.28545621281748801     
  -9.9999999999999978E-002  0.40000000000000013      -0.68609652292781176     
   2.7755575615628914E-017  0.40000000000000013      -0.82652475292028449     
  0.10000000000000009       0.40000000000000013      -0.64975758060026234     
  0.20000000000000009       0.40000000000000013      -0.22596377365976877     
  0.30000000000000016       0.40000000000000013       0.28478533420518404     
  0.40000000000000013       0.40000000000000013       0.68656090830198124     
  0.50000000000000011       0.40000000000000013       0.82589346162071897     
  0.60000000000000009       0.40000000000000013       0.65048481553027904     
  0.70000000000000007       0.40000000000000013       0.22579247605760713     
  0.80000000000000004       0.40000000000000013      -0.28359029961753746     
  0.90000000000000002       0.40000000000000013      -0.68543833742348859     
   1.0000000000000000       0.40000000000000013      -0.81169243045746187     
  -1.0000000000000000       0.50000000000000011      -0.97448550220463881     
 -0.90000000000000002       0.50000000000000011      -0.75470760323911912     
 -0.80000000000000004       0.50000000000000011      -0.25867097830468061     
 -0.69999999999999996       0.50000000000000011       0.33043105231433290     
 -0.59999999999999998       0.50000000000000011       0.79407598782597821     
 -0.49999999999999994       0.50000000000000011       0.95825521287090309     
 -0.39999999999999991       0.50000000000000011       0.75253409524167325     
 -0.29999999999999993       0.50000000000000011       0.26200031772485566     
 -0.19999999999999993       0.50000000000000011      -0.34358285087055235     
  -9.9999999999999978E-002  0.50000000000000011      -0.82533614825036683     
   2.7755575615628914E-017  0.50000000000000011      -0.99407152257264364     
  0.10000000000000009       0.50000000000000011      -0.78130995648681678     
  0.20000000000000009       0.50000000000000011      -0.27151080352876106     
  0.30000000000000016       0.50000000000000011       0.34277430988864943     
  0.40000000000000013       0.50000000000000011       0.82589346162072408     
  0.50000000000000011       0.50000000000000011       0.99331119682406366     
  0.60000000000000009       0.50000000000000011       0.78218348564258633     
  0.70000000000000007       0.50000000000000011       0.27130329252983332     
  0.80000000000000004       0.50000000000000011      -0.34133867373123633     
  0.90000000000000002       0.50000000000000011      -0.82454467510962959     
   1.0000000000000000       0.50000000000000011      -0.97623311524772949     
  -1.0000000000000000       0.60000000000000009      -0.76735747266896603     
 -0.90000000000000002       0.60000000000000009      -0.59416367731721142     
 -0.80000000000000004       0.60000000000000009      -0.20347976630031098     
 -0.69999999999999996       0.60000000000000009       0.26040992916178757     
 -0.59999999999999998       0.60000000000000009       0.62542456674947089     
 -0.49999999999999994       0.60000000000000009       0.75457816134359545     
 -0.39999999999999991       0.60000000000000009       0.59245078895549030     
 -0.29999999999999993       0.60000000000000009       0.20610035479184807     
 -0.19999999999999993       0.60000000000000009      -0.27077567647408418     
  -9.9999999999999978E-002  0.60000000000000009      -0.65004698045076126     
   2.7755575615628914E-017  0.60000000000000009      -0.78278310502640047     
  0.10000000000000009       0.60000000000000009      -0.61510710572334615     
  0.20000000000000009       0.60000000000000009      -0.21358287480363147     
  0.30000000000000016       0.60000000000000009       0.27013757986385395     
  0.40000000000000013       0.60000000000000009       0.65048481553027981     
  0.50000000000000011       0.60000000000000009       0.78218348564258489     
  0.60000000000000009       0.60000000000000009       0.61579401595236793     
  0.70000000000000007       0.60000000000000009       0.21341821050042517     
  0.80000000000000004       0.60000000000000009      -0.26900847860705357     
  0.90000000000000002       0.60000000000000009      -0.64942384763930505     
   1.0000000000000000       0.60000000000000009      -0.76873674038498119     
  -1.0000000000000000       0.70000000000000007      -0.26615868274625526     
 -0.90000000000000002       0.70000000000000007      -0.20592264737380592     
 -0.80000000000000004       0.70000000000000007       -7.0312269721474807E-002
 -0.69999999999999996       0.70000000000000007        9.0590823678367308E-002
 -0.59999999999999998       0.70000000000000007       0.21709323386002305     
 -0.49999999999999994       0.70000000000000007       0.26172769104583410     
 -0.39999999999999991       0.70000000000000007       0.20532681566645125     
 -0.29999999999999993       0.70000000000000007        7.1219843651280215E-002
 -0.19999999999999993       0.70000000000000007       -9.4198001084039196E-002
  -9.9999999999999978E-002  0.70000000000000007      -0.22564189756371353     
   2.7755575615628914E-017  0.70000000000000007      -0.27151240642328545     
  0.10000000000000009       0.70000000000000007      -0.21318115021557146     
  0.20000000000000009       0.70000000000000007       -7.3806978285085437E-002
  0.30000000000000016       0.70000000000000007        9.3974899044047058E-002
  0.40000000000000013       0.70000000000000007       0.22579247605760921     
  0.50000000000000011       0.70000000000000007       0.27130329252983310     
  0.60000000000000009       0.70000000000000007       0.21341821050042351     
  0.70000000000000007       0.70000000000000007        7.3748277950451260E-002
  0.80000000000000004       0.70000000000000007       -9.3585017667050199E-002
  0.90000000000000002       0.70000000000000007      -0.22542590410419883     
   1.0000000000000000       0.70000000000000007      -0.26664100098991539     
  -1.0000000000000000       0.80000000000000004       0.33487222636320413     
 -0.90000000000000002       0.80000000000000004       0.25955775574192452     
 -0.80000000000000004       0.80000000000000004        8.9229734586735499E-002
 -0.69999999999999996       0.80000000000000004      -0.11320609107985941     
 -0.59999999999999998       0.80000000000000004      -0.27266561860329591     
 -0.49999999999999994       0.80000000000000004      -0.32929289192453004     
 -0.39999999999999991       0.80000000000000004      -0.25881305263531196     
 -0.29999999999999993       0.80000000000000004       -9.0375600109149898E-002
 -0.19999999999999993       0.80000000000000004       0.11771041768968220     
  -9.9999999999999978E-002  0.80000000000000004       0.28339713483803153     
   2.7755575615628914E-017  0.80000000000000004       0.34159849469369064     
  0.10000000000000009       0.80000000000000004       0.26870676480445427     
  0.20000000000000009       0.80000000000000004        9.3654290361280465E-002
  0.30000000000000016       0.80000000000000004      -0.11743485259554111     
  0.40000000000000013       0.80000000000000004      -0.28359029961755328     
  0.50000000000000011       0.80000000000000004      -0.34133867373123961     
  0.60000000000000009       0.80000000000000004      -0.26900847860706595     
  0.70000000000000007       0.80000000000000004       -9.3585017667048534E-002
  0.80000000000000004       0.80000000000000004       0.11693926606021947     
  0.90000000000000002       0.80000000000000004       0.28312497230873007     
   1.0000000000000000       0.80000000000000004       0.33546774684533864     
  -1.0000000000000000       0.90000000000000002       0.80891921599115091     
 -0.90000000000000002       0.90000000000000002       0.62661068568649925     
 -0.80000000000000004       0.90000000000000002       0.21493105449220473     
 -0.69999999999999996       0.90000000000000002      -0.27407984485589393     
 -0.59999999999999998       0.90000000000000002      -0.65903225964680123     
 -0.49999999999999994       0.90000000000000002      -0.79544527203073101     
 -0.39999999999999991       0.90000000000000002      -0.62480780971027328     
 -0.29999999999999993       0.90000000000000002      -0.21769582158440545     
 -0.19999999999999993       0.90000000000000002       0.28498783803682110     
  -9.9999999999999978E-002  0.90000000000000002       0.68497470033313868     
   2.7755575615628914E-017  0.90000000000000002       0.82517492652208391     
  0.10000000000000009       0.90000000000000002       0.64869779097052405     
  0.20000000000000009       0.90000000000000002       0.22559690948978223     
  0.30000000000000016       0.90000000000000002      -0.28431806902163820     
  0.40000000000000013       0.90000000000000002      -0.68543833742348859     
  0.50000000000000011       0.90000000000000002      -0.82454467510962703     
  0.60000000000000009       0.90000000000000002      -0.64942384763931060     
  0.70000000000000007       0.90000000000000002      -0.22542590410419860     
  0.80000000000000004       0.90000000000000002       0.28312497230872358     
  0.90000000000000002       0.90000000000000002       0.68431758860993963     
   1.0000000000000000       0.90000000000000002       0.81036682214057076     
  -1.0000000000000000        1.0000000000000000       0.95773110980206533     
 -0.90000000000000002        1.0000000000000000       0.74173319623191647     
 -0.80000000000000004        1.0000000000000000       0.25422578432521997     
 -0.69999999999999996        1.0000000000000000      -0.32474775655375621     
 -0.59999999999999998        1.0000000000000000      -0.78042205404712273     
 -0.49999999999999994        1.0000000000000000      -0.94177985654036844     
 -0.39999999999999991        1.0000000000000000      -0.73959707147943343     
 -0.29999999999999993        1.0000000000000000      -0.25749789346688229     
 -0.19999999999999993        1.0000000000000000       0.33767333940286270     
  -9.9999999999999978E-002   1.0000000000000000       0.81114468856327404     
   2.7755575615628914E-017   1.0000000000000000       0.97698035945591188     
  0.10000000000000009        1.0000000000000000       0.76787822019797403     
  0.20000000000000009        1.0000000000000000       0.26684493136156268     
  0.30000000000000016        1.0000000000000000      -0.33687871418955628     
  0.40000000000000013        1.0000000000000000      -0.81169243045744399     
  0.50000000000000011        1.0000000000000000      -0.97623311524772227     
  0.60000000000000009        1.0000000000000000      -0.76873674038496587     
  0.70000000000000007        1.0000000000000000      -0.26664100098991506     
  0.80000000000000004        1.0000000000000000       0.33546774684530606     
  0.90000000000000002        1.0000000000000000       0.81036682214056766     
   1.0000000000000000        1.0000000000000000       0.95944864425001530     
