  -1.0000000000000000       -1.0000000000000000       0.73287295481591797     
 -0.90000000000000002       -1.0000000000000000       0.34255810885403415     
 -0.80000000000000004       -1.0000000000000000      -0.17500178561492202     
 -0.69999999999999996       -1.0000000000000000      -0.63102191621203985     
 -0.59999999999999998       -1.0000000000000000      -0.85016573126589023     
 -0.49999999999999994       -1.0000000000000000      -0.74453077171285886     
 -0.39999999999999991       -1.0000000000000000      -0.35477581460477425     
 -0.29999999999999993       -1.0000000000000000       0.17086346813081843     
 -0.19999999999999993       -1.0000000000000000       0.63066942287004712     
  -9.9999999999999978E-002  -1.0000000000000000       0.85003148320619093     
   2.7755575615628914E-017  -1.0000000000000000       0.74364852605258036     
  0.10000000000000009       -1.0000000000000000       0.35435762178486913     
  0.20000000000000009       -1.0000000000000000      -0.17255315901042786     
  0.30000000000000016       -1.0000000000000000      -0.63118806694312646     
  0.40000000000000013       -1.0000000000000000      -0.85262500927522455     
  0.50000000000000011       -1.0000000000000000      -0.74462684342884644     
  0.60000000000000009       -1.0000000000000000      -0.35750080988668109     
  0.70000000000000007       -1.0000000000000000       0.17084722430101137     
  0.80000000000000004       -1.0000000000000000       0.62788428146069686     
  0.90000000000000002       -1.0000000000000000       0.84943171715764876     
   1.0000000000000000       -1.0000000000000000       0.73008067692838752     
  -1.0000000000000000      -0.90000000000000002       0.34255810885403243     
 -0.90000000000000002      -0.90000000000000002       0.16008051427251949     
 -0.80000000000000004      -0.90000000000000002       -8.1861769722777741E-002
 -0.69999999999999996      -0.90000000000000002      -0.29501375762032700     
 -0.59999999999999998      -0.90000000000000002      -0.39742182269532111     
 -0.49999999999999994      -0.90000000000000002      -0.34800706402031323     
 -0.39999999999999991      -0.90000000000000002      -0.16578969613248323     
 -0.29999999999999993      -0.90000000000000002        7.9927470681573506E-002
 -0.19999999999999993      -0.90000000000000002       0.29484926852964272     
  -9.9999999999999978E-002 -0.90000000000000002       0.39735882518317295     
   2.7755575615628914E-017 -0.90000000000000002       0.34759502650536883     
  0.10000000000000009      -0.90000000000000002       0.16559434560160050     
  0.20000000000000009      -0.90000000000000002       -8.0716813251139621E-002
  0.30000000000000016      -0.90000000000000002      -0.29509143203393556     
  0.40000000000000013      -0.90000000000000002      -0.39857083602293075     
  0.50000000000000011      -0.90000000000000002      -0.34805201408654046     
  0.60000000000000009      -0.90000000000000002      -0.16706356457696600     
  0.70000000000000007      -0.90000000000000002        7.9919796552215039E-002
  0.80000000000000004      -0.90000000000000002       0.29354706385608087     
  0.90000000000000002      -0.90000000000000002       0.39707847363972770     
   1.0000000000000000      -0.90000000000000002       0.34125286044833814     
  -1.0000000000000000      -0.80000000000000004      -0.17500178561492635     
 -0.90000000000000002      -0.80000000000000004       -8.1861769722776062E-002
 -0.80000000000000004      -0.80000000000000004        4.1683009287485320E-002
 -0.69999999999999996      -0.80000000000000004       0.15057561891934196     
 -0.59999999999999998      -0.80000000000000004       0.20294455077433854     
 -0.49999999999999994      -0.80000000000000004       0.17778574198952821     
 -0.39999999999999991      -0.80000000000000004        8.4781900120483186E-002
 -0.29999999999999993      -0.80000000000000004       -4.0694782799667109E-002
 -0.19999999999999993      -0.80000000000000004      -0.15049098936300814     
  -9.9999999999999978E-002 -0.80000000000000004      -0.20291290971763409     
   2.7755575615628914E-017 -0.80000000000000004      -0.17757450030359906     
  0.10000000000000009      -0.80000000000000004       -8.4681838167427428E-002
  0.20000000000000009      -0.80000000000000004        4.1099017216976799E-002
  0.30000000000000016      -0.80000000000000004       0.15061527275460135     
  0.40000000000000013      -0.80000000000000004       0.20353263491916024     
  0.50000000000000011      -0.80000000000000004       0.17780860823142552     
  0.60000000000000009      -0.80000000000000004        8.5432335746305432E-002
  0.70000000000000007      -0.80000000000000004       -4.0691040825615851E-002
  0.80000000000000004      -0.80000000000000004      -0.14982656589992210     
  0.90000000000000002      -0.80000000000000004      -0.20276970918556428     
   1.0000000000000000      -0.80000000000000004      -0.17433516748516062     
  -1.0000000000000000      -0.69999999999999996      -0.63102191621203696     
 -0.90000000000000002      -0.69999999999999996      -0.29501375762032628     
 -0.80000000000000004      -0.69999999999999996       0.15057561891933852     
 -0.69999999999999996      -0.69999999999999996       0.54322049150776364     
 -0.59999999999999998      -0.69999999999999996       0.73194859499497311     
 -0.49999999999999994      -0.69999999999999996       0.64105978879039027     
 -0.39999999999999991      -0.69999999999999996       0.30553618378863134     
 -0.29999999999999993      -0.69999999999999996      -0.14701238130793221     
 -0.19999999999999993      -0.69999999999999996      -0.54291652848698890     
  -9.9999999999999978E-002 -0.69999999999999996      -0.73183341932482915     
   2.7755575615628914E-017 -0.69999999999999996      -0.64029958269101406     
  0.10000000000000009      -0.69999999999999996      -0.30517590736166694     
  0.20000000000000009      -0.69999999999999996       0.14846800158465417     
  0.30000000000000016      -0.69999999999999996       0.54336353038687513     
  0.40000000000000013      -0.69999999999999996       0.73406692991783784     
  0.50000000000000011      -0.69999999999999996       0.64114243444192531     
  0.60000000000000009      -0.69999999999999996       0.30788221066467331     
  0.70000000000000007      -0.69999999999999996      -0.14699853163707724     
  0.80000000000000004      -0.69999999999999996      -0.54051908810214444     
  0.90000000000000002      -0.69999999999999996      -0.73131702258313447     
   1.0000000000000000      -0.69999999999999996      -0.62861784135585519     
  -1.0000000000000000      -0.59999999999999998      -0.85016573126588058     
 -0.90000000000000002      -0.59999999999999998      -0.39742182269531756     
 -0.80000000000000004      -0.59999999999999998       0.20294455077435489     
 -0.69999999999999996      -0.59999999999999998       0.73194859499497655     
 -0.59999999999999998      -0.59999999999999998       0.98619005415386840     
 -0.49999999999999994      -0.59999999999999998       0.86368945042770207     
 -0.39999999999999991      -0.59999999999999998       0.41159657634101021     
 -0.29999999999999993      -0.59999999999999998      -0.19814388891735649     
 -0.19999999999999993      -0.59999999999999998      -0.73153940254895178     
  -9.9999999999999978E-002 -0.59999999999999998      -0.98603457837933672     
   2.7755575615628914E-017 -0.59999999999999998      -0.86266565107884330     
  0.10000000000000009      -0.59999999999999998      -0.41111132826806202     
  0.20000000000000009      -0.59999999999999998       0.20010447533537665     
  0.30000000000000016      -0.59999999999999998       0.73214132426950451     
  0.40000000000000013      -0.59999999999999998       0.98904344668712851     
  0.50000000000000011      -0.59999999999999998       0.86380085166551379     
  0.60000000000000009      -0.59999999999999998       0.41475753107280477     
  0.70000000000000007      -0.59999999999999998      -0.19812513026802919     
  0.80000000000000004      -0.59999999999999998      -0.72830890785887625     
  0.90000000000000002      -0.59999999999999998      -0.98533883311412962     
   1.0000000000000000      -0.59999999999999998      -0.84692665362206310     
  -1.0000000000000000      -0.49999999999999994      -0.74453077171285886     
 -0.90000000000000002      -0.49999999999999994      -0.34800706402031467     
 -0.80000000000000004      -0.49999999999999994       0.17778574198952840     
 -0.69999999999999996      -0.49999999999999994       0.64105978879039238     
 -0.59999999999999998      -0.49999999999999994       0.86368945042769929     
 -0.49999999999999994      -0.49999999999999994       0.75637402926050579     
 -0.39999999999999991      -0.49999999999999994       0.36041911183929215     
 -0.29999999999999993      -0.49999999999999994      -0.17358159635793410     
 -0.19999999999999993      -0.49999999999999994      -0.64070168922049364     
  -9.9999999999999978E-002 -0.49999999999999994      -0.86355306608713922     
   2.7755575615628914E-017 -0.49999999999999994      -0.75547775080723256     
  0.10000000000000009      -0.49999999999999994      -0.35999426718729999     
  0.20000000000000009      -0.49999999999999994       0.17529816372822954     
  0.30000000000000016      -0.49999999999999994       0.64122858252531767     
  0.40000000000000013      -0.49999999999999994       0.86618784661360460     
  0.50000000000000011      -0.49999999999999994       0.75647162932968770     
  0.60000000000000009      -0.49999999999999994       0.36318745413467995     
  0.70000000000000007      -0.49999999999999994      -0.17356509387649396     
  0.80000000000000004      -0.49999999999999994      -0.63787224331434766     
  0.90000000000000002      -0.49999999999999994      -0.86294375952310765     
   1.0000000000000000      -0.49999999999999994      -0.74169407679492527     
  -1.0000000000000000      -0.39999999999999991      -0.35477581460476626     
 -0.90000000000000002      -0.39999999999999991      -0.16578969613247993     
 -0.80000000000000004      -0.39999999999999991        8.4781900120486961E-002
 -0.69999999999999996      -0.39999999999999991       0.30553618378862907     
 -0.59999999999999998      -0.39999999999999991       0.41159657634100794     
 -0.49999999999999994      -0.39999999999999991       0.36041911183929104     
 -0.39999999999999991      -0.39999999999999991       0.17170249093651041     
 -0.29999999999999993      -0.39999999999999991       -8.2778612411146396E-002
 -0.19999999999999993      -0.39999999999999991      -0.30536582994596650     
  -9.9999999999999978E-002 -0.39999999999999991      -0.41153133021063620     
   2.7755575615628914E-017 -0.39999999999999991      -0.35999238095911479     
  0.10000000000000009      -0.39999999999999991      -0.17150017384729663     
  0.20000000000000009      -0.39999999999999991        8.3596104576973737E-002
  0.30000000000000016      -0.39999999999999991       0.30561662863457179     
  0.40000000000000013      -0.39999999999999991       0.41278656698133837     
  0.50000000000000011      -0.39999999999999991       0.36046566540841068     
  0.60000000000000009      -0.39999999999999991       0.17302179436697240     
  0.70000000000000007      -0.39999999999999991       -8.2770664002589589E-002
  0.80000000000000004      -0.39999999999999991      -0.30401717805616457     
  0.90000000000000002      -0.39999999999999991      -0.41124097955604721     
   1.0000000000000000      -0.39999999999999991      -0.35342401252124911     
  -1.0000000000000000      -0.29999999999999993       0.17086346813081893     
 -0.90000000000000002      -0.29999999999999993        7.9927470681572743E-002
 -0.80000000000000004      -0.29999999999999993       -4.0694782799667518E-002
 -0.69999999999999996      -0.29999999999999993      -0.14701238130793184     
 -0.59999999999999998      -0.29999999999999993      -0.19814388891735665     
 -0.49999999999999994      -0.29999999999999993      -0.17358159635793319     
 -0.39999999999999991      -0.29999999999999993       -8.2778612411146632E-002
 -0.29999999999999993      -0.29999999999999993        3.9729924171601115E-002
 -0.19999999999999993      -0.29999999999999993       0.14692974200000986     
  -9.9999999999999978E-002 -0.29999999999999993       0.19811300608796031     
   2.7755575615628914E-017 -0.29999999999999993       0.17337533622454931     
  0.10000000000000009      -0.29999999999999993        8.2680911771240637E-002
  0.20000000000000009      -0.29999999999999993       -4.0124617714167199E-002
  0.30000000000000016      -0.29999999999999993      -0.14705109693217494     
  0.40000000000000013      -0.29999999999999993      -0.19871808659689699     
  0.50000000000000011      -0.29999999999999993      -0.17360392007854455     
  0.60000000000000009      -0.29999999999999993       -8.3413660675383333E-002
  0.70000000000000007      -0.29999999999999993        3.9726273977829886E-002
  0.80000000000000004      -0.29999999999999993       0.14628104566099931     
  0.90000000000000002      -0.29999999999999993       0.19797319226534696     
   1.0000000000000000      -0.29999999999999993       0.17021261726006237     
  -1.0000000000000000      -0.19999999999999993       0.63066942287003824     
 -0.90000000000000002      -0.19999999999999993       0.29484926852964050     
 -0.80000000000000004      -0.19999999999999993      -0.15049098936302216     
 -0.69999999999999996      -0.19999999999999993      -0.54291652848699279     
 -0.59999999999999998      -0.19999999999999993      -0.73153940254895988     
 -0.49999999999999994      -0.19999999999999993      -0.64070168922049664     
 -0.39999999999999991      -0.19999999999999993      -0.30536582994597400     
 -0.29999999999999993      -0.19999999999999993       0.14692974200001024     
 -0.19999999999999993      -0.19999999999999993       0.54261273302055046     
  -9.9999999999999978E-002 -0.19999999999999993       0.73142429325508063     
   2.7755575615628914E-017 -0.19999999999999993       0.63994190497850290     
  0.10000000000000009      -0.19999999999999993       0.30500575377278277     
  0.20000000000000009      -0.19999999999999993      -0.14838455286166874     
  0.30000000000000016      -0.19999999999999993      -0.54305948736108811     
  0.40000000000000013      -0.19999999999999993      -0.73365655826081566     
  0.50000000000000011      -0.19999999999999993      -0.64078428833877721     
  0.60000000000000009      -0.19999999999999993      -0.30771054502300982     
  0.70000000000000007      -0.19999999999999993       0.14691590073688701     
  0.80000000000000004      -0.19999999999999993       0.54021663498150740     
  0.90000000000000002      -0.19999999999999993       0.73090818505907307     
   1.0000000000000000      -0.19999999999999993       0.62826669167883487     
  -1.0000000000000000       -9.9999999999999978E-002  0.85003148320619071     
 -0.90000000000000002       -9.9999999999999978E-002  0.39735882518317345     
 -0.80000000000000004       -9.9999999999999978E-002 -0.20291290971763437     
 -0.69999999999999996       -9.9999999999999978E-002 -0.73183341932482993     
 -0.59999999999999998       -9.9999999999999978E-002 -0.98603457837933706     
 -0.49999999999999994       -9.9999999999999978E-002 -0.86355306608713711     
 -0.39999999999999991       -9.9999999999999978E-002 -0.41153133021063854     
 -0.29999999999999993       -9.9999999999999978E-002  0.19811300608796187     
 -0.19999999999999993       -9.9999999999999978E-002  0.73142429325507952     
  -9.9999999999999978E-002  -9.9999999999999978E-002  0.98587912555579094     
   2.7755575615628914E-017  -9.9999999999999978E-002  0.86252943060186693     
  0.10000000000000009       -9.9999999999999978E-002  0.41104615954115953     
  0.20000000000000009       -9.9999999999999978E-002 -0.20007328000808675     
  0.30000000000000016       -9.9999999999999978E-002 -0.73202611824675889     
  0.40000000000000013       -9.9999999999999978E-002 -0.98888751712092882     
  0.50000000000000011       -9.9999999999999978E-002 -0.86366445002084535     
  0.60000000000000009       -9.9999999999999978E-002 -0.41469178681242996     
  0.70000000000000007       -9.9999999999999978E-002  0.19809424987430643     
  0.80000000000000004       -9.9999999999999978E-002  0.72819430623722148     
  0.90000000000000002       -9.9999999999999978E-002  0.98518349008962280     
   1.0000000000000000       -9.9999999999999978E-002  0.84679291647419985     
  -1.0000000000000000        2.7755575615628914E-017  0.74364852605256127     
 -0.90000000000000002        2.7755575615628914E-017  0.34759502650536689     
 -0.80000000000000004        2.7755575615628914E-017 -0.17757450030360816     
 -0.69999999999999996        2.7755575615628914E-017 -0.64029958269101805     
 -0.59999999999999998        2.7755575615628914E-017 -0.86266565107884230     
 -0.49999999999999994        2.7755575615628914E-017 -0.75547775080723756     
 -0.39999999999999991        2.7755575615628914E-017 -0.35999238095912162     
 -0.29999999999999993        2.7755575615628914E-017  0.17337533622455012     
 -0.19999999999999993        2.7755575615628914E-017  0.63994190497849213     
  -9.9999999999999978E-002   2.7755575615628914E-017  0.86252943060186960     
   2.7755575615628914E-017   2.7755575615628914E-017  0.75458253132185982     
  0.10000000000000009        2.7755575615628914E-017  0.35956803863560899     
  0.20000000000000009        2.7755575615628914E-017 -0.17508987360844780     
  0.30000000000000016        2.7755575615628914E-017 -0.64046817629687847     
  0.40000000000000013        2.7755575615628914E-017 -0.86516109127647023     
  0.50000000000000011        2.7755575615628914E-017 -0.75557523481879707     
  0.60000000000000009        2.7755575615628914E-017 -0.36275744143146493     
  0.70000000000000007        2.7755575615628914E-017  0.17335885403950629     
  0.80000000000000004        2.7755575615628914E-017  0.63711581532508699     
  0.90000000000000002        2.7755575615628914E-017  0.86192084613833497     
   1.0000000000000000        2.7755575615628914E-017  0.74081519332872947     
  -1.0000000000000000       0.10000000000000009       0.35435762178486907     
 -0.90000000000000002       0.10000000000000009       0.16559434560160116     
 -0.80000000000000004       0.10000000000000009       -8.4681838167427817E-002
 -0.69999999999999996       0.10000000000000009      -0.30517590736166694     
 -0.59999999999999998       0.10000000000000009      -0.41111132826806057     
 -0.49999999999999994       0.10000000000000009      -0.35999426718729904     
 -0.39999999999999991       0.10000000000000009      -0.17150017384729746     
 -0.29999999999999993       0.10000000000000009        8.2680911771241317E-002
 -0.19999999999999993       0.10000000000000009       0.30500575377278261     
  -9.9999999999999978E-002  0.10000000000000009       0.41104615954115986     
   2.7755575615628914E-017  0.10000000000000009       0.35956803863560793     
  0.10000000000000009       0.10000000000000009       0.17129809501329629     
  0.20000000000000009       0.10000000000000009       -8.3497441209516188E-002
  0.30000000000000016       0.10000000000000009      -0.30525625735654477     
  0.40000000000000013       0.10000000000000009      -0.41229991718663628     
  0.50000000000000011       0.10000000000000009      -0.36004076579464944     
  0.60000000000000009       0.10000000000000009      -0.17281792184254571     
  0.70000000000000007       0.10000000000000009        8.2672972893975405E-002
  0.80000000000000004       0.10000000000000009       0.30365869237176879     
  0.90000000000000002       0.10000000000000009       0.41075615115757269     
   1.0000000000000000       0.10000000000000009       0.35300741328999408     
  -1.0000000000000000       0.20000000000000009      -0.17255315901043344     
 -0.90000000000000002       0.20000000000000009       -8.0716813251137803E-002
 -0.80000000000000004       0.20000000000000009        4.1099017216984966E-002
 -0.69999999999999996       0.20000000000000009       0.14846800158465479     
 -0.59999999999999998       0.20000000000000009       0.20010447533537212     
 -0.49999999999999994       0.20000000000000009       0.17529816372822873     
 -0.39999999999999991       0.20000000000000009        8.3596104576974042E-002
 -0.29999999999999993       0.20000000000000009       -4.0124617714165554E-002
 -0.19999999999999993       0.20000000000000009      -0.14838455286166663     
  -9.9999999999999978E-002  0.20000000000000009      -0.20007328000808444     
   2.7755575615628914E-017  0.20000000000000009      -0.17508987360844958     
  0.10000000000000009       0.20000000000000009       -8.3497441209515980E-002
  0.20000000000000009       0.20000000000000009        4.0523201549606036E-002
  0.30000000000000016       0.20000000000000009       0.14850710043260271     
  0.40000000000000013       0.20000000000000009       0.20068433706682512     
  0.50000000000000011       0.20000000000000009       0.17532070948302381     
  0.60000000000000009       0.20000000000000009        8.4237437390704065E-002
  0.70000000000000007       0.20000000000000009       -4.0120929088695939E-002
  0.80000000000000004       0.20000000000000009      -0.14772943061697419     
  0.90000000000000002       0.20000000000000009      -0.19993208326161849     
   1.0000000000000000       0.20000000000000009      -0.17189586930110748     
  -1.0000000000000000       0.30000000000000016      -0.63118806694312302     
 -0.90000000000000002       0.30000000000000016      -0.29509143203393495     
 -0.80000000000000004       0.30000000000000016       0.15061527275460140     
 -0.69999999999999996       0.30000000000000016       0.54336353038687468     
 -0.59999999999999998       0.30000000000000016       0.73214132426950462     
 -0.49999999999999994       0.30000000000000016       0.64122858252531689     
 -0.39999999999999991       0.30000000000000016       0.30561662863457406     
 -0.29999999999999993       0.30000000000000016      -0.14705109693217505     
 -0.19999999999999993       0.30000000000000016      -0.54305948736108833     
  -9.9999999999999978E-002  0.30000000000000016      -0.73202611824675912     
   2.7755575615628914E-017  0.30000000000000016      -0.64046817629687947     
  0.10000000000000009       0.30000000000000016      -0.30525625735654466     
  0.20000000000000009       0.30000000000000016       0.14850710043260346     
  0.30000000000000016       0.30000000000000016       0.54350660693022246     
  0.40000000000000013       0.30000000000000016       0.73426021690726884     
  0.50000000000000011       0.30000000000000016       0.64131124994228816     
  0.60000000000000009       0.30000000000000016       0.30796327324501049     
  0.70000000000000007       0.30000000000000016      -0.14703724360605472     
  0.80000000000000004       0.30000000000000016      -0.54066141567922066     
  0.90000000000000002       0.30000000000000016      -0.73150958553461765     
   1.0000000000000000       0.30000000000000016      -0.62878335907743399     
  -1.0000000000000000       0.40000000000000013      -0.85262500927519347     
 -0.90000000000000002       0.40000000000000013      -0.39857083602292520     
 -0.80000000000000004       0.40000000000000013       0.20353263491917623     
 -0.69999999999999996       0.40000000000000013       0.73406692991784039     
 -0.59999999999999998       0.40000000000000013       0.98904344668713962     
 -0.49999999999999994       0.40000000000000013       0.86618784661360682     
 -0.39999999999999991       0.40000000000000013       0.41278656698135302     
 -0.29999999999999993       0.40000000000000013      -0.19871808659689652     
 -0.19999999999999993       0.40000000000000013      -0.73365655826080822     
  -9.9999999999999978E-002  0.40000000000000013      -0.98888751712092693     
   2.7755575615628914E-017  0.40000000000000013      -0.86516109127648289     
  0.10000000000000009       0.40000000000000013      -0.41229991718663639     
  0.20000000000000009       0.40000000000000013       0.20068433706682262     
  0.30000000000000016       0.40000000000000013       0.73426021690726684     
  0.40000000000000013       0.40000000000000013       0.99190508511300046     
  0.50000000000000011       0.40000000000000013       0.86629957082650633     
  0.60000000000000009       0.40000000000000013       0.41595666796753367     
  0.70000000000000007       0.40000000000000013      -0.19869927235325030     
  0.80000000000000004       0.40000000000000013      -0.73041671250569606     
  0.90000000000000002       0.40000000000000013      -0.98818975910710027     
   1.0000000000000000       0.40000000000000013      -0.84937656053268007     
  -1.0000000000000000       0.50000000000000011      -0.74462684342884555     
 -0.90000000000000002       0.50000000000000011      -0.34805201408654063     
 -0.80000000000000004       0.50000000000000011       0.17780860823142666     
 -0.69999999999999996       0.50000000000000011       0.64114243444192642     
 -0.59999999999999998       0.50000000000000011       0.86380085166551612     
 -0.49999999999999994       0.50000000000000011       0.75647162932968626     
 -0.39999999999999991       0.50000000000000011       0.36046566540841241     
 -0.29999999999999993       0.50000000000000011      -0.17360392007854589     
 -0.19999999999999993       0.50000000000000011      -0.64078428833877987     
  -9.9999999999999978E-002  0.50000000000000011      -0.86366445002084635     
   2.7755575615628914E-017  0.50000000000000011      -0.75557523481879674     
  0.10000000000000009       0.50000000000000011      -0.36004076579464933     
  0.20000000000000009       0.50000000000000011       0.17532070948302722     
  0.30000000000000016       0.50000000000000011       0.64131124994228894     
  0.40000000000000013       0.50000000000000011       0.86629957082651099     
  0.50000000000000011       0.50000000000000011       0.75656924194030506     
  0.60000000000000009       0.50000000000000011       0.36323436473664239     
  0.70000000000000007       0.50000000000000011      -0.17358741556450541     
  0.80000000000000004       0.50000000000000011      -0.63795447778222714     
  0.90000000000000002       0.50000000000000011      -0.86305506484581007     
   1.0000000000000000       0.50000000000000011      -0.74178978257355777     
  -1.0000000000000000       0.60000000000000009      -0.35750080988666660     
 -0.90000000000000002       0.60000000000000009      -0.16706356457696420     
 -0.80000000000000004       0.60000000000000009        8.5432335746321308E-002
 -0.69999999999999996       0.60000000000000009       0.30788221066467342     
 -0.59999999999999998       0.60000000000000009       0.41475753107282720     
 -0.49999999999999994       0.60000000000000009       0.36318745413468195     
 -0.39999999999999991       0.60000000000000009       0.17302179436697135     
 -0.29999999999999993       0.60000000000000009       -8.3413660675384180E-002
 -0.19999999999999993       0.60000000000000009      -0.30771054502302725     
  -9.9999999999999978E-002  0.60000000000000009      -0.41469178681243007     
   2.7755575615628914E-017  0.60000000000000009      -0.36275744143146865     
  0.10000000000000009       0.60000000000000009      -0.17281792184254516     
  0.20000000000000009       0.60000000000000009        8.4237437390721065E-002
  0.30000000000000016       0.60000000000000009       0.30796327324500955     
  0.40000000000000013       0.60000000000000009       0.41595666796754655     
  0.50000000000000011       0.60000000000000009       0.36323436473664245     
  0.60000000000000009       0.60000000000000009       0.17435122932710181     
  0.70000000000000007       0.60000000000000009       -8.3405652208961734E-002
  0.80000000000000004       0.60000000000000009      -0.30635153890709116     
  0.90000000000000002       0.60000000000000009      -0.41439920612717718     
   1.0000000000000000       0.60000000000000009      -0.35613862580143335     
  -1.0000000000000000       0.70000000000000007       0.17084722430100965     
 -0.90000000000000002       0.70000000000000007        7.9919796552214206E-002
 -0.80000000000000004       0.70000000000000007       -4.0691040825614540E-002
 -0.69999999999999996       0.70000000000000007      -0.14699853163707718     
 -0.59999999999999998       0.70000000000000007      -0.19812513026803005     
 -0.49999999999999994       0.70000000000000007      -0.17356509387649319     
 -0.39999999999999991       0.70000000000000007       -8.2770664002591088E-002
 -0.29999999999999993       0.70000000000000007        3.9726273977829747E-002
 -0.19999999999999993       0.70000000000000007       0.14691590073688593     
  -9.9999999999999978E-002  0.70000000000000007       0.19809424987430607     
   2.7755575615628914E-017  0.70000000000000007       0.17335885403950740     
  0.10000000000000009       0.70000000000000007        8.2672972893975086E-002
  0.20000000000000009       0.70000000000000007       -4.0120929088694517E-002
  0.30000000000000016       0.70000000000000007      -0.14703724360605422     
  0.40000000000000013       0.70000000000000007      -0.19869927235325152     
  0.50000000000000011       0.70000000000000007      -0.17358741556450508     
  0.60000000000000009       0.70000000000000007       -8.3405652208963288E-002
  0.70000000000000007       0.70000000000000007        3.9722623966434986E-002
  0.80000000000000004       0.70000000000000007       0.14626726530256384     
  0.90000000000000002       0.70000000000000007       0.19795444932342751     
   1.0000000000000000       0.70000000000000007       0.17019643513059537     
  -1.0000000000000000       0.80000000000000004       0.62788428146069653     
 -0.90000000000000002       0.80000000000000004       0.29354706385607909     
 -0.80000000000000004       0.80000000000000004      -0.14982656589993995     
 -0.69999999999999996       0.80000000000000004      -0.54051908810215032     
 -0.59999999999999998       0.80000000000000004      -0.72830890785889568     
 -0.49999999999999994       0.80000000000000004      -0.63787224331435199     
 -0.39999999999999991       0.80000000000000004      -0.30401717805617684     
 -0.29999999999999993       0.80000000000000004       0.14628104566100000     
 -0.19999999999999993       0.80000000000000004       0.54021663498151506     
  -9.9999999999999978E-002  0.80000000000000004       0.72819430623722436     
   2.7755575615628914E-017  0.80000000000000004       0.63711581532510653     
  0.10000000000000009       0.80000000000000004       0.30365869237177057     
  0.20000000000000009       0.80000000000000004      -0.14772943061697558     
  0.30000000000000016       0.80000000000000004      -0.54066141567922210     
  0.40000000000000013       0.80000000000000004      -0.73041671250570617     
  0.50000000000000011       0.80000000000000004      -0.63795447778222736     
  0.60000000000000009       0.80000000000000004      -0.30635153890708022     
  0.70000000000000007       0.80000000000000004       0.14626726530256431     
  0.80000000000000004       0.80000000000000004       0.53783111748855239     
  0.90000000000000002       0.80000000000000004       0.72768047723378526     
   1.0000000000000000       0.80000000000000004       0.62549216088376425     
  -1.0000000000000000       0.90000000000000002       0.84943171715764743     
 -0.90000000000000002       0.90000000000000002       0.39707847363972804     
 -0.80000000000000004       0.90000000000000002      -0.20276970918556120     
 -0.69999999999999996       0.90000000000000002      -0.73131702258313391     
 -0.59999999999999998       0.90000000000000002      -0.98533883311412829     
 -0.49999999999999994       0.90000000000000002      -0.86294375952310531     
 -0.39999999999999991       0.90000000000000002      -0.41124097955605271     
 -0.29999999999999993       0.90000000000000002       0.19797319226534726     
 -0.19999999999999993       0.90000000000000002       0.73090818505906618     
  -9.9999999999999978E-002  0.90000000000000002       0.98518349008962181     
   2.7755575615628914E-017  0.90000000000000002       0.86192084613833297     
  0.10000000000000009       0.90000000000000002       0.41075615115757280     
  0.20000000000000009       0.90000000000000002      -0.19993208326161663     
  0.30000000000000016       0.90000000000000002      -0.73150958553461654     
  0.40000000000000013       0.90000000000000002      -0.98818975910709961     
  0.50000000000000011       0.90000000000000002      -0.86305506484580885     
  0.60000000000000009       0.90000000000000002      -0.41439920612717956     
  0.70000000000000007       0.90000000000000002       0.19795444932342729     
  0.80000000000000004       0.90000000000000002       0.72768047723377705     
  0.90000000000000002       0.90000000000000002       0.98448834545526009     
   1.0000000000000000       0.90000000000000002       0.84619543553797127     
  -1.0000000000000000        1.0000000000000000       0.73008067692834078     
 -0.90000000000000002        1.0000000000000000       0.34125286044833342     
 -0.80000000000000004        1.0000000000000000      -0.17433516748516717     
 -0.69999999999999996        1.0000000000000000      -0.62861784135585497     
 -0.59999999999999998        1.0000000000000000      -0.84692665362205644     
 -0.49999999999999994        1.0000000000000000      -0.74169407679492816     
 -0.39999999999999991        1.0000000000000000      -0.35342401252125566     
 -0.29999999999999993        1.0000000000000000       0.17021261726006218     
 -0.19999999999999993        1.0000000000000000       0.62826669167881732     
  -9.9999999999999978E-002   1.0000000000000000       0.84679291647419763     
   2.7755575615628914E-017   1.0000000000000000       0.74081519332872436     
  0.10000000000000009        1.0000000000000000       0.35300741328999352     
  0.20000000000000009        1.0000000000000000      -0.17189586930110409     
  0.30000000000000016        1.0000000000000000      -0.62878335907743133     
  0.40000000000000013        1.0000000000000000      -0.84937656053265664     
  0.50000000000000011        1.0000000000000000      -0.74178978257355299     
  0.60000000000000009        1.0000000000000000      -0.35613862580142014     
  0.70000000000000007        1.0000000000000000       0.17019643513059368     
  0.80000000000000004        1.0000000000000000       0.62549216088373372     
  0.90000000000000002        1.0000000000000000       0.84619543553797050     
   1.0000000000000000        1.0000000000000000       0.72729903758420611     
