  -1.0000000000000000       -1.0000000000000000       0.78228770647198220     
 -0.90000000000000002       -1.0000000000000000       0.41055601182534024     
 -0.80000000000000004       -1.0000000000000000      -0.10750695249354883     
 -0.69999999999999996       -1.0000000000000000      -0.58285393068144831     
 -0.59999999999999998       -1.0000000000000000      -0.83227726796821033     
 -0.49999999999999994       -1.0000000000000000      -0.77001833747867099     
 -0.39999999999999991       -1.0000000000000000      -0.40602793054253439     
 -0.29999999999999993       -1.0000000000000000       0.11064554377003812     
 -0.19999999999999993       -1.0000000000000000       0.60715737773489320     
  -9.9999999999999978E-002  -1.0000000000000000       0.86662808325714735     
   2.7755575615628914E-017  -1.0000000000000000       0.80068600198175810     
  0.10000000000000009       -1.0000000000000000       0.42483419961443136     
  0.20000000000000009       -1.0000000000000000      -0.10865753984144365     
  0.30000000000000016       -1.0000000000000000      -0.60415672608736071     
  0.40000000000000013       -1.0000000000000000      -0.86499737538610877     
  0.50000000000000011       -1.0000000000000000      -0.79843462017333811     
  0.60000000000000009       -1.0000000000000000      -0.42390433329050814     
  0.70000000000000007       -1.0000000000000000       0.11049278153171624     
  0.80000000000000004       -1.0000000000000000       0.60451204494435973     
  0.90000000000000002       -1.0000000000000000       0.86582559319325891     
   1.0000000000000000       -1.0000000000000000       0.78653704203434482     
  -1.0000000000000000      -0.90000000000000002       0.41055601182533641     
 -0.90000000000000002      -0.90000000000000002       0.21532654354780467     
 -0.80000000000000004      -0.90000000000000002       -5.6645889537864383E-002
 -0.69999999999999996      -0.90000000000000002      -0.30611646845281737     
 -0.59999999999999998      -0.90000000000000002      -0.43693012516851593     
 -0.49999999999999994      -0.90000000000000002      -0.40411763979805776     
 -0.39999999999999991      -0.90000000000000002      -0.21294867336797807     
 -0.29999999999999993      -0.90000000000000002        5.8300810175399752E-002
 -0.19999999999999993      -0.90000000000000002       0.31888129439661095     
  -9.9999999999999978E-002 -0.90000000000000002       0.45496441221704520     
   2.7755575615628914E-017 -0.90000000000000002       0.42021394036181631     
  0.10000000000000009      -0.90000000000000002       0.22281479363050685     
  0.20000000000000009      -0.90000000000000002       -5.7257781180674781E-002
  0.30000000000000016      -0.90000000000000002      -0.31730469262115729     
  0.40000000000000013      -0.90000000000000002      -0.45410695052799199     
  0.50000000000000011      -0.90000000000000002      -0.41903059463665193     
  0.60000000000000009      -0.90000000000000002      -0.22232508119384137     
  0.70000000000000007      -0.90000000000000002        5.8222280935872880E-002
  0.80000000000000004      -0.90000000000000002       0.31749233274168470     
  0.90000000000000002      -0.90000000000000002       0.45454297311932312     
   1.0000000000000000      -0.90000000000000002       0.41278751071165060     
  -1.0000000000000000      -0.80000000000000004      -0.10750695249355093     
 -0.90000000000000002      -0.80000000000000004       -5.6645889537861642E-002
 -0.80000000000000004      -0.80000000000000004        1.4411788254614420E-002
 -0.69999999999999996      -0.80000000000000004        7.9734503216077932E-002
 -0.59999999999999998      -0.80000000000000004       0.11415278647742307     
 -0.49999999999999994      -0.80000000000000004       0.10581957217979768     
 -0.39999999999999991      -0.80000000000000004        5.6025978755347663E-002
 -0.29999999999999993      -0.80000000000000004       -1.4830621695294723E-002
 -0.19999999999999993      -0.80000000000000004       -8.3058267188363691E-002
  -9.9999999999999978E-002 -0.80000000000000004      -0.11886304261278131     
   2.7755575615628914E-017 -0.80000000000000004      -0.11003175814919870     
  0.10000000000000009      -0.80000000000000004       -5.8616400526161731E-002
  0.20000000000000009      -0.80000000000000004        1.4556926291994373E-002
  0.30000000000000016      -0.80000000000000004        8.2648828580195621E-002
  0.40000000000000013      -0.80000000000000004       0.11864159029685924     
  0.50000000000000011      -0.80000000000000004       0.10972524331693143     
  0.60000000000000009      -0.80000000000000004        5.8491363370011956E-002
  0.70000000000000007      -0.80000000000000004       -1.4806977860787706E-002
  0.80000000000000004      -0.80000000000000004       -8.2695781335918234E-002
  0.90000000000000002      -0.80000000000000004      -0.11875321205351841     
   1.0000000000000000      -0.80000000000000004      -0.10808868768871616     
  -1.0000000000000000      -0.69999999999999996      -0.58285393068144431     
 -0.90000000000000002      -0.69999999999999996      -0.30611646845281765     
 -0.80000000000000004      -0.69999999999999996        7.9734503216072075E-002
 -0.69999999999999996      -0.69999999999999996       0.43389562688837158     
 -0.59999999999999998      -0.69999999999999996       0.61987373415268865     
 -0.49999999999999994      -0.69999999999999996       0.57371121888651722     
 -0.39999999999999991      -0.69999999999999996       0.30274514408654252     
 -0.29999999999999993      -0.69999999999999996       -8.2060375159627066E-002
 -0.19999999999999993      -0.69999999999999996      -0.45198695415390677     
  -9.9999999999999978E-002 -0.69999999999999996      -0.64545674585018153     
   2.7755575615628914E-017 -0.69999999999999996      -0.59655819720883396     
  0.10000000000000009      -0.69999999999999996      -0.31676299215460829     
  0.20000000000000009      -0.69999999999999996        8.0578691546535935E-002
  0.30000000000000016      -0.69999999999999996       0.44975422862028380     
  0.40000000000000013      -0.69999999999999996       0.64424443326487335     
  0.50000000000000011      -0.69999999999999996       0.59488367923224894     
  0.60000000000000009      -0.69999999999999996       0.31607295268925784     
  0.70000000000000007      -0.69999999999999996       -8.1943889092459352E-002
  0.80000000000000004      -0.69999999999999996      -0.45001707336464353     
  0.90000000000000002      -0.69999999999999996      -0.64485929572326672     
   1.0000000000000000      -0.69999999999999996      -0.58601770416172305     
  -1.0000000000000000      -0.59999999999999998      -0.83227726796820078     
 -0.90000000000000002      -0.59999999999999998      -0.43693012516851165     
 -0.80000000000000004      -0.59999999999999998       0.11415278647743239     
 -0.69999999999999996      -0.59999999999999998       0.61987373415269298     
 -0.59999999999999998      -0.59999999999999998       0.88532277305657125     
 -0.49999999999999994      -0.59999999999999998       0.81922309485266698     
 -0.39999999999999991      -0.59999999999999998       0.43211415447844609     
 -0.29999999999999993      -0.59999999999999998      -0.11748421861038118     
 -0.19999999999999993      -0.59999999999999998      -0.64572021994585727     
  -9.9999999999999978E-002 -0.59999999999999998      -0.92186220625408066     
   2.7755575615628914E-017 -0.59999999999999998      -0.85184901874438190     
  0.10000000000000009      -0.59999999999999998      -0.45212585140960715     
  0.20000000000000009      -0.59999999999999998       0.11536887404408028     
  0.30000000000000016      -0.59999999999999998       0.64252963232535554     
  0.40000000000000013      -0.59999999999999998       0.92012893113412264     
  0.50000000000000011      -0.59999999999999998       0.84945555240169768     
  0.60000000000000009      -0.59999999999999998       0.45113826528757278     
  0.70000000000000007      -0.59999999999999998      -0.11732005649364995     
  0.80000000000000004      -0.59999999999999998      -0.64290649629732732     
  0.90000000000000002      -0.59999999999999998      -0.92100871548046537     
   1.0000000000000000      -0.59999999999999998      -0.83679676185596386     
  -1.0000000000000000      -0.49999999999999994      -0.77001833747867066     
 -0.90000000000000002      -0.49999999999999994      -0.40411763979806031     
 -0.80000000000000004      -0.49999999999999994       0.10581957217979694     
 -0.69999999999999996      -0.49999999999999994       0.57371121888651644     
 -0.59999999999999998      -0.49999999999999994       0.81922309485266243     
 -0.49999999999999994      -0.49999999999999994       0.75794139650407621     
 -0.39999999999999991      -0.49999999999999994       0.39966058491843431     
 -0.29999999999999993      -0.49999999999999994      -0.10890889505491032     
 -0.19999999999999993      -0.49999999999999994      -0.59763343609740793     
  -9.9999999999999978E-002 -0.49999999999999994      -0.85303511741752203     
   2.7755575615628914E-017 -0.49999999999999994      -0.78812806248273948     
  0.10000000000000009      -0.49999999999999994      -0.41817191762149808     
  0.20000000000000009      -0.49999999999999994       0.10695206915946379     
  0.30000000000000016      -0.49999999999999994       0.59467985661712230     
  0.40000000000000013      -0.49999999999999994       0.85142999462883673     
  0.50000000000000011      -0.49999999999999994       0.78591200115943505     
  0.60000000000000009      -0.49999999999999994       0.41725664474082730     
  0.70000000000000007      -0.49999999999999994      -0.10875851957426212     
  0.80000000000000004      -0.49999999999999994      -0.59502959620251172     
  0.90000000000000002      -0.49999999999999994      -0.85224521513242502     
   1.0000000000000000      -0.49999999999999994      -0.77420101895730487     
  -1.0000000000000000      -0.39999999999999991      -0.40602793054252506     
 -0.90000000000000002      -0.39999999999999991      -0.21294867336797529     
 -0.80000000000000004      -0.39999999999999991        5.6025978755347032E-002
 -0.69999999999999996      -0.39999999999999991       0.30274514408654052     
 -0.59999999999999998      -0.39999999999999991       0.43211415447844376     
 -0.49999999999999994      -0.39999999999999991       0.39966058491843415     
 -0.39999999999999991      -0.39999999999999991       0.21059699750704339     
 -0.29999999999999993      -0.39999999999999991       -5.7662814186540221E-002
 -0.19999999999999993      -0.39999999999999991      -0.31536940107449429     
  -9.9999999999999978E-002 -0.39999999999999991      -0.44994967845366252     
   2.7755575615628914E-017 -0.39999999999999991      -0.41557938861286187     
  0.10000000000000009      -0.39999999999999991      -0.22035422337555230     
  0.20000000000000009      -0.39999999999999991        5.6631295303954589E-002
  0.30000000000000016      -0.39999999999999991       0.31381014870508794     
  0.40000000000000013      -0.39999999999999991       0.44910163848152374     
  0.50000000000000011      -0.39999999999999991       0.41440905560266972     
  0.60000000000000009      -0.39999999999999991       0.21986987529565002     
  0.70000000000000007      -0.39999999999999991       -5.7585186308559647E-002
  0.80000000000000004      -0.39999999999999991      -0.31399574436222716     
  0.90000000000000002      -0.39999999999999991      -0.44953288142175418     
   1.0000000000000000      -0.39999999999999991      -0.40823484780595831     
  -1.0000000000000000      -0.29999999999999993       0.11064554377003802     
 -0.90000000000000002      -0.29999999999999993        5.8300810175399481E-002
 -0.80000000000000004      -0.29999999999999993       -1.4830621695296305E-002
 -0.69999999999999996      -0.29999999999999993       -8.2060375159626955E-002
 -0.59999999999999998      -0.29999999999999993      -0.11748421861037940     
 -0.49999999999999994      -0.29999999999999993      -0.10890889505490908     
 -0.39999999999999991      -0.29999999999999993       -5.7662814186537167E-002
 -0.29999999999999993      -0.29999999999999993        1.5261617390592900E-002
 -0.19999999999999993      -0.29999999999999993        8.5481089044572078E-002
  -9.9999999999999978E-002 -0.29999999999999993       0.12233193235730436     
   2.7755575615628914E-017 -0.29999999999999993       0.11324404048210268     
  0.10000000000000009      -0.29999999999999993        6.0328892631211904E-002
  0.20000000000000009      -0.29999999999999993       -1.4979928640096174E-002
  0.30000000000000016      -0.29999999999999993       -8.5059712584047681E-002
  0.40000000000000013      -0.29999999999999993      -0.12210402900638800     
  0.50000000000000011      -0.29999999999999993      -0.11292859228779865     
  0.60000000000000009      -0.29999999999999993       -6.0200219625246368E-002
  0.70000000000000007      -0.29999999999999993        1.5237268923928579E-002
  0.80000000000000004      -0.29999999999999993        8.5108026097208800E-002
  0.90000000000000002      -0.29999999999999993       0.12221889776512743     
   1.0000000000000000      -0.29999999999999993       0.11124425060436256     
  -1.0000000000000000      -0.19999999999999993       0.60715737773487977     
 -0.90000000000000002      -0.19999999999999993       0.31888129439660617     
 -0.80000000000000004      -0.19999999999999993       -8.3058267188384147E-002
 -0.69999999999999996      -0.19999999999999993      -0.45198695415391266     
 -0.59999999999999998      -0.19999999999999993      -0.64572021994586593     
 -0.49999999999999994      -0.19999999999999993      -0.59763343609741038     
 -0.39999999999999991      -0.19999999999999993      -0.31536940107448891     
 -0.29999999999999993      -0.19999999999999993        8.5481089044573716E-002
 -0.19999999999999993      -0.19999999999999993       0.47083259886713064     
  -9.9999999999999978E-002 -0.19999999999999993       0.67236994724963239     
   2.7755575615628914E-017 -0.19999999999999993       0.62143306600492587     
  0.10000000000000009      -0.19999999999999993       0.32997177141532363     
  0.20000000000000009      -0.19999999999999993       -8.3937621853166042E-002
  0.30000000000000016      -0.19999999999999993      -0.46850678234944948     
  0.40000000000000013      -0.19999999999999993      -0.67110709145197134     
  0.50000000000000011      -0.19999999999999993      -0.61968873267621860     
  0.60000000000000009      -0.19999999999999993      -0.32925296637675971     
  0.70000000000000007      -0.19999999999999993        8.5359738813458000E-002
  0.80000000000000004      -0.19999999999999993       0.46878058207503764     
  0.90000000000000002      -0.19999999999999993       0.67174758624276942     
   1.0000000000000000      -0.19999999999999993       0.61045306623324369     
  -1.0000000000000000       -9.9999999999999978E-002  0.86662808325714058     
 -0.90000000000000002       -9.9999999999999978E-002  0.45496441221704570     
 -0.80000000000000004       -9.9999999999999978E-002 -0.11886304261277943     
 -0.69999999999999996       -9.9999999999999978E-002 -0.64545674585018009     
 -0.59999999999999998       -9.9999999999999978E-002 -0.92186220625408144     
 -0.49999999999999994       -9.9999999999999978E-002 -0.85303511741752025     
 -0.39999999999999991       -9.9999999999999978E-002 -0.44994967845366535     
 -0.29999999999999993       -9.9999999999999978E-002  0.12233193235730573     
 -0.19999999999999993       -9.9999999999999978E-002  0.67236994724963284     
  -9.9999999999999978E-002  -9.9999999999999978E-002  0.95990970710649903     
   2.7755575615628914E-017  -9.9999999999999978E-002  0.88700761246292148     
  0.10000000000000009       -9.9999999999999978E-002  0.47078734357863411     
  0.20000000000000009       -9.9999999999999978E-002 -0.12012927897451817     
  0.30000000000000016       -9.9999999999999978E-002 -0.66904768333641840     
  0.40000000000000013       -9.9999999999999978E-002 -0.95810490282291771     
  0.50000000000000011       -9.9999999999999978E-002 -0.88451536949189580     
  0.60000000000000009       -9.9999999999999978E-002 -0.46975900567110190     
  0.70000000000000007       -9.9999999999999978E-002  0.12216098595787474     
  0.80000000000000004       -9.9999999999999978E-002  0.66944009549353578     
  0.90000000000000002       -9.9999999999999978E-002  0.95902099146989950     
   1.0000000000000000       -9.9999999999999978E-002  0.87133410406709222     
  -1.0000000000000000        2.7755575615628914E-017  0.80068600198173767     
 -0.90000000000000002        2.7755575615628914E-017  0.42021394036181192     
 -0.80000000000000004        2.7755575615628914E-017 -0.11003175814920696     
 -0.69999999999999996        2.7755575615628914E-017 -0.59655819720883740     
 -0.59999999999999998        2.7755575615628914E-017 -0.85184901874438046     
 -0.49999999999999994        2.7755575615628914E-017 -0.78812806248274359     
 -0.39999999999999991        2.7755575615628914E-017 -0.41557938861286042     
 -0.29999999999999993        2.7755575615628914E-017  0.11324404048210737     
 -0.19999999999999993        2.7755575615628914E-017  0.62143306600492909     
  -9.9999999999999978E-002   2.7755575615628914E-017  0.88700761246292059     
   2.7755575615628914E-017   2.7755575615628914E-017  0.81951696342441660     
  0.10000000000000009        2.7755575615628914E-017  0.43482801350294870     
  0.20000000000000009        2.7755575615628914E-017 -0.11120927656988744     
  0.30000000000000016        2.7755575615628914E-017 -0.61836187243235763     
  0.40000000000000013        2.7755575615628914E-017 -0.88533857904021551     
  0.50000000000000011        2.7755575615628914E-017 -0.81721266098964074     
  0.60000000000000009        2.7755575615628914E-017 -0.43387630540904548     
  0.70000000000000007        2.7755575615628914E-017  0.11308765906572804     
  0.80000000000000004        2.7755575615628914E-017  0.61872552919439450     
  0.90000000000000002        2.7755575615628914E-017  0.88618625347688929     
   1.0000000000000000        2.7755575615628914E-017  0.80503525365530382     
  -1.0000000000000000       0.10000000000000009       0.42483419961443009     
 -0.90000000000000002       0.10000000000000009       0.22281479363050924     
 -0.80000000000000004       0.10000000000000009       -5.8616400526162168E-002
 -0.69999999999999996       0.10000000000000009      -0.31676299215460807     
 -0.59999999999999998       0.10000000000000009      -0.45212585140960559     
 -0.49999999999999994       0.10000000000000009      -0.41817191762149830     
 -0.39999999999999991       0.10000000000000009      -0.22035422337555283     
 -0.29999999999999993       0.10000000000000009        6.0328892631212570E-002
 -0.19999999999999993       0.10000000000000009       0.32997177141532558     
  -9.9999999999999978E-002  0.10000000000000009       0.47078734357863611     
   2.7755575615628914E-017  0.10000000000000009       0.43482801350294875     
  0.10000000000000009       0.10000000000000009       0.23056345629837124     
  0.20000000000000009       0.10000000000000009       -5.9249590181588881E-002
  0.30000000000000016       0.10000000000000009      -0.32834033505363436     
  0.40000000000000013       0.10000000000000009      -0.46990005771410964     
  0.50000000000000011       0.10000000000000009      -0.43360350979010548     
  0.60000000000000009       0.10000000000000009      -0.23005670901638262     
  0.70000000000000007       0.10000000000000009        6.0247635972217495E-002
  0.80000000000000004       0.10000000000000009       0.32853450344391577     
  0.90000000000000002       0.10000000000000009       0.47035124718239962     
   1.0000000000000000       0.10000000000000009       0.42714330793765393     
  -1.0000000000000000       0.20000000000000009      -0.10865753984144974     
 -0.90000000000000002       0.20000000000000009       -5.7257781180670771E-002
 -0.80000000000000004       0.20000000000000009        1.4556926292006436E-002
 -0.69999999999999996       0.20000000000000009        8.0578691546538864E-002
 -0.59999999999999998       0.20000000000000009       0.11536887404408203     
 -0.49999999999999994       0.20000000000000009       0.10695206915946279     
 -0.39999999999999991       0.20000000000000009        5.6631295303952035E-002
 -0.29999999999999993       0.20000000000000009       -1.4979928640093620E-002
 -0.19999999999999993       0.20000000000000009       -8.3937621853156272E-002
  -9.9999999999999978E-002  0.20000000000000009      -0.12012927897451653     
   2.7755575615628914E-017  0.20000000000000009      -0.11120927656988189     
  0.10000000000000009       0.20000000000000009       -5.9249590181588555E-002
  0.20000000000000009       0.20000000000000009        1.4703291633416033E-002
  0.30000000000000016       0.20000000000000009        8.3523874830518444E-002
  0.40000000000000013       0.20000000000000009       0.11990552314591951     
  0.50000000000000011       0.20000000000000009       0.11089955370490907     
  0.60000000000000009       0.20000000000000009        5.9123283911908069E-002
  0.70000000000000007       0.20000000000000009       -1.4955965147052021E-002
  0.80000000000000004       0.20000000000000009       -8.3571282933644464E-002
  0.90000000000000002       0.20000000000000009      -0.12001828433031382     
   1.0000000000000000       0.20000000000000009      -0.10924544489361096     
  -1.0000000000000000       0.30000000000000016      -0.60415672608735860     
 -0.90000000000000002       0.30000000000000016      -0.31730469262115690     
 -0.80000000000000004       0.30000000000000016        8.2648828580195857E-002
 -0.69999999999999996       0.30000000000000016       0.44975422862028208     
 -0.59999999999999998       0.30000000000000016       0.64252963232535565     
 -0.49999999999999994       0.30000000000000016       0.59467985661712108     
 -0.39999999999999991       0.30000000000000016       0.31381014870508878     
 -0.29999999999999993       0.30000000000000016       -8.5059712584047945E-002
 -0.19999999999999993       0.30000000000000016      -0.46850678234944776     
  -9.9999999999999978E-002  0.30000000000000016      -0.66904768333641751     
   2.7755575615628914E-017  0.30000000000000016      -0.61836187243235574     
  0.10000000000000009       0.30000000000000016      -0.32834033505363291     
  0.20000000000000009       0.30000000000000016        8.3523874830520442E-002
  0.30000000000000016       0.30000000000000016       0.46619245186602282     
  0.40000000000000013       0.30000000000000016       0.66779106108874031     
  0.50000000000000011       0.30000000000000016       0.61662615150366507     
  0.60000000000000009       0.30000000000000016       0.32762507450355099     
  0.70000000000000007       0.30000000000000016       -8.4938969733327430E-002
  0.80000000000000004       0.30000000000000016      -0.46646490385662481     
  0.90000000000000002       0.30000000000000016      -0.66842839681266708     
   1.0000000000000000       0.30000000000000016      -0.60743613331089119     
  -1.0000000000000000       0.40000000000000013      -0.86499737538607380     
 -0.90000000000000002       0.40000000000000013      -0.45410695052798622     
 -0.80000000000000004       0.40000000000000013       0.11864159029687593     
 -0.69999999999999996       0.40000000000000013       0.64424443326487779     
 -0.59999999999999998       0.40000000000000013       0.92012893113413563     
 -0.49999999999999994       0.40000000000000013       0.85142999462884161     
 -0.39999999999999991       0.40000000000000013       0.44910163848153095     
 -0.29999999999999993       0.40000000000000013      -0.12210402900639108     
 -0.19999999999999993       0.40000000000000013      -0.67110709145197123     
  -9.9999999999999978E-002  0.40000000000000013      -0.95810490282291416     
   2.7755575615628914E-017  0.40000000000000013      -0.88533857904022439     
  0.10000000000000009       0.40000000000000013      -0.46990005771410964     
  0.20000000000000009       0.40000000000000013       0.11990552314592308     
  0.30000000000000016       0.40000000000000013       0.66779106108874087     
  0.40000000000000013       0.40000000000000013       0.95630347849212960     
  0.50000000000000011       0.40000000000000013       0.88285100805299033     
  0.60000000000000009       0.40000000000000013       0.46887363804968185     
  0.70000000000000007       0.40000000000000013      -0.12193342028245696     
  0.80000000000000004       0.40000000000000013      -0.66818274625810803     
  0.90000000000000002       0.40000000000000013      -0.95721785670060655     
   1.0000000000000000       0.40000000000000013      -0.86969455465681667     
  -1.0000000000000000       0.50000000000000011      -0.79843462017333733     
 -0.90000000000000002       0.50000000000000011      -0.41903059463665432     
 -0.80000000000000004       0.50000000000000011       0.10972524331693058     
 -0.69999999999999996       0.50000000000000011       0.59488367923224772     
 -0.59999999999999998       0.50000000000000011       0.84945555240169857     
 -0.49999999999999994       0.50000000000000011       0.78591200115943294     
 -0.39999999999999991       0.50000000000000011       0.41440905560267216     
 -0.29999999999999993       0.50000000000000011      -0.11292859228779892     
 -0.19999999999999993       0.50000000000000011      -0.61968873267622315     
  -9.9999999999999978E-002  0.50000000000000011      -0.88451536949189469     
   2.7755575615628914E-017  0.50000000000000011      -0.81721266098964240     
  0.10000000000000009       0.50000000000000011      -0.43360350979010526     
  0.20000000000000009       0.50000000000000011       0.11089955370491117     
  0.30000000000000016       0.50000000000000011       0.61662615150366562     
  0.40000000000000013       0.50000000000000011       0.88285100805299466     
  0.50000000000000011       0.50000000000000011       0.81491481496727813     
  0.60000000000000009       0.50000000000000011       0.43265445590728463     
  0.70000000000000007       0.50000000000000011      -0.11277267165325970     
  0.80000000000000004       0.50000000000000011      -0.61698880062956030     
  0.90000000000000002       0.50000000000000011      -0.88369631642529634     
   1.0000000000000000       0.50000000000000011      -0.80277166026944924     
  -1.0000000000000000       0.60000000000000009      -0.42390433329049204     
 -0.90000000000000002       0.60000000000000009      -0.22232508119384201     
 -0.80000000000000004       0.60000000000000009        5.8491363370022080E-002
 -0.69999999999999996       0.60000000000000009       0.31607295268925573     
 -0.59999999999999998       0.60000000000000009       0.45113826528758860     
 -0.49999999999999994       0.60000000000000009       0.41725664474082941     
 -0.39999999999999991       0.60000000000000009       0.21986987529564656     
 -0.29999999999999993       0.60000000000000009       -6.0200219625249247E-002
 -0.19999999999999993       0.60000000000000009      -0.32925296637678592     
  -9.9999999999999978E-002  0.60000000000000009      -0.46975900567110035     
   2.7755575615628914E-017  0.60000000000000009      -0.43387630540905187     
  0.10000000000000009       0.60000000000000009      -0.23005670901638289     
  0.20000000000000009       0.60000000000000009        5.9123283911929531E-002
  0.30000000000000016       0.60000000000000009       0.32762507450355011     
  0.40000000000000013       0.60000000000000009       0.46887363804969384     
  0.50000000000000011       0.60000000000000009       0.43265445590728341     
  0.60000000000000009       0.60000000000000009       0.22955104614530267     
  0.70000000000000007       0.60000000000000009       -6.0119164627102741E-002
  0.80000000000000004       0.60000000000000009      -0.32781883478297330     
  0.90000000000000002       0.60000000000000009      -0.46932385971961010     
   1.0000000000000000       0.60000000000000009      -0.42620840760901874     
  -1.0000000000000000       0.70000000000000007       0.11049278153171428     
 -0.90000000000000002       0.70000000000000007        5.8222280935871826E-002
 -0.80000000000000004       0.70000000000000007       -1.4806977860787275E-002
 -0.69999999999999996       0.70000000000000007       -8.1943889092459213E-002
 -0.59999999999999998       0.70000000000000007      -0.11732005649365032     
 -0.49999999999999994       0.70000000000000007      -0.10875851957426162     
 -0.39999999999999991       0.70000000000000007       -5.7585186308559598E-002
 -0.29999999999999993       0.70000000000000007        1.5237268923928711E-002
 -0.19999999999999993       0.70000000000000007        8.5359738813455599E-002
  -9.9999999999999978E-002  0.70000000000000007       0.12216098595787366     
   2.7755575615628914E-017  0.70000000000000007       0.11308765906573010     
  0.10000000000000009       0.70000000000000007        6.0247635972216607E-002
  0.20000000000000009       0.70000000000000007       -1.4955965147050268E-002
  0.30000000000000016       0.70000000000000007       -8.4938969733326528E-002
  0.40000000000000013       0.70000000000000007      -0.12193342028245764     
  0.50000000000000011       0.70000000000000007      -0.11277267165325834     
  0.60000000000000009       0.70000000000000007       -6.0119164627104489E-002
  0.70000000000000007       0.70000000000000007        1.5212931266427305E-002
  0.80000000000000004       0.70000000000000007        8.4987200230211210E-002
  0.90000000000000002       0.70000000000000007       0.12204811137386183     
   1.0000000000000000       0.70000000000000007       0.11109064218209423     
  -1.0000000000000000       0.80000000000000004       0.60451204494435196     
 -0.90000000000000002       0.80000000000000004       0.31749233274168226     
 -0.80000000000000004       0.80000000000000004       -8.2695781335938565E-002
 -0.69999999999999996       0.80000000000000004      -0.45001707336465169     
 -0.59999999999999998       0.80000000000000004      -0.64290649629735708     
 -0.49999999999999994       0.80000000000000004      -0.59502959620251705     
 -0.39999999999999991       0.80000000000000004      -0.31399574436223687     
 -0.29999999999999993       0.80000000000000004        8.5108026097209633E-002
 -0.19999999999999993       0.80000000000000004       0.46878058207504558     
  -9.9999999999999978E-002  0.80000000000000004       0.66944009549353911     
   2.7755575615628914E-017  0.80000000000000004       0.61872552919441526     
  0.10000000000000009       0.80000000000000004       0.32853450344391932     
  0.20000000000000009       0.80000000000000004       -8.3571282933648419E-002
  0.30000000000000016       0.80000000000000004      -0.46646490385662742     
  0.40000000000000013       0.80000000000000004      -0.66818274625811713     
  0.50000000000000011       0.80000000000000004      -0.61698880062956296     
  0.60000000000000009       0.80000000000000004      -0.32781883478296736     
  0.70000000000000007       0.80000000000000004        8.4987200230213014E-002
  0.80000000000000004       0.80000000000000004       0.46673750753710602     
  0.90000000000000002       0.80000000000000004       0.66882044681722363     
   1.0000000000000000       0.80000000000000004       0.60779337064689432     
  -1.0000000000000000       0.90000000000000002       0.86582559319325758     
 -0.90000000000000002       0.90000000000000002       0.45454297311932373     
 -0.80000000000000004       0.90000000000000002      -0.11875321205351337     
 -0.69999999999999996       0.90000000000000002      -0.64485929572326406     
 -0.59999999999999998       0.90000000000000002      -0.92100871548046648     
 -0.49999999999999994       0.90000000000000002      -0.85224521513242302     
 -0.39999999999999991       0.90000000000000002      -0.44953288142176151     
 -0.29999999999999993       0.90000000000000002       0.12221889776512782     
 -0.19999999999999993       0.90000000000000002       0.67174758624276432     
  -9.9999999999999978E-002  0.90000000000000002       0.95902099146989650     
   2.7755575615628914E-017  0.90000000000000002       0.88618625347689062     
  0.10000000000000009       0.90000000000000002       0.47035124718239968     
  0.20000000000000009       0.90000000000000002      -0.12001828433031188     
  0.30000000000000016       0.90000000000000002      -0.66842839681266486     
  0.40000000000000013       0.90000000000000002      -0.95721785670060633     
  0.50000000000000011       0.90000000000000002      -0.88369631642529456     
  0.60000000000000009       0.90000000000000002      -0.46932385971961399     
  0.70000000000000007       0.90000000000000002       0.12204811137386237     
  0.80000000000000004       0.90000000000000002       0.66882044681721597     
  0.90000000000000002       0.90000000000000002       0.95813309848216877     
   1.0000000000000000       0.90000000000000002       0.87052725772247452     
  -1.0000000000000000        1.0000000000000000       0.78653704203429997     
 -0.90000000000000002        1.0000000000000000       0.41278751071164643     
 -0.80000000000000004        1.0000000000000000      -0.10808868768872383     
 -0.69999999999999996        1.0000000000000000      -0.58601770416172116     
 -0.59999999999999998        1.0000000000000000      -0.83679676185595531     
 -0.49999999999999994        1.0000000000000000      -0.77420101895730764     
 -0.39999999999999991        1.0000000000000000      -0.40823484780595565     
 -0.29999999999999993        1.0000000000000000       0.11124425060436606     
 -0.19999999999999993        1.0000000000000000       0.61045306623324147     
  -9.9999999999999978E-002   1.0000000000000000       0.87133410406708856     
   2.7755575615628914E-017   1.0000000000000000       0.80503525365529338     
  0.10000000000000009        1.0000000000000000       0.42714330793765409     
  0.20000000000000009        1.0000000000000000      -0.10924544489361848     
  0.30000000000000016        1.0000000000000000      -0.60743613331088819     
  0.40000000000000013        1.0000000000000000      -0.86969455465679557     
  0.50000000000000011        1.0000000000000000      -0.80277166026944413     
  0.60000000000000009        1.0000000000000000      -0.42620840760899908     
  0.70000000000000007        1.0000000000000000       0.11109064218209271     
  0.80000000000000004        1.0000000000000000       0.60779337064686478     
  0.90000000000000002        1.0000000000000000       0.87052725772247097     
   1.0000000000000000        1.0000000000000000       0.79080944592651126     
