  -1.0000000000000000       -1.0000000000000000        6.1786276666256964E-003
 -0.90000000000000002       -1.0000000000000000        4.9768263064504568E-002
 -0.80000000000000004       -1.0000000000000000        7.4439315914008056E-002
 -0.69999999999999996       -1.0000000000000000        7.1472648505943551E-002
 -0.59999999999999998       -1.0000000000000000        4.0215329072070136E-002
 -0.49999999999999994       -1.0000000000000000       -5.8195243065953407E-003
 -0.39999999999999991       -1.0000000000000000       -5.2089064912360837E-002
 -0.29999999999999993       -1.0000000000000000       -7.7682177635662097E-002
 -0.19999999999999993       -1.0000000000000000       -7.4634852452324846E-002
  -9.9999999999999978E-002  -1.0000000000000000       -4.2230217097334127E-002
   2.7755575615628914E-017  -1.0000000000000000        5.2356954708325694E-003
  0.10000000000000009       -1.0000000000000000        5.1581661590897415E-002
  0.20000000000000009       -1.0000000000000000        7.7141223277698637E-002
  0.30000000000000016       -1.0000000000000000        7.4115607270565681E-002
  0.40000000000000013       -1.0000000000000000        4.1698508261299325E-002
  0.50000000000000011       -1.0000000000000000       -5.7691852549062676E-003
  0.60000000000000009       -1.0000000000000000       -5.2124207382252423E-002
  0.70000000000000007       -1.0000000000000000       -7.7674797607068732E-002
  0.80000000000000004       -1.0000000000000000       -7.4692508308230959E-002
  0.90000000000000002       -1.0000000000000000       -4.2234543685446074E-002
   1.0000000000000000       -1.0000000000000000        5.0718235678356722E-003
  -1.0000000000000000      -0.90000000000000002        4.9768263064503236E-002
 -0.90000000000000002      -0.90000000000000002       0.38830847330381940     
 -0.80000000000000004      -0.90000000000000002       0.57925656566650841     
 -0.69999999999999996      -0.90000000000000002       0.55514945900201185     
 -0.59999999999999998      -0.90000000000000002       0.31128170875019318     
 -0.49999999999999994      -0.90000000000000002       -4.6988155140124187E-002
 -0.39999999999999991      -0.90000000000000002      -0.40640036879249058     
 -0.29999999999999993      -0.90000000000000002      -0.60449650135423827     
 -0.19999999999999993      -0.90000000000000002      -0.57971762513687097     
  -9.9999999999999978E-002 -0.90000000000000002      -0.32689856744265333     
   2.7755575615628914E-017 -0.90000000000000002        4.2463299448613642E-002
  0.10000000000000009      -0.90000000000000002       0.40245420436872448     
  0.20000000000000009      -0.90000000000000002       0.60028102455752408     
  0.30000000000000016      -0.90000000000000002       0.57567692709874041     
  0.40000000000000013      -0.90000000000000002       0.32276293026853359     
  0.50000000000000011      -0.90000000000000002       -4.6615414913486801E-002
  0.60000000000000009      -0.90000000000000002      -0.40667127160184890     
  0.70000000000000007      -0.90000000000000002      -0.60443778821640226     
  0.80000000000000004      -0.90000000000000002      -0.58016566544460091     
  0.90000000000000002      -0.90000000000000002      -0.32693426386796681     
   1.0000000000000000      -0.90000000000000002        4.1157874969991126E-002
  -1.0000000000000000      -0.80000000000000004        7.4439315913996773E-002
 -0.90000000000000002      -0.80000000000000004       0.57925656566650963     
 -0.80000000000000004      -0.80000000000000004       0.86390640785398221     
 -0.69999999999999996      -0.80000000000000004       0.82782306406883532     
 -0.59999999999999998      -0.80000000000000004       0.46403652798104683     
 -0.49999999999999994      -0.80000000000000004       -7.0294864082777006E-002
 -0.39999999999999991      -0.80000000000000004      -0.60624303048650596     
 -0.29999999999999993      -0.80000000000000004      -0.90155005971618052     
 -0.19999999999999993      -0.80000000000000004      -0.86445922642258510     
  -9.9999999999999978E-002 -0.80000000000000004      -0.48731969206775483     
   2.7755575615628914E-017 -0.80000000000000004        6.3548791115084088E-002
  0.10000000000000009      -0.80000000000000004       0.60035798434078691     
  0.20000000000000009      -0.80000000000000004       0.89526231325078898     
  0.30000000000000016      -0.80000000000000004       0.85843288915734395     
  0.40000000000000013      -0.80000000000000004       0.48115202238335181     
  0.50000000000000011      -0.80000000000000004       -6.9741369612020709E-002
  0.60000000000000009      -0.80000000000000004      -0.60664673079736031     
  0.70000000000000007      -0.80000000000000004      -0.90146233131218423     
  0.80000000000000004      -0.80000000000000004      -0.86512735811505093     
  0.90000000000000002      -0.80000000000000004      -0.48737318778488986     
   1.0000000000000000      -0.80000000000000004        6.1598030004370231E-002
  -1.0000000000000000      -0.69999999999999996        7.1472648505945660E-002
 -0.90000000000000002      -0.69999999999999996       0.55514945900201129     
 -0.80000000000000004      -0.69999999999999996       0.82782306406883133     
 -0.69999999999999996      -0.69999999999999996       0.79316062756648120     
 -0.59999999999999998      -0.69999999999999996       0.44451493992428864     
 -0.49999999999999994      -0.69999999999999996       -6.7502506433602338E-002
 -0.39999999999999991      -0.69999999999999996      -0.58101149271927821     
 -0.29999999999999993      -0.69999999999999996      -0.86389487620490679     
 -0.19999999999999993      -0.69999999999999996      -0.82826330759160305     
  -9.9999999999999978E-002 -0.69999999999999996      -0.46682037398553472     
   2.7755575615628914E-017 -0.69999999999999996        6.1039742076074543E-002
  0.10000000000000009      -0.69999999999999996       0.57537244034390178     
  0.20000000000000009      -0.69999999999999996       0.85786924880322102     
  0.30000000000000016      -0.69999999999999996       0.82248866427237688     
  0.40000000000000013      -0.69999999999999996       0.46091047418236497     
  0.50000000000000011      -0.69999999999999996       -6.6973731361517574E-002
  0.60000000000000009      -0.69999999999999996      -0.58139811527345731     
  0.70000000000000007      -0.69999999999999996      -0.86381070360849721     
  0.80000000000000004      -0.69999999999999996      -0.82890348116495483     
  0.90000000000000002      -0.69999999999999996      -0.46687180648882193     
   1.0000000000000000      -0.69999999999999996        5.9167908106991303E-002
  -1.0000000000000000      -0.59999999999999998        4.0215329072079684E-002
 -0.90000000000000002      -0.59999999999999998       0.31128170875019867     
 -0.80000000000000004      -0.59999999999999998       0.46403652798107159     
 -0.69999999999999996      -0.59999999999999998       0.44451493992429320     
 -0.59999999999999998      -0.59999999999999998       0.24902448568935359     
 -0.49999999999999994      -0.59999999999999998       -3.7991144826984992E-002
 -0.39999999999999991      -0.59999999999999998      -0.32578158065651724     
 -0.29999999999999993      -0.59999999999999998      -0.48425707074176111     
 -0.19999999999999993      -0.59999999999999998      -0.46418828175486099     
  -9.9999999999999978E-002 -0.59999999999999998      -0.26152223337903713     
   2.7755575615628914E-017 -0.59999999999999998        3.4370076212857537E-002
  0.10000000000000009      -0.59999999999999998       0.32262080865214815     
  0.20000000000000009      -0.59999999999999998       0.48087886641081062     
  0.30000000000000016      -0.59999999999999998       0.46095129051749595     
  0.40000000000000013      -0.59999999999999998       0.25820960758016648     
  0.50000000000000011      -0.59999999999999998       -3.7696440118306238E-002
  0.60000000000000009      -0.59999999999999998      -0.32599807255127927     
  0.70000000000000007      -0.59999999999999998      -0.48420977264860193     
  0.80000000000000004      -0.59999999999999998      -0.46454707625634045     
  0.90000000000000002      -0.59999999999999998      -0.26155124566200399     
   1.0000000000000000      -0.59999999999999998        3.3318109446904123E-002
  -1.0000000000000000      -0.49999999999999994       -5.8195243065932685E-003
 -0.90000000000000002      -0.49999999999999994       -4.6988155140124423E-002
 -0.80000000000000004      -0.49999999999999994       -7.0294864082774369E-002
 -0.69999999999999996      -0.49999999999999994       -6.7502506433602533E-002
 -0.59999999999999998      -0.49999999999999994       -3.7991144826984694E-002
 -0.49999999999999994      -0.49999999999999994        5.4802865949831392E-003
 -0.39999999999999991      -0.49999999999999994        4.9179455630575644E-002
 -0.29999999999999993      -0.49999999999999994        7.3357130209055169E-002
 -0.19999999999999993      -0.49999999999999994        7.0489000057398804E-002
  -9.9999999999999978E-002 -0.49999999999999994        3.9894408923173232E-002
   2.7755575615628914E-017 -0.49999999999999994       -4.9287992368427357E-003
  0.10000000000000009      -0.49999999999999994       -4.8700282195860617E-002
  0.20000000000000009      -0.49999999999999994       -7.2846347412029500E-002
  0.30000000000000016      -0.49999999999999994       -6.9998665455016360E-002
  0.40000000000000013      -0.49999999999999994       -3.9392286289126645E-002
  0.50000000000000011      -0.49999999999999994        5.4325802547307237E-003
  0.60000000000000009      -0.49999999999999994        4.9212664446001239E-002
  0.70000000000000007      -0.49999999999999994        7.3350172565386548E-002
  0.80000000000000004      -0.49999999999999994        7.0543451377226146E-002
  0.90000000000000002      -0.49999999999999994        3.9898476483841275E-002
   1.0000000000000000      -0.49999999999999994       -4.7743214809015484E-003
  -1.0000000000000000      -0.39999999999999991       -5.2089064912326379E-002
 -0.90000000000000002      -0.39999999999999991      -0.40640036879248526     
 -0.80000000000000004      -0.39999999999999991      -0.60624303048648276     
 -0.69999999999999996      -0.39999999999999991      -0.58101149271927999     
 -0.59999999999999998      -0.39999999999999991      -0.32578158065649415     
 -0.49999999999999994      -0.39999999999999991        4.9179455630575394E-002
 -0.39999999999999991      -0.39999999999999991       0.42533517340837551     
 -0.29999999999999993      -0.39999999999999991       0.63265885379763298     
 -0.19999999999999993      -0.39999999999999991       0.60672419269478561     
  -9.9999999999999978E-002 -0.39999999999999991       0.34212591840975809     
   2.7755575615628914E-017 -0.39999999999999991       -4.4443819166719252E-002
  0.10000000000000009      -0.39999999999999991      -0.42120516757287413     
  0.20000000000000009      -0.39999999999999991      -0.62824697816501374     
  0.30000000000000016      -0.39999999999999991      -0.60249524602059790     
  0.40000000000000013      -0.39999999999999991      -0.33779761222969679     
  0.50000000000000011      -0.39999999999999991        4.8789374737551475E-002
  0.60000000000000009      -0.39999999999999991       0.42561869374203398     
  0.70000000000000007      -0.39999999999999991       0.63259740365926631     
  0.80000000000000004      -0.39999999999999991       0.60719310555154438     
  0.90000000000000002      -0.39999999999999991       0.34216328049907913     
   1.0000000000000000      -0.39999999999999991       -4.3077538169294792E-002
  -1.0000000000000000      -0.29999999999999993       -7.7682177635658087E-002
 -0.90000000000000002      -0.29999999999999993      -0.60449650135423694     
 -0.80000000000000004      -0.29999999999999993      -0.90155005971617619     
 -0.69999999999999996      -0.29999999999999993      -0.86389487620490446     
 -0.59999999999999998      -0.29999999999999993      -0.48425707074175345     
 -0.49999999999999994      -0.29999999999999993        7.3357130209054086E-002
 -0.39999999999999991      -0.29999999999999993       0.63265885379763886     
 -0.29999999999999993      -0.29999999999999993       0.94083398477107583     
 -0.19999999999999993      -0.29999999999999993       0.90212743095457526     
  -9.9999999999999978E-002 -0.29999999999999993       0.50855479708499574     
   2.7755575615628914E-017 -0.29999999999999993       -6.6317097454880153E-002
  0.10000000000000009      -0.29999999999999993      -0.62651737306968192     
  0.20000000000000009      -0.29999999999999993      -0.93427226016635867     
  0.30000000000000016      -0.29999999999999993      -0.89583850357107953     
  0.40000000000000013      -0.29999999999999993      -0.50211837800253856     
  0.50000000000000011      -0.29999999999999993        7.2779509575794016E-002
  0.60000000000000009      -0.29999999999999993       0.63308014597184326     
  0.70000000000000007      -0.29999999999999993       0.94074243427353688     
  0.80000000000000004      -0.29999999999999993       0.90282467592630988     
  0.90000000000000002      -0.29999999999999993       0.50861062292397563     
   1.0000000000000000      -0.29999999999999993       -6.4281347583330123E-002
  -1.0000000000000000      -0.19999999999999993       -7.4634852452321279E-002
 -0.90000000000000002      -0.19999999999999993      -0.57971762513687075     
 -0.80000000000000004      -0.19999999999999993      -0.86445922642258299     
 -0.69999999999999996      -0.19999999999999993      -0.82826330759160349     
 -0.59999999999999998      -0.19999999999999993      -0.46418828175485938     
 -0.49999999999999994      -0.19999999999999993        7.0489000057400400E-002
 -0.39999999999999991      -0.19999999999999993       0.60672419269479594     
 -0.29999999999999993      -0.19999999999999993       0.90212743095457659     
 -0.19999999999999993      -0.19999999999999993       0.86491951339129536     
  -9.9999999999999978E-002 -0.19999999999999993       0.48748089863432464     
   2.7755575615628914E-017 -0.19999999999999993       -6.3740209812819415E-002
  0.10000000000000009      -0.19999999999999993      -0.60083557707268231     
  0.20000000000000009      -0.19999999999999993      -0.89583513635639689     
  0.30000000000000016      -0.19999999999999993      -0.85888930735109292     
  0.40000000000000013      -0.19999999999999993      -0.48130944910719936     
  0.50000000000000011      -0.19999999999999993        6.9936813536408751E-002
  0.60000000000000009      -0.19999999999999993       0.60712792697852325     
  0.70000000000000007      -0.19999999999999993       0.90203953388990488     
  0.80000000000000004      -0.19999999999999993       0.86558801883195513     
  0.90000000000000002      -0.19999999999999993       0.48753460626364858     
   1.0000000000000000      -0.19999999999999993       -6.1785551871974598E-002
  -1.0000000000000000       -9.9999999999999978E-002  -4.2230217097336306E-002
 -0.90000000000000002       -9.9999999999999978E-002 -0.32689856744265411     
 -0.80000000000000004       -9.9999999999999978E-002 -0.48731969206775294     
 -0.69999999999999996       -9.9999999999999978E-002 -0.46682037398553583     
 -0.59999999999999998       -9.9999999999999978E-002 -0.26152223337903724     
 -0.49999999999999994       -9.9999999999999978E-002   3.9894408923172711E-002
 -0.39999999999999991       -9.9999999999999978E-002  0.34212591840975615     
 -0.29999999999999993       -9.9999999999999978E-002  0.50855479708499840     
 -0.19999999999999993       -9.9999999999999978E-002  0.48748089863432470     
  -9.9999999999999978E-002  -9.9999999999999978E-002  0.27464716693302016     
   2.7755575615628914E-017  -9.9999999999999978E-002  -3.6091620589655017E-002
  0.10000000000000009       -9.9999999999999978E-002 -0.33880654990230202     
  0.20000000000000009       -9.9999999999999978E-002 -0.50500710075856925     
  0.30000000000000016       -9.9999999999999978E-002 -0.48408149067895445     
  0.40000000000000013       -9.9999999999999978E-002 -0.27116832586957196     
  0.50000000000000011       -9.9999999999999978E-002   3.9584884519571754E-002
  0.60000000000000009       -9.9999999999999978E-002  0.34235327728280462     
  0.70000000000000007       -9.9999999999999978E-002  0.50850512802092562     
  0.80000000000000004       -9.9999999999999978E-002  0.48785769681938462     
  0.90000000000000002       -9.9999999999999978E-002  0.27467763139673612     
   1.0000000000000000       -9.9999999999999978E-002  -3.4986923517281783E-002
  -1.0000000000000000        2.7755575615628914E-017   5.2356954708158310E-003
 -0.90000000000000002        2.7755575615628914E-017   4.2463299448610763E-002
 -0.80000000000000004        2.7755575615628914E-017   6.3548791115063855E-002
 -0.69999999999999996        2.7755575615628914E-017   6.1039742076074724E-002
 -0.59999999999999998        2.7755575615628914E-017   3.4370076212841744E-002
 -0.49999999999999994        2.7755575615628914E-017  -4.9287992368436803E-003
 -0.39999999999999991        2.7755575615628914E-017  -4.4443819166709413E-002
 -0.29999999999999993        2.7755575615628914E-017  -6.6317097454874172E-002
 -0.19999999999999993        2.7755575615628914E-017  -6.3740209812816917E-002
  -9.9999999999999978E-002   2.7755575615628914E-017  -3.6091620589657612E-002
   2.7755575615628914E-017   2.7755575615628914E-017   4.4299632386156848E-003
  0.10000000000000009        2.7755575615628914E-017   4.4010597530210638E-002
  0.20000000000000009        2.7755575615628914E-017   6.5855423407870831E-002
  0.30000000000000016        2.7755575615628914E-017   6.3296933863550994E-002
  0.40000000000000013        2.7755575615628914E-017   3.5637657137267832E-002
  0.50000000000000011        2.7755575615628914E-017  -4.8853865932241662E-003
  0.60000000000000009        2.7755575615628914E-017  -4.4473879420358756E-002
  0.70000000000000007        2.7755575615628914E-017  -6.6310826796628849E-002
  0.80000000000000004        2.7755575615628914E-017  -6.3789444758130198E-002
  0.90000000000000002        2.7755575615628914E-017  -3.6095267349542652E-002
   1.0000000000000000        2.7755575615628914E-017   4.2907641974596978E-003
  -1.0000000000000000       0.10000000000000009        5.1581661590895694E-002
 -0.90000000000000002       0.10000000000000009       0.40245420436872309     
 -0.80000000000000004       0.10000000000000009       0.60035798434078425     
 -0.69999999999999996       0.10000000000000009       0.57537244034390100     
 -0.59999999999999998       0.10000000000000009       0.32262080865214615     
 -0.49999999999999994       0.10000000000000009       -4.8700282195860263E-002
 -0.39999999999999991       0.10000000000000009      -0.42120516757287429     
 -0.29999999999999993       0.10000000000000009      -0.62651737306968180     
 -0.19999999999999993       0.10000000000000009      -0.60083557707268109     
  -9.9999999999999978E-002  0.10000000000000009      -0.33880654990230058     
   2.7755575615628914E-017  0.10000000000000009        4.4010597530211790E-002
  0.10000000000000009       0.10000000000000009       0.41711525104916908     
  0.20000000000000009       0.10000000000000009       0.62214833151017512     
  0.30000000000000016       0.10000000000000009       0.59664768263654488     
  0.40000000000000013       0.10000000000000009       0.33452025835328270     
  0.50000000000000011       0.10000000000000009       -4.8313968298961694E-002
  0.60000000000000009       0.10000000000000009      -0.42148593831857734     
  0.70000000000000007       0.10000000000000009      -0.62645652078588798     
  0.80000000000000004       0.10000000000000009      -0.60129993864166031     
  0.90000000000000002       0.10000000000000009      -0.33884354719536347     
   1.0000000000000000       0.10000000000000009        4.2657610978895609E-002
  -1.0000000000000000       0.20000000000000009        7.7141223277682275E-002
 -0.90000000000000002       0.20000000000000009       0.60028102455752286     
 -0.80000000000000004       0.20000000000000009       0.89526231325076377     
 -0.69999999999999996       0.20000000000000009       0.85786924880322657     
 -0.59999999999999998       0.20000000000000009       0.48087886641080502     
 -0.49999999999999994       0.20000000000000009       -7.2846347412030332E-002
 -0.39999999999999991       0.20000000000000009      -0.62824697816500175     
 -0.29999999999999993       0.20000000000000009      -0.93427226016635823     
 -0.19999999999999993       0.20000000000000009      -0.89583513635638368     
  -9.9999999999999978E-002  0.20000000000000009      -0.50500710075857336     
   2.7755575615628914E-017  0.20000000000000009        6.5855423407866223E-002
  0.10000000000000009       0.20000000000000009       0.62214833151017546     
  0.20000000000000009       0.20000000000000009       0.92775629654241665     
  0.30000000000000016       0.20000000000000009       0.88959007023547665     
  0.40000000000000013       0.20000000000000009       0.49861557261381118     
  0.50000000000000011       0.20000000000000009       -7.2272764600447126E-002
  0.60000000000000009       0.20000000000000009      -0.62866533083309650     
  0.70000000000000007       0.20000000000000009      -0.93418134754600268     
  0.80000000000000004       0.20000000000000009      -0.89652751817798748     
  0.90000000000000002       0.20000000000000009      -0.50506253824558944     
   1.0000000000000000       0.20000000000000009        6.3833856749272611E-002
  -1.0000000000000000       0.30000000000000016        7.4115607270564071E-002
 -0.90000000000000002       0.30000000000000016       0.57567692709873886     
 -0.80000000000000004       0.30000000000000016       0.85843288915734306     
 -0.69999999999999996       0.30000000000000016       0.82248866427237399     
 -0.59999999999999998       0.30000000000000016       0.46095129051749500     
 -0.49999999999999994       0.30000000000000016       -6.9998665455014944E-002
 -0.39999999999999991       0.30000000000000016      -0.60249524602059923     
 -0.29999999999999993       0.30000000000000016      -0.89583850357107864     
 -0.19999999999999993       0.30000000000000016      -0.85888930735109592     
  -9.9999999999999978E-002  0.30000000000000016      -0.48408149067895295     
   2.7755575615628914E-017  0.30000000000000016        6.3296933863551563E-002
  0.10000000000000009       0.30000000000000016       0.59664768263654544     
  0.20000000000000009       0.30000000000000016       0.88959007023547676     
  0.30000000000000016       0.30000000000000016       0.85290113913247478     
  0.40000000000000013       0.30000000000000016       0.47795306489153866     
  0.50000000000000011       0.30000000000000016       -6.9450340126563773E-002
  0.60000000000000009       0.30000000000000016      -0.60289616419001812     
  0.70000000000000007       0.30000000000000016      -0.89575121845779193     
  0.80000000000000004       0.30000000000000016      -0.85955315210834415     
  0.90000000000000002       0.30000000000000016      -0.48413482516364731     
   1.0000000000000000       0.30000000000000016        6.1355883457614946E-002
  -1.0000000000000000       0.40000000000000013        4.1698508261301177E-002
 -0.90000000000000002       0.40000000000000013       0.32276293026853553     
 -0.80000000000000004       0.40000000000000013       0.48115202238337118     
 -0.69999999999999996       0.40000000000000013       0.46091047418236719     
 -0.59999999999999998       0.40000000000000013       0.25820960758017697     
 -0.49999999999999994       0.40000000000000013       -3.9392286289125139E-002
 -0.39999999999999991       0.40000000000000013      -0.33779761222970273     
 -0.29999999999999993       0.40000000000000013      -0.50211837800254377     
 -0.19999999999999993       0.40000000000000013      -0.48130944910720225     
  -9.9999999999999978E-002  0.40000000000000013      -0.27116832586957301     
   2.7755575615628914E-017  0.40000000000000013        3.5637657137268977E-002
  0.10000000000000009       0.40000000000000013       0.33452025835328347     
  0.20000000000000009       0.40000000000000013       0.49861557261381678     
  0.30000000000000016       0.40000000000000013       0.47795306489153938     
  0.40000000000000013       0.40000000000000013       0.26773351724000288     
  0.50000000000000011       0.40000000000000013       -3.9086710395978552E-002
  0.60000000000000009       0.40000000000000013      -0.33802208937982126     
  0.70000000000000007       0.40000000000000013      -0.50206933546005195     
  0.80000000000000004       0.40000000000000013      -0.48168147740807232     
  0.90000000000000002       0.40000000000000013      -0.27119840809412199     
   1.0000000000000000       0.40000000000000013        3.4546891853504340E-002
  -1.0000000000000000       0.50000000000000011       -5.7691852549053594E-003
 -0.90000000000000002       0.50000000000000011       -4.6615414913486211E-002
 -0.80000000000000004       0.50000000000000011       -6.9741369612018655E-002
 -0.69999999999999996       0.50000000000000011       -6.6973731361517422E-002
 -0.59999999999999998       0.50000000000000011       -3.7696440118305745E-002
 -0.49999999999999994       0.50000000000000011        5.4325802547313309E-003
 -0.39999999999999991       0.50000000000000011        4.8789374737551509E-002
 -0.29999999999999993       0.50000000000000011        7.2779509575793225E-002
 -0.19999999999999993       0.50000000000000011        6.9936813536408959E-002
  -9.9999999999999978E-002  0.50000000000000011        3.9584884519571158E-002
   2.7755575615628914E-017  0.50000000000000011       -4.8853865932235140E-003
  0.10000000000000009       0.50000000000000011       -4.8313968298961153E-002
  0.20000000000000009       0.50000000000000011       -7.2272764600447029E-002
  0.30000000000000016       0.50000000000000011       -6.9450340126562315E-002
  0.40000000000000013       0.50000000000000011       -3.9086710395978122E-002
  0.50000000000000011       0.50000000000000011        5.3851990100957699E-003
  0.60000000000000009       0.50000000000000011        4.8822328910207796E-002
  0.70000000000000007       0.50000000000000011        7.2772610145368608E-002
  0.80000000000000004       0.50000000000000011        6.9990837762259478E-002
  0.90000000000000002       0.50000000000000011        3.9588914622587290E-002
   1.0000000000000000       0.50000000000000011       -4.7322060605207864E-003
  -1.0000000000000000       0.60000000000000009       -5.2124207382235332E-002
 -0.90000000000000002       0.60000000000000009      -0.40667127160184507     
 -0.80000000000000004       0.60000000000000009      -0.60664673079732079     
 -0.69999999999999996       0.60000000000000009      -0.58139811527345853     
 -0.59999999999999998       0.60000000000000009      -0.32599807255126051     
 -0.49999999999999994       0.60000000000000009        4.9212664446001302E-002
 -0.39999999999999991       0.60000000000000009       0.42561869374201228     
 -0.29999999999999993       0.60000000000000009       0.63308014597183782     
 -0.19999999999999993       0.60000000000000009       0.60712792697850215     
  -9.9999999999999978E-002  0.60000000000000009       0.34235327728280762     
   2.7755575615628914E-017  0.60000000000000009       -4.4473879420353954E-002
  0.10000000000000009       0.60000000000000009      -0.42148593831857661     
  0.20000000000000009       0.60000000000000009      -0.62866533083308418     
  0.30000000000000016       0.60000000000000009      -0.60289616419001690     
  0.40000000000000013       0.60000000000000009      -0.33802208937981348     
  0.50000000000000011       0.60000000000000009        4.8822328910209024E-002
  0.60000000000000009       0.60000000000000009       0.42590240218153030     
  0.70000000000000007       0.60000000000000009       0.63301865456681017     
  0.80000000000000004       0.60000000000000009       0.60759715192036612     
  0.90000000000000002       0.60000000000000009       0.34239066479993646     
   1.0000000000000000       0.60000000000000009       -4.3106680441571184E-002
  -1.0000000000000000       0.70000000000000007       -7.7674797607065846E-002
 -0.90000000000000002       0.70000000000000007      -0.60443778821640082     
 -0.80000000000000004       0.70000000000000007      -0.90146233131218578     
 -0.69999999999999996       0.70000000000000007      -0.86381070360849443     
 -0.59999999999999998       0.70000000000000007      -0.48420977264859999     
 -0.49999999999999994       0.70000000000000007        7.3350172565385924E-002
 -0.39999999999999991       0.70000000000000007       0.63259740365926864     
 -0.29999999999999993       0.70000000000000007       0.94074243427353543     
 -0.19999999999999993       0.70000000000000007       0.90203953388990743     
  -9.9999999999999978E-002  0.70000000000000007       0.50850512802092374     
   2.7755575615628914E-017  0.70000000000000007       -6.6310826796631250E-002
  0.10000000000000009       0.70000000000000007      -0.62645652078588687     
  0.20000000000000009       0.70000000000000007      -0.93418134754600557     
  0.30000000000000016       0.70000000000000007      -0.89575121845779015     
  0.40000000000000013       0.70000000000000007      -0.50206933546005128     
  0.50000000000000011       0.70000000000000007        7.2772610145369968E-002
  0.60000000000000009       0.70000000000000007       0.63301865456681450     
  0.70000000000000007       0.70000000000000007       0.94065089254856471     
  0.80000000000000004       0.70000000000000007       0.90273671094845387     
  0.90000000000000002       0.70000000000000007       0.50856094864287360     
   1.0000000000000000       0.70000000000000007       -6.4275271813421658E-002
  -1.0000000000000000       0.80000000000000004       -7.4692508308219552E-002
 -0.90000000000000002       0.80000000000000004      -0.58016566544460291     
 -0.80000000000000004       0.80000000000000004      -0.86512735811505304     
 -0.69999999999999996       0.80000000000000004      -0.82890348116495971     
 -0.59999999999999998       0.80000000000000004      -0.46454707625633879     
 -0.49999999999999994       0.80000000000000004        7.0543451377226785E-002
 -0.39999999999999991       0.80000000000000004       0.60719310555154848     
 -0.29999999999999993       0.80000000000000004       0.90282467592631521     
 -0.19999999999999993       0.80000000000000004       0.86558801883195213     
  -9.9999999999999978E-002  0.80000000000000004       0.48785769681938795     
   2.7755575615628914E-017  0.80000000000000004       -6.3789444758133751E-002
  0.10000000000000009       0.80000000000000004      -0.60129993864166187     
  0.20000000000000009       0.80000000000000004      -0.89652751817799736     
  0.30000000000000016       0.80000000000000004      -0.85955315210834660     
  0.40000000000000013       0.80000000000000004      -0.48168147740806549     
  0.50000000000000011       0.80000000000000004        6.9990837762261018E-002
  0.60000000000000009       0.80000000000000004       0.60759715192038377     
  0.70000000000000007       0.80000000000000004       0.90273671094845465     
  0.80000000000000004       0.80000000000000004       0.86625704096424316     
  0.90000000000000002       0.80000000000000004       0.48791144592423386     
   1.0000000000000000       0.80000000000000004       -6.1833276595241099E-002
  -1.0000000000000000       0.90000000000000002       -4.2234543685447129E-002
 -0.90000000000000002       0.90000000000000002      -0.32693426386796565     
 -0.80000000000000004       0.90000000000000002      -0.48737318778488664     
 -0.69999999999999996       0.90000000000000002      -0.46687180648881976     
 -0.59999999999999998       0.90000000000000002      -0.26155124566200416     
 -0.49999999999999994       0.90000000000000002        3.9898476483839367E-002
 -0.39999999999999991       0.90000000000000002       0.34216328049907535     
 -0.29999999999999993       0.90000000000000002       0.50861062292397563     
 -0.19999999999999993       0.90000000000000002       0.48753460626364892     
  -9.9999999999999978E-002  0.90000000000000002       0.27467763139673440     
   2.7755575615628914E-017  0.90000000000000002       -3.6095267349540987E-002
  0.10000000000000009       0.90000000000000002      -0.33884354719536341     
  0.20000000000000009       0.90000000000000002      -0.50506253824558522     
  0.30000000000000016       0.90000000000000002      -0.48413482516364620     
  0.40000000000000013       0.90000000000000002      -0.27119840809411982     
  0.50000000000000011       0.90000000000000002        3.9588914622587582E-002
  0.60000000000000009       0.90000000000000002       0.34239066479993419     
  0.70000000000000007       0.90000000000000002       0.50856094864287360     
  0.80000000000000004       0.90000000000000002       0.48791144592423003     
  0.90000000000000002       0.90000000000000002       0.27470809883324943     
   1.0000000000000000       0.90000000000000002       -3.4990454546522193E-002
  -1.0000000000000000        1.0000000000000000        5.0718235678139231E-003
 -0.90000000000000002        1.0000000000000000        4.1157874969989197E-002
 -0.80000000000000004        1.0000000000000000        6.1598030004355257E-002
 -0.69999999999999996        1.0000000000000000        5.9167908106992580E-002
 -0.59999999999999998        1.0000000000000000        3.3318109446881780E-002
 -0.49999999999999994        1.0000000000000000       -4.7743214809035138E-003
 -0.39999999999999991        1.0000000000000000       -4.3077538169298400E-002
 -0.29999999999999993        1.0000000000000000       -6.4281347583325626E-002
 -0.19999999999999993        1.0000000000000000       -6.1785551871972065E-002
  -9.9999999999999978E-002   1.0000000000000000       -3.4986923517282560E-002
   2.7755575615628914E-017   1.0000000000000000        4.2907641974684902E-003
  0.10000000000000009        1.0000000000000000        4.2657610978894540E-002
  0.20000000000000009        1.0000000000000000        6.3833856749282797E-002
  0.30000000000000016        1.0000000000000000        6.1355883457615563E-002
  0.40000000000000013        1.0000000000000000        3.4546891853502459E-002
  0.50000000000000011        1.0000000000000000       -4.7322060605200326E-003
  0.60000000000000009        1.0000000000000000       -4.3106680441584458E-002
  0.70000000000000007        1.0000000000000000       -6.4275271813421284E-002
  0.80000000000000004        1.0000000000000000       -6.1833276595239448E-002
  0.90000000000000002        1.0000000000000000       -3.4990454546524538E-002
   1.0000000000000000        1.0000000000000000        4.1558945909203494E-003
