  -1.0000000000000000       -1.0000000000000000       0.94947806052825079     
 -0.90000000000000002       -1.0000000000000000       0.70781873316639954     
 -0.80000000000000004       -1.0000000000000000       0.20751832839095538     
 -0.69999999999999996       -1.0000000000000000      -0.36688426596453383     
 -0.59999999999999998       -1.0000000000000000      -0.80124263207318336     
 -0.49999999999999994       -1.0000000000000000      -0.93388103160871772     
 -0.39999999999999991       -1.0000000000000000      -0.70538376231561561     
 -0.29999999999999993       -1.0000000000000000      -0.21048321097445494     
 -0.19999999999999993       -1.0000000000000000       0.38168669607152844     
  -9.9999999999999978E-002  -1.0000000000000000       0.83311892957873912     
   2.7755575615628914E-017  -1.0000000000000000       0.96907489736251451     
  0.10000000000000009       -1.0000000000000000       0.73276905461546515     
  0.20000000000000009       -1.0000000000000000       0.21840280086023334     
  0.30000000000000016       -1.0000000000000000      -0.38058601177263296     
  0.40000000000000013       -1.0000000000000000      -0.83344603053982536     
  0.50000000000000011       -1.0000000000000000      -0.96815532186490116     
  0.60000000000000009       -1.0000000000000000      -0.73344562530763191     
  0.70000000000000007       -1.0000000000000000      -0.21794658833336611     
  0.80000000000000004       -1.0000000000000000       0.37944932337579418     
  0.90000000000000002       -1.0000000000000000       0.83236251290693941     
   1.0000000000000000       -1.0000000000000000       0.95178473811297892     
  -1.0000000000000000      -0.90000000000000002       0.70781873316639454     
 -0.90000000000000002      -0.90000000000000002       0.52754265326121674     
 -0.80000000000000004      -0.90000000000000002       0.15450176534419896     
 -0.69999999999999996      -0.90000000000000002      -0.27370684010804730     
 -0.59999999999999998      -0.90000000000000002      -0.59743513684350136     
 -0.49999999999999994      -0.90000000000000002      -0.69619220444713070     
 -0.39999999999999991      -0.90000000000000002      -0.52572588562538147     
 -0.29999999999999993      -0.90000000000000002      -0.15671053513058322     
 -0.19999999999999993      -0.90000000000000002       0.28475068910456353     
  -9.9999999999999978E-002 -0.90000000000000002       0.62120471389970411     
   2.7755575615628914E-017 -0.90000000000000002       0.72242988320223334     
  0.10000000000000009      -0.90000000000000002       0.54613830127233776     
  0.20000000000000009      -0.90000000000000002       0.16260856966227988     
  0.30000000000000016      -0.90000000000000002      -0.28392869476120747     
  0.40000000000000013      -0.90000000000000002      -0.62144760695921608     
  0.50000000000000011      -0.90000000000000002      -0.72174360669708026     
  0.60000000000000009      -0.90000000000000002      -0.54664199470890362     
  0.70000000000000007      -0.90000000000000002      -0.16226739260045298     
  0.80000000000000004      -0.90000000000000002       0.28308232862837585     
  0.90000000000000002      -0.90000000000000002       0.62064084760616345     
   1.0000000000000000      -0.90000000000000002       0.70954077492476675     
  -1.0000000000000000      -0.80000000000000004       0.20751832839094422     
 -0.90000000000000002      -0.80000000000000004       0.15450176534420182     
 -0.80000000000000004      -0.80000000000000004        4.5033144206888739E-002
 -0.69999999999999996      -0.80000000000000004       -8.0511524895374526E-002
 -0.59999999999999998      -0.80000000000000004      -0.17531903249680253     
 -0.49999999999999994      -0.80000000000000004      -0.20411068619824016     
 -0.39999999999999991      -0.80000000000000004      -0.15396708755723176     
 -0.29999999999999993      -0.80000000000000004       -4.5678732132643035E-002
 -0.19999999999999993      -0.80000000000000004        8.3761137168154073E-002
  -9.9999999999999978E-002 -0.80000000000000004       0.18229622656584407     
   2.7755575615628914E-017 -0.80000000000000004       0.21180475322689252     
  0.10000000000000009      -0.80000000000000004       0.15994786494118388     
  0.20000000000000009      -0.80000000000000004        4.7400146869736412E-002
  0.30000000000000016      -0.80000000000000004       -8.3518221865083619E-002
  0.40000000000000013      -0.80000000000000004      -0.18236617532242799     
  0.50000000000000011      -0.80000000000000004      -0.21160255938888045     
  0.60000000000000009      -0.80000000000000004      -0.16009464152531697     
  0.70000000000000007      -0.80000000000000004       -4.7298693863673372E-002
  0.80000000000000004      -0.80000000000000004        8.3271425746869673E-002
  0.90000000000000002      -0.80000000000000004       0.18213095010725810     
   1.0000000000000000      -0.80000000000000004       0.20802644352114960     
  -1.0000000000000000      -0.69999999999999996      -0.36688426596453177     
 -0.90000000000000002      -0.69999999999999996      -0.27370684010804697     
 -0.80000000000000004      -0.69999999999999996       -8.0511524895379161E-002
 -0.69999999999999996      -0.69999999999999996       0.14143821129805489     
 -0.59999999999999998      -0.69999999999999996       0.30940421576683691     
 -0.49999999999999994      -0.69999999999999996       0.36085621367014248     
 -0.39999999999999991      -0.69999999999999996       0.27276846479740469     
 -0.29999999999999993      -0.69999999999999996        8.1659614648959072E-002
 -0.19999999999999993      -0.69999999999999996      -0.14714344238381130     
  -9.9999999999999978E-002 -0.69999999999999996      -0.32171102402032614     
   2.7755575615628914E-017 -0.69999999999999996      -0.37445324358938892     
  0.10000000000000009      -0.69999999999999996      -0.28335491931063822     
  0.20000000000000009      -0.69999999999999996       -8.4729376172054768E-002
  0.30000000000000016      -0.69999999999999996       0.14672050219244415     
  0.40000000000000013      -0.69999999999999996       0.32183897478264989     
  0.50000000000000011      -0.69999999999999996       0.37409913613901846     
  0.60000000000000009      -0.69999999999999996       0.28361745562549456     
  0.70000000000000007      -0.69999999999999996        8.4554851993124097E-002
  0.80000000000000004      -0.69999999999999996      -0.14627962447981183     
  0.90000000000000002      -0.69999999999999996      -0.32141869316506039     
   1.0000000000000000      -0.69999999999999996      -0.36777157707718650     
  -1.0000000000000000      -0.59999999999999998      -0.80124263207316937     
 -0.90000000000000002      -0.59999999999999998      -0.59743513684349558     
 -0.80000000000000004      -0.59999999999999998      -0.17531903249679209     
 -0.69999999999999996      -0.59999999999999998       0.30940421576684229     
 -0.59999999999999998      -0.59999999999999998       0.67602711988619124     
 -0.49999999999999994      -0.59999999999999998       0.78807988601186818     
 -0.39999999999999991      -0.59999999999999998       0.59538185977636326     
 -0.29999999999999993      -0.59999999999999998       0.17782252306458696     
 -0.19999999999999993      -0.59999999999999998      -0.32188675337539108     
  -9.9999999999999978E-002 -0.59999999999999998      -0.70292042806811195     
   2.7755575615628914E-017 -0.59999999999999998      -0.81777789145320690     
  0.10000000000000009      -0.59999999999999998      -0.61849449676833712     
  0.20000000000000009      -0.59999999999999998      -0.18451155003694764     
  0.30000000000000016      -0.59999999999999998       0.32095936325023344     
  0.40000000000000013      -0.59999999999999998       0.70319741439071926     
  0.50000000000000011      -0.59999999999999998       0.81700263135774043     
  0.60000000000000009      -0.59999999999999998       0.61906611589790006     
  0.70000000000000007      -0.59999999999999998       0.18412764004296972     
  0.80000000000000004      -0.59999999999999998      -0.31999912522278157     
  0.90000000000000002      -0.59999999999999998      -0.70228207688817901     
   1.0000000000000000      -0.59999999999999998      -0.80318673255543893     
  -1.0000000000000000      -0.49999999999999994      -0.93388103160871561     
 -0.90000000000000002      -0.49999999999999994      -0.69619220444713437     
 -0.80000000000000004      -0.49999999999999994      -0.20411068619823969     
 -0.69999999999999996      -0.49999999999999994       0.36085621367014120     
 -0.59999999999999998      -0.49999999999999994       0.78807988601186152     
 -0.49999999999999994      -0.49999999999999994       0.91854020955175109     
 -0.39999999999999991      -0.49999999999999994       0.69379724246333119     
 -0.29999999999999993      -0.49999999999999994       0.20702687432998026     
 -0.19999999999999993      -0.49999999999999994      -0.37541542913105508     
  -9.9999999999999978E-002 -0.49999999999999994      -0.81943251318757415     
   2.7755575615628914E-017 -0.49999999999999994      -0.95315593936601128     
  0.10000000000000009      -0.49999999999999994      -0.72073269561124020     
  0.20000000000000009      -0.49999999999999994      -0.21481640628513723     
  0.30000000000000016      -0.49999999999999994       0.37433283486187902     
  0.40000000000000013      -0.49999999999999994       0.81975424685798215     
  0.50000000000000011      -0.49999999999999994       0.95225147437039703     
  0.60000000000000009      -0.49999999999999994       0.72139815652181072     
  0.70000000000000007      -0.49999999999999994       0.21436769467889727     
  0.80000000000000004      -0.49999999999999994      -0.37321481250752953     
  0.90000000000000002      -0.49999999999999994      -0.81868852197160091     
   1.0000000000000000      -0.49999999999999994      -0.93614980222979993     
  -1.0000000000000000      -0.39999999999999991      -0.70538376231560185     
 -0.90000000000000002      -0.39999999999999991      -0.52572588562537692     
 -0.80000000000000004      -0.39999999999999991      -0.15396708755722896     
 -0.69999999999999996      -0.39999999999999991       0.27276846479740235     
 -0.59999999999999998      -0.39999999999999991       0.59538185977635760     
 -0.49999999999999994      -0.39999999999999991       0.69379724246333185     
 -0.39999999999999991      -0.39999999999999991       0.52391534334989953     
 -0.29999999999999993      -0.39999999999999991       0.15616823518041625     
 -0.19999999999999993      -0.39999999999999991      -0.28377446361066760     
  -9.9999999999999978E-002 -0.39999999999999991      -0.61906976849485473     
   2.7755575615628914E-017 -0.39999999999999991      -0.71994468136899881     
  0.10000000000000009      -0.39999999999999991      -0.54425749313509186     
  0.20000000000000009      -0.39999999999999991      -0.16204588621871932     
  0.30000000000000016      -0.39999999999999991       0.28295527386764474     
  0.40000000000000013      -0.39999999999999991       0.61931181076606379     
  0.50000000000000011      -0.39999999999999991       0.71926075377846554     
  0.60000000000000009      -0.39999999999999991       0.54475944299839696     
  0.70000000000000007      -0.39999999999999991       0.16170586564568679     
  0.80000000000000004      -0.39999999999999991      -0.28211183552315883     
  0.90000000000000002      -0.39999999999999991      -0.61850784242561707     
   1.0000000000000000      -0.39999999999999991      -0.70709991923231408     
  -1.0000000000000000      -0.29999999999999993      -0.21048321097445383     
 -0.90000000000000002      -0.29999999999999993      -0.15671053513058539     
 -0.80000000000000004      -0.29999999999999993       -4.5678732132644603E-002
 -0.69999999999999996      -0.29999999999999993        8.1659614648960113E-002
 -0.59999999999999998      -0.29999999999999993       0.17782252306458815     
 -0.49999999999999994      -0.29999999999999993       0.20702687432998101     
 -0.39999999999999991      -0.29999999999999993       0.15616823518041897     
 -0.29999999999999993      -0.29999999999999993        4.6333560364732664E-002
 -0.19999999999999993      -0.29999999999999993       -8.4955557651507307E-002
  -9.9999999999999978E-002 -0.29999999999999993      -0.18489933278991239     
   2.7755575615628914E-017 -0.29999999999999993      -0.21483085494688017     
  0.10000000000000009      -0.29999999999999993      -0.16223449279201851     
  0.20000000000000009      -0.29999999999999993       -4.8079633780646718E-002
  0.30000000000000016      -0.29999999999999993        8.4709187695715921E-002
  0.40000000000000013      -0.29999999999999993       0.18497029137451443     
  0.50000000000000011      -0.29999999999999993       0.21462578048168884     
  0.60000000000000009      -0.29999999999999993       0.16238337379160508     
  0.70000000000000007      -0.29999999999999993        4.7976743063276324E-002
  0.80000000000000004      -0.29999999999999993       -8.4458854517421439E-002
  0.90000000000000002      -0.29999999999999993      -0.18473169468048514     
   1.0000000000000000      -0.29999999999999993      -0.21099855897300490     
  -1.0000000000000000      -0.19999999999999993       0.38168669607151434     
 -0.90000000000000002      -0.19999999999999993       0.28475068910455842     
 -0.80000000000000004      -0.19999999999999993        8.3761137168129843E-002
 -0.69999999999999996      -0.19999999999999993      -0.14714344238381818     
 -0.59999999999999998      -0.19999999999999993      -0.32188675337540984     
 -0.49999999999999994      -0.19999999999999993      -0.37541542913105908     
 -0.39999999999999991      -0.19999999999999993      -0.28377446361066772     
 -0.29999999999999993      -0.19999999999999993       -8.4955557651507474E-002
 -0.19999999999999993      -0.19999999999999993       0.15307880190098211     
  -9.9999999999999978E-002 -0.19999999999999993       0.33469005551144310     
   2.7755575615628914E-017 -0.19999999999999993       0.38956104098335326     
  0.10000000000000009      -0.19999999999999993       0.29478806057511731     
  0.20000000000000009      -0.19999999999999993        8.8149210133237121E-002
  0.30000000000000016      -0.19999999999999993      -0.15263880688163492     
  0.40000000000000013      -0.19999999999999993      -0.33482317468950157     
  0.50000000000000011      -0.19999999999999993      -0.38919265136679737     
  0.60000000000000009      -0.19999999999999993      -0.29506119357184124     
  0.70000000000000007      -0.19999999999999993       -8.7967651406609934E-002
  0.80000000000000004      -0.19999999999999993       0.15218013492924506     
  0.90000000000000002      -0.19999999999999993       0.33438593000111150     
   1.0000000000000000      -0.19999999999999993       0.38260979131392764     
  -1.0000000000000000       -9.9999999999999978E-002  0.83311892957873190     
 -0.90000000000000002       -9.9999999999999978E-002  0.62120471389970289     
 -0.80000000000000004       -9.9999999999999978E-002  0.18229622656584399     
 -0.69999999999999996       -9.9999999999999978E-002 -0.32171102402032531     
 -0.59999999999999998       -9.9999999999999978E-002 -0.70292042806811372     
 -0.49999999999999994       -9.9999999999999978E-002 -0.81943251318757326     
 -0.39999999999999991       -9.9999999999999978E-002 -0.61906976849485729     
 -0.29999999999999993       -9.9999999999999978E-002 -0.18489933278991119     
 -0.19999999999999993       -9.9999999999999978E-002  0.33469005551144476     
  -9.9999999999999978E-002  -9.9999999999999978E-002  0.73088357228839607     
   2.7755575615628914E-017  -9.9999999999999978E-002  0.85031199615498543     
  0.10000000000000009       -9.9999999999999978E-002  0.64310194250102648     
  0.20000000000000009       -9.9999999999999978E-002  0.19185454319177922     
  0.30000000000000016       -9.9999999999999978E-002 -0.33372578781969653     
  0.40000000000000013       -9.9999999999999978E-002 -0.73117158949334626     
  0.50000000000000011       -9.9999999999999978E-002 -0.84950590236885104     
  0.60000000000000009       -9.9999999999999978E-002 -0.64369631075396405     
  0.70000000000000007       -9.9999999999999978E-002 -0.19145537273684465     
  0.80000000000000004       -9.9999999999999978E-002  0.33272733601052895     
  0.90000000000000002       -9.9999999999999978E-002  0.73021982487615611     
   1.0000000000000000       -9.9999999999999978E-002  0.83514034409006321     
  -1.0000000000000000        2.7755575615628914E-017  0.96907489736248464     
 -0.90000000000000002        2.7755575615628914E-017  0.72242988320222767     
 -0.80000000000000004        2.7755575615628914E-017  0.21180475322688094     
 -0.69999999999999996        2.7755575615628914E-017 -0.37445324358939269     
 -0.59999999999999998        2.7755575615628914E-017 -0.81777789145320823     
 -0.49999999999999994        2.7755575615628914E-017 -0.95315593936601772     
 -0.39999999999999991        2.7755575615628914E-017 -0.71994468136900047     
 -0.29999999999999993        2.7755575615628914E-017 -0.21483085494687720     
 -0.19999999999999993        2.7755575615628914E-017  0.38956104098335181     
  -9.9999999999999978E-002   2.7755575615628914E-017  0.85031199615498720     
   2.7755575615628914E-017   2.7755575615628914E-017  0.98907617055132591     
  0.10000000000000009        2.7755575615628914E-017  0.74789524199512392     
  0.20000000000000009        2.7755575615628914E-017  0.22291399999170228     
  0.30000000000000016        2.7755575615628914E-017 -0.38843766333545360     
  0.40000000000000013        2.7755575615628914E-017 -0.85064586428710887     
  0.50000000000000011        2.7755575615628914E-017 -0.98813762789105286     
  0.60000000000000009        2.7755575615628914E-017 -0.74858578810210963     
  0.70000000000000007        2.7755575615628914E-017 -0.22244838941701825     
  0.80000000000000004        2.7755575615628914E-017  0.38727749731053362     
  0.90000000000000002        2.7755575615628914E-017  0.84953996689590816     
   1.0000000000000000        2.7755575615628914E-017  0.97142914294725224     
  -1.0000000000000000       0.10000000000000009       0.73276905461546127     
 -0.90000000000000002       0.10000000000000009       0.54613830127233953     
 -0.80000000000000004       0.10000000000000009       0.15994786494118318     
 -0.69999999999999996       0.10000000000000009      -0.28335491931063805     
 -0.59999999999999998       0.10000000000000009      -0.61849449676833546     
 -0.49999999999999994       0.10000000000000009      -0.72073269561123809     
 -0.39999999999999991       0.10000000000000009      -0.54425749313509320     
 -0.29999999999999993       0.10000000000000009      -0.16223449279201793     
 -0.19999999999999993       0.10000000000000009       0.29478806057511897     
  -9.9999999999999978E-002  0.10000000000000009       0.64310194250102826     
   2.7755575615628914E-017  0.10000000000000009       0.74789524199512247     
  0.10000000000000009       0.10000000000000009       0.56538943774967898     
  0.20000000000000009       0.10000000000000009       0.16834042989917233     
  0.30000000000000016       0.10000000000000009      -0.29393709108977056     
  0.40000000000000013       0.10000000000000009      -0.64335339732295749     
  0.50000000000000011       0.10000000000000009      -0.74718477442836251     
  0.60000000000000009       0.10000000000000009      -0.56591088608604245     
  0.70000000000000007       0.10000000000000009      -0.16798722634893393     
  0.80000000000000004       0.10000000000000009       0.29306089103070215     
  0.90000000000000002       0.10000000000000009       0.64251820015620531     
   1.0000000000000000       0.10000000000000009       0.73455179795915371     
  -1.0000000000000000       0.20000000000000009       0.21840280086021854     
 -0.90000000000000002       0.20000000000000009       0.16260856966228382     
 -0.80000000000000004       0.20000000000000009        4.7400146869751032E-002
 -0.69999999999999996       0.20000000000000009       -8.4729376172051618E-002
 -0.59999999999999998       0.20000000000000009      -0.18451155003693320     
 -0.49999999999999994       0.20000000000000009      -0.21481640628513865     
 -0.39999999999999991       0.20000000000000009      -0.16204588621872210     
 -0.29999999999999993       0.20000000000000009       -4.8079633780645982E-002
 -0.19999999999999993       0.20000000000000009        8.8149210133239911E-002
  -9.9999999999999978E-002  0.20000000000000009       0.19185454319178058     
   2.7755575615628914E-017  0.20000000000000009       0.22291399999170150     
  0.10000000000000009       0.20000000000000009       0.16834042989917303     
  0.20000000000000009       0.20000000000000009        4.9891484715821686E-002
  0.30000000000000016       0.20000000000000009       -8.7893590122703646E-002
  0.40000000000000013       0.20000000000000009      -0.19192818467050612     
  0.50000000000000011       0.20000000000000009      -0.22270121968342210     
  0.60000000000000009       0.20000000000000009      -0.16849492193688381     
  0.70000000000000007       0.20000000000000009       -4.9784737390474107E-002
  0.80000000000000004       0.20000000000000009        8.7633824062034002E-002
  0.90000000000000002       0.20000000000000009       0.19168059716536834     
   1.0000000000000000       0.20000000000000009       0.21893750563617723     
  -1.0000000000000000       0.30000000000000016      -0.38058601177263063     
 -0.90000000000000002       0.30000000000000016      -0.28392869476120547     
 -0.80000000000000004       0.30000000000000016       -8.3518221865082995E-002
 -0.69999999999999996       0.30000000000000016       0.14672050219244365     
 -0.59999999999999998       0.30000000000000016       0.32095936325023328     
 -0.49999999999999994       0.30000000000000016       0.37433283486187768     
 -0.39999999999999991       0.30000000000000016       0.28295527386764724     
 -0.29999999999999993       0.30000000000000016        8.4709187695714769E-002
 -0.19999999999999993       0.30000000000000016      -0.15263880688163289     
  -9.9999999999999978E-002  0.30000000000000016      -0.33372578781969536     
   2.7755575615628914E-017  0.30000000000000016      -0.38843766333545116     
  0.10000000000000009       0.30000000000000016      -0.29393709108976968     
  0.20000000000000009       0.30000000000000016       -8.7893590122703133E-002
  0.30000000000000016       0.30000000000000016       0.15220007070443953     
  0.40000000000000013       0.30000000000000016       0.33385851655409055     
  0.50000000000000011       0.30000000000000016       0.38807033090301307     
  0.60000000000000009       0.30000000000000016       0.29420943177772985     
  0.70000000000000007       0.30000000000000016        8.7712547544878783E-002
  0.80000000000000004       0.30000000000000016      -0.15174272842883824     
  0.90000000000000002       0.30000000000000016      -0.33342253952760514     
   1.0000000000000000       0.30000000000000016      -0.38150646194468418     
  -1.0000000000000000       0.40000000000000013      -0.83344603053977717     
 -0.90000000000000002       0.40000000000000013      -0.62144760695920853     
 -0.80000000000000004       0.40000000000000013      -0.18236617532241092     
 -0.69999999999999996       0.40000000000000013       0.32183897478265494     
 -0.59999999999999998       0.40000000000000013       0.70319741439073657     
 -0.49999999999999994       0.40000000000000013       0.81975424685798792     
 -0.39999999999999991       0.40000000000000013       0.61931181076607422     
 -0.29999999999999993       0.40000000000000013       0.18497029137451165     
 -0.19999999999999993       0.40000000000000013      -0.33482317468949346     
  -9.9999999999999978E-002  0.40000000000000013      -0.73117158949334327     
   2.7755575615628914E-017  0.40000000000000013      -0.85064586428711808     
  0.10000000000000009       0.40000000000000013      -0.64335339732295760     
  0.20000000000000009       0.40000000000000013      -0.19192818467051442     
  0.30000000000000016       0.40000000000000013       0.33385851655409021     
  0.40000000000000013       0.40000000000000013       0.73145971200138815     
  0.50000000000000011       0.40000000000000013       0.84983944790492649     
  0.60000000000000009       0.40000000000000013       0.64394799341953646     
  0.70000000000000007       0.40000000000000013       0.19152884870437814     
  0.80000000000000004       0.40000000000000013      -0.33285968098878410     
  0.90000000000000002       0.40000000000000013      -0.73050758171099428     
   1.0000000000000000       0.40000000000000013      -0.83546825869794250     
  -1.0000000000000000       0.50000000000000011      -0.96815532186489850     
 -0.90000000000000002       0.50000000000000011      -0.72174360669708193     
 -0.80000000000000004       0.50000000000000011      -0.21160255938888162     
 -0.69999999999999996       0.50000000000000011       0.37409913613901685     
 -0.59999999999999998       0.50000000000000011       0.81700263135774276     
 -0.49999999999999994       0.50000000000000011       0.95225147437039237     
 -0.39999999999999991       0.50000000000000011       0.71926075377846810     
 -0.29999999999999993       0.50000000000000011       0.21462578048168790     
 -0.19999999999999993       0.50000000000000011      -0.38919265136680031     
  -9.9999999999999978E-002  0.50000000000000011      -0.84950590236885060     
   2.7755575615628914E-017  0.50000000000000011      -0.98813762789105286     
  0.10000000000000009       0.50000000000000011      -0.74718477442836062     
  0.20000000000000009       0.50000000000000011      -0.22270121968342249     
  0.30000000000000016       0.50000000000000011       0.38807033090301429     
  0.40000000000000013       0.50000000000000011       0.84983944790493116     
  0.50000000000000011       0.50000000000000011       0.98719997129759829     
  0.60000000000000009       0.50000000000000011       0.74787466116467005     
  0.70000000000000007       0.50000000000000011       0.22223604440726238     
  0.80000000000000004       0.50000000000000011      -0.38691127191106101     
  0.90000000000000002       0.50000000000000011      -0.84873460587458249     
   1.0000000000000000       0.50000000000000011      -0.97050734830385388     
  -1.0000000000000000       0.60000000000000009      -0.73344562530759794     
 -0.90000000000000002       0.60000000000000009      -0.54664199470890229     
 -0.80000000000000004       0.60000000000000009      -0.16009464152530764     
 -0.69999999999999996       0.60000000000000009       0.28361745562549207     
 -0.59999999999999998       0.60000000000000009       0.61906611589790594     
 -0.49999999999999994       0.60000000000000009       0.72139815652181338     
 -0.39999999999999991       0.60000000000000009       0.54475944299839463     
 -0.29999999999999993       0.60000000000000009       0.16238337379160436     
 -0.19999999999999993       0.60000000000000009      -0.29506119357185545     
  -9.9999999999999978E-002  0.60000000000000009      -0.64369631075396339     
   2.7755575615628914E-017  0.60000000000000009      -0.74858578810211018     
  0.10000000000000009       0.60000000000000009      -0.56591088608604279     
  0.20000000000000009       0.60000000000000009      -0.16849492193687376     
  0.30000000000000016       0.60000000000000009       0.29420943177772846     
  0.40000000000000013       0.60000000000000009       0.64394799341953846     
  0.50000000000000011       0.60000000000000009       0.74787466116466883     
  0.60000000000000009       0.60000000000000009       0.56643281282089075     
  0.70000000000000007       0.60000000000000009       0.16814138738977910     
  0.80000000000000004       0.60000000000000009      -0.29333242728477527     
  0.90000000000000002       0.60000000000000009      -0.64311202955929492     
   1.0000000000000000       0.60000000000000009      -0.73523002575902863     
  -1.0000000000000000       0.70000000000000007      -0.21794658833336672     
 -0.90000000000000002       0.70000000000000007      -0.16226739260045425     
 -0.80000000000000004       0.70000000000000007       -4.7298693863672150E-002
 -0.69999999999999996       0.70000000000000007        8.4554851993123861E-002
 -0.59999999999999998       0.70000000000000007       0.18412764004296975     
 -0.49999999999999994       0.70000000000000007       0.21436769467889638     
 -0.39999999999999991       0.70000000000000007       0.16170586564568770     
 -0.29999999999999993       0.70000000000000007        4.7976743063276921E-002
 -0.19999999999999993       0.70000000000000007       -8.7967651406612959E-002
  -9.9999999999999978E-002  0.70000000000000007      -0.19145537273684538     
   2.7755575615628914E-017  0.70000000000000007      -0.22244838941701803     
  0.10000000000000009       0.70000000000000007      -0.16798722634893332     
  0.20000000000000009       0.70000000000000007       -4.9784737390471005E-002
  0.30000000000000016       0.70000000000000007        8.7712547544879324E-002
  0.40000000000000013       0.70000000000000007       0.19152884870437975     
  0.50000000000000011       0.70000000000000007       0.22223604440726211     
  0.60000000000000009       0.70000000000000007       0.16814138738977763     
  0.70000000000000007       0.70000000000000007        4.9678199847141807E-002
  0.80000000000000004       0.70000000000000007       -8.7453336493130793E-002
  0.90000000000000002       0.70000000000000007      -0.19128179040514315     
   1.0000000000000000       0.70000000000000007      -0.21848020620746103     
  -1.0000000000000000       0.80000000000000004       0.37944932337577686     
 -0.90000000000000002       0.80000000000000004       0.28308232862837285     
 -0.80000000000000004       0.80000000000000004        8.3271425746855587E-002
 -0.69999999999999996       0.80000000000000004      -0.14627962447981860     
 -0.59999999999999998       0.80000000000000004      -0.31999912522281521     
 -0.49999999999999994       0.80000000000000004      -0.37321481250753530     
 -0.39999999999999991       0.80000000000000004      -0.28211183552317864     
 -0.29999999999999993       0.80000000000000004       -8.4458854517421370E-002
 -0.19999999999999993       0.80000000000000004       0.15218013492924490     
  -9.9999999999999978E-002  0.80000000000000004       0.33272733601052995     
   2.7755575615628914E-017  0.80000000000000004       0.38727749731055994     
  0.10000000000000009       0.80000000000000004       0.29306089103070709     
  0.20000000000000009       0.80000000000000004        8.7633824062045923E-002
  0.30000000000000016       0.80000000000000004      -0.15174272842883996     
  0.40000000000000013       0.80000000000000004      -0.33285968098879853     
  0.50000000000000011       0.80000000000000004      -0.38691127191106361     
  0.60000000000000009       0.80000000000000004      -0.29333242728478559     
  0.70000000000000007       0.80000000000000004       -8.7453336493129238E-002
  0.80000000000000004       0.80000000000000004       0.15128673869457557     
  0.90000000000000002       0.80000000000000004       0.33242499305720635     
   1.0000000000000000       0.80000000000000004       0.38036699197519480     
  -1.0000000000000000       0.90000000000000002       0.83236251290693841     
 -0.90000000000000002       0.90000000000000002       0.62064084760616234     
 -0.80000000000000004       0.90000000000000002       0.18213095010726152     
 -0.69999999999999996       0.90000000000000002      -0.32141869316505928     
 -0.59999999999999998       0.90000000000000002      -0.70228207688818234     
 -0.49999999999999994       0.90000000000000002      -0.81868852197159836     
 -0.39999999999999991       0.90000000000000002      -0.61850784242562451     
 -0.29999999999999993       0.90000000000000002      -0.18473169468048337     
 -0.19999999999999993       0.90000000000000002       0.33438593000110700     
  -9.9999999999999978E-002  0.90000000000000002       0.73021982487615322     
   2.7755575615628914E-017  0.90000000000000002       0.84953996689590849     
  0.10000000000000009       0.90000000000000002       0.64251820015620431     
  0.20000000000000009       0.90000000000000002       0.19168059716537117     
  0.30000000000000016       0.90000000000000002      -0.33342253952760437     
  0.40000000000000013       0.90000000000000002      -0.73050758171099495     
  0.50000000000000011       0.90000000000000002      -0.84873460587458016     
  0.60000000000000009       0.90000000000000002      -0.64311202955929980     
  0.70000000000000007       0.90000000000000002      -0.19128179040514290     
  0.80000000000000004       0.90000000000000002       0.33242499305719947     
  0.90000000000000002       0.90000000000000002       0.72955668007118224     
   1.0000000000000000       0.90000000000000002       0.83438208921640000     
  -1.0000000000000000        1.0000000000000000       0.95178473811291631     
 -0.90000000000000002        1.0000000000000000       0.70954077492475931     
 -0.80000000000000004        1.0000000000000000       0.20802644352113187     
 -0.69999999999999996        1.0000000000000000      -0.36777157707718688     
 -0.59999999999999998        1.0000000000000000      -0.80318673255543649     
 -0.49999999999999994        1.0000000000000000      -0.93614980222980504     
 -0.39999999999999991        1.0000000000000000      -0.70709991923231164     
 -0.29999999999999993        1.0000000000000000      -0.21099855897300071     
 -0.19999999999999993        1.0000000000000000       0.38260979131392181     
  -9.9999999999999978E-002   1.0000000000000000       0.83514034409006010     
   2.7755575615628914E-017   1.0000000000000000       0.97142914294724192     
  0.10000000000000009        1.0000000000000000       0.73455179795915382     
  0.20000000000000009        1.0000000000000000       0.21893750563617254     
  0.30000000000000016        1.0000000000000000      -0.38150646194468302     
  0.40000000000000013        1.0000000000000000      -0.83546825869792418     
  0.50000000000000011        1.0000000000000000      -0.97050734830384644     
  0.60000000000000009        1.0000000000000000      -0.73523002575901020     
  0.70000000000000007        1.0000000000000000      -0.21848020620746050     
  0.80000000000000004        1.0000000000000000       0.38036699197516161     
  0.90000000000000002        1.0000000000000000       0.83438208921639723     
   1.0000000000000000        1.0000000000000000       0.95409697087412970     
