  -1.0000000000000000       -1.0000000000000000        9.8010872045777176E-003
 -0.90000000000000002       -1.0000000000000000       -4.9886861899892845E-002
 -0.80000000000000004       -1.0000000000000000       -9.0695091173996711E-002
 -0.69999999999999996       -1.0000000000000000       -9.6780979800598868E-002
 -0.59999999999999998       -1.0000000000000000       -6.5951734104791382E-002
 -0.49999999999999994       -1.0000000000000000       -9.9312229267532089E-003
 -0.39999999999999991       -1.0000000000000000        4.9882059430715150E-002
 -0.29999999999999993       -1.0000000000000000        9.0643665173399668E-002
 -0.19999999999999993       -1.0000000000000000        9.6780895433170061E-002
  -9.9999999999999978E-002  -1.0000000000000000        6.5952075781953362E-002
   2.7755575615628914E-017  -1.0000000000000000        9.9318048687466309E-003
  0.10000000000000009       -1.0000000000000000       -4.9883040251541548E-002
  0.20000000000000009       -1.0000000000000000       -9.0642702203651199E-002
  0.30000000000000016       -1.0000000000000000       -9.6781490298701423E-002
  0.40000000000000013       -1.0000000000000000       -6.5952078415255619E-002
  0.50000000000000011       -1.0000000000000000       -9.9312121556622366E-003
  0.60000000000000009       -1.0000000000000000        4.9882044116984679E-002
  0.70000000000000007       -1.0000000000000000        9.0643656858392180E-002
  0.80000000000000004       -1.0000000000000000        9.6780794613793242E-002
  0.90000000000000002       -1.0000000000000000        6.5949766851296429E-002
   1.0000000000000000       -1.0000000000000000        9.8493078112695063E-003
  -1.0000000000000000      -0.90000000000000002       -4.9886861899893296E-002
 -0.90000000000000002      -0.90000000000000002       0.25363701525043064     
 -0.80000000000000004      -0.90000000000000002       0.46117355362583390     
 -0.69999999999999996      -0.90000000000000002       0.49215039800731541     
 -0.59999999999999998      -0.90000000000000002       0.33540695844477264     
 -0.49999999999999994      -0.90000000000000002        5.0549777708059324E-002
 -0.39999999999999991      -0.90000000000000002      -0.25361256910434132     
 -0.29999999999999993      -0.90000000000000002      -0.46091155186652133     
 -0.19999999999999993      -0.90000000000000002      -0.49214996333943656     
  -9.9999999999999978E-002 -0.90000000000000002      -0.33540871629288921     
   2.7755575615628914E-017 -0.90000000000000002       -5.0552740368472113E-002
  0.10000000000000009      -0.90000000000000002       0.25361756274679742     
  0.20000000000000009      -0.90000000000000002       0.46090665024777305     
  0.30000000000000016      -0.90000000000000002       0.49215299112835770     
  0.40000000000000013      -0.90000000000000002       0.33540872991992426     
  0.50000000000000011      -0.90000000000000002        5.0549723222961855E-002
  0.60000000000000009      -0.90000000000000002      -0.25361249202624164     
  0.70000000000000007      -0.90000000000000002      -0.46091150988523433     
  0.80000000000000004      -0.90000000000000002      -0.49214945644093222     
  0.90000000000000002      -0.90000000000000002      -0.33539695880473697     
   1.0000000000000000      -0.90000000000000002       -5.0132670375954341E-002
  -1.0000000000000000      -0.80000000000000004       -9.0695091174001069E-002
 -0.90000000000000002      -0.80000000000000004       0.46117355362583506     
 -0.80000000000000004      -0.80000000000000004       0.83851359666532643     
 -0.69999999999999996      -0.80000000000000004       0.89482996380398794     
 -0.59999999999999998      -0.80000000000000004       0.60983241136847233     
 -0.49999999999999994      -0.80000000000000004        9.1900174189812001E-002
 -0.39999999999999991      -0.80000000000000004      -0.46112911053856753     
 -0.29999999999999993      -0.80000000000000004      -0.83803732345272131     
 -0.19999999999999993      -0.80000000000000004      -0.89482917463397471     
  -9.9999999999999978E-002 -0.80000000000000004      -0.60983560336563614     
   2.7755575615628914E-017 -0.80000000000000004       -9.1905560227753952E-002
  0.10000000000000009      -0.80000000000000004       0.46113818878831569     
  0.20000000000000009      -0.80000000000000004       0.83802841226777669     
  0.30000000000000016      -0.80000000000000004       0.89483467920864124     
  0.40000000000000013      -0.80000000000000004       0.60983562809445246     
  0.50000000000000011      -0.80000000000000004        9.1900075066329009E-002
  0.60000000000000009      -0.80000000000000004      -0.46112897023352423     
  0.70000000000000007      -0.80000000000000004      -0.83803724706085592     
  0.80000000000000004      -0.80000000000000004      -0.89482825181458403     
  0.90000000000000002      -0.80000000000000004      -0.60981422912129812     
   1.0000000000000000      -0.80000000000000004       -9.1141900022859074E-002
  -1.0000000000000000      -0.69999999999999996       -9.6780979800599770E-002
 -0.90000000000000002      -0.69999999999999996       0.49215039800731514     
 -0.80000000000000004      -0.69999999999999996       0.89482996380398871     
 -0.69999999999999996      -0.69999999999999996       0.95492530355359972     
 -0.59999999999999998      -0.69999999999999996       0.65078457975388337     
 -0.49999999999999994      -0.69999999999999996        9.8066869145621502E-002
 -0.39999999999999991      -0.69999999999999996      -0.49210297287474053     
 -0.29999999999999993      -0.69999999999999996      -0.89432175819941340     
 -0.19999999999999993      -0.69999999999999996      -0.95492446199815739     
  -9.9999999999999978E-002 -0.69999999999999996      -0.65078798390623516     
   2.7755575615628914E-017 -0.69999999999999996       -9.8072616534518153E-002
  0.10000000000000009      -0.69999999999999996       0.49211266015505800     
  0.20000000000000009      -0.69999999999999996       0.89431224906798856     
  0.30000000000000016      -0.69999999999999996       0.95493033594866794     
  0.40000000000000013      -0.69999999999999996       0.65078801027013511     
  0.50000000000000011      -0.69999999999999996        9.8066763333830964E-002
  0.60000000000000009      -0.69999999999999996      -0.49210282306047803     
  0.70000000000000007      -0.69999999999999996      -0.89432167664432038     
  0.80000000000000004      -0.69999999999999996      -0.95492347657398235     
  0.90000000000000002      -0.69999999999999996      -0.65076517595574190     
   1.0000000000000000      -0.69999999999999996       -9.7257730645485485E-002
  -1.0000000000000000      -0.59999999999999998       -6.5951734104794171E-002
 -0.90000000000000002      -0.59999999999999998       0.33540695844477364     
 -0.80000000000000004      -0.59999999999999998       0.60983241136847521     
 -0.69999999999999996      -0.59999999999999998       0.65078457975388493     
 -0.59999999999999998      -0.59999999999999998       0.44350868391139464     
 -0.49999999999999994      -0.59999999999999998        6.6827952592986503E-002
 -0.39999999999999991      -0.59999999999999998      -0.33537464062124400     
 -0.29999999999999993      -0.59999999999999998      -0.60948611845802569     
 -0.19999999999999993      -0.59999999999999998      -0.65078400681572868     
  -9.9999999999999978E-002 -0.59999999999999998      -0.44351100174365893     
   2.7755575615628914E-017 -0.59999999999999998       -6.6831869107349326E-002
  0.10000000000000009      -0.59999999999999998       0.33538124191415913     
  0.20000000000000009      -0.59999999999999998       0.60947963844494091     
  0.30000000000000016      -0.59999999999999998       0.65078800964338079     
  0.40000000000000013      -0.59999999999999998       0.44351101968628104     
  0.50000000000000011      -0.59999999999999998        6.6827880452084432E-002
  0.60000000000000009      -0.59999999999999998      -0.33537453844001158     
  0.70000000000000007      -0.59999999999999998      -0.60948606284667817     
  0.80000000000000004      -0.59999999999999998      -0.65078333464657467     
  0.90000000000000002      -0.59999999999999998      -0.44349545972389343     
   1.0000000000000000      -0.59999999999999998       -6.6276579437552455E-002
  -1.0000000000000000      -0.49999999999999994       -9.9312229267539114E-003
 -0.90000000000000002      -0.49999999999999994        5.0549777708059414E-002
 -0.80000000000000004      -0.49999999999999994        9.1900174189812597E-002
 -0.69999999999999996      -0.49999999999999994        9.8066869145621488E-002
 -0.59999999999999998      -0.49999999999999994        6.6827952592986156E-002
 -0.49999999999999994      -0.49999999999999994        1.0063085545517117E-002
 -0.39999999999999991      -0.49999999999999994       -5.0544911476873226E-002
 -0.29999999999999993      -0.49999999999999994       -9.1848065835523213E-002
 -0.19999999999999993      -0.49999999999999994       -9.8066783667858565E-002
  -9.9999999999999978E-002 -0.49999999999999994       -6.6828298771591105E-002
   2.7755575615628914E-017 -0.49999999999999994       -1.0063675213193341E-002
  0.10000000000000009      -0.49999999999999994        5.0545905318212805E-002
  0.20000000000000009      -0.49999999999999994        9.1847090080119015E-002
  0.30000000000000016      -0.49999999999999994        9.8067386431870393E-002
  0.40000000000000013      -0.49999999999999994        6.6828301439458462E-002
  0.50000000000000011      -0.49999999999999994        1.0063074630774365E-002
  0.60000000000000009      -0.49999999999999994       -5.0544895958192664E-002
  0.70000000000000007      -0.49999999999999994       -9.1848057409473688E-002
  0.80000000000000004      -0.49999999999999994       -9.8066681498102937E-002
  0.90000000000000002      -0.49999999999999994       -6.6825959193452716E-002
   1.0000000000000000      -0.49999999999999994       -9.9800830977676436E-003
  -1.0000000000000000      -0.39999999999999991        4.9882059430715046E-002
 -0.90000000000000002      -0.39999999999999991      -0.25361256910434160     
 -0.80000000000000004      -0.39999999999999991      -0.46112911053856109     
 -0.69999999999999996      -0.39999999999999991      -0.49210297287474097     
 -0.59999999999999998      -0.39999999999999991      -0.33537464062124095     
 -0.49999999999999994      -0.39999999999999991       -5.0544911476873171E-002
 -0.39999999999999991      -0.39999999999999991       0.25358812531140201     
 -0.29999999999999993      -0.39999999999999991       0.46086713397602169     
 -0.19999999999999993      -0.39999999999999991       0.49210253824814221     
  -9.9999999999999978E-002 -0.39999999999999991       0.33537639830208033     
   2.7755575615628914E-017 -0.39999999999999991        5.0547873852143113E-002
  0.10000000000000009      -0.39999999999999991      -0.25359311847329125     
  0.20000000000000009      -0.39999999999999991      -0.46086223282910987     
  0.30000000000000016      -0.39999999999999991      -0.49210556574560532     
  0.40000000000000013      -0.39999999999999991      -0.33537641192782180     
  0.50000000000000011      -0.39999999999999991       -5.0544856997055292E-002
  0.60000000000000009      -0.39999999999999991       0.25358804824083869     
  0.70000000000000007      -0.39999999999999991       0.46086709199880960     
  0.80000000000000004      -0.39999999999999991       0.49210203139910996     
  0.90000000000000002      -0.39999999999999991       0.33536464194526094     
   1.0000000000000000      -0.39999999999999991        5.0127844281549351E-002
  -1.0000000000000000      -0.29999999999999993        9.0643665173400167E-002
 -0.90000000000000002      -0.29999999999999993      -0.46091155186652116     
 -0.80000000000000004      -0.29999999999999993      -0.83803732345272330     
 -0.69999999999999996      -0.29999999999999993      -0.89432175819941362     
 -0.59999999999999998      -0.29999999999999993      -0.60948611845802547     
 -0.49999999999999994      -0.29999999999999993       -9.1848065835523046E-002
 -0.39999999999999991      -0.29999999999999993       0.46086713397602336     
 -0.29999999999999993      -0.29999999999999993       0.83756131985586524     
 -0.19999999999999993      -0.29999999999999993       0.89432096946756978     
  -9.9999999999999978E-002 -0.29999999999999993       0.60948930867867845     
   2.7755575615628914E-017 -0.29999999999999993        9.1853448820564051E-002
  0.10000000000000009      -0.29999999999999993      -0.46087620708054600     
  0.20000000000000009      -0.29999999999999993      -0.83755241372348010     
  0.30000000000000016      -0.29999999999999993      -0.89432647092091311     
  0.40000000000000013      -0.29999999999999993      -0.60948933339388933     
  0.50000000000000011      -0.29999999999999993       -9.1847966768850764E-002
  0.60000000000000009      -0.29999999999999993       0.46086699375203899     
  0.70000000000000007      -0.29999999999999993       0.83756124350792305     
  0.80000000000000004      -0.29999999999999993       0.89432004718255953     
  0.90000000000000002      -0.29999999999999993       0.60946794654469971     
   1.0000000000000000      -0.29999999999999993        9.1090221330948656E-002
  -1.0000000000000000      -0.19999999999999993        9.6780895433172878E-002
 -0.90000000000000002      -0.19999999999999993      -0.49214996333943778     
 -0.80000000000000004      -0.19999999999999993      -0.89482917463397638     
 -0.69999999999999996      -0.19999999999999993      -0.95492446199815895     
 -0.59999999999999998      -0.19999999999999993      -0.65078400681572957     
 -0.49999999999999994      -0.19999999999999993       -9.8066783667858537E-002
 -0.39999999999999991      -0.19999999999999993       0.49210253824814865     
 -0.29999999999999993      -0.19999999999999993       0.89432096946756934     
 -0.19999999999999993      -0.19999999999999993       0.95492362044333134     
  -9.9999999999999978E-002 -0.19999999999999993       0.65078741096550441     
   2.7755575615628914E-017 -0.19999999999999993        9.8072531051756909E-002
  0.10000000000000009      -0.19999999999999993      -0.49211222552006550     
  0.20000000000000009      -0.19999999999999993      -0.89431146034443643     
  0.30000000000000016      -0.19999999999999993      -0.95492949438873720     
  0.40000000000000013      -0.19999999999999993      -0.65078743732938726     
  0.50000000000000011      -0.19999999999999993       -9.8066677856165879E-002
  0.60000000000000009      -0.19999999999999993       0.49210238843407617     
  0.70000000000000007      -0.19999999999999993       0.89432088791255471     
  0.80000000000000004      -0.19999999999999993       0.95492263502018615     
  0.90000000000000002      -0.19999999999999993       0.65076460303479855     
   1.0000000000000000      -0.19999999999999993        9.7257645869804857E-002
  -1.0000000000000000       -9.9999999999999978E-002   6.5952075781954680E-002
 -0.90000000000000002       -9.9999999999999978E-002 -0.33540871629288904     
 -0.80000000000000004       -9.9999999999999978E-002 -0.60983560336563758     
 -0.69999999999999996       -9.9999999999999978E-002 -0.65078798390623482     
 -0.59999999999999998       -9.9999999999999978E-002 -0.44351100174365754     
 -0.49999999999999994       -9.9999999999999978E-002  -6.6828298771590980E-002
 -0.39999999999999991       -9.9999999999999978E-002  0.33537639830208066     
 -0.29999999999999993       -9.9999999999999978E-002  0.60948930867867845     
 -0.19999999999999993       -9.9999999999999978E-002  0.65078741096550374     
  -9.9999999999999978E-002  -9.9999999999999978E-002  0.44351331958658097     
   2.7755575615628914E-017  -9.9999999999999978E-002   6.6832215306205686E-002
  0.10000000000000009       -9.9999999999999978E-002 -0.33538299962908785     
  0.20000000000000009       -9.9999999999999978E-002 -0.60948282863203740     
  0.30000000000000016       -9.9999999999999978E-002 -0.65079141381387651     
  0.40000000000000013       -9.9999999999999978E-002 -0.44351333752928535     
  0.50000000000000011       -9.9999999999999978E-002  -6.6828226630291712E-002
  0.60000000000000009       -9.9999999999999978E-002  0.33537629612023251     
  0.70000000000000007       -9.9999999999999978E-002  0.60948925306701551     
  0.80000000000000004       -9.9999999999999978E-002  0.65078673879239135     
  0.90000000000000002       -9.9999999999999978E-002  0.44349777748666003     
   1.0000000000000000       -9.9999999999999978E-002   6.6276922771398974E-002
  -1.0000000000000000        2.7755575615628914E-017   9.9318048687472918E-003
 -0.90000000000000002        2.7755575615628914E-017  -5.0552740368472168E-002
 -0.80000000000000004        2.7755575615628914E-017  -9.1905560227754868E-002
 -0.69999999999999996        2.7755575615628914E-017  -9.8072616534518042E-002
 -0.59999999999999998        2.7755575615628914E-017  -6.6831869107349534E-002
 -0.49999999999999994        2.7755575615628914E-017  -1.0063675213193535E-002
 -0.39999999999999991        2.7755575615628914E-017   5.0547873852143356E-002
 -0.29999999999999993        2.7755575615628914E-017   9.1853448820564593E-002
 -0.19999999999999993        2.7755575615628914E-017   9.8072531051756617E-002
  -9.9999999999999978E-002   2.7755575615628914E-017   6.6832215306205728E-002
   2.7755575615628914E-017   2.7755575615628914E-017   1.0064264915419310E-002
  0.10000000000000009        2.7755575615628914E-017  -5.0548867751716076E-002
  0.20000000000000009        2.7755575615628914E-017  -9.1852473007983229E-002
  0.30000000000000016        2.7755575615628914E-017  -9.8073133851091301E-002
  0.40000000000000013        2.7755575615628914E-017  -6.6832217974228433E-002
  0.50000000000000011        2.7755575615628914E-017  -1.0063664297810471E-002
  0.60000000000000009        2.7755575615628914E-017   5.0547858332550225E-002
  0.70000000000000007        2.7755575615628914E-017   9.1853440394019506E-002
  0.80000000000000004        2.7755575615628914E-017   9.8072428876001511E-002
  0.90000000000000002        2.7755575615628914E-017   6.6829875590984217E-002
   1.0000000000000000        2.7755575615628914E-017   9.9806679020688800E-003
  -1.0000000000000000       0.10000000000000009       -4.9883040251541402E-002
 -0.90000000000000002       0.10000000000000009       0.25361756274679692     
 -0.80000000000000004       0.10000000000000009       0.46113818878831569     
 -0.69999999999999996       0.10000000000000009       0.49211266015505833     
 -0.59999999999999998       0.10000000000000009       0.33538124191415897     
 -0.49999999999999994       0.10000000000000009        5.0545905318212674E-002
 -0.39999999999999991       0.10000000000000009      -0.25359311847329147     
 -0.29999999999999993       0.10000000000000009      -0.46087620708054572     
 -0.19999999999999993       0.10000000000000009      -0.49211222552006478     
  -9.9999999999999978E-002  0.10000000000000009      -0.33538299962908824     
   2.7755575615628914E-017  0.10000000000000009       -5.0548867751715687E-002
  0.10000000000000009       0.10000000000000009       0.25359811173330687     
  0.20000000000000009       0.10000000000000009       0.46087130583727942     
  0.30000000000000016       0.10000000000000009       0.49211525307703452     
  0.40000000000000013       0.10000000000000009       0.33538301325509845     
  0.50000000000000011       0.10000000000000009        5.0545850837315900E-002
  0.60000000000000009       0.10000000000000009      -0.25359304140116445     
  0.70000000000000007       0.10000000000000009      -0.46087616510250168     
  0.80000000000000004       0.10000000000000009      -0.49211171866088926     
  0.90000000000000002       0.10000000000000009      -0.33537124304122523     
   1.0000000000000000       0.10000000000000009       -5.0128829926190499E-002
  -1.0000000000000000       0.20000000000000009       -9.0642702203653253E-002
 -0.90000000000000002       0.20000000000000009       0.46090665024777433     
 -0.80000000000000004       0.20000000000000009       0.83802841226777569     
 -0.69999999999999996       0.20000000000000009       0.89431224906799134     
 -0.59999999999999998       0.20000000000000009       0.60947963844494057     
 -0.49999999999999994       0.20000000000000009        9.1847090080118682E-002
 -0.39999999999999991       0.20000000000000009      -0.46086223282911476     
 -0.29999999999999993       0.20000000000000009      -0.83755241372347899     
 -0.19999999999999993       0.20000000000000009      -0.89431146034443187     
  -9.9999999999999978E-002  0.20000000000000009      -0.60948282863203851     
   2.7755575615628914E-017  0.20000000000000009       -9.1852473007982424E-002
  0.10000000000000009       0.20000000000000009       0.46087130583727975     
  0.20000000000000009       0.20000000000000009       0.83754350768572872     
  0.30000000000000016       0.20000000000000009       0.89431696173933184     
  0.40000000000000013       0.20000000000000009       0.60948285334700525     
  0.50000000000000011       0.20000000000000009        9.1846991014504192E-002
  0.60000000000000009       0.20000000000000009      -0.46086209260668082     
  0.70000000000000007       0.20000000000000009      -0.83755233737635582     
  0.80000000000000004       0.20000000000000009      -0.89431053806938010     
  0.90000000000000002       0.20000000000000009      -0.60946146672492141     
   1.0000000000000000       0.20000000000000009       -9.1089253623729896E-002
  -1.0000000000000000       0.30000000000000016       -9.6781490298702005E-002
 -0.90000000000000002       0.30000000000000016       0.49215299112835764     
 -0.80000000000000004       0.30000000000000016       0.89483467920864368     
 -0.69999999999999996       0.30000000000000016       0.95493033594866750     
 -0.59999999999999998       0.30000000000000016       0.65078800964337957     
 -0.49999999999999994       0.30000000000000016        9.8067386431870379E-002
 -0.39999999999999991       0.30000000000000016      -0.49210556574560566     
 -0.29999999999999993       0.30000000000000016      -0.89432647092091277     
 -0.19999999999999993       0.30000000000000016      -0.95492949438873631     
  -9.9999999999999978E-002  0.30000000000000016      -0.65079141381387628     
   2.7755575615628914E-017  0.30000000000000016       -9.8073133851091121E-002
  0.10000000000000009       0.30000000000000016       0.49211525307703463     
  0.20000000000000009       0.30000000000000016       0.89431696173933095     
  0.30000000000000016       0.30000000000000016       0.95493536837022852     
  0.40000000000000013       0.30000000000000016       0.65079144017791746     
  0.50000000000000011       0.30000000000000016        9.8067280619524924E-002
  0.60000000000000009       0.30000000000000016      -0.49210541593056190     
  0.70000000000000007       0.30000000000000016      -0.89432638936539277     
  0.80000000000000004       0.30000000000000016      -0.95492850895942460     
  0.90000000000000002       0.30000000000000016      -0.65076860574302242     
   1.0000000000000000       0.30000000000000016       -9.7258243662040764E-002
  -1.0000000000000000       0.40000000000000013       -6.5952078415258561E-002
 -0.90000000000000002       0.40000000000000013       0.33540872991992549     
 -0.80000000000000004       0.40000000000000013       0.60983562809445790     
 -0.69999999999999996       0.40000000000000013       0.65078801027013555     
 -0.59999999999999998       0.40000000000000013       0.44351101968628259     
 -0.49999999999999994       0.40000000000000013        6.6828301439458435E-002
 -0.39999999999999991       0.40000000000000013      -0.33537641192782663     
 -0.29999999999999993       0.40000000000000013      -0.60948933339388756     
 -0.19999999999999993       0.40000000000000013      -0.65078743732938760     
  -9.9999999999999978E-002  0.40000000000000013      -0.44351333752928496     
   2.7755575615628914E-017  0.40000000000000013       -6.6832217974228392E-002
  0.10000000000000009       0.40000000000000013       0.33538301325509878     
  0.20000000000000009       0.40000000000000013       0.60948285334700947     
  0.30000000000000016       0.40000000000000013       0.65079144017791701     
  0.40000000000000013       0.40000000000000013       0.44351335547199905     
  0.50000000000000011       0.40000000000000013        6.6828229298155267E-002
  0.60000000000000009       0.40000000000000013      -0.33537630974600002     
  0.70000000000000007       0.40000000000000013      -0.60948927778222506     
  0.80000000000000004       0.40000000000000013      -0.65078676515627576     
  0.90000000000000002       0.40000000000000013      -0.44349779542875195     
   1.0000000000000000       0.40000000000000013       -6.6276925417391414E-002
  -1.0000000000000000       0.50000000000000011       -9.9312121556631282E-003
 -0.90000000000000002       0.50000000000000011        5.0549723222962077E-002
 -0.80000000000000004       0.50000000000000011        9.1900075066329898E-002
 -0.69999999999999996       0.50000000000000011        9.8066763333830798E-002
 -0.59999999999999998       0.50000000000000011        6.6827880452084473E-002
 -0.49999999999999994       0.50000000000000011        1.0063074630774367E-002
 -0.39999999999999991       0.50000000000000011       -5.0544856997055472E-002
 -0.29999999999999993       0.50000000000000011       -9.1847966768850986E-002
 -0.19999999999999993       0.50000000000000011       -9.8066677856166323E-002
  -9.9999999999999978E-002  0.50000000000000011       -6.6828226630291601E-002
   2.7755575615628914E-017  0.50000000000000011       -1.0063664297810311E-002
  0.10000000000000009       0.50000000000000011        5.0545850837316011E-002
  0.20000000000000009       0.50000000000000011        9.1846991014504553E-002
  0.30000000000000016       0.50000000000000011        9.8067280619525021E-002
  0.40000000000000013       0.50000000000000011        6.6828229298155892E-002
  0.50000000000000011       0.50000000000000011        1.0063063716043048E-002
  0.60000000000000009       0.50000000000000011       -5.0544841478390806E-002
  0.70000000000000007       0.50000000000000011       -9.1847958342810038E-002
  0.80000000000000004       0.50000000000000011       -9.8066575686513835E-002
  0.90000000000000002       0.50000000000000011       -6.6825887054696859E-002
   1.0000000000000000       0.50000000000000011       -9.9800722732443902E-003
  -1.0000000000000000       0.60000000000000009        4.9882044116984242E-002
 -0.90000000000000002       0.60000000000000009      -0.25361249202624153     
 -0.80000000000000004       0.60000000000000009      -0.46112897023352106     
 -0.69999999999999996       0.60000000000000009      -0.49210282306047909     
 -0.59999999999999998       0.60000000000000009      -0.33537453844001031     
 -0.49999999999999994       0.60000000000000009       -5.0544895958192830E-002
 -0.39999999999999991       0.60000000000000009       0.25358804824083997     
 -0.29999999999999993       0.60000000000000009       0.46086699375203799     
 -0.19999999999999993       0.60000000000000009       0.49210238843407345     
  -9.9999999999999978E-002  0.60000000000000009       0.33537629612023251     
   2.7755575615628914E-017  0.60000000000000009        5.0547858332551453E-002
  0.10000000000000009       0.60000000000000009      -0.25359304140116384     
  0.20000000000000009       0.60000000000000009      -0.46086209260667726     
  0.30000000000000016       0.60000000000000009      -0.49210541593056167     
  0.40000000000000013       0.60000000000000009      -0.33537630974599575     
  0.50000000000000011       0.60000000000000009       -5.0544841478390640E-002
  0.60000000000000009       0.60000000000000009       0.25358797117030024     
  0.70000000000000007       0.60000000000000009       0.46086695177483905     
  0.80000000000000004       0.60000000000000009       0.49210188158518248     
  0.90000000000000002       0.60000000000000009       0.33536453976703628     
   1.0000000000000000       0.60000000000000009        5.0127828891365175E-002
  -1.0000000000000000       0.70000000000000007        9.0643656858392457E-002
 -0.90000000000000002       0.70000000000000007      -0.46091150988523411     
 -0.80000000000000004       0.70000000000000007      -0.83803724706085836     
 -0.69999999999999996       0.70000000000000007      -0.89432167664431994     
 -0.59999999999999998       0.70000000000000007      -0.60948606284667795     
 -0.49999999999999994       0.70000000000000007       -9.1848057409473563E-002
 -0.39999999999999991       0.70000000000000007       0.46086709199881137     
 -0.29999999999999993       0.70000000000000007       0.83756124350792249     
 -0.19999999999999993       0.70000000000000007       0.89432088791255526     
  -9.9999999999999978E-002  0.70000000000000007       0.60948925306701540     
   2.7755575615628914E-017  0.70000000000000007        9.1853440394019464E-002
  0.10000000000000009       0.70000000000000007      -0.46087616510250129     
  0.20000000000000009       0.70000000000000007      -0.83755233737635659     
  0.30000000000000016       0.70000000000000007      -0.89432638936539222     
  0.40000000000000013       0.70000000000000007      -0.60948927778222517     
  0.50000000000000011       0.70000000000000007       -9.1847958342809941E-002
  0.60000000000000009       0.70000000000000007       0.46086695177484027     
  0.70000000000000007       0.70000000000000007       0.83756116715998563     
  0.80000000000000004       0.70000000000000007       0.89431996562762184     
  0.90000000000000002       0.70000000000000007       0.60946789093500275     
   1.0000000000000000       0.70000000000000007        9.1090212974593313E-002
  -1.0000000000000000       0.80000000000000004        9.6780794613797724E-002
 -0.90000000000000002       0.80000000000000004      -0.49214945644093427     
 -0.80000000000000004       0.80000000000000004      -0.89482825181458925     
 -0.69999999999999996       0.80000000000000004      -0.95492347657398358     
 -0.59999999999999998       0.80000000000000004      -0.65078333464657556     
 -0.49999999999999994       0.80000000000000004       -9.8066681498102909E-002
 -0.39999999999999991       0.80000000000000004       0.49210203139911918     
 -0.29999999999999993       0.80000000000000004       0.89432004718255931     
 -0.19999999999999993       0.80000000000000004       0.95492263502018582     
  -9.9999999999999978E-002  0.80000000000000004       0.65078673879239213     
   2.7755575615628914E-017  0.80000000000000004        9.8072428875999026E-002
  0.10000000000000009       0.80000000000000004      -0.49211171866088899     
  0.20000000000000009       0.80000000000000004      -0.89431053806938499     
  0.30000000000000016       0.80000000000000004      -0.95492850895942472     
  0.40000000000000013       0.80000000000000004      -0.65078676515627309     
  0.50000000000000011       0.80000000000000004       -9.8066575686513807E-002
  0.60000000000000009       0.80000000000000004       0.49210188158518764     
  0.70000000000000007       0.80000000000000004       0.89431996562762073     
  0.80000000000000004       0.80000000000000004       0.95492164959793890     
  0.90000000000000002       0.80000000000000004       0.65076393088555262     
   1.0000000000000000       0.80000000000000004        9.7257544546322378E-002
  -1.0000000000000000       0.90000000000000002        6.5949766851295957E-002
 -0.90000000000000002       0.90000000000000002      -0.33539695880473697     
 -0.80000000000000004       0.90000000000000002      -0.60981422912129735     
 -0.69999999999999996       0.90000000000000002      -0.65076517595574224     
 -0.59999999999999998       0.90000000000000002      -0.44349545972389193     
 -0.49999999999999994       0.90000000000000002       -6.6825959193452841E-002
 -0.39999999999999991       0.90000000000000002       0.33536464194525867     
 -0.29999999999999993       0.90000000000000002       0.60946794654470016     
 -0.19999999999999993       0.90000000000000002       0.65076460303479600     
  -9.9999999999999978E-002  0.90000000000000002       0.44349777748666053     
   2.7755575615628914E-017  0.90000000000000002        6.6829875590984772E-002
  0.10000000000000009       0.90000000000000002      -0.33537124304122529     
  0.20000000000000009       0.90000000000000002      -0.60946146672491863     
  0.30000000000000016       0.90000000000000002      -0.65076860574302275     
  0.40000000000000013       0.90000000000000002      -0.44349779542875173     
  0.50000000000000011       0.90000000000000002       -6.6825887054697275E-002
  0.60000000000000009       0.90000000000000002       0.33536453976703384     
  0.70000000000000007       0.90000000000000002       0.60946789093500320     
  0.80000000000000004       0.90000000000000002       0.65076393088555040     
  0.90000000000000002       0.90000000000000002       0.44348223593058117     
   1.0000000000000000       0.90000000000000002        6.6274602487726070E-002
  -1.0000000000000000        1.0000000000000000        9.8493078112684099E-003
 -0.90000000000000002        1.0000000000000000       -5.0132670375953890E-002
 -0.80000000000000004        1.0000000000000000       -9.1141900022862765E-002
 -0.69999999999999996        1.0000000000000000       -9.7257730645485679E-002
 -0.59999999999999998        1.0000000000000000       -6.6276579437556091E-002
 -0.49999999999999994        1.0000000000000000       -9.9800830977679802E-003
 -0.39999999999999991        1.0000000000000000        5.0127844281549955E-002
 -0.29999999999999993        1.0000000000000000        9.1090221330948851E-002
 -0.19999999999999993        1.0000000000000000        9.7257645869808215E-002
  -9.9999999999999978E-002   1.0000000000000000        6.6276922771399308E-002
   2.7755575615628914E-017   1.0000000000000000        9.9806679020702244E-003
  0.10000000000000009        1.0000000000000000       -5.0128829926190298E-002
  0.20000000000000009        1.0000000000000000       -9.1089253623732089E-002
  0.30000000000000016        1.0000000000000000       -9.7258243662041666E-002
  0.40000000000000013        1.0000000000000000       -6.6276925417396368E-002
  0.50000000000000011        1.0000000000000000       -9.9800722732449262E-003
  0.60000000000000009        1.0000000000000000        5.0127828891365231E-002
  0.70000000000000007        1.0000000000000000        9.1090212974593895E-002
  0.80000000000000004        1.0000000000000000        9.7257544546327485E-002
  0.90000000000000002        1.0000000000000000        6.6274602487725473E-002
   1.0000000000000000        1.0000000000000000        9.8977651807585186E-003
