  -1.0000000000000000       -1.0000000000000000       0.35756120246731421     
 -0.90000000000000002       -1.0000000000000000       0.55150140760323041     
 -0.80000000000000004       -1.0000000000000000       0.53964706353181002     
 -0.69999999999999996       -1.0000000000000000       0.32649749416750984     
 -0.59999999999999998       -1.0000000000000000       -1.5184933018195172E-002
 -0.49999999999999994       -1.0000000000000000      -0.34942254330141409     
 -0.39999999999999991       -1.0000000000000000      -0.55252337230112814     
 -0.29999999999999993       -1.0000000000000000      -0.54237926794926594     
 -0.19999999999999993       -1.0000000000000000      -0.32808162356068449     
  -9.9999999999999978E-002  -1.0000000000000000        1.5364738549623188E-002
   2.7755575615628914E-017  -1.0000000000000000       0.36014772430711872     
  0.10000000000000009       -1.0000000000000000       0.57131239953968749     
  0.20000000000000009       -1.0000000000000000       0.55979038623597999     
  0.30000000000000016       -1.0000000000000000       0.33848064363803704     
  0.40000000000000013       -1.0000000000000000       -1.7341933898017733E-002
  0.50000000000000011       -1.0000000000000000      -0.36220563062154487     
  0.60000000000000009       -1.0000000000000000      -0.57423437697936219     
  0.70000000000000007       -1.0000000000000000      -0.56243427400156454     
  0.80000000000000004       -1.0000000000000000      -0.34158152803449932     
  0.90000000000000002       -1.0000000000000000        1.4172330415437884E-002
   1.0000000000000000       -1.0000000000000000       0.35339459758952074     
  -1.0000000000000000      -0.90000000000000002       0.55150140760322619     
 -0.90000000000000002      -0.90000000000000002       0.85023230855734100     
 -0.80000000000000004      -0.90000000000000002       0.83170055284886757     
 -0.69999999999999996      -0.90000000000000002       0.50293560928991832     
 -0.59999999999999998      -0.90000000000000002       -2.3823046403135463E-002
 -0.49999999999999994      -0.90000000000000002      -0.53895080223399250     
 -0.39999999999999991      -0.90000000000000002      -0.85180679549985494     
 -0.29999999999999993      -0.90000000000000002      -0.83591251289687718     
 -0.19999999999999993      -0.90000000000000002      -0.50537529729874753     
  -9.9999999999999978E-002 -0.90000000000000002        2.4110555418992104E-002
   2.7755575615628914E-017 -0.90000000000000002       0.55549683273113382     
  0.10000000000000009      -0.90000000000000002       0.88077463849958137     
  0.20000000000000009      -0.90000000000000002       0.86274692972826450     
  0.30000000000000016      -0.90000000000000002       0.52139428824046374     
  0.40000000000000013      -0.90000000000000002       -2.7165246173815789E-002
  0.50000000000000011      -0.90000000000000002      -0.55866690484958026     
  0.60000000000000009      -0.90000000000000002      -0.88527808699504706     
  0.70000000000000007      -0.90000000000000002      -0.86682090266107115     
  0.80000000000000004      -0.90000000000000002      -0.52617401266983699     
  0.90000000000000002      -0.90000000000000002        2.2279137424188817E-002
   1.0000000000000000      -0.90000000000000002       0.54508001544394746     
  -1.0000000000000000      -0.80000000000000004       0.53964706353178671     
 -0.90000000000000002      -0.80000000000000004       0.83170055284886846     
 -0.80000000000000004      -0.80000000000000004       0.81340922165623275     
 -0.69999999999999996      -0.80000000000000004       0.49170865395459007     
 -0.59999999999999998      -0.80000000000000004       -2.3567210553683132E-002
 -0.49999999999999994      -0.80000000000000004      -0.52736778516810445     
 -0.39999999999999991      -0.80000000000000004      -0.83324005623497455     
 -0.29999999999999993      -0.80000000000000004      -0.81752925408268717     
 -0.19999999999999993      -0.80000000000000004      -0.49409356230341139     
  -9.9999999999999978E-002 -0.80000000000000004        2.3855029130613173E-002
   2.7755575615628914E-017 -0.80000000000000004       0.54356042199481291     
  0.10000000000000009      -0.80000000000000004       0.86157740157284757     
  0.20000000000000009      -0.80000000000000004       0.84377383813080542     
  0.30000000000000016      -0.80000000000000004       0.50975520408731478     
  0.40000000000000013      -0.80000000000000004       -2.6847293250172034E-002
  0.50000000000000011      -0.80000000000000004      -0.54665978038221263     
  0.60000000000000009      -0.80000000000000004      -0.86598188104289286     
  0.70000000000000007      -0.80000000000000004      -0.84775772226366042     
  0.80000000000000004      -0.80000000000000004      -0.51443023167281599     
  0.90000000000000002      -0.80000000000000004        2.2067917964569545E-002
   1.0000000000000000      -0.80000000000000004       0.53336699219434081     
  -1.0000000000000000      -0.69999999999999996       0.32649749416751195     
 -0.90000000000000002      -0.69999999999999996       0.50293560928991865     
 -0.80000000000000004      -0.69999999999999996       0.49170865395458963     
 -0.69999999999999996      -0.69999999999999996       0.29707088509889779     
 -0.59999999999999998      -0.69999999999999996       -1.4518798200229650E-002
 -0.49999999999999994      -0.69999999999999996      -0.31906985960730327     
 -0.39999999999999991      -0.69999999999999996      -0.50386588234684304     
 -0.29999999999999993      -0.69999999999999996      -0.49419994348429236     
 -0.19999999999999993      -0.69999999999999996      -0.29851142818504534     
  -9.9999999999999978E-002 -0.69999999999999996        1.4699523077540225E-002
   2.7755575615628914E-017 -0.69999999999999996       0.32886902802449025     
  0.10000000000000009      -0.69999999999999996       0.52100259168438667     
  0.20000000000000009      -0.69999999999999996       0.51006521759717882     
  0.30000000000000016      -0.69999999999999996       0.30797381581066779     
  0.40000000000000013      -0.69999999999999996       -1.6513186454193168E-002
  0.50000000000000011      -0.69999999999999996      -0.33074158969117645     
  0.60000000000000009      -0.69999999999999996      -0.52366518966014330     
  0.70000000000000007      -0.69999999999999996      -0.51247299022515946     
  0.80000000000000004      -0.69999999999999996      -0.31080031479422449     
  0.90000000000000002      -0.69999999999999996        1.3623301076758514E-002
   1.0000000000000000      -0.69999999999999996       0.32270126826027362     
  -1.0000000000000000      -0.59999999999999998       -1.5184933018180958E-002
 -0.90000000000000002      -0.59999999999999998       -2.3823046403129558E-002
 -0.80000000000000004      -0.59999999999999998       -2.3567210553656816E-002
 -0.69999999999999996      -0.59999999999999998       -1.4518798200228644E-002
 -0.59999999999999998      -0.59999999999999998        2.4311302064184521E-004
 -0.49999999999999994      -0.59999999999999998        1.4836860460122139E-002
 -0.39999999999999991      -0.59999999999999998        2.3868235482200090E-002
 -0.29999999999999993      -0.59999999999999998        2.3685426011575483E-002
 -0.19999999999999993      -0.59999999999999998        1.4589741130582916E-002
  -9.9999999999999978E-002 -0.59999999999999998       -2.4057384646187865E-004
   2.7755575615628914E-017 -0.59999999999999998       -1.5288797887681570E-002
  0.10000000000000009      -0.59999999999999998       -2.4678467027703623E-002
  0.20000000000000009      -0.59999999999999998       -2.4445281931722251E-002
  0.30000000000000016      -0.59999999999999998       -1.5051791807808485E-002
  0.40000000000000013      -0.59999999999999998        3.1947233716983698E-004
  0.50000000000000011      -0.59999999999999998        1.5380229197676459E-002
  0.60000000000000009      -0.59999999999999998        2.4805958433723279E-002
  0.70000000000000007      -0.59999999999999998        2.4561514083226928E-002
  0.80000000000000004      -0.59999999999999998        1.5186550761156612E-002
  0.90000000000000002      -0.59999999999999998       -1.8218712590534544E-004
   1.0000000000000000      -0.59999999999999998       -1.5002818833767815E-002
  -1.0000000000000000      -0.49999999999999994      -0.34942254330141159     
 -0.90000000000000002      -0.49999999999999994      -0.53895080223399450     
 -0.80000000000000004      -0.49999999999999994      -0.52736778516810157     
 -0.69999999999999996      -0.49999999999999994      -0.31906985960730455     
 -0.59999999999999998      -0.49999999999999994        1.4836860460121745E-002
 -0.49999999999999994      -0.49999999999999994       0.34146911810035108     
 -0.39999999999999991      -0.49999999999999994       0.53994951626895760     
 -0.29999999999999993      -0.49999999999999994       0.53003781355674784     
 -0.19999999999999993      -0.49999999999999994       0.32061795399657234     
  -9.9999999999999978E-002 -0.49999999999999994       -1.5012511626811834E-002
   2.7755575615628914E-017 -0.49999999999999994      -0.35195015551224573     
  0.10000000000000009      -0.49999999999999994      -0.55831095015549925     
  0.20000000000000009      -0.49999999999999994      -0.54705275133315290     
  0.30000000000000016      -0.49999999999999994      -0.33078039990602970     
  0.40000000000000013      -0.49999999999999994        1.6944672012280095E-002
  0.50000000000000011      -0.49999999999999994       0.35396124512341026     
  0.60000000000000009      -0.49999999999999994       0.56116643940593502     
  0.70000000000000007      -0.49999999999999994       0.54963648399724097     
  0.80000000000000004      -0.49999999999999994       0.33381072189101041     
  0.90000000000000002      -0.49999999999999994       -1.3847197478046396E-002
   1.0000000000000000      -0.49999999999999994      -0.34535074559020251     
  -1.0000000000000000      -0.39999999999999991      -0.55252337230108717     
 -0.90000000000000002      -0.39999999999999991      -0.85180679549984328     
 -0.80000000000000004      -0.39999999999999991      -0.83324005623494735     
 -0.69999999999999996      -0.39999999999999991      -0.50386588234684171     
 -0.59999999999999998      -0.39999999999999991        2.3868235482216855E-002
 -0.49999999999999994      -0.39999999999999991       0.53994951626895604     
 -0.39999999999999991      -0.39999999999999991       0.85338419544368427     
 -0.29999999999999993      -0.39999999999999991       0.83745981563996230     
 -0.19999999999999993      -0.39999999999999991       0.50631008175166947     
  -9.9999999999999978E-002 -0.39999999999999991       -2.4156303859108573E-002
   2.7755575615628914E-017 -0.39999999999999991      -0.55652621674550784     
  0.10000000000000009      -0.39999999999999991      -0.88240568560326649     
  0.20000000000000009      -0.39999999999999991      -0.86434390515658077     
  0.30000000000000016      -0.39999999999999991      -0.52235870374094373     
  0.40000000000000013      -0.39999999999999991        2.7216668119538153E-002
  0.50000000000000011      -0.39999999999999991       0.55970215270558243     
  0.60000000000000009      -0.39999999999999991       0.88691747041394253     
  0.70000000000000007      -0.39999999999999991       0.86842541709364174     
  0.80000000000000004      -0.39999999999999991       0.52714727727488486     
  0.90000000000000002      -0.39999999999999991       -2.2321512112861118E-002
   1.0000000000000000      -0.39999999999999991      -0.54609009436864686     
  -1.0000000000000000      -0.29999999999999993      -0.54237926794926006     
 -0.90000000000000002      -0.29999999999999993      -0.83591251289687818     
 -0.80000000000000004      -0.29999999999999993      -0.81752925408268040     
 -0.69999999999999996      -0.29999999999999993      -0.49419994348429241     
 -0.59999999999999998      -0.29999999999999993        2.3685426011579410E-002
 -0.49999999999999994      -0.29999999999999993       0.53003781355674662     
 -0.39999999999999991      -0.29999999999999993       0.83745981563996530     
 -0.29999999999999993      -0.29999999999999993       0.82167015202833060     
 -0.19999999999999993      -0.29999999999999993       0.49659693660124532     
  -9.9999999999999978E-002 -0.29999999999999993       -2.3974673937570818E-002
   2.7755575615628914E-017 -0.29999999999999993      -0.54631242312182404     
  0.10000000000000009      -0.29999999999999993      -0.86594066523350965     
  0.20000000000000009      -0.29999999999999993      -0.84804766719078606     
  0.30000000000000016      -0.29999999999999993      -0.51233792854976778     
  0.40000000000000013      -0.29999999999999993        2.6982073685424039E-002
  0.50000000000000011      -0.29999999999999993       0.54942748448335987     
  0.60000000000000009      -0.29999999999999993       0.87036745368925061     
  0.70000000000000007      -0.29999999999999993       0.85205173234753340     
  0.80000000000000004      -0.29999999999999993       0.51703663396917288     
  0.90000000000000002      -0.29999999999999993       -2.2178493337858755E-002
   1.0000000000000000      -0.29999999999999993      -0.53606738676284460     
  -1.0000000000000000      -0.19999999999999993      -0.32808162356068582     
 -0.90000000000000002      -0.19999999999999993      -0.50537529729874575     
 -0.80000000000000004      -0.19999999999999993      -0.49409356230341767     
 -0.69999999999999996      -0.19999999999999993      -0.29851142818504478     
 -0.59999999999999998      -0.19999999999999993        1.4589741130569279E-002
 -0.49999999999999994      -0.19999999999999993       0.32061795399657106     
 -0.39999999999999991      -0.19999999999999993       0.50631008175167325     
 -0.29999999999999993      -0.19999999999999993       0.49659693660124471     
 -0.19999999999999993      -0.19999999999999993       0.29995895611398149     
  -9.9999999999999978E-002 -0.19999999999999993       -1.4771355713706731E-002
   2.7755575615628914E-017 -0.19999999999999993      -0.33046467129958079     
  0.10000000000000009      -0.19999999999999993      -0.52352992117691632     
  0.20000000000000009      -0.19999999999999993      -0.51253916186945869     
  0.30000000000000016      -0.19999999999999993      -0.30946722875529653     
  0.40000000000000013      -0.19999999999999993        1.6593824852060440E-002
  0.50000000000000011      -0.19999999999999993       0.33234631340214310     
  0.60000000000000009      -0.19999999999999993       0.52620543354399540     
  0.70000000000000007      -0.19999999999999993       0.51495861177344548     
  0.80000000000000004      -0.19999999999999993       0.31230743774009073     
  0.90000000000000002      -0.19999999999999993       -1.3689921444953396E-002
   1.0000000000000000      -0.19999999999999993      -0.32426698524357533     
  -1.0000000000000000       -9.9999999999999978E-002   1.5364738549620460E-002
 -0.90000000000000002       -9.9999999999999978E-002   2.4110555418990969E-002
 -0.80000000000000004       -9.9999999999999978E-002   2.3855029130613263E-002
 -0.69999999999999996       -9.9999999999999978E-002   1.4699523077538801E-002
 -0.59999999999999998       -9.9999999999999978E-002  -2.4057384646493818E-004
 -0.49999999999999994       -9.9999999999999978E-002  -1.5012511626813014E-002
 -0.39999999999999991       -9.9999999999999978E-002  -2.4156303859113434E-002
 -0.29999999999999993       -9.9999999999999978E-002  -2.3974673937568778E-002
 -0.19999999999999993       -9.9999999999999978E-002  -1.4771355713706786E-002
  -9.9999999999999978E-002  -9.9999999999999978E-002   2.3786825365960639E-004
   2.7755575615628914E-017  -9.9999999999999978E-002   1.5469752787387952E-002
  0.10000000000000009       -9.9999999999999978E-002   2.4976295116362138E-002
  0.20000000000000009       -9.9999999999999978E-002   2.4743803066731577E-002
  0.30000000000000016       -9.9999999999999978E-002   1.5239152781774351E-002
  0.40000000000000013       -9.9999999999999978E-002  -3.1763164026846522E-004
  0.50000000000000011       -9.9999999999999978E-002  -1.5562321132646656E-002
  0.60000000000000009       -9.9999999999999978E-002  -2.5105341970001093E-002
  0.70000000000000007       -9.9999999999999978E-002  -2.4861464570936905E-002
  0.80000000000000004       -9.9999999999999978E-002  -1.5375548656156762E-002
  0.90000000000000002       -9.9999999999999978E-002   1.7868489341885444E-004
   1.0000000000000000       -9.9999999999999978E-002   1.5180398410814838E-002
  -1.0000000000000000        2.7755575615628914E-017  0.36014772430708597     
 -0.90000000000000002        2.7755575615628914E-017  0.55549683273113060     
 -0.80000000000000004        2.7755575615628914E-017  0.54356042199478893     
 -0.69999999999999996        2.7755575615628914E-017  0.32886902802448892     
 -0.59999999999999998        2.7755575615628914E-017  -1.5288797887703140E-002
 -0.49999999999999994        2.7755575615628914E-017 -0.35195015551225006     
 -0.39999999999999991        2.7755575615628914E-017 -0.55652621674550795     
 -0.29999999999999993        2.7755575615628914E-017 -0.54631242312182293     
 -0.19999999999999993        2.7755575615628914E-017 -0.33046467129958501     
  -9.9999999999999978E-002   2.7755575615628914E-017   1.5469752787385530E-002
   2.7755575615628914E-017   2.7755575615628914E-017  0.36275286751788005     
  0.10000000000000009        2.7755575615628914E-017  0.57545134283802613     
  0.20000000000000009        2.7755575615628914E-017  0.56384979397033141     
  0.30000000000000016        2.7755575615628914E-017  0.34093921963949536     
  0.40000000000000013        2.7755575615628914E-017  -1.7461175141963419E-002
  0.50000000000000011        2.7755575615628914E-017 -0.36482572035524335     
  0.60000000000000009        2.7755575615628914E-017 -0.57839450784974122     
  0.70000000000000007        2.7755575615628914E-017 -0.56651286583085647     
  0.80000000000000004        2.7755575615628914E-017 -0.34406258084667668     
  0.90000000000000002        2.7755575615628914E-017   1.4268603587019616E-002
   1.0000000000000000        2.7755575615628914E-017  0.35595090221876713     
  -1.0000000000000000       0.10000000000000009       0.57131239953968405     
 -0.90000000000000002       0.10000000000000009       0.88077463849958137     
 -0.80000000000000004       0.10000000000000009       0.86157740157284612     
 -0.69999999999999996       0.10000000000000009       0.52100259168438667     
 -0.59999999999999998       0.10000000000000009       -2.4678467027701472E-002
 -0.49999999999999994       0.10000000000000009      -0.55831095015549681     
 -0.39999999999999991       0.10000000000000009      -0.88240568560327037     
 -0.29999999999999993       0.10000000000000009      -0.86594066523350854     
 -0.19999999999999993       0.10000000000000009      -0.52352992117691943     
  -9.9999999999999978E-002  0.10000000000000009        2.4976295116361555E-002
   2.7755575615628914E-017  0.10000000000000009       0.57545134283802524     
  0.10000000000000009       0.10000000000000009       0.91241411995227717     
  0.20000000000000009       0.10000000000000009       0.89373904372213930     
  0.30000000000000016       0.10000000000000009       0.54012436283843090     
  0.40000000000000013       0.10000000000000009       -2.8140711796643625E-002
  0.50000000000000011       0.10000000000000009      -0.57873529355298847     
  0.60000000000000009       0.10000000000000009      -0.91707934393742985     
  0.70000000000000007       0.10000000000000009      -0.89795936502602980     
  0.80000000000000004       0.10000000000000009      -0.54507578682839453     
  0.90000000000000002       0.10000000000000009        2.3079082298149527E-002
   1.0000000000000000       0.10000000000000009       0.56466033413314265     
  -1.0000000000000000       0.20000000000000009       0.55979038623595256     
 -0.90000000000000002       0.20000000000000009       0.86274692972826184     
 -0.80000000000000004       0.20000000000000009       0.84377383813079132     
 -0.69999999999999996       0.20000000000000009       0.51006521759717993     
 -0.59999999999999998       0.20000000000000009       -2.4445281931708997E-002
 -0.49999999999999994       0.20000000000000009      -0.54705275133315623     
 -0.39999999999999991       0.20000000000000009      -0.86434390515657156     
 -0.29999999999999993       0.20000000000000009      -0.84804766719078783     
 -0.19999999999999993       0.20000000000000009      -0.51253916186945736     
  -9.9999999999999978E-002  0.20000000000000009        2.4743803066728649E-002
   2.7755575615628914E-017  0.20000000000000009       0.56384979397031809     
  0.10000000000000009       0.20000000000000009       0.89373904372213864     
  0.20000000000000009       0.20000000000000009       0.87527196112570149     
  0.30000000000000016       0.20000000000000009       0.52878548556481042     
  0.40000000000000013       0.20000000000000009       -2.7847738340628970E-002
  0.50000000000000011       0.20000000000000009      -0.56706485787953953     
  0.60000000000000009       0.20000000000000009      -0.89830794220628096     
  0.70000000000000007       0.20000000000000009      -0.87940456695118041     
  0.80000000000000004       0.20000000000000009      -0.53363502951477970     
  0.90000000000000002       0.20000000000000009        2.2889953301763320E-002
   1.0000000000000000       0.20000000000000009       0.55327587886401597     
  -1.0000000000000000       0.30000000000000016       0.33848064363803221     
 -0.90000000000000002       0.30000000000000016       0.52139428824046319     
 -0.80000000000000004       0.30000000000000016       0.50975520408731267     
 -0.69999999999999996       0.30000000000000016       0.30797381581066835     
 -0.59999999999999998       0.30000000000000016       -1.5051791807808534E-002
 -0.49999999999999994       0.30000000000000016      -0.33078039990602848     
 -0.39999999999999991       0.30000000000000016      -0.52235870374094162     
 -0.29999999999999993       0.30000000000000016      -0.51233792854976834     
 -0.19999999999999993       0.30000000000000016      -0.30946722875529625     
  -9.9999999999999978E-002  0.30000000000000016        1.5239152781775718E-002
   2.7755575615628914E-017  0.30000000000000016       0.34093921963949714     
  0.10000000000000009       0.30000000000000016       0.54012436283843202     
  0.20000000000000009       0.30000000000000016       0.52878548556480931     
  0.30000000000000016       0.30000000000000016       0.31927689979504731     
  0.40000000000000013       0.30000000000000016       -1.7119383000938220E-002
  0.50000000000000011       0.30000000000000016      -0.34288050704964151     
  0.60000000000000009       0.30000000000000016      -0.54288468275780866     
  0.70000000000000007       0.30000000000000016      -0.53128162733875517     
  0.80000000000000004       0.30000000000000016      -0.32220713633801024     
  0.90000000000000002       0.30000000000000016        1.4123433528988661E-002
   1.0000000000000000       0.30000000000000016       0.33454508978134467     
  -1.0000000000000000       0.40000000000000013       -1.7341933897990561E-002
 -0.90000000000000002       0.40000000000000013       -2.7165246173810016E-002
 -0.80000000000000004       0.40000000000000013       -2.6847293250147085E-002
 -0.69999999999999996       0.40000000000000013       -1.6513186454189220E-002
 -0.59999999999999998       0.40000000000000013        3.1947233718938260E-004
 -0.49999999999999994       0.40000000000000013        1.6944672012280278E-002
 -0.39999999999999991       0.40000000000000013        2.7216668119536398E-002
 -0.29999999999999993       0.40000000000000013        2.6982073685418811E-002
 -0.19999999999999993       0.40000000000000013        1.6593824852067170E-002
  -9.9999999999999978E-002  0.40000000000000013       -3.1763164026825955E-004
   2.7755575615628914E-017  0.40000000000000013       -1.7461175141965001E-002
  0.10000000000000009       0.40000000000000013       -2.8140711796644444E-002
  0.20000000000000009       0.40000000000000013       -2.7847738340640082E-002
  0.30000000000000016       0.40000000000000013       -1.7119383000936732E-002
  0.40000000000000013       0.40000000000000013        4.0826542754587430E-004
  0.50000000000000011       0.40000000000000013        1.7565173992866542E-002
  0.60000000000000009       0.40000000000000013        2.8285959178228817E-002
  0.70000000000000007       0.40000000000000013        2.7980069804309372E-002
  0.80000000000000004       0.40000000000000013        1.7272964677707441E-002
  0.90000000000000002       0.40000000000000013       -2.5175781984226799E-004
   1.0000000000000000       0.40000000000000013       -1.7134488461862878E-002
  -1.0000000000000000       0.50000000000000011      -0.36220563062154115     
 -0.90000000000000002       0.50000000000000011      -0.55866690484957959     
 -0.80000000000000004       0.50000000000000011      -0.54665978038221363     
 -0.69999999999999996       0.50000000000000011      -0.33074158969117584     
 -0.59999999999999998       0.50000000000000011        1.5380229197678164E-002
 -0.49999999999999994       0.50000000000000011       0.35396124512340865     
 -0.39999999999999991       0.50000000000000011       0.55970215270558599     
 -0.29999999999999993       0.50000000000000011       0.54942748448335688     
 -0.19999999999999993       0.50000000000000011       0.33234631340214521     
  -9.9999999999999978E-002  0.50000000000000011       -1.5562321132646315E-002
   2.7755575615628914E-017  0.50000000000000011      -0.36482572035524219     
  0.10000000000000009       0.50000000000000011      -0.57873529355298747     
  0.20000000000000009       0.50000000000000011      -0.56706485787954042     
  0.30000000000000016       0.50000000000000011      -0.34288050704963974     
  0.40000000000000013       0.50000000000000011        1.7565173992867705E-002
  0.50000000000000011       0.50000000000000011       0.36691037671472970     
  0.60000000000000009       0.50000000000000011       0.58169524154110441     
  0.70000000000000007       0.50000000000000011       0.56974310667631367     
  0.80000000000000004       0.50000000000000011       0.34602168423694818     
  0.90000000000000002       0.50000000000000011       -1.4354387012564168E-002
   1.0000000000000000       0.50000000000000011      -0.35798487996853023     
  -1.0000000000000000       0.60000000000000009      -0.57423437697931556     
 -0.90000000000000002       0.60000000000000009      -0.88527808699504074     
 -0.80000000000000004       0.60000000000000009      -0.86598188104285978     
 -0.69999999999999996       0.60000000000000009      -0.52366518966014319     
 -0.59999999999999998       0.60000000000000009        2.4805958433730284E-002
 -0.49999999999999994       0.60000000000000009       0.56116643940593602     
 -0.39999999999999991       0.60000000000000009       0.88691747041393298     
 -0.29999999999999993       0.60000000000000009       0.87036745368925106     
 -0.19999999999999993       0.60000000000000009       0.52620543354399141     
  -9.9999999999999978E-002  0.60000000000000009       -2.5105341969998262E-002
   2.7755575615628914E-017  0.60000000000000009      -0.57839450784973101     
  0.10000000000000009       0.60000000000000009      -0.91707934393742840     
  0.20000000000000009       0.60000000000000009      -0.89830794220627896     
  0.30000000000000016       0.60000000000000009      -0.54288468275780843     
  0.40000000000000013       0.60000000000000009        2.8285959178224317E-002
  0.50000000000000011       0.60000000000000009       0.58169524154110241     
  0.60000000000000009       0.60000000000000009       0.92176841743592997     
  0.70000000000000007       0.60000000000000009       0.90254983583331505     
  0.80000000000000004       0.60000000000000009       0.54786142108465163     
  0.90000000000000002       0.60000000000000009       -2.3198450453257184E-002
   1.0000000000000000       0.60000000000000009      -0.56754830594993144     
  -1.0000000000000000       0.70000000000000007      -0.56243427400156087     
 -0.90000000000000002       0.70000000000000007      -0.86682090266106882     
 -0.80000000000000004       0.70000000000000007      -0.84775772226365920     
 -0.69999999999999996       0.70000000000000007      -0.51247299022515946     
 -0.59999999999999998       0.70000000000000007        2.4561514083226890E-002
 -0.49999999999999994       0.70000000000000007       0.54963648399723708     
 -0.39999999999999991       0.70000000000000007       0.86842541709364607     
 -0.29999999999999993       0.70000000000000007       0.85205173234752973     
 -0.19999999999999993       0.70000000000000007       0.51495861177344593     
  -9.9999999999999978E-002  0.70000000000000007       -2.4861464570937599E-002
   2.7755575615628914E-017  0.70000000000000007      -0.56651286583085925     
  0.10000000000000009       0.70000000000000007      -0.89795936502602602     
  0.20000000000000009       0.70000000000000007      -0.87940456695118041     
  0.30000000000000016       0.70000000000000007      -0.53128162733875361     
  0.40000000000000013       0.70000000000000007        2.7980069804314216E-002
  0.50000000000000011       0.70000000000000007       0.56974310667631378     
  0.60000000000000009       0.70000000000000007       0.90254983583332005     
  0.70000000000000007       0.70000000000000007       0.88355668348271399     
  0.80000000000000004       0.70000000000000007       0.53615406977463420     
  0.90000000000000002       0.70000000000000007       -2.2998874295513699E-002
   1.0000000000000000       0.70000000000000007      -0.55588900859170254     
  -1.0000000000000000       0.80000000000000004      -0.34158152803450498     
 -0.90000000000000002       0.80000000000000004      -0.52617401266983665     
 -0.80000000000000004       0.80000000000000004      -0.51443023167281476     
 -0.69999999999999996       0.80000000000000004      -0.31080031479422859     
 -0.59999999999999998       0.80000000000000004        1.5186550761148119E-002
 -0.49999999999999994       0.80000000000000004       0.33381072189101002     
 -0.39999999999999991       0.80000000000000004       0.52714727727487565     
 -0.29999999999999993       0.80000000000000004       0.51703663396917510     
 -0.19999999999999993       0.80000000000000004       0.31230743774007313     
  -9.9999999999999978E-002  0.80000000000000004       -1.5375548656156470E-002
   2.7755575615628914E-017  0.80000000000000004      -0.34406258084666919     
  0.10000000000000009       0.80000000000000004      -0.54507578682839353     
  0.20000000000000009       0.80000000000000004      -0.53363502951476360     
  0.30000000000000016       0.80000000000000004      -0.32220713633801135     
  0.40000000000000013       0.80000000000000004        1.7272964677709675E-002
  0.50000000000000011       0.80000000000000004       0.34602168423694674     
  0.60000000000000009       0.80000000000000004       0.54786142108464342     
  0.70000000000000007       0.80000000000000004       0.53615406977463564     
  0.80000000000000004       0.80000000000000004       0.32516424130539023     
  0.90000000000000002       0.80000000000000004       -1.4249547828899247E-002
   1.0000000000000000       0.80000000000000004      -0.33760987951198412     
  -1.0000000000000000       0.90000000000000002        1.4172330415435853E-002
 -0.90000000000000002       0.90000000000000002        2.2279137424187277E-002
 -0.80000000000000004       0.90000000000000002        2.2067917964572067E-002
 -0.69999999999999996       0.90000000000000002        1.3623301076757625E-002
 -0.59999999999999998       0.90000000000000002       -1.8218712590723838E-004
 -0.49999999999999994       0.90000000000000002       -1.3847197478047253E-002
 -0.39999999999999991       0.90000000000000002       -2.2321512112866804E-002
 -0.29999999999999993       0.90000000000000002       -2.2178493337856646E-002
 -0.19999999999999993       0.90000000000000002       -1.3689921444953783E-002
  -9.9999999999999978E-002  0.90000000000000002        1.7868489341833101E-004
   2.7755575615628914E-017  0.90000000000000002        1.4268603587020151E-002
  0.10000000000000009       0.90000000000000002        2.3079082298150092E-002
  0.20000000000000009       0.90000000000000002        2.2889953301768542E-002
  0.30000000000000016       0.90000000000000002        1.4123433528987782E-002
  0.40000000000000013       0.90000000000000002       -2.5175781984096966E-004
  0.50000000000000011       0.90000000000000002       -1.4354387012563455E-002
  0.60000000000000009       0.90000000000000002       -2.3198450453262333E-002
  0.70000000000000007       0.90000000000000002       -2.2998874295512898E-002
  0.80000000000000004       0.90000000000000002       -1.4249547828902125E-002
  0.90000000000000002       0.90000000000000002        1.2332936567352061E-004
   1.0000000000000000       0.90000000000000002        1.4001785461917545E-002
  -1.0000000000000000        1.0000000000000000       0.35339459758946740     
 -0.90000000000000002        1.0000000000000000       0.54508001544394225     
 -0.80000000000000004        1.0000000000000000       0.53336699219431249     
 -0.69999999999999996        1.0000000000000000       0.32270126826027146     
 -0.59999999999999998        1.0000000000000000       -1.5002818833794999E-002
 -0.49999999999999994        1.0000000000000000      -0.34535074559020484     
 -0.39999999999999991        1.0000000000000000      -0.54609009436865186     
 -0.29999999999999993        1.0000000000000000      -0.53606738676284149     
 -0.19999999999999993        1.0000000000000000      -0.32426698524357539     
  -9.9999999999999978E-002   1.0000000000000000        1.5180398410811929E-002
   2.7755575615628914E-017   1.0000000000000000       0.35595090221876868     
  0.10000000000000009        1.0000000000000000       0.56466033413314232     
  0.20000000000000009        1.0000000000000000       0.55327587886402496     
  0.30000000000000016        1.0000000000000000       0.33454508978134478     
  0.40000000000000013        1.0000000000000000       -1.7134488461866468E-002
  0.50000000000000011        1.0000000000000000      -0.35798487996852896     
  0.60000000000000009        1.0000000000000000      -0.56754830594994499     
  0.70000000000000007        1.0000000000000000      -0.55588900859170065     
  0.80000000000000004        1.0000000000000000      -0.33760987951198973     
  0.90000000000000002        1.0000000000000000        1.4001785461915498E-002
   1.0000000000000000        1.0000000000000000       0.34927647909045045     
