  -1.0000000000000000       -1.0000000000000000       0.37328736452731076     
 -0.90000000000000002       -1.0000000000000000        2.9524360426148651E-002
 -0.80000000000000004       -1.0000000000000000      -0.32078419456246948     
 -0.69999999999999996       -1.0000000000000000      -0.54970379480971698     
 -0.59999999999999998       -1.0000000000000000      -0.56453672134358579     
 -0.49999999999999994       -1.0000000000000000      -0.36908785393694155     
 -0.39999999999999991       -1.0000000000000000       -2.5718695034434393E-002
 -0.29999999999999993       -1.0000000000000000       0.33346634623870791     
 -0.19999999999999993       -1.0000000000000000       0.57313904361385071     
  -9.9999999999999978E-002  -1.0000000000000000       0.58856764089428415     
   2.7755575615628914E-017  -1.0000000000000000       0.38593899492937034     
  0.10000000000000009       -1.0000000000000000        3.0366199472186245E-002
  0.20000000000000009       -1.0000000000000000      -0.33020329505463591     
  0.30000000000000016       -1.0000000000000000      -0.56987026527129725     
  0.40000000000000013       -1.0000000000000000      -0.58582812885599533     
  0.50000000000000011       -1.0000000000000000      -0.38259831794162108     
  0.60000000000000009       -1.0000000000000000       -2.7931657725355167E-002
  0.70000000000000007       -1.0000000000000000       0.33335456810279340     
  0.80000000000000004       -1.0000000000000000       0.57193124642842119     
  0.90000000000000002       -1.0000000000000000       0.58817789215471916     
   1.0000000000000000       -1.0000000000000000       0.37866349276832589     
  -1.0000000000000000      -0.90000000000000002        2.9524360426148068E-002
 -0.90000000000000002      -0.90000000000000002        2.0755363291196805E-003
 -0.80000000000000004      -0.90000000000000002       -2.5792321370932098E-002
 -0.69999999999999996      -0.90000000000000002       -4.3902633030691217E-002
 -0.59999999999999998      -0.90000000000000002       -4.4912937333696459E-002
 -0.49999999999999994      -0.90000000000000002       -2.9194841463444584E-002
 -0.39999999999999991      -0.90000000000000002       -1.7681303876634846E-003
 -0.29999999999999993      -0.90000000000000002        2.6813592693666906E-002
 -0.19999999999999993      -0.90000000000000002        4.5774105859287262E-002
  -9.9999999999999978E-002 -0.90000000000000002        4.6825534317807546E-002
   2.7755575615628914E-017 -0.90000000000000002        3.0531144552549561E-002
  0.10000000000000009      -0.90000000000000002        2.1326712992808337E-003
  0.20000000000000009      -0.90000000000000002       -2.6551674026681554E-002
  0.30000000000000016      -0.90000000000000002       -4.5513101207706151E-002
  0.40000000000000013      -0.90000000000000002       -4.6605379367143061E-002
  0.50000000000000011      -0.90000000000000002       -3.0264026412739866E-002
  0.60000000000000009      -0.90000000000000002       -1.9373628500691572E-003
  0.70000000000000007      -0.90000000000000002        2.6804448123480529E-002
  0.80000000000000004      -0.90000000000000002        4.5679079491034787E-002
  0.90000000000000002      -0.90000000000000002        4.6795009655220765E-002
   1.0000000000000000      -0.90000000000000002        2.9956451855033712E-002
  -1.0000000000000000      -0.80000000000000004      -0.32078419456246654     
 -0.90000000000000002      -0.80000000000000004       -2.5792321370929926E-002
 -0.80000000000000004      -0.80000000000000004       0.27498431025632047     
 -0.69999999999999996      -0.80000000000000004       0.47169904152991199     
 -0.59999999999999998      -0.80000000000000004       0.48470955250249048     
 -0.49999999999999994      -0.80000000000000004       0.31717108437536845     
 -0.39999999999999991      -0.80000000000000004        2.2532301656234953E-002
 -0.29999999999999993      -0.80000000000000004      -0.28585321774976064     
 -0.19999999999999993      -0.80000000000000004      -0.49180908664877582     
  -9.9999999999999978E-002 -0.80000000000000004      -0.50534118889464064     
   2.7755575615628914E-017 -0.80000000000000004      -0.33164643155153084     
  0.10000000000000009      -0.80000000000000004       -2.6531061111226710E-002
  0.20000000000000009      -0.80000000000000004       0.28305532932963301     
  0.30000000000000016      -0.80000000000000004       0.48900406212238284     
  0.40000000000000013      -0.80000000000000004       0.50299262747933637     
  0.50000000000000011      -0.80000000000000004       0.32878031241762501     
  0.60000000000000009      -0.80000000000000004        2.4443400355687758E-002
  0.70000000000000007      -0.80000000000000004      -0.28575765331761849     
  0.80000000000000004      -0.80000000000000004      -0.49077035431617549     
  0.90000000000000002      -0.80000000000000004      -0.50500576993515245     
   1.0000000000000000      -0.80000000000000004      -0.32539302379604618     
  -1.0000000000000000      -0.69999999999999996      -0.54970379480971143     
 -0.90000000000000002      -0.69999999999999996       -4.3902633030692050E-002
 -0.80000000000000004      -0.69999999999999996       0.47169904152990338     
 -0.69999999999999996      -0.69999999999999996       0.80879933206554999     
 -0.59999999999999998      -0.69999999999999996       0.83090894563880546     
 -0.49999999999999994      -0.69999999999999996       0.54351527741791517     
 -0.39999999999999991      -0.69999999999999996        3.8308886251061283E-002
 -0.29999999999999993      -0.69999999999999996      -0.49034500759506677     
 -0.19999999999999993      -0.69999999999999996      -0.84328080989917342     
  -9.9999999999999978E-002 -0.69999999999999996      -0.86627741332961739     
   2.7755575615628914E-017 -0.69999999999999996      -0.56832457812150938     
  0.10000000000000009      -0.69999999999999996       -4.5157793539186621E-002
  0.20000000000000009      -0.69999999999999996       0.48554610835712508     
  0.30000000000000016      -0.69999999999999996       0.83847123912129218     
  0.40000000000000013      -0.69999999999999996       0.86224889699302232     
  0.50000000000000011      -0.69999999999999996       0.56340982793473326     
  0.60000000000000009      -0.69999999999999996        4.1577189503658608E-002
  0.70000000000000007      -0.69999999999999996      -0.49018090005300036     
  0.80000000000000004      -0.69999999999999996      -0.84150138379806960     
  0.90000000000000002      -0.69999999999999996      -0.86570297466150947     
   1.0000000000000000      -0.69999999999999996      -0.55760943408900088     
  -1.0000000000000000      -0.59999999999999998      -0.56453672134357724     
 -0.90000000000000002      -0.59999999999999998       -4.4912937333694086E-002
 -0.80000000000000004      -0.59999999999999998       0.48470955250250242     
 -0.69999999999999996      -0.59999999999999998       0.83090894563881101     
 -0.59999999999999998      -0.59999999999999998       0.85350578328956550     
 -0.49999999999999994      -0.59999999999999998       0.55818298374547415     
 -0.39999999999999991      -0.59999999999999998        3.9163950757347660E-002
 -0.29999999999999993      -0.59999999999999998      -0.50387087573140088     
 -0.19999999999999993      -0.59999999999999998      -0.86633288221654803     
  -9.9999999999999978E-002 -0.59999999999999998      -0.88983662207986725     
   2.7755575615628914E-017 -0.59999999999999998      -0.58366407512185048     
  0.10000000000000009      -0.59999999999999998       -4.6195621772086387E-002
  0.20000000000000009      -0.59999999999999998       0.49893991045805047     
  0.30000000000000016      -0.59999999999999998       0.86139187539040762     
  0.40000000000000013      -0.59999999999999998       0.88569706605878618     
  0.50000000000000011      -0.59999999999999998       0.57861476416732271     
  0.60000000000000009      -0.59999999999999998        4.2516551484714955E-002
  0.70000000000000007      -0.59999999999999998      -0.50370213604555703     
  0.80000000000000004      -0.59999999999999998      -0.86450577791533800     
  0.90000000000000002      -0.59999999999999998      -0.88924688562734888     
   1.0000000000000000      -0.59999999999999998      -0.57266030104755883     
  -1.0000000000000000      -0.49999999999999994      -0.36908785393694249     
 -0.90000000000000002      -0.49999999999999994       -2.9194841463445802E-002
 -0.80000000000000004      -0.49999999999999994       0.31717108437536606     
 -0.69999999999999996      -0.49999999999999994       0.54351527741791605     
 -0.59999999999999998      -0.49999999999999994       0.55818298374547104     
 -0.49999999999999994      -0.49999999999999994       0.36493556147121758     
 -0.39999999999999991      -0.49999999999999994        2.5432054972453579E-002
 -0.29999999999999993      -0.49999999999999994      -0.32971037633175670     
 -0.19999999999999993      -0.49999999999999994      -0.56668669631646007     
  -9.9999999999999978E-002 -0.49999999999999994      -0.58194343277572846     
   2.7755575615628914E-017 -0.49999999999999994      -0.38159709039176809     
  0.10000000000000009      -0.49999999999999994       -3.0027305548217764E-002
  0.20000000000000009      -0.49999999999999994       0.32648407361898468     
  0.30000000000000016      -0.49999999999999994       0.56345471699711114     
  0.40000000000000013      -0.49999999999999994       0.57923477572988646     
  0.50000000000000011      -0.49999999999999994       0.37829402562888897     
  0.60000000000000009      -0.49999999999999994        2.7620180510707856E-002
  0.70000000000000007      -0.49999999999999994      -0.32959985879642134     
  0.80000000000000004      -0.49999999999999994      -0.56549248186163603     
  0.90000000000000002      -0.49999999999999994      -0.58155806568176016     
   1.0000000000000000      -0.49999999999999994      -0.37440343061122155     
  -1.0000000000000000      -0.39999999999999991       -2.5718695034421483E-002
 -0.90000000000000002      -0.39999999999999991       -1.7681303876621065E-003
 -0.80000000000000004      -0.39999999999999991        2.2532301656237753E-002
 -0.69999999999999996      -0.39999999999999991        3.8308886251058868E-002
 -0.59999999999999998      -0.39999999999999991        3.9163950757359185E-002
 -0.49999999999999994      -0.39999999999999991        2.5432054972451556E-002
 -0.39999999999999991      -0.39999999999999991        1.4993657015379669E-003
 -0.29999999999999993      -0.39999999999999991       -2.3424727588699783E-002
 -0.19999999999999993      -0.39999999999999991       -3.9941878649536008E-002
  -9.9999999999999978E-002 -0.39999999999999991       -4.0831846661597213E-002
   2.7755575615628914E-017 -0.39999999999999991       -2.6596647086841018E-002
  0.10000000000000009      -0.39999999999999991       -1.8164497503654264E-003
  0.20000000000000009      -0.39999999999999991        2.3195980913428976E-002
  0.30000000000000016      -0.39999999999999991        3.9714138275124169E-002
  0.40000000000000013      -0.39999999999999991        4.0639535169914490E-002
  0.50000000000000011      -0.39999999999999991        2.6363515619076336E-002
  0.60000000000000009      -0.39999999999999991        1.6458933889371529E-003
  0.70000000000000007      -0.39999999999999991       -2.3416715023202611E-002
  0.80000000000000004      -0.39999999999999991       -3.9859178066938998E-002
  0.90000000000000002      -0.39999999999999991       -4.0805302914013797E-002
   1.0000000000000000      -0.39999999999999991       -2.6096146419439848E-002
  -1.0000000000000000      -0.29999999999999993       0.33346634623870769     
 -0.90000000000000002      -0.29999999999999993        2.6813592693667607E-002
 -0.80000000000000004      -0.29999999999999993      -0.28585321774975975     
 -0.69999999999999996      -0.29999999999999993      -0.49034500759506655     
 -0.59999999999999998      -0.29999999999999993      -0.50387087573139655     
 -0.49999999999999994      -0.29999999999999993      -0.32971037633175504     
 -0.39999999999999991      -0.29999999999999993       -2.3424727588696070E-002
 -0.29999999999999993      -0.29999999999999993       0.29715171526773732     
 -0.19999999999999993      -0.29999999999999993       0.51124999140281346     
  -9.9999999999999978E-002 -0.29999999999999993       0.52531810818970726     
   2.7755575615628914E-017 -0.29999999999999993       0.34475798282294656     
  0.10000000000000009      -0.29999999999999993        2.7581595752638775E-002
  0.20000000000000009      -0.29999999999999993      -0.29424323601758362     
  0.30000000000000016      -0.29999999999999993      -0.50833408565296556     
  0.40000000000000013      -0.29999999999999993      -0.52287671788823575     
  0.50000000000000011      -0.29999999999999993      -0.34177856967724146     
  0.60000000000000009      -0.29999999999999993       -2.5411416354709226E-002
  0.70000000000000007      -0.29999999999999993       0.29705237454108080     
  0.80000000000000004      -0.29999999999999993       0.51017018989378227     
  0.90000000000000002      -0.29999999999999993       0.52496942666129209     
   1.0000000000000000      -0.29999999999999993       0.33825734302820981     
  -1.0000000000000000      -0.19999999999999993       0.57313904361384305     
 -0.90000000000000002      -0.19999999999999993        4.5774105859283695E-002
 -0.80000000000000004      -0.19999999999999993      -0.49180908664878775     
 -0.69999999999999996      -0.19999999999999993      -0.84328080989917709     
 -0.59999999999999998      -0.19999999999999993      -0.86633288221654658     
 -0.49999999999999994      -0.19999999999999993      -0.56668669631646007     
 -0.39999999999999991      -0.19999999999999993       -3.9941878649524878E-002
 -0.29999999999999993      -0.19999999999999993       0.51124999140281691     
 -0.19999999999999993      -0.19999999999999993       0.87923233369603271     
  -9.9999999999999978E-002 -0.19999999999999993       0.90320920570337793     
   2.7755575615628914E-017 -0.19999999999999993       0.59255368241589912     
  0.10000000000000009      -0.19999999999999993        4.7082769500232616E-002
  0.20000000000000009      -0.19999999999999993      -0.50624649999204208     
  0.30000000000000016      -0.19999999999999993      -0.87421771690730810     
  0.40000000000000013      -0.19999999999999993      -0.89900894085916483     
  0.50000000000000011      -0.19999999999999993      -0.58742940180325931     
  0.60000000000000009      -0.19999999999999993       -4.3349513139281537E-002
  0.70000000000000007      -0.19999999999999993       0.51107888728995232     
  0.80000000000000004      -0.19999999999999993       0.87737704658950078     
  0.90000000000000002      -0.19999999999999993       0.90261027751377321     
   1.0000000000000000      -0.19999999999999993       0.58138172553564615     
  -1.0000000000000000       -9.9999999999999978E-002  0.58856764089427882     
 -0.90000000000000002       -9.9999999999999978E-002   4.6825534317808497E-002
 -0.80000000000000004       -9.9999999999999978E-002 -0.50534118889463797     
 -0.69999999999999996       -9.9999999999999978E-002 -0.86627741332961594     
 -0.59999999999999998       -9.9999999999999978E-002 -0.88983662207986403     
 -0.49999999999999994       -9.9999999999999978E-002 -0.58194343277572780     
 -0.39999999999999991       -9.9999999999999978E-002  -4.0831846661599704E-002
 -0.29999999999999993       -9.9999999999999978E-002  0.52531810818971025     
 -0.19999999999999993       -9.9999999999999978E-002  0.90320920570337848     
  -9.9999999999999978E-002  -9.9999999999999978E-002  0.92771393888093667     
   2.7755575615628914E-017  -9.9999999999999978E-002  0.60850918033188472     
  0.10000000000000009       -9.9999999999999978E-002   4.8162847287293649E-002
  0.20000000000000009       -9.9999999999999978E-002 -0.52017725530878212     
  0.30000000000000016       -9.9999999999999978E-002 -0.89805787981474217     
  0.40000000000000013       -9.9999999999999978E-002 -0.92339818254048223     
  0.50000000000000011       -9.9999999999999978E-002 -0.60324494132771500     
  0.60000000000000009       -9.9999999999999978E-002  -4.4327176260476955E-002
  0.70000000000000007       -9.9999999999999978E-002  0.52514218656314915     
  0.80000000000000004       -9.9999999999999978E-002  0.90130432464271104     
  0.90000000000000002       -9.9999999999999978E-002  0.92709909792822254     
   1.0000000000000000       -9.9999999999999978E-002  0.59703700083140288     
  -1.0000000000000000        2.7755575615628914E-017  0.38593899492935974     
 -0.90000000000000002        2.7755575615628914E-017   3.0531144552546966E-002
 -0.80000000000000004        2.7755575615628914E-017 -0.33164643155153917     
 -0.69999999999999996        2.7755575615628914E-017 -0.56832457812150972     
 -0.59999999999999998        2.7755575615628914E-017 -0.58366407512185237     
 -0.49999999999999994        2.7755575615628914E-017 -0.38159709039177103     
 -0.39999999999999991        2.7755575615628914E-017  -2.6596647086833201E-002
 -0.29999999999999993        2.7755575615628914E-017  0.34475798282295272     
 -0.19999999999999993        2.7755575615628914E-017  0.59255368241590489     
  -9.9999999999999978E-002   2.7755575615628914E-017  0.60850918033188239     
   2.7755575615628914E-017   2.7755575615628914E-017  0.39901927557037431     
  0.10000000000000009        2.7755575615628914E-017   3.1401738716009174E-002
  0.20000000000000009        2.7755575615628914E-017 -0.34138442929146190     
  0.30000000000000016        2.7755575615628914E-017 -0.58917417536663519     
  0.40000000000000013        2.7755575615628914E-017 -0.60567690161397225     
  0.50000000000000011        2.7755575615628914E-017 -0.39556544311904840     
  0.60000000000000009        2.7755575615628914E-017  -2.8884749337556137E-002
  0.70000000000000007        2.7755575615628914E-017  0.34464242340900453     
  0.80000000000000004        2.7755575615628914E-017  0.59130493814055873     
  0.90000000000000002        2.7755575615628914E-017  0.60810621491916161     
   1.0000000000000000        2.7755575615628914E-017  0.39149717100122922     
  -1.0000000000000000       0.10000000000000009        3.0366199472187445E-002
 -0.90000000000000002       0.10000000000000009        2.1326712992814139E-003
 -0.80000000000000004       0.10000000000000009       -2.6531061111227633E-002
 -0.69999999999999996       0.10000000000000009       -4.5157793539187037E-002
 -0.59999999999999998       0.10000000000000009       -4.6195621772086311E-002
 -0.49999999999999994       0.10000000000000009       -3.0027305548217847E-002
 -0.39999999999999991       0.10000000000000009       -1.8164497503659548E-003
 -0.29999999999999993       0.10000000000000009        2.7581595752639621E-002
 -0.19999999999999993       0.10000000000000009        4.7082769500236224E-002
  -9.9999999999999978E-002  0.10000000000000009        4.8162847287294523E-002
   2.7755575615628914E-017  0.10000000000000009        3.1401738716009972E-002
  0.10000000000000009       0.10000000000000009        2.1913609400224712E-003
  0.20000000000000009       0.10000000000000009       -2.7312178673064288E-002
  0.30000000000000016       0.10000000000000009       -4.6814303280509895E-002
  0.40000000000000013       0.10000000000000009       -4.7936387562340033E-002
  0.50000000000000011       0.10000000000000009       -3.1126981323117198E-002
  0.60000000000000009       0.10000000000000009       -1.9904618834084408E-003
  0.70000000000000007       0.10000000000000009        2.7572188041131249E-002
  0.80000000000000004       0.10000000000000009        4.6985037556739016E-002
  0.90000000000000002       0.10000000000000009        4.8131454639330426E-002
   1.0000000000000000       0.10000000000000009        3.0810665469433195E-002
  -1.0000000000000000       0.20000000000000009      -0.33020329505463802     
 -0.90000000000000002       0.20000000000000009       -2.6551674026679642E-002
 -0.80000000000000004       0.20000000000000009       0.28305532932963151     
 -0.69999999999999996       0.20000000000000009       0.48554610835712891     
 -0.59999999999999998       0.20000000000000009       0.49893991045803704     
 -0.49999999999999994       0.20000000000000009       0.32648407361898552     
 -0.39999999999999991       0.20000000000000009        2.3195980913430590E-002
 -0.29999999999999993       0.20000000000000009      -0.29424323601758068     
 -0.19999999999999993       0.20000000000000009      -0.50624649999202165     
  -9.9999999999999978E-002  0.20000000000000009      -0.52017725530878312     
   2.7755575615628914E-017  0.20000000000000009      -0.34138442929145391     
  0.10000000000000009       0.20000000000000009       -2.7312178673064427E-002
  0.20000000000000009       0.20000000000000009       0.29136322383733437     
  0.30000000000000016       0.20000000000000009       0.50335913148899147     
  0.40000000000000013       0.20000000000000009       0.51775976078822328     
  0.50000000000000011       0.20000000000000009       0.33843417561909295     
  0.60000000000000009       0.20000000000000009        2.5163239949768292E-002
  0.70000000000000007       0.20000000000000009      -0.29414486793724187     
  0.80000000000000004       0.20000000000000009      -0.50517726376086469     
  0.90000000000000002       0.20000000000000009      -0.51983198518975893     
   1.0000000000000000       0.20000000000000009      -0.33494739862755557     
  -1.0000000000000000       0.30000000000000016      -0.56987026527129647     
 -0.90000000000000002       0.30000000000000016       -4.5513101207706477E-002
 -0.80000000000000004       0.30000000000000016       0.48900406212238184     
 -0.69999999999999996       0.30000000000000016       0.83847123912128929     
 -0.59999999999999998       0.30000000000000016       0.86139187539040807     
 -0.49999999999999994       0.30000000000000016       0.56345471699710914     
 -0.39999999999999991       0.30000000000000016        3.9714138275124627E-002
 -0.29999999999999993       0.30000000000000016      -0.50833408565296601     
 -0.19999999999999993       0.30000000000000016      -0.87421771690730898     
  -9.9999999999999978E-002  0.30000000000000016      -0.89805787981473972     
   2.7755575615628914E-017  0.30000000000000016      -0.58917417536663541     
  0.10000000000000009       0.30000000000000016       -4.6814303280508729E-002
  0.20000000000000009       0.30000000000000016       0.50335913148899325     
  0.30000000000000016       0.30000000000000016       0.86923170049297305     
  0.40000000000000013       0.30000000000000016       0.89388157108622990     
  0.50000000000000011       0.30000000000000016       0.58407912067675583     
  0.60000000000000009       0.30000000000000016        4.3102339396450896E-002
  0.70000000000000007       0.30000000000000016      -0.50816395747249021     
  0.80000000000000004       0.30000000000000016      -0.87237301093713482     
  0.90000000000000002       0.30000000000000016      -0.89746236742020125     
   1.0000000000000000       0.30000000000000016      -0.57806593524738092     
  -1.0000000000000000       0.40000000000000013      -0.58582812885598212     
 -0.90000000000000002       0.40000000000000013       -4.6605379367140681E-002
 -0.80000000000000004       0.40000000000000013       0.50299262747935314     
 -0.69999999999999996       0.40000000000000013       0.86224889699302565     
 -0.59999999999999998       0.40000000000000013       0.88569706605879628     
 -0.49999999999999994       0.40000000000000013       0.57923477572989079     
 -0.39999999999999991       0.40000000000000013        4.0639535169913928E-002
 -0.29999999999999993       0.40000000000000013      -0.52287671788824031     
 -0.19999999999999993       0.40000000000000013      -0.89900894085917160     
  -9.9999999999999978E-002  0.40000000000000013      -0.92339818254048300     
   2.7755575615628914E-017  0.40000000000000013      -0.60567690161397891     
  0.10000000000000009       0.40000000000000013       -4.7936387562340595E-002
  0.20000000000000009       0.40000000000000013       0.51775976078823716     
  0.30000000000000016       0.40000000000000013       0.89388157108622934     
  0.40000000000000013       0.40000000000000013       0.91910248453795873     
  0.50000000000000011       0.40000000000000013       0.60043714066844212     
  0.60000000000000009       0.40000000000000013        4.4118546462785270E-002
  0.70000000000000007       0.40000000000000013      -0.52270161252495873     
  0.80000000000000004       0.40000000000000013      -0.89711293041086404     
  0.90000000000000002       0.40000000000000013      -0.92278620595184713     
   1.0000000000000000       0.40000000000000013      -0.59425812619833995     
  -1.0000000000000000       0.50000000000000011      -0.38259831794162319     
 -0.90000000000000002       0.50000000000000011       -3.0264026412741261E-002
 -0.80000000000000004       0.50000000000000011       0.32878031241762457     
 -0.69999999999999996       0.50000000000000011       0.56340982793473171     
 -0.59999999999999998       0.50000000000000011       0.57861476416732316     
 -0.49999999999999994       0.50000000000000011       0.37829402562888786     
 -0.39999999999999991       0.50000000000000011        2.6363515619077845E-002
 -0.29999999999999993       0.50000000000000011      -0.34177856967724168     
 -0.19999999999999993       0.50000000000000011      -0.58742940180326442     
  -9.9999999999999978E-002  0.50000000000000011      -0.60324494132771533     
   2.7755575615628914E-017  0.50000000000000011      -0.39556544311904918     
  0.10000000000000009       0.50000000000000011       -3.1126981323116618E-002
  0.20000000000000009       0.50000000000000011       0.33843417561909506     
  0.30000000000000016       0.50000000000000011       0.58407912067675893     
  0.40000000000000013       0.50000000000000011       0.60043714066844522     
  0.50000000000000011       0.50000000000000011       0.39214147529898441     
  0.60000000000000009       0.50000000000000011        2.8631748833417781E-002
  0.70000000000000007       0.50000000000000011      -0.34166400723913837     
  0.80000000000000004       0.50000000000000011      -0.58619147213633849     
  0.90000000000000002       0.50000000000000011      -0.60284546727798660     
   1.0000000000000000       0.50000000000000011      -0.38810845789751108     
  -1.0000000000000000       0.60000000000000009       -2.7931657725354116E-002
 -0.90000000000000002       0.60000000000000009       -1.9373628500695915E-003
 -0.80000000000000004       0.60000000000000009        2.4443400355709972E-002
 -0.69999999999999996       0.60000000000000009        4.1577189503657457E-002
 -0.59999999999999998       0.60000000000000009        4.2516551484739686E-002
 -0.49999999999999994       0.60000000000000009        2.7620180510709445E-002
 -0.39999999999999991       0.60000000000000009        1.6458933889234612E-003
 -0.29999999999999993       0.60000000000000009       -2.5411416354713421E-002
 -0.19999999999999993       0.60000000000000009       -4.3349513139315822E-002
  -9.9999999999999978E-002  0.60000000000000009       -4.4327176260474013E-002
   2.7755575615628914E-017  0.60000000000000009       -2.8884749337561307E-002
  0.10000000000000009       0.60000000000000009       -1.9904618834084408E-003
  0.20000000000000009       0.60000000000000009        2.5163239949794719E-002
  0.30000000000000016       0.60000000000000009        4.3102339396451632E-002
  0.40000000000000013       0.60000000000000009        4.4118546462806191E-002
  0.50000000000000011       0.60000000000000009        2.8631748833418798E-002
  0.60000000000000009       0.60000000000000009        1.8054114898495891E-003
  0.70000000000000007       0.60000000000000009       -2.5402734450063833E-002
  0.80000000000000004       0.60000000000000009       -4.3259663671002389E-002
  0.90000000000000002       0.60000000000000009       -4.4298328717618816E-002
   1.0000000000000000       0.60000000000000009       -2.8341134140694370E-002
  -1.0000000000000000       0.70000000000000007       0.33335456810279224     
 -0.90000000000000002       0.70000000000000007        2.6804448123480110E-002
 -0.80000000000000004       0.70000000000000007      -0.28575765331761843     
 -0.69999999999999996       0.70000000000000007      -0.49018090005299914     
 -0.59999999999999998       0.70000000000000007      -0.50370213604555836     
 -0.49999999999999994       0.70000000000000007      -0.32959985879641968     
 -0.39999999999999991       0.70000000000000007       -2.3416715023202722E-002
 -0.29999999999999993       0.70000000000000007       0.29705237454107958     
 -0.19999999999999993       0.70000000000000007       0.51107888728995199     
  -9.9999999999999978E-002  0.70000000000000007       0.52514218656314715     
   2.7755575615628914E-017  0.70000000000000007       0.34464242340900703     
  0.10000000000000009       0.70000000000000007        2.7572188041130426E-002
  0.20000000000000009       0.70000000000000007      -0.29414486793724209     
  0.30000000000000016       0.70000000000000007      -0.50816395747248899     
  0.40000000000000013       0.70000000000000007      -0.52270161252495984     
  0.50000000000000011       0.70000000000000007      -0.34166400723913654     
  0.60000000000000009       0.70000000000000007       -2.5402734450062726E-002
  0.70000000000000007       0.70000000000000007       0.29695306694331208     
  0.80000000000000004       0.70000000000000007       0.50999944804779607     
  0.90000000000000002       0.70000000000000007       0.52479362209768854     
   1.0000000000000000       0.70000000000000007       0.33814396311122730     
  -1.0000000000000000       0.80000000000000004       0.57193124642842808     
 -0.90000000000000002       0.80000000000000004        4.5679079491032615E-002
 -0.80000000000000004       0.80000000000000004      -0.49077035431619598     
 -0.69999999999999996       0.80000000000000004      -0.84150138379807837     
 -0.59999999999999998       0.80000000000000004      -0.86450577791535355     
 -0.49999999999999994       0.80000000000000004      -0.56549248186163925     
 -0.39999999999999991       0.80000000000000004       -3.9859178066936729E-002
 -0.29999999999999993       0.80000000000000004       0.51017018989378482     
 -0.19999999999999993       0.80000000000000004       0.87737704658951376     
  -9.9999999999999978E-002  0.80000000000000004       0.90130432464271604     
   2.7755575615628914E-017  0.80000000000000004       0.59130493814056728     
  0.10000000000000009       0.80000000000000004        4.6985037556737996E-002
  0.20000000000000009       0.80000000000000004      -0.50517726376088523     
  0.30000000000000016       0.80000000000000004      -0.87237301093713726     
  0.40000000000000013       0.80000000000000004      -0.89711293041086493     
  0.50000000000000011       0.80000000000000004      -0.58619147213633904     
  0.60000000000000009       0.80000000000000004       -4.3259663670977305E-002
  0.70000000000000007       0.80000000000000004       0.50999944804779673     
  0.80000000000000004       0.80000000000000004       0.87552566643986274     
  0.90000000000000002       0.80000000000000004       0.90070665693213459     
   1.0000000000000000       0.80000000000000004       0.58015652023775965     
  -1.0000000000000000       0.90000000000000002       0.58817789215471838     
 -0.90000000000000002       0.90000000000000002        4.6795009655223117E-002
 -0.80000000000000004       0.90000000000000002      -0.50500576993514734     
 -0.69999999999999996       0.90000000000000002      -0.86570297466150559     
 -0.59999999999999998       0.90000000000000002      -0.88924688562734855     
 -0.49999999999999994       0.90000000000000002      -0.58155806568175816     
 -0.39999999999999991       0.90000000000000002       -4.0805302914018494E-002
 -0.29999999999999993       0.90000000000000002       0.52496942666129132     
 -0.19999999999999993       0.90000000000000002       0.90261027751377132     
  -9.9999999999999978E-002  0.90000000000000002       0.92709909792821910     
   2.7755575615628914E-017  0.90000000000000002       0.60810621491916317     
  0.10000000000000009       0.90000000000000002        4.8131454639329781E-002
  0.20000000000000009       0.90000000000000002      -0.51983198518975593     
  0.30000000000000016       0.90000000000000002      -0.89746236742019980     
  0.40000000000000013       0.90000000000000002      -0.92278620595184702     
  0.50000000000000011       0.90000000000000002      -0.60284546727798516     
  0.60000000000000009       0.90000000000000002       -4.4298328717621037E-002
  0.70000000000000007       0.90000000000000002       0.52479362209768843     
  0.80000000000000004       0.90000000000000002       0.90070665693212859     
  0.90000000000000002       0.90000000000000002       0.92648466356152004     
   1.0000000000000000       0.90000000000000002       0.59664163089577271     
  -1.0000000000000000        1.0000000000000000       0.37866349276830491     
 -0.90000000000000002        1.0000000000000000        2.9956451855032415E-002
 -0.80000000000000004        1.0000000000000000      -0.32539302379604951     
 -0.69999999999999996        1.0000000000000000      -0.55760943408899732     
 -0.59999999999999998        1.0000000000000000      -0.57266030104755905     
 -0.49999999999999994        1.0000000000000000      -0.37440343061122294     
 -0.39999999999999991        1.0000000000000000       -2.6096146419436767E-002
 -0.29999999999999993        1.0000000000000000       0.33825734302821320     
 -0.19999999999999993        1.0000000000000000       0.58138172553564826     
  -9.9999999999999978E-002   1.0000000000000000       0.59703700083139977     
   2.7755575615628914E-017   1.0000000000000000       0.39149717100122550     
  0.10000000000000009        1.0000000000000000        3.0810665469432490E-002
  0.20000000000000009        1.0000000000000000      -0.33494739862756073     
  0.30000000000000016        1.0000000000000000      -0.57806593524737782     
  0.40000000000000013        1.0000000000000000      -0.59425812619832596     
  0.50000000000000011        1.0000000000000000      -0.38810845789750786     
  0.60000000000000009        1.0000000000000000       -2.8341134140686532E-002
  0.70000000000000007        1.0000000000000000       0.33814396311122552     
  0.80000000000000004        1.0000000000000000       0.58015652023774478     
  0.90000000000000002        1.0000000000000000       0.59664163089576927     
   1.0000000000000000        1.0000000000000000       0.38411686643524856     
