  -1.0000000000000000       -1.0000000000000000       0.18539951210644340     
 -0.90000000000000002       -1.0000000000000000       0.36558086017074615     
 -0.80000000000000004       -1.0000000000000000       0.40850395561644304     
 -0.69999999999999996       -1.0000000000000000       0.29873658258220870     
 -0.59999999999999998       -1.0000000000000000        7.1829253041935923E-002
 -0.49999999999999994       -1.0000000000000000      -0.18071325702503610     
 -0.39999999999999991       -1.0000000000000000      -0.36662970296993291     
 -0.29999999999999993       -1.0000000000000000      -0.41046502480969110     
 -0.19999999999999993       -1.0000000000000000      -0.30042327901269666     
  -9.9999999999999978E-002  -1.0000000000000000       -7.2958919870235964E-002
   2.7755575615628914E-017  -1.0000000000000000       0.18556236817951796     
  0.10000000000000009       -1.0000000000000000       0.37870193474066471     
  0.20000000000000009       -1.0000000000000000       0.42360968986036956     
  0.30000000000000016       -1.0000000000000000       0.30969294203220205     
  0.40000000000000013       -1.0000000000000000        7.3665365550475384E-002
  0.50000000000000011       -1.0000000000000000      -0.18741846202106358     
  0.60000000000000009       -1.0000000000000000      -0.38083996995972924     
  0.70000000000000007       -1.0000000000000000      -0.42554713383917964     
  0.80000000000000004       -1.0000000000000000      -0.31185252471988495     
  0.90000000000000002       -1.0000000000000000       -7.5787821974545852E-002
   1.0000000000000000       -1.0000000000000000       0.18224556305864270     
  -1.0000000000000000      -0.90000000000000002       0.36558086017074465     
 -0.90000000000000002      -0.90000000000000002       0.72007196765968751     
 -0.80000000000000004      -0.90000000000000002       0.80421656133350194     
 -0.69999999999999996      -0.90000000000000002       0.58776299620591910     
 -0.59999999999999998      -0.90000000000000002       0.14083433717742042     
 -0.49999999999999994      -0.90000000000000002      -0.35634507465200749     
 -0.39999999999999991      -0.90000000000000002      -0.72213412168754165     
 -0.29999999999999993      -0.90000000000000002      -0.80807727303848698     
 -0.19999999999999993      -0.90000000000000002      -0.59108016504577021     
  -9.9999999999999978E-002 -0.90000000000000002      -0.14305446926182580     
   2.7755575615628914E-017 -0.90000000000000002       0.36591466198632233     
  0.10000000000000009      -0.90000000000000002       0.74591567437533002     
  0.20000000000000009      -0.90000000000000002       0.83395501200772837     
  0.30000000000000016      -0.90000000000000002       0.60931995403900596     
  0.40000000000000013      -0.90000000000000002       0.14442623138448815     
  0.50000000000000011      -0.90000000000000002      -0.36956635588403569     
  0.60000000000000009      -0.90000000000000002      -0.75012541449586490     
  0.70000000000000007      -0.90000000000000002      -0.83777067657996329     
  0.80000000000000004      -0.90000000000000002      -0.61357235790586906     
  0.90000000000000002      -0.90000000000000002      -0.14860619153055793     
   1.0000000000000000      -0.90000000000000002       0.35937245701831988     
  -1.0000000000000000      -0.80000000000000004       0.40850395561642261     
 -0.90000000000000002      -0.80000000000000004       0.80421656133350283     
 -0.80000000000000004      -0.80000000000000004       0.89799424883698420     
 -0.69999999999999996      -0.80000000000000004       0.65612259190260347     
 -0.59999999999999998      -0.80000000000000004       0.15696914883884211     
 -0.49999999999999994      -0.80000000000000004      -0.39818620044298686     
 -0.39999999999999991      -0.80000000000000004      -0.80651783312298864     
 -0.29999999999999993      -0.80000000000000004      -0.90230513832299764     
 -0.19999999999999993      -0.80000000000000004      -0.65982486282669595     
  -9.9999999999999978E-002 -0.80000000000000004      -0.15944625043359784     
   2.7755575615628914E-017 -0.80000000000000004       0.40888327641894023     
  0.10000000000000009      -0.80000000000000004       0.83308004556748183     
  0.20000000000000009      -0.80000000000000004       0.93120041761243766     
  0.30000000000000016      -0.80000000000000004       0.68018690811975069     
  0.40000000000000013      -0.80000000000000004       0.16096846515702820     
  0.50000000000000011      -0.80000000000000004      -0.41295959785907982     
  0.60000000000000009      -0.80000000000000004      -0.83778098165476578     
  0.70000000000000007      -0.80000000000000004      -0.93546173896303320     
  0.80000000000000004      -0.80000000000000004      -0.68493560464193315     
  0.90000000000000002      -0.80000000000000004      -0.16563659364975933     
   1.0000000000000000      -0.80000000000000004       0.40157197426659486     
  -1.0000000000000000      -0.69999999999999996       0.29873658258221097     
 -0.90000000000000002      -0.69999999999999996       0.58776299620591954     
 -0.80000000000000004      -0.69999999999999996       0.65612259190260258     
 -0.69999999999999996      -0.69999999999999996       0.47923956505281951     
 -0.59999999999999998      -0.69999999999999996       0.11443372214584226     
 -0.49999999999999994      -0.69999999999999996      -0.29119341490344813     
 -0.39999999999999991      -0.69999999999999996      -0.58944322943835437     
 -0.29999999999999993      -0.69999999999999996      -0.65927234908489196     
 -0.19999999999999993      -0.69999999999999996      -0.48194312232889025     
  -9.9999999999999978E-002 -0.69999999999999996      -0.11624191812531885     
   2.7755575615628914E-017 -0.69999999999999996       0.29901961412105638     
  0.10000000000000009      -0.69999999999999996       0.60885773414557831     
  0.20000000000000009      -0.69999999999999996       0.68038478598431218     
  0.30000000000000016      -0.69999999999999996       0.49681658440981796     
  0.40000000000000013      -0.69999999999999996       0.11734565590478370     
  0.50000000000000011      -0.69999999999999996      -0.30199693390611049     
  0.60000000000000009      -0.69999999999999996      -0.61229276447297043     
  0.70000000000000007      -0.69999999999999996      -0.68349897844845731     
  0.80000000000000004      -0.69999999999999996      -0.50028661963191390     
  0.90000000000000002      -0.69999999999999996      -0.12075711192190927     
   1.0000000000000000      -0.69999999999999996       0.29367203476018511     
  -1.0000000000000000      -0.59999999999999998        7.1829253041948801E-002
 -0.90000000000000002      -0.59999999999999998       0.14083433717742541     
 -0.80000000000000004      -0.59999999999999998       0.15696914883886812     
 -0.69999999999999996      -0.59999999999999998       0.11443372214584388     
 -0.59999999999999998      -0.59999999999999998        2.7024067246123173E-002
 -0.49999999999999994      -0.59999999999999998       -7.0018500161476607E-002
 -0.39999999999999991      -0.59999999999999998      -0.14123466198098297     
 -0.29999999999999993      -0.59999999999999998      -0.15772267647898222     
 -0.19999999999999993      -0.59999999999999998      -0.11507842297547323     
  -9.9999999999999978E-002 -0.59999999999999998       -2.7454306563791657E-002
   2.7755575615628914E-017 -0.59999999999999998        7.1905056541086351E-002
  0.10000000000000009      -0.59999999999999998       0.14588860607147902     
  0.20000000000000009      -0.59999999999999998       0.16277356585974692     
  0.30000000000000016      -0.59999999999999998       0.11863102043870319     
  0.40000000000000013      -0.59999999999999998        2.7706700061730902E-002
  0.50000000000000011      -0.59999999999999998       -7.2615886368630936E-002
  0.60000000000000009      -0.59999999999999998      -0.14671077296091617     
  0.70000000000000007      -0.59999999999999998      -0.16351948297807917     
  0.80000000000000004      -0.59999999999999998      -0.11946171122571241     
  0.90000000000000002      -0.59999999999999998       -2.8523773010526596E-002
   1.0000000000000000      -0.59999999999999998        7.0618074876852677E-002
  -1.0000000000000000      -0.49999999999999994      -0.18071325702503357     
 -0.90000000000000002      -0.49999999999999994      -0.35634507465200843     
 -0.80000000000000004      -0.49999999999999994      -0.39818620044298453     
 -0.69999999999999996      -0.49999999999999994      -0.29119341490344897     
 -0.59999999999999998      -0.49999999999999994       -7.0018500161476344E-002
 -0.49999999999999994      -0.49999999999999994       0.17614542505699143     
 -0.39999999999999991      -0.49999999999999994       0.35736744261431030     
 -0.29999999999999993      -0.49999999999999994       0.40009773821596867     
 -0.19999999999999993      -0.49999999999999994       0.29283753030146153     
  -9.9999999999999978E-002 -0.49999999999999994        7.1119657613091539E-002
   2.7755575615628914E-017 -0.49999999999999994      -0.18087192021110565     
  0.10000000000000009      -0.49999999999999994      -0.36913466987542154     
  0.20000000000000009      -0.49999999999999994      -0.41291040294594722     
  0.30000000000000016      -0.49999999999999994      -0.30187312154128365     
  0.40000000000000013      -0.49999999999999994       -7.1808374968232114E-002
  0.50000000000000011      -0.49999999999999994       0.18268114823967532     
  0.60000000000000009      -0.49999999999999994       0.37121870012140817     
  0.70000000000000007      -0.49999999999999994       0.41479890338582737     
  0.80000000000000004      -0.49999999999999994       0.30397815355451419     
  0.90000000000000002      -0.49999999999999994        7.3877214532691443E-002
   1.0000000000000000      -0.49999999999999994      -0.17763896414303104     
  -1.0000000000000000      -0.39999999999999991      -0.36662970296989267     
 -0.90000000000000002      -0.39999999999999991      -0.72213412168753144     
 -0.80000000000000004      -0.39999999999999991      -0.80651783312296310     
 -0.69999999999999996      -0.39999999999999991      -0.58944322943835281     
 -0.59999999999999998      -0.39999999999999991      -0.14123466198096135     
 -0.49999999999999994      -0.39999999999999991       0.35736744261430903     
 -0.39999999999999991      -0.39999999999999991       0.72420216408270455     
 -0.29999999999999993      -0.39999999999999991       0.81038959219292905     
 -0.19999999999999993      -0.39999999999999991       0.59276987451443441     
  -9.9999999999999978E-002 -0.39999999999999991       0.14346112914874090     
   2.7755575615628914E-017 -0.39999999999999991      -0.36696452128023033     
  0.10000000000000009      -0.39999999999999991      -0.74805183809361597     
  0.20000000000000009      -0.39999999999999991      -0.83634138052286300     
  0.30000000000000016      -0.39999999999999991      -0.61106181366752510     
  0.40000000000000013      -0.39999999999999991      -0.14483672821964433     
  0.50000000000000011      -0.39999999999999991       0.37062665349108642     
  0.60000000000000009      -0.39999999999999991       0.75227362729120395     
  0.70000000000000007      -0.39999999999999991       0.84016797035797719     
  0.80000000000000004      -0.39999999999999991       0.61532638983319454     
  0.90000000000000002      -0.39999999999999991       0.14902865637155649     
   1.0000000000000000      -0.39999999999999991      -0.36040353783223594     
  -1.0000000000000000      -0.29999999999999993      -0.41046502480968328     
 -0.90000000000000002      -0.29999999999999993      -0.80807727303848709     
 -0.80000000000000004      -0.29999999999999993      -0.90230513832299175     
 -0.69999999999999996      -0.29999999999999993      -0.65927234908489207     
 -0.59999999999999998      -0.29999999999999993      -0.15772267647897606     
 -0.49999999999999994      -0.29999999999999993       0.40009773821596772     
 -0.39999999999999991      -0.29999999999999993       0.81038959219293183     
 -0.29999999999999993      -0.29999999999999993       0.90663672256316796     
 -0.19999999999999993      -0.29999999999999993       0.66299239293858936     
  -9.9999999999999978E-002 -0.29999999999999993       0.16021166945613591     
   2.7755575615628914E-017 -0.29999999999999993      -0.41084616689879067     
  0.10000000000000009      -0.29999999999999993      -0.83707931893930498     
  0.20000000000000009      -0.29999999999999993      -0.93567071583023820     
  0.30000000000000016      -0.29999999999999993      -0.68345218755048265     
  0.40000000000000013      -0.29999999999999993      -0.16174119122808098     
  0.50000000000000011      -0.29999999999999993       0.41494205697240694     
  0.60000000000000009      -0.29999999999999993       0.84180282224589931     
  0.70000000000000007      -0.29999999999999993       0.93995249401397385     
  0.80000000000000004      -0.29999999999999993       0.68822368058179839     
  0.90000000000000002      -0.29999999999999993       0.16643172947378923     
   1.0000000000000000      -0.29999999999999993      -0.40349976596165421     
  -1.0000000000000000      -0.19999999999999993      -0.30042327901269533     
 -0.90000000000000002      -0.19999999999999993      -0.59108016504576721     
 -0.80000000000000004      -0.19999999999999993      -0.65982486282669772     
 -0.69999999999999996      -0.19999999999999993      -0.48194312232888836     
 -0.59999999999999998      -0.19999999999999993      -0.11507842297548179     
 -0.49999999999999994      -0.19999999999999993       0.29283753030146042     
 -0.39999999999999991      -0.19999999999999993       0.59276987451444030     
 -0.29999999999999993      -0.19999999999999993       0.66299239293859102     
 -0.19999999999999993      -0.19999999999999993       0.48466192891080140     
  -9.9999999999999978E-002 -0.19999999999999993       0.11689681540554106     
   2.7755575615628914E-017 -0.19999999999999993      -0.30070793077819447     
  0.10000000000000009      -0.19999999999999993      -0.61229395498816896     
  0.20000000000000009      -0.19999999999999993      -0.68422395996631713     
  0.30000000000000016      -0.19999999999999993      -0.49961930042791269     
  0.40000000000000013      -0.19999999999999993      -0.11800674773438465     
  0.50000000000000011      -0.19999999999999993       0.30370204635528886     
  0.60000000000000009      -0.19999999999999993       0.61574836906384856     
  0.70000000000000007      -0.19999999999999993       0.68735572726948468     
  0.80000000000000004      -0.19999999999999993       0.50310891731936003     
  0.90000000000000002      -0.19999999999999993       0.12143745601320730     
   1.0000000000000000      -0.19999999999999993      -0.29533015506739518     
  -1.0000000000000000       -9.9999999999999978E-002  -7.2958919870238545E-002
 -0.90000000000000002       -9.9999999999999978E-002 -0.14305446926182758     
 -0.80000000000000004       -9.9999999999999978E-002 -0.15944625043359839     
 -0.69999999999999996       -9.9999999999999978E-002 -0.11624191812532116     
 -0.59999999999999998       -9.9999999999999978E-002  -2.7454306563794103E-002
 -0.49999999999999994       -9.9999999999999978E-002   7.1119657613090609E-002
 -0.39999999999999991       -9.9999999999999978E-002  0.14346112914873649     
 -0.29999999999999993       -9.9999999999999978E-002  0.16021166945613846     
 -0.19999999999999993       -9.9999999999999978E-002  0.11689681540554157     
  -9.9999999999999978E-002  -9.9999999999999978E-002   2.7891360918625180E-002
   2.7755575615628914E-017  -9.9999999999999978E-002  -7.3035833057587013E-002
  0.10000000000000009       -9.9999999999999978E-002 -0.14818841704893276     
  0.20000000000000009       -9.9999999999999978E-002 -0.16534226599630236     
  0.30000000000000016       -9.9999999999999978E-002 -0.12050553660253654     
  0.40000000000000013       -9.9999999999999978E-002  -2.8147861998694484E-002
  0.50000000000000011       -9.9999999999999978E-002   7.3757895917090963E-002
  0.60000000000000009       -9.9999999999999978E-002  0.14902355431610417     
  0.70000000000000007       -9.9999999999999978E-002  0.16609994482316612     
  0.80000000000000004       -9.9999999999999978E-002  0.12134933061828251     
  0.90000000000000002       -9.9999999999999978E-002   2.8977819029382599E-002
   1.0000000000000000       -9.9999999999999978E-002  -7.1728623638195210E-002
  -1.0000000000000000        2.7755575615628914E-017  0.18556236817949051     
 -0.90000000000000002        2.7755575615628914E-017  0.36591466198632028     
 -0.80000000000000004        2.7755575615628914E-017  0.40888327641891759     
 -0.69999999999999996        2.7755575615628914E-017  0.29901961412105565     
 -0.59999999999999998        2.7755575615628914E-017   7.1905056541065132E-002
 -0.49999999999999994        2.7755575615628914E-017 -0.18087192021110868     
 -0.39999999999999991        2.7755575615628914E-017 -0.36696452128022655     
 -0.29999999999999993        2.7755575615628914E-017 -0.41084616689878778     
 -0.19999999999999993        2.7755575615628914E-017 -0.30070793077819463     
  -9.9999999999999978E-002   2.7755575615628914E-017  -7.3035833057590954E-002
   2.7755575615628914E-017   2.7755575615628914E-017  0.18572516663611860     
  0.10000000000000009        2.7755575615628914E-017  0.37904772368042922     
  0.20000000000000009        2.7755575615628914E-017  0.42400303752139096     
  0.30000000000000016        2.7755575615628914E-017  0.30998634815408754     
  0.40000000000000013        2.7755575615628914E-017   7.3743235661469994E-002
  0.50000000000000011        2.7755575615628914E-017 -0.18758302156568249     
  0.60000000000000009        2.7755575615628914E-017 -0.38118773441092635     
  0.70000000000000007        2.7755575615628914E-017 -0.42594225768220367     
  0.80000000000000004        2.7755575615628914E-017 -0.31214792248854289     
  0.90000000000000002        2.7755575615628914E-017  -7.5867639023561181E-002
   1.0000000000000000        2.7755575615628914E-017  0.18240547887710012     
  -1.0000000000000000       0.10000000000000009       0.37870193474066277     
 -0.90000000000000002       0.10000000000000009       0.74591567437533024     
 -0.80000000000000004       0.10000000000000009       0.83308004556748083     
 -0.69999999999999996       0.10000000000000009       0.60885773414557720     
 -0.59999999999999998       0.10000000000000009       0.14588860607148041     
 -0.49999999999999994       0.10000000000000009      -0.36913466987541965     
 -0.39999999999999991       0.10000000000000009      -0.74805183809361875     
 -0.29999999999999993       0.10000000000000009      -0.83707931893930398     
 -0.19999999999999993       0.10000000000000009      -0.61229395498817063     
  -9.9999999999999978E-002  0.10000000000000009      -0.14818841704893279     
   2.7755575615628914E-017  0.10000000000000009       0.37904772368042938     
  0.10000000000000009       0.10000000000000009       0.77268692313434417     
  0.20000000000000009       0.10000000000000009       0.86388581484582472     
  0.30000000000000016       0.10000000000000009       0.63118836859567673     
  0.40000000000000013       0.10000000000000009       0.14960940202926920     
  0.50000000000000011       0.10000000000000009      -0.38283047632113648     
  0.60000000000000009       0.10000000000000009      -0.77704775195195286     
  0.70000000000000007       0.10000000000000009      -0.86783842509678566     
  0.80000000000000004       0.10000000000000009      -0.63559339250731617     
  0.90000000000000002       0.10000000000000009      -0.15393938254080058     
   1.0000000000000000       0.10000000000000009       0.37227071119012589     
  -1.0000000000000000       0.20000000000000009       0.42360968986034392     
 -0.90000000000000002       0.20000000000000009       0.83395501200772426     
 -0.80000000000000004       0.20000000000000009       0.93120041761241845     
 -0.69999999999999996       0.20000000000000009       0.68038478598431418     
 -0.59999999999999998       0.20000000000000009       0.16277356585975236     
 -0.49999999999999994       0.20000000000000009      -0.41291040294594811     
 -0.39999999999999991       0.20000000000000009      -0.83634138052285034     
 -0.29999999999999993       0.20000000000000009      -0.93567071583023942     
 -0.19999999999999993       0.20000000000000009      -0.68422395996631136     
  -9.9999999999999978E-002  0.20000000000000009      -0.16534226599630555     
   2.7755575615628914E-017  0.20000000000000009       0.42400303752137924     
  0.10000000000000009       0.20000000000000009       0.86388581484582394     
  0.20000000000000009       0.20000000000000009       0.96563448917851025     
  0.30000000000000016       0.20000000000000009       0.70533895589912843     
  0.40000000000000013       0.20000000000000009       0.16692076902060191     
  0.50000000000000011       0.20000000000000009      -0.42823009375104093     
  0.60000000000000009       0.20000000000000009      -0.86876058288266811     
  0.70000000000000007       0.20000000000000009      -0.97005338635363669     
  0.80000000000000004       0.20000000000000009      -0.71026325047197358     
  0.90000000000000002       0.20000000000000009      -0.17176151632115444     
   1.0000000000000000       0.20000000000000009       0.41642137664983270     
  -1.0000000000000000       0.30000000000000016       0.30969294203219866     
 -0.90000000000000002       0.30000000000000016       0.60931995403900574     
 -0.80000000000000004       0.30000000000000016       0.68018690811975047     
 -0.69999999999999996       0.30000000000000016       0.49681658440981763     
 -0.59999999999999998       0.30000000000000016       0.11863102043870385     
 -0.49999999999999994       0.30000000000000016      -0.30187312154128265     
 -0.39999999999999991       0.30000000000000016      -0.61106181366752499     
 -0.29999999999999993       0.30000000000000016      -0.68345218755048232     
 -0.19999999999999993       0.30000000000000016      -0.49961930042791369     
  -9.9999999999999978E-002  0.30000000000000016      -0.12050553660253452     
   2.7755575615628914E-017  0.30000000000000016       0.30998634815408876     
  0.10000000000000009       0.30000000000000016       0.63118836859567817     
  0.20000000000000009       0.30000000000000016       0.70533895589912687     
  0.30000000000000016       0.30000000000000016       0.51503827410035086     
  0.40000000000000013       0.30000000000000016       0.12164976437291124     
  0.50000000000000011       0.30000000000000016      -0.31307286685637131     
  0.60000000000000009       0.30000000000000016      -0.63474938371544054     
  0.70000000000000007       0.30000000000000016      -0.70856736555291977     
  0.80000000000000004       0.30000000000000016      -0.51863557785675263     
  0.90000000000000002       0.30000000000000016      -0.12518634014460894     
   1.0000000000000000       0.30000000000000016       0.30444264371963464     
  -1.0000000000000000       0.40000000000000013        7.3665365550493550E-002
 -0.90000000000000002       0.40000000000000013       0.14442623138449176     
 -0.80000000000000004       0.40000000000000013       0.16096846515705354     
 -0.69999999999999996       0.40000000000000013       0.11734565590478577     
 -0.59999999999999998       0.40000000000000013        2.7706700061748059E-002
 -0.49999999999999994       0.40000000000000013       -7.1808374968231989E-002
 -0.39999999999999991       0.40000000000000013      -0.14483672821964838     
 -0.29999999999999993       0.40000000000000013      -0.16174119122808669     
 -0.19999999999999993       0.40000000000000013      -0.11800674773438298     
  -9.9999999999999978E-002  0.40000000000000013       -2.8147861998694242E-002
   2.7755575615628914E-017  0.40000000000000013        7.3743235661469925E-002
  0.10000000000000009       0.40000000000000013       0.14960940202926959     
  0.20000000000000009       0.40000000000000013       0.16692076902059719     
  0.30000000000000016       0.40000000000000013       0.12164976437291183     
  0.40000000000000013       0.40000000000000013        2.8406491090100301E-002
  0.50000000000000011       0.40000000000000013       -7.4472151907746059E-002
  0.60000000000000009       0.40000000000000013      -0.15045252270298942     
  0.70000000000000007       0.40000000000000013      -0.16768570568241323     
  0.80000000000000004       0.40000000000000013      -0.12250162860079331     
  0.90000000000000002       0.40000000000000013       -2.9244397146396227E-002
   1.0000000000000000       0.40000000000000013        7.2423336141790265E-002
  -1.0000000000000000       0.50000000000000011      -0.18741846202106033     
 -0.90000000000000002       0.50000000000000011      -0.36956635588403453     
 -0.80000000000000004       0.50000000000000011      -0.41295959785907993     
 -0.69999999999999996       0.50000000000000011      -0.30199693390610893     
 -0.59999999999999998       0.50000000000000011       -7.2615886368629909E-002
 -0.49999999999999994       0.50000000000000011       0.18268114823967474     
 -0.39999999999999991       0.50000000000000011       0.37062665349108870     
 -0.29999999999999993       0.50000000000000011       0.41494205697240355     
 -0.19999999999999993       0.50000000000000011       0.30370204635529113     
  -9.9999999999999978E-002  0.50000000000000011        7.3757895917090754E-002
   2.7755575615628914E-017  0.50000000000000011      -0.18758302156568110     
  0.10000000000000009       0.50000000000000011      -0.38283047632113543     
  0.20000000000000009       0.50000000000000011      -0.42823009375104254     
  0.30000000000000016       0.50000000000000011      -0.31307286685636943     
  0.40000000000000013       0.50000000000000011       -7.4472151907744949E-002
  0.50000000000000011       0.50000000000000011       0.18945937333943802     
  0.60000000000000009       0.50000000000000011       0.38499182814480953     
  0.70000000000000007       0.50000000000000011       0.43018866188591470     
  0.80000000000000004       0.50000000000000011       0.31525599981792424     
  0.90000000000000002       0.50000000000000011        7.6617750091668962E-002
   1.0000000000000000       0.50000000000000011      -0.18423010811331558     
  -1.0000000000000000       0.60000000000000009      -0.38083996995969133     
 -0.90000000000000002       0.60000000000000009      -0.75012541449585890     
 -0.80000000000000004       0.60000000000000009      -0.83778098165472714     
 -0.69999999999999996       0.60000000000000009      -0.61229276447297054     
 -0.59999999999999998       0.60000000000000009      -0.14671077296090548     
 -0.49999999999999994       0.60000000000000009       0.37121870012140856     
 -0.39999999999999991       0.60000000000000009       0.75227362729118874     
 -0.29999999999999993       0.60000000000000009       0.84180282224589698     
 -0.19999999999999993       0.60000000000000009       0.61574836906383723     
  -9.9999999999999978E-002  0.60000000000000009       0.14902355431610748     
   2.7755575615628914E-017  0.60000000000000009      -0.38118773441091602     
  0.10000000000000009       0.60000000000000009      -0.77704775195195153     
  0.20000000000000009       0.60000000000000009      -0.86876058288266367     
  0.30000000000000016       0.60000000000000009      -0.63474938371543943     
  0.40000000000000013       0.60000000000000009      -0.15045252270299098     
  0.50000000000000011       0.60000000000000009       0.38499182814480742     
  0.60000000000000009       0.60000000000000009       0.78143318936172346     
  0.70000000000000007       0.60000000000000009       0.87273549973113662     
  0.80000000000000004       0.60000000000000009       0.63917926605936082     
  0.90000000000000002       0.60000000000000009       0.15480693937899526     
   1.0000000000000000       0.60000000000000009      -0.37437245739585329     
  -1.0000000000000000       0.70000000000000007      -0.42554713383917592     
 -0.90000000000000002       0.70000000000000007      -0.83777067657996085     
 -0.80000000000000004       0.70000000000000007      -0.93546173896303308     
 -0.69999999999999996       0.70000000000000007      -0.68349897844845631     
 -0.59999999999999998       0.70000000000000007      -0.16351948297807931     
 -0.49999999999999994       0.70000000000000007       0.41479890338582398     
 -0.39999999999999991       0.70000000000000007       0.84016797035798252     
 -0.29999999999999993       0.70000000000000007       0.93995249401396830     
 -0.19999999999999993       0.70000000000000007       0.68735572726948502     
  -9.9999999999999978E-002  0.70000000000000007       0.16609994482316401     
   2.7755575615628914E-017  0.70000000000000007      -0.42594225768220795     
  0.10000000000000009       0.70000000000000007      -0.86783842509678222     
  0.20000000000000009       0.70000000000000007      -0.97005338635363669     
  0.30000000000000016       0.70000000000000007      -0.70856736555291733     
  0.40000000000000013       0.70000000000000007      -0.16768570568241112     
  0.50000000000000011       0.70000000000000007       0.43018866188591537     
  0.60000000000000009       0.70000000000000007       0.87273549973114106     
  0.70000000000000007       0.70000000000000007       0.97449250249611963     
  0.80000000000000004       0.70000000000000007       0.71351419292329121     
  0.90000000000000002       0.70000000000000007       0.17254860228631860     
   1.0000000000000000       0.70000000000000007      -0.41832592443608374     
  -1.0000000000000000       0.80000000000000004      -0.31185252471988217     
 -0.90000000000000002       0.80000000000000004      -0.61357235790586717     
 -0.80000000000000004       0.80000000000000004      -0.68493560464193215     
 -0.69999999999999996       0.80000000000000004      -0.50028661963191801     
 -0.59999999999999998       0.80000000000000004      -0.11946171122571625     
 -0.49999999999999994       0.80000000000000004       0.30397815355451413     
 -0.39999999999999991       0.80000000000000004       0.61532638983319066     
 -0.29999999999999993       0.80000000000000004       0.68822368058180283     
 -0.19999999999999993       0.80000000000000004       0.50310891731934482     
  -9.9999999999999978E-002  0.80000000000000004       0.12134933061828422     
   2.7755575615628914E-017  0.80000000000000004      -0.31214792248854112     
  0.10000000000000009       0.80000000000000004      -0.63559339250731484     
  0.20000000000000009       0.80000000000000004      -0.71026325047196570     
  0.30000000000000016       0.80000000000000004      -0.51863557785675352     
  0.40000000000000013       0.80000000000000004      -0.12250162860078863     
  0.50000000000000011       0.80000000000000004       0.31525599981792302     
  0.60000000000000009       0.80000000000000004       0.63917926605936248     
  0.70000000000000007       0.80000000000000004       0.71351419292329321     
  0.80000000000000004       0.80000000000000004       0.52225799236264903     
  0.90000000000000002       0.80000000000000004       0.12606288837213941     
   1.0000000000000000       0.80000000000000004      -0.30656556846012833     
  -1.0000000000000000       0.90000000000000002       -7.5787821974547614E-002
 -0.90000000000000002       0.90000000000000002      -0.14860619153055837     
 -0.80000000000000004       0.90000000000000002      -0.16563659364975628     
 -0.69999999999999996       0.90000000000000002      -0.12075711192191056     
 -0.59999999999999998       0.90000000000000002       -2.8523773010528882E-002
 -0.49999999999999994       0.90000000000000002        7.3877214532690139E-002
 -0.39999999999999991       0.90000000000000002       0.14902865637155105     
 -0.29999999999999993       0.90000000000000002       0.16643172947379117     
 -0.19999999999999993       0.90000000000000002       0.12143745601320849     
  -9.9999999999999978E-002  0.90000000000000002        2.8977819029382096E-002
   2.7755575615628914E-017  0.90000000000000002       -7.5867639023558975E-002
  0.10000000000000009       0.90000000000000002      -0.15393938254080033     
  0.20000000000000009       0.90000000000000002      -0.17176151632114917     
  0.30000000000000016       0.90000000000000002      -0.12518634014460903     
  0.40000000000000013       0.90000000000000002       -2.9244397146395540E-002
  0.50000000000000011       0.90000000000000002        7.6617750091669559E-002
  0.60000000000000009       0.90000000000000002       0.15480693937899118     
  0.70000000000000007       0.90000000000000002       0.17254860228631833     
  0.80000000000000004       0.90000000000000002       0.12606288837213683     
  0.90000000000000002       0.90000000000000002        3.0106567157896214E-002
   1.0000000000000000       0.90000000000000002       -7.4509755960084439E-002
  -1.0000000000000000        1.0000000000000000       0.18224556305859918     
 -0.90000000000000002        1.0000000000000000       0.35937245701831660     
 -0.80000000000000004        1.0000000000000000       0.40157197426657054     
 -0.69999999999999996        1.0000000000000000       0.29367203476018350     
 -0.59999999999999998        1.0000000000000000        7.0618074876823936E-002
 -0.49999999999999994        1.0000000000000000      -0.17763896414303251     
 -0.39999999999999991        1.0000000000000000      -0.36040353783224000     
 -0.29999999999999993        1.0000000000000000      -0.40349976596165077     
 -0.19999999999999993        1.0000000000000000      -0.29533015506739496     
  -9.9999999999999978E-002   1.0000000000000000       -7.1728623638199096E-002
   2.7755575615628914E-017   1.0000000000000000       0.18240547887710543     
  0.10000000000000009        1.0000000000000000       0.37227071119012628     
  0.20000000000000009        1.0000000000000000       0.41642137664984386     
  0.30000000000000016        1.0000000000000000       0.30444264371963475     
  0.40000000000000013        1.0000000000000000        7.2423336141785019E-002
  0.50000000000000011        1.0000000000000000      -0.18423010811331422     
  0.60000000000000009        1.0000000000000000      -0.37437245739586961     
  0.70000000000000007        1.0000000000000000      -0.41832592443608185     
  0.80000000000000004        1.0000000000000000      -0.30656556846012806     
  0.90000000000000002        1.0000000000000000       -7.4509755960085675E-002
   1.0000000000000000        1.0000000000000000       0.17914512416818457     
