  -1.0000000000000000       -1.0000000000000000       0.95678483809873505     
 -0.90000000000000002       -1.0000000000000000       0.69631398668227340     
 -0.80000000000000004       -1.0000000000000000       0.18265343856613087     
 -0.69999999999999996       -1.0000000000000000      -0.40501317509135598     
 -0.59999999999999998       -1.0000000000000000      -0.85147612562012220     
 -0.49999999999999994       -1.0000000000000000      -0.97120187682137393     
 -0.39999999999999991       -1.0000000000000000      -0.72272592438293770     
 -0.29999999999999993       -1.0000000000000000      -0.19535109246994753     
 -0.19999999999999993       -1.0000000000000000       0.40227951484375635     
  -9.9999999999999978E-002  -1.0000000000000000       0.85031213569870057     
   2.7755575615628914E-017  -1.0000000000000000       0.96788808834748497     
  0.10000000000000009       -1.0000000000000000       0.72069651483621477     
  0.20000000000000009       -1.0000000000000000       0.19158849486090540     
  0.30000000000000016       -1.0000000000000000      -0.40501423829785049     
  0.40000000000000013       -1.0000000000000000      -0.85422569071695065     
  0.50000000000000011       -1.0000000000000000      -0.97111121236048459     
  0.60000000000000009       -1.0000000000000000      -0.72504680729178794     
  0.70000000000000007       -1.0000000000000000      -0.19529635190426634     
  0.80000000000000004       -1.0000000000000000       0.39983045844029647     
  0.90000000000000002       -1.0000000000000000       0.84941727604576789     
   1.0000000000000000       -1.0000000000000000       0.95078476998491168     
  -1.0000000000000000      -0.90000000000000002       0.69631398668227096     
 -0.90000000000000002      -0.90000000000000002       0.50671321116064716     
 -0.80000000000000004      -0.90000000000000002       0.13286480360533073     
 -0.69999999999999996      -0.90000000000000002      -0.29482080685024997     
 -0.59999999999999998      -0.90000000000000002      -0.61971518565623984     
 -0.49999999999999994      -0.90000000000000002      -0.70680657166159488     
 -0.39999999999999991      -0.90000000000000002      -0.52593343118416602     
 -0.29999999999999993      -0.90000000000000002      -0.14210334577096287     
 -0.19999999999999993      -0.90000000000000002       0.29283162688500158     
  -9.9999999999999978E-002 -0.90000000000000002       0.61886822770950267     
   2.7755575615628914E-017 -0.90000000000000002       0.70439522905009622     
  0.10000000000000009      -0.90000000000000002       0.52445656326278578     
  0.20000000000000009      -0.90000000000000002       0.13936512978215829     
  0.30000000000000016      -0.90000000000000002      -0.29482142207983891     
  0.40000000000000013      -0.90000000000000002      -0.62171632988118952     
  0.50000000000000011      -0.90000000000000002      -0.70674054764129712     
  0.60000000000000009      -0.90000000000000002      -0.52762234231621097     
  0.70000000000000007      -0.90000000000000002      -0.14206349982458030     
  0.80000000000000004      -0.90000000000000002       0.29104901618800511     
  0.90000000000000002      -0.90000000000000002       0.61821691910366239     
   1.0000000000000000      -0.90000000000000002       0.69194775100280392     
  -1.0000000000000000      -0.80000000000000004       0.18265343856611893     
 -0.90000000000000002      -0.80000000000000004       0.13286480360533418     
 -0.80000000000000004      -0.80000000000000004        3.4765472748989973E-002
 -0.69999999999999996      -0.80000000000000004       -7.7426510578612592E-002
 -0.59999999999999998      -0.80000000000000004      -0.16261642349785077     
 -0.49999999999999994      -0.80000000000000004      -0.18540631129442356     
 -0.39999999999999991      -0.80000000000000004      -0.13790457892774879     
 -0.29999999999999993      -0.80000000000000004       -3.7185668542746068E-002
 -0.19999999999999993      -0.80000000000000004        7.6905101384808924E-002
  -9.9999999999999978E-002 -0.80000000000000004       0.16239446151665513     
   2.7755575615628914E-017 -0.80000000000000004       0.18477420896077223     
  0.10000000000000009      -0.80000000000000004       0.13751726201402953     
  0.20000000000000009      -0.80000000000000004        3.6467487644625360E-002
  0.30000000000000016      -0.80000000000000004       -7.7426456209621006E-002
  0.40000000000000013      -0.80000000000000004      -0.16314150084970577     
  0.50000000000000011      -0.80000000000000004      -0.18538893553706912     
  0.60000000000000009      -0.80000000000000004      -0.13834740800382703     
  0.70000000000000007      -0.80000000000000004       -3.7175205870142052E-002
  0.80000000000000004      -0.80000000000000004        7.6437122695263551E-002
  0.90000000000000002      -0.80000000000000004       0.16222352986523947     
   1.0000000000000000      -0.80000000000000004       0.18150865562067878     
  -1.0000000000000000      -0.69999999999999996      -0.40501317509135293     
 -0.90000000000000002      -0.69999999999999996      -0.29482080685024870     
 -0.80000000000000004      -0.69999999999999996       -7.7426510578615354E-002
 -0.69999999999999996      -0.69999999999999996       0.17133190173728746     
 -0.59999999999999998      -0.69999999999999996       0.36036568011427256     
 -0.49999999999999994      -0.69999999999999996       0.41111536241895485     
 -0.39999999999999991      -0.69999999999999996       0.30600360326607023     
 -0.29999999999999993      -0.69999999999999996        8.2805502528603941E-002
 -0.19999999999999993      -0.69999999999999996      -0.17017425043478113     
  -9.9999999999999978E-002 -0.69999999999999996      -0.35987269748181083     
   2.7755575615628914E-017 -0.69999999999999996      -0.40971208148027533     
  0.10000000000000009      -0.69999999999999996      -0.30514443247046497     
  0.20000000000000009      -0.69999999999999996       -8.1212654325601430E-002
  0.30000000000000016      -0.69999999999999996       0.17133262018176568     
  0.40000000000000013      -0.69999999999999996       0.36152940501698150     
  0.50000000000000011      -0.69999999999999996       0.41107705407671497     
  0.60000000000000009      -0.69999999999999996       0.30698629326908372     
  0.70000000000000007      -0.69999999999999996        8.2782343544120882E-002
  0.80000000000000004      -0.69999999999999996      -0.16913801386878893     
  0.90000000000000002      -0.69999999999999996      -0.35949400186226255     
   1.0000000000000000      -0.69999999999999996      -0.40247262956314461     
  -1.0000000000000000      -0.59999999999999998      -0.85147612562010289     
 -0.90000000000000002      -0.59999999999999998      -0.61971518565623507     
 -0.80000000000000004      -0.59999999999999998      -0.16261642349784003     
 -0.69999999999999996      -0.59999999999999998       0.36036568011427794     
 -0.59999999999999998      -0.59999999999999998       0.75771523603775925     
 -0.49999999999999994      -0.59999999999999998       0.86430595623843720     
 -0.39999999999999991      -0.59999999999999998       0.64322160309234311     
 -0.29999999999999993      -0.59999999999999998       0.17391897348330598     
 -0.19999999999999993      -0.59999999999999998      -0.35793260722283854     
  -9.9999999999999978E-002 -0.59999999999999998      -0.75667920144545675     
   2.7755575615628914E-017 -0.59999999999999998      -0.86135657145174727     
  0.10000000000000009      -0.59999999999999998      -0.64141549380866758     
  0.20000000000000009      -0.59999999999999998      -0.17057043503480970     
  0.30000000000000016      -0.59999999999999998       0.36036679202401034     
  0.40000000000000013      -0.59999999999999998       0.76016205627751587     
  0.50000000000000011      -0.59999999999999998       0.86422531431793737     
  0.60000000000000009      -0.59999999999999998       0.64528718907041527     
  0.70000000000000007      -0.59999999999999998       0.17387026600761235     
  0.80000000000000004      -0.59999999999999998      -0.35575339367005832     
  0.90000000000000002      -0.59999999999999998      -0.75588289905721417     
   1.0000000000000000      -0.59999999999999998      -0.84613603745962307     
  -1.0000000000000000      -0.49999999999999994      -0.97120187682137693     
 -0.90000000000000002      -0.49999999999999994      -0.70680657166159544     
 -0.80000000000000004      -0.49999999999999994      -0.18540631129442095     
 -0.69999999999999996      -0.49999999999999994       0.41111536241895513     
 -0.59999999999999998      -0.49999999999999994       0.86430595623843565     
 -0.49999999999999994      -0.49999999999999994       0.98583615096356636     
 -0.39999999999999991      -0.49999999999999994       0.73361650397164102     
 -0.29999999999999993      -0.49999999999999994       0.19829531874372452     
 -0.19999999999999993      -0.49999999999999994      -0.40834050809797490     
  -9.9999999999999978E-002 -0.49999999999999994      -0.86312442561212877     
   2.7755575615628914E-017 -0.49999999999999994      -0.98247242660037037     
  0.10000000000000009      -0.49999999999999994      -0.73155651422860624     
  0.20000000000000009      -0.49999999999999994      -0.19447602484585058     
  0.30000000000000016      -0.49999999999999994       0.41111644316232937     
  0.40000000000000013      -0.49999999999999994       0.86709695133579845     
  0.50000000000000011      -0.49999999999999994       0.98574412074926121     
  0.60000000000000009      -0.49999999999999994       0.73597235982372478     
  0.70000000000000007      -0.49999999999999994       0.19823975340866015     
  0.80000000000000004      -0.49999999999999994      -0.40585455142171478     
  0.90000000000000002      -0.49999999999999994      -0.86221608261110139     
   1.0000000000000000      -0.49999999999999994      -0.96511139456611150     
  -1.0000000000000000      -0.39999999999999991      -0.72272592438292371     
 -0.90000000000000002      -0.39999999999999991      -0.52593343118416269     
 -0.80000000000000004      -0.39999999999999991      -0.13790457892774047     
 -0.69999999999999996      -0.39999999999999991       0.30600360326607029     
 -0.59999999999999998      -0.39999999999999991       0.64322160309233467     
 -0.49999999999999994      -0.39999999999999991       0.73361650397164169     
 -0.39999999999999991      -0.39999999999999991       0.54588269641008103     
 -0.29999999999999993      -0.39999999999999991       0.14749355151753391     
 -0.19999999999999993      -0.39999999999999991      -0.30393897124646052     
  -9.9999999999999978E-002 -0.39999999999999991      -0.64234251895953665     
   2.7755575615628914E-017 -0.39999999999999991      -0.73111369619487332     
  0.10000000000000009      -0.39999999999999991      -0.54434980922452603     
  0.20000000000000009      -0.39999999999999991      -0.14465147197181508     
  0.30000000000000016      -0.39999999999999991       0.30600424200456816     
  0.40000000000000013      -0.39999999999999991       0.64529865275431353     
  0.50000000000000011      -0.39999999999999991       0.73354797563429885     
  0.60000000000000009      -0.39999999999999991       0.54763566990911172     
  0.70000000000000007      -0.39999999999999991       0.14745219417916564     
  0.80000000000000004      -0.39999999999999991      -0.30208874452037476     
  0.90000000000000002      -0.39999999999999991      -0.64166650558521465     
   1.0000000000000000      -0.39999999999999991      -0.71819407225688014     
  -1.0000000000000000      -0.29999999999999993      -0.19535109246994664     
 -0.90000000000000002      -0.29999999999999993      -0.14210334577096409     
 -0.80000000000000004      -0.29999999999999993       -3.7185668542745465E-002
 -0.69999999999999996      -0.29999999999999993        8.2805502528604386E-002
 -0.59999999999999998      -0.29999999999999993       0.17391897348330504     
 -0.49999999999999994      -0.29999999999999993       0.19829531874372489     
 -0.39999999999999991      -0.29999999999999993       0.14749355151753549     
 -0.29999999999999993      -0.29999999999999993        3.9774235682092554E-002
 -0.19999999999999993      -0.29999999999999993       -8.2247831321422257E-002
  -9.9999999999999978E-002 -0.29999999999999993      -0.17368157312110027     
   2.7755575615628914E-017 -0.29999999999999993      -0.19761925743505274     
  0.10000000000000009      -0.29999999999999993      -0.14707930582996048     
  0.20000000000000009      -0.29999999999999993       -3.9006124850424130E-002
  0.30000000000000016      -0.29999999999999993        8.2805452772596294E-002
  0.40000000000000013      -0.29999999999999993       0.17448054727010651     
  0.50000000000000011      -0.29999999999999993       0.19827673726896811     
  0.60000000000000009      -0.29999999999999993       0.14796717275536347     
  0.70000000000000007      -0.29999999999999993        3.9763046078230051E-002
  0.80000000000000004      -0.29999999999999993       -8.1747334317992484E-002
  0.90000000000000002      -0.29999999999999993      -0.17349876194797337     
   1.0000000000000000      -0.29999999999999993      -0.19412670559778042     
  -1.0000000000000000      -0.19999999999999993       0.40227951484374436     
 -0.90000000000000002      -0.19999999999999993       0.29283162688499920     
 -0.80000000000000004      -0.19999999999999993        7.6905101384793936E-002
 -0.69999999999999996      -0.19999999999999993      -0.17017425043478598     
 -0.59999999999999998      -0.19999999999999993      -0.35793260722285802     
 -0.49999999999999994      -0.19999999999999993      -0.40834050809797723     
 -0.39999999999999991      -0.19999999999999993      -0.30393897124646951     
 -0.29999999999999993      -0.19999999999999993       -8.2247831321423270E-002
 -0.19999999999999993      -0.19999999999999993       0.16902440757787524     
  -9.9999999999999978E-002 -0.19999999999999993       0.35744294915993291     
   2.7755575615628914E-017 -0.19999999999999993       0.40694669284509705     
  0.10000000000000009      -0.19999999999999993       0.30308559829756088     
  0.20000000000000009      -0.19999999999999993        8.0665732877471974E-002
  0.30000000000000016      -0.19999999999999993      -0.17017496697813855     
  0.40000000000000013      -0.19999999999999993      -0.35908847546954969     
  0.50000000000000011      -0.19999999999999993      -0.40830245909555807     
  0.60000000000000009      -0.19999999999999993      -0.30491503123187597     
  0.70000000000000007      -0.19999999999999993       -8.2224828794824539E-002
  0.80000000000000004      -0.19999999999999993       0.16799517023467037     
  0.90000000000000002      -0.19999999999999993       0.35706681071428303     
   1.0000000000000000      -0.19999999999999993       0.39975610942788042     
  -1.0000000000000000       -9.9999999999999978E-002  0.85031213569870012     
 -0.90000000000000002       -9.9999999999999978E-002  0.61886822770950167     
 -0.80000000000000004       -9.9999999999999978E-002  0.16239446151665554     
 -0.69999999999999996       -9.9999999999999978E-002 -0.35987269748181061     
 -0.59999999999999998       -9.9999999999999978E-002 -0.75667920144545675     
 -0.49999999999999994       -9.9999999999999978E-002 -0.86312442561212777     
 -0.39999999999999991       -9.9999999999999978E-002 -0.64234251895953853     
 -0.29999999999999993       -9.9999999999999978E-002 -0.17368157312109922     
 -0.19999999999999993       -9.9999999999999978E-002  0.35744294915992980     
  -9.9999999999999978E-002  -9.9999999999999978E-002  0.75564458233979581     
   2.7755575615628914E-017  -9.9999999999999978E-002  0.86017907103933933     
  0.10000000000000009       -9.9999999999999978E-002  0.64053887832366896     
  0.20000000000000009       -9.9999999999999978E-002  0.17033761183780863     
  0.30000000000000016       -9.9999999999999978E-002 -0.35987380870891011     
  0.40000000000000013       -9.9999999999999978E-002 -0.75912267625114382     
  0.50000000000000011       -9.9999999999999978E-002 -0.86304389415058869     
  0.60000000000000009       -9.9999999999999978E-002 -0.64440528198590041     
  0.70000000000000007       -9.9999999999999978E-002 -0.17363293226941132     
  0.80000000000000004       -9.9999999999999978E-002  0.35526671611336730     
  0.90000000000000002       -9.9999999999999978E-002  0.75484936884229492     
   1.0000000000000000       -9.9999999999999978E-002  0.84497934546164966     
  -1.0000000000000000        2.7755575615628914E-017  0.96788808834745466     
 -0.90000000000000002        2.7755575615628914E-017  0.70439522905009477     
 -0.80000000000000004        2.7755575615628914E-017  0.18477420896075658     
 -0.69999999999999996        2.7755575615628914E-017 -0.40971208148028032     
 -0.59999999999999998        2.7755575615628914E-017 -0.86135657145174727     
 -0.49999999999999994        2.7755575615628914E-017 -0.98247242660037715     
 -0.39999999999999991        2.7755575615628914E-017 -0.73111369619487687     
 -0.29999999999999993        2.7755575615628914E-017 -0.19761925743505335     
 -0.19999999999999993        2.7755575615628914E-017  0.40694669284508606     
  -9.9999999999999978E-002   2.7755575615628914E-017  0.86017907103934288     
   2.7755575615628914E-017   2.7755575615628914E-017  0.97912017690103270     
  0.10000000000000009        2.7755575615628914E-017  0.72906073472394672     
  0.20000000000000009        2.7755575615628914E-017  0.19381299460421855     
  0.30000000000000016        2.7755575615628914E-017 -0.40971315981016970     
  0.40000000000000013        2.7755575615628914E-017 -0.86413804266417238     
  0.50000000000000011        2.7755575615628914E-017 -0.98238071073250799     
  0.60000000000000009        2.7755575615628914E-017 -0.73346151491719969     
  0.70000000000000007        2.7755575615628914E-017 -0.19756388175374284     
  0.80000000000000004        2.7755575615628914E-017  0.40446922057924989     
  0.90000000000000002        2.7755575615628914E-017  0.85927382784409201     
   1.0000000000000000        2.7755575615628914E-017  0.96181838389751106     
  -1.0000000000000000       0.10000000000000009       0.72069651483621422     
 -0.90000000000000002       0.10000000000000009       0.52445656326278545     
 -0.80000000000000004       0.10000000000000009       0.13751726201402845     
 -0.69999999999999996       0.10000000000000009      -0.30514443247046480     
 -0.59999999999999998       0.10000000000000009      -0.64141549380866780     
 -0.49999999999999994       0.10000000000000009      -0.73155651422860490     
 -0.39999999999999991       0.10000000000000009      -0.54434980922452791     
 -0.29999999999999993       0.10000000000000009      -0.14707930582995929     
 -0.19999999999999993       0.10000000000000009       0.30308559829755938     
  -9.9999999999999978E-002  0.10000000000000009       0.64053887832366940     
   2.7755575615628914E-017  0.10000000000000009       0.72906073472394517     
  0.10000000000000009       0.10000000000000009       0.54282122646667641     
  0.20000000000000009       0.10000000000000009       0.14424520692107520     
  0.30000000000000016       0.10000000000000009      -0.30514506921587686     
  0.40000000000000013       0.10000000000000009      -0.64348671125975276     
  0.50000000000000011       0.10000000000000009      -0.73148817826647627     
  0.60000000000000009       0.10000000000000009      -0.54609786021003415     
  0.70000000000000007       0.10000000000000009      -0.14703806461410762     
  0.80000000000000004       0.10000000000000009       0.30124056663535503     
  0.90000000000000002       0.10000000000000009       0.63986476311325691     
   1.0000000000000000       0.10000000000000009       0.71617738862426450     
  -1.0000000000000000       0.20000000000000009       0.19158849486089335     
 -0.90000000000000002       0.20000000000000009       0.13936512978216148     
 -0.80000000000000004       0.20000000000000009        3.6467487644631209E-002
 -0.69999999999999996       0.20000000000000009       -8.1212654325598710E-002
 -0.59999999999999998       0.20000000000000009      -0.17057043503479369     
 -0.49999999999999994       0.20000000000000009      -0.19447602484585294     
 -0.39999999999999991       0.20000000000000009      -0.14465147197181075     
 -0.29999999999999993       0.20000000000000009       -3.9006124850424852E-002
 -0.19999999999999993       0.20000000000000009        8.0665732877466909E-002
  -9.9999999999999978E-002  0.20000000000000009       0.17033761183780854     
   2.7755575615628914E-017  0.20000000000000009       0.19381299460421278     
  0.10000000000000009       0.20000000000000009       0.14424520692107537     
  0.20000000000000009       0.20000000000000009        3.8252810483704457E-002
  0.30000000000000016       0.20000000000000009       -8.1212600668808504E-002
  0.40000000000000013       0.20000000000000009      -0.17112119584124103     
  0.50000000000000011       0.20000000000000009      -0.19445779998717608     
  0.60000000000000009       0.20000000000000009      -0.14511596650052402     
  0.70000000000000007       0.20000000000000009       -3.8995150530816508E-002
  0.80000000000000004       0.20000000000000009        8.0174867365940122E-002
  0.90000000000000002       0.20000000000000009       0.17015831984806817     
   1.0000000000000000       0.20000000000000009       0.19038770280651041     
  -1.0000000000000000       0.30000000000000016      -0.40501423829784883     
 -0.90000000000000002       0.30000000000000016      -0.29482142207983775     
 -0.80000000000000004       0.30000000000000016       -7.7426456209621602E-002
 -0.69999999999999996       0.30000000000000016       0.17133262018176545     
 -0.59999999999999998       0.30000000000000016       0.36036679202401173     
 -0.49999999999999994       0.30000000000000016       0.41111644316232965     
 -0.39999999999999991       0.30000000000000016       0.30600424200457033     
 -0.29999999999999993       0.30000000000000016        8.2805452772595656E-002
 -0.19999999999999993       0.30000000000000016      -0.17017496697813719     
  -9.9999999999999978E-002  0.30000000000000016      -0.35987380870891095     
   2.7755575615628914E-017  0.30000000000000016      -0.40971315981017026     
  0.10000000000000009       0.30000000000000016      -0.30514506921587675     
  0.20000000000000009       0.30000000000000016       -8.1212600668809184E-002
  0.30000000000000016       0.30000000000000016       0.17133333799007680     
  0.40000000000000013       0.30000000000000016       0.36153052041615158     
  0.50000000000000011       0.30000000000000016       0.41107813455211550     
  0.60000000000000009       0.30000000000000016       0.30698693400665722     
  0.70000000000000007       0.30000000000000016        8.2782293696702508E-002
  0.80000000000000004       0.30000000000000016      -0.16913872658143350     
  0.90000000000000002       0.30000000000000016      -0.35949511184760180     
   1.0000000000000000       0.30000000000000016      -0.40247368771240899     
  -1.0000000000000000       0.40000000000000013      -0.85422569071690402     
 -0.90000000000000002       0.40000000000000013      -0.62171632988118219     
 -0.80000000000000004       0.40000000000000013      -0.16314150084969148     
 -0.69999999999999996       0.40000000000000013       0.36152940501698694     
 -0.59999999999999998       0.40000000000000013       0.76016205627753475     
 -0.49999999999999994       0.40000000000000013       0.86709695133580067     
 -0.39999999999999991       0.40000000000000013       0.64529865275433040     
 -0.29999999999999993       0.40000000000000013       0.17448054727010662     
 -0.19999999999999993       0.40000000000000013      -0.35908847546953843     
  -9.9999999999999978E-002  0.40000000000000013      -0.75912267625114460     
   2.7755575615628914E-017  0.40000000000000013      -0.86413804266418848     
  0.10000000000000009       0.40000000000000013      -0.64348671125975343     
  0.20000000000000009       0.40000000000000013      -0.17112119584125662     
  0.30000000000000016       0.40000000000000013       0.36153052041615136     
  0.40000000000000013       0.40000000000000013       0.76261677780133363     
  0.50000000000000011       0.40000000000000013       0.86701604898137286     
  0.60000000000000009       0.40000000000000013       0.64737090877133563     
  0.70000000000000007       0.40000000000000013       0.17443168250361685     
  0.80000000000000004       0.40000000000000013      -0.35690222469321820     
  0.90000000000000002       0.40000000000000013      -0.75832380242379727     
   1.0000000000000000       0.40000000000000013      -0.84886835873529731     
  -1.0000000000000000       0.50000000000000011      -0.97111121236048359     
 -0.90000000000000002       0.50000000000000011      -0.70674054764129701     
 -0.80000000000000004       0.50000000000000011      -0.18538893553706737     
 -0.69999999999999996       0.50000000000000011       0.41107705407671497     
 -0.59999999999999998       0.50000000000000011       0.86422531431793970     
 -0.49999999999999994       0.50000000000000011       0.98574412074925943     
 -0.39999999999999991       0.50000000000000011       0.73354797563430063     
 -0.29999999999999993       0.50000000000000011       0.19827673726896772     
 -0.19999999999999993       0.50000000000000011      -0.40830245909555946     
  -9.9999999999999978E-002  0.50000000000000011      -0.86304389415058913     
   2.7755575615628914E-017  0.50000000000000011      -0.98238071073250643     
  0.10000000000000009       0.50000000000000011      -0.73148817826647594     
  0.20000000000000009       0.50000000000000011      -0.19445779998717425     
  0.30000000000000016       0.50000000000000011       0.41107813455211545     
  0.40000000000000013       0.50000000000000011       0.86701604898137541     
  0.50000000000000011       0.50000000000000011       0.98565209908242324     
  0.60000000000000009       0.50000000000000011       0.73590361140889038     
  0.70000000000000007       0.50000000000000011       0.19822117711314013     
  0.80000000000000004       0.50000000000000011      -0.40581673419868153     
  0.90000000000000002       0.50000000000000011      -0.86213563588114261     
   1.0000000000000000       0.50000000000000011      -0.96502129909119450     
  -1.0000000000000000       0.60000000000000009      -0.72504680729175464     
 -0.90000000000000002       0.60000000000000009      -0.52762234231620919     
 -0.80000000000000004       0.60000000000000009      -0.13834740800381123     
 -0.69999999999999996       0.60000000000000009       0.30698629326908455     
 -0.59999999999999998       0.60000000000000009       0.64528718907042537     
 -0.49999999999999994       0.60000000000000009       0.73597235982372844     
 -0.39999999999999991       0.60000000000000009       0.54763566990911428     
 -0.29999999999999993       0.60000000000000009       0.14796717275536431     
 -0.19999999999999993       0.60000000000000009      -0.30491503123188507     
  -9.9999999999999978E-002  0.60000000000000009      -0.64440528198589941     
   2.7755575615628914E-017  0.60000000000000009      -0.73346151491720368     
  0.10000000000000009       0.60000000000000009      -0.54609786021003348     
  0.20000000000000009       0.60000000000000009      -0.14511596650051856     
  0.30000000000000016       0.60000000000000009       0.30698693400665561     
  0.40000000000000013       0.60000000000000009       0.64737090877133585     
  0.50000000000000011       0.60000000000000009       0.73590361140888982     
  0.60000000000000009       0.60000000000000009       0.54939427267540508     
  0.70000000000000007       0.60000000000000009       0.14792568260527666     
  0.80000000000000004       0.60000000000000009      -0.30305886278315147     
  0.90000000000000002       0.60000000000000009      -0.64372709771643566     
   1.0000000000000000       0.60000000000000009      -0.72050040220320077     
  -1.0000000000000000       0.70000000000000007      -0.19529635190426878     
 -0.90000000000000002       0.70000000000000007      -0.14206349982458077     
 -0.80000000000000004       0.70000000000000007       -3.7175205870139540E-002
 -0.69999999999999996       0.70000000000000007        8.2782343544120895E-002
 -0.59999999999999998       0.70000000000000007       0.17387026600761271     
 -0.49999999999999994       0.70000000000000007       0.19823975340865899     
 -0.39999999999999991       0.70000000000000007       0.14745219417916497     
 -0.29999999999999993       0.70000000000000007        3.9763046078229926E-002
 -0.19999999999999993       0.70000000000000007       -8.2224828794827037E-002
  -9.9999999999999978E-002  0.70000000000000007      -0.17363293226941179     
   2.7755575615628914E-017  0.70000000000000007      -0.19756388175374129     
  0.10000000000000009       0.70000000000000007      -0.14703806461410718     
  0.20000000000000009       0.70000000000000007       -3.8995150530812851E-002
  0.30000000000000016       0.70000000000000007        8.2782293696702577E-002
  0.40000000000000013       0.70000000000000007       0.17443168250361740     
  0.50000000000000011       0.70000000000000007       0.19822117711313975     
  0.60000000000000009       0.70000000000000007       0.14792568260527439     
  0.70000000000000007       0.70000000000000007        3.9751859604894829E-002
  0.80000000000000004       0.70000000000000007       -8.1724471854476163E-002
  0.90000000000000002       0.70000000000000007      -0.17345017228210385     
   1.0000000000000000       0.70000000000000007      -0.19407230839143186     
  -1.0000000000000000       0.80000000000000004       0.39983045844027959     
 -0.90000000000000002       0.80000000000000004       0.29104901618800344     
 -0.80000000000000004       0.80000000000000004        7.6437122695254225E-002
 -0.69999999999999996       0.80000000000000004      -0.16913801386879501     
 -0.59999999999999998       0.80000000000000004      -0.35575339367009157     
 -0.49999999999999994       0.80000000000000004      -0.40585455142171983     
 -0.39999999999999991       0.80000000000000004      -0.30208874452039836     
 -0.29999999999999993       0.80000000000000004       -8.1747334317992984E-002
 -0.19999999999999993       0.80000000000000004       0.16799517023467112     
  -9.9999999999999978E-002  0.80000000000000004       0.35526671611336880     
   2.7755575615628914E-017  0.80000000000000004       0.40446922057927576     
  0.10000000000000009       0.80000000000000004       0.30124056663535831     
  0.20000000000000009       0.80000000000000004        8.0174867365954458E-002
  0.30000000000000016       0.80000000000000004      -0.16913872658143483     
  0.40000000000000013       0.80000000000000004      -0.35690222469323257     
  0.50000000000000011       0.80000000000000004      -0.40581673419868397     
  0.60000000000000009       0.80000000000000004      -0.30305886278316241     
  0.70000000000000007       0.80000000000000004       -8.1724471854476052E-002
  0.80000000000000004       0.80000000000000004       0.16697219976704375     
  0.90000000000000002       0.80000000000000004       0.35489286778470003     
   1.0000000000000000       0.80000000000000004       0.39732241404045127     
  -1.0000000000000000       0.90000000000000002       0.84941727604576711     
 -0.90000000000000002       0.90000000000000002       0.61821691910366083     
 -0.80000000000000004       0.90000000000000002       0.16222352986524097     
 -0.69999999999999996       0.90000000000000002      -0.35949400186226121     
 -0.59999999999999998       0.90000000000000002      -0.75588289905721351     
 -0.49999999999999994       0.90000000000000002      -0.86221608261110017     
 -0.39999999999999991       0.90000000000000002      -0.64166650558521976     
 -0.29999999999999993       0.90000000000000002      -0.17349876194797303     
 -0.19999999999999993       0.90000000000000002       0.35706681071427715     
  -9.9999999999999978E-002  0.90000000000000002       0.75484936884229381     
   2.7755575615628914E-017  0.90000000000000002       0.85927382784408923     
  0.10000000000000009       0.90000000000000002       0.63986476311325724     
  0.20000000000000009       0.90000000000000002       0.17015831984806948     
  0.30000000000000016       0.90000000000000002      -0.35949511184759980     
  0.40000000000000013       0.90000000000000002      -0.75832380242379527     
  0.50000000000000011       0.90000000000000002      -0.86213563588114117     
  0.60000000000000009       0.90000000000000002      -0.64372709771643821     
  0.70000000000000007       0.90000000000000002      -0.17345017228210455     
  0.80000000000000004       0.90000000000000002       0.35489286778469348     
  0.90000000000000002       0.90000000000000002       0.75405499219119754     
   1.0000000000000000       0.90000000000000002       0.84409009816439928     
  -1.0000000000000000        1.0000000000000000       0.95078476998484640     
 -0.90000000000000002        1.0000000000000000       0.69194775100279637     
 -0.80000000000000004        1.0000000000000000       0.18150865562065821     
 -0.69999999999999996        1.0000000000000000      -0.40247262956314700     
 -0.59999999999999998        1.0000000000000000      -0.84613603745961874     
 -0.49999999999999994        1.0000000000000000      -0.96511139456611328     
 -0.39999999999999991        1.0000000000000000      -0.71819407225688103     
 -0.29999999999999993        1.0000000000000000      -0.19412670559777989     
 -0.19999999999999993        1.0000000000000000       0.39975610942786877     
  -9.9999999999999978E-002   1.0000000000000000       0.84497934546164655     
   2.7755575615628914E-017   1.0000000000000000       0.96181838389750518     
  0.10000000000000009        1.0000000000000000       0.71617738862426206     
  0.20000000000000009        1.0000000000000000       0.19038770280651099     
  0.30000000000000016        1.0000000000000000      -0.40247368771240505     
  0.40000000000000013        1.0000000000000000      -0.84886835873527422     
  0.50000000000000011        1.0000000000000000      -0.96502129909118772     
  0.60000000000000009        1.0000000000000000      -0.72050040220318246     
  0.70000000000000007        1.0000000000000000      -0.19407230839143230     
  0.80000000000000004        1.0000000000000000       0.39732241404041968     
  0.90000000000000002        1.0000000000000000       0.84409009816439673     
   1.0000000000000000        1.0000000000000000       0.94482232467152349     
