  -1.0000000000000000       -1.0000000000000000       0.42092634159698622     
 -0.90000000000000002       -1.0000000000000000        6.2690057638364383E-002
 -0.80000000000000004       -1.0000000000000000      -0.31410342228641197     
 -0.69999999999999996       -1.0000000000000000      -0.57175434276095638     
 -0.59999999999999998       -1.0000000000000000      -0.60692189017550069     
 -0.49999999999999994       -1.0000000000000000      -0.41589891974669091     
 -0.39999999999999991       -1.0000000000000000       -5.9042091342761928E-002
 -0.29999999999999993       -1.0000000000000000       0.32633456971957187     
 -0.19999999999999993       -1.0000000000000000       0.59613850935837842     
  -9.9999999999999978E-002  -1.0000000000000000       0.63266110326887381     
   2.7755575615628914E-017  -1.0000000000000000       0.43448682686824125     
  0.10000000000000009       -1.0000000000000000        6.4702959709060065E-002
  0.20000000000000009       -1.0000000000000000      -0.32312491073423816     
  0.30000000000000016       -1.0000000000000000      -0.59274002052918084     
  0.40000000000000013       -1.0000000000000000      -0.62997169024659405     
  0.50000000000000011       -1.0000000000000000      -0.43106715287764574     
  0.60000000000000009       -1.0000000000000000       -6.2296595521922668E-002
  0.70000000000000007       -1.0000000000000000       0.32625487156931776     
  0.80000000000000004       -1.0000000000000000       0.59472993066516133     
  0.90000000000000002       -1.0000000000000000       0.63219079109903720     
   1.0000000000000000       -1.0000000000000000       0.42622809023448616     
  -1.0000000000000000      -0.90000000000000002        6.2690057638363716E-002
 -0.90000000000000002      -0.90000000000000002        9.1032532789682655E-003
 -0.80000000000000004      -0.90000000000000002       -4.7158628188651887E-002
 -0.69999999999999996      -0.90000000000000002       -8.5535163186133217E-002
 -0.59999999999999998      -0.90000000000000002       -9.0626380116911043E-002
 -0.49999999999999994      -0.90000000000000002       -6.1943599532670271E-002
 -0.39999999999999991      -0.90000000000000002       -8.5555379001335287E-003
 -0.29999999999999993      -0.90000000000000002        4.8996710491545144E-002
 -0.19999999999999993      -0.90000000000000002        8.9183111184803932E-002
  -9.9999999999999978E-002 -0.90000000000000002        9.4470673599859667E-002
   2.7755575615628914E-017 -0.90000000000000002        6.4715360987976298E-002
  0.10000000000000009      -0.90000000000000002        9.3946522893448951E-003
  0.20000000000000009      -0.90000000000000002       -4.8514664214361555E-002
  0.30000000000000016      -0.90000000000000002       -8.8674610740236734E-002
  0.40000000000000013      -0.90000000000000002       -9.4066917396363262E-002
  0.50000000000000011      -0.90000000000000002       -6.4203147447333214E-002
  0.60000000000000009      -0.90000000000000002       -9.0333250666204314E-003
  0.70000000000000007      -0.90000000000000002        4.8984383029952561E-002
  0.80000000000000004      -0.90000000000000002        8.8973649350490985E-002
  0.90000000000000002      -0.90000000000000002        9.4400840580843207E-002
   1.0000000000000000      -0.90000000000000002        6.3485523653749723E-002
  -1.0000000000000000      -0.80000000000000004      -0.31410342228640858     
 -0.90000000000000002      -0.80000000000000004       -4.7158628188649541E-002
 -0.80000000000000004      -0.80000000000000004       0.23377761242642250     
 -0.69999999999999996      -0.80000000000000004       0.42603580027923560     
 -0.59999999999999998      -0.80000000000000004       0.45251568135712555     
 -0.49999999999999994      -0.80000000000000004       0.31034814670384481     
 -0.39999999999999991      -0.80000000000000004        4.4443589931622812E-002
 -0.29999999999999993      -0.80000000000000004      -0.24287807844950574     
 -0.19999999999999993      -0.80000000000000004      -0.44420529078641019     
  -9.9999999999999978E-002 -0.80000000000000004      -0.47170518902550357     
   2.7755575615628914E-017 -0.80000000000000004      -0.32421329952506650     
  0.10000000000000009      -0.80000000000000004       -4.8674285386657017E-002
  0.20000000000000009      -0.80000000000000004       0.24048948108409113     
  0.30000000000000016      -0.80000000000000004       0.44167308140768413     
  0.40000000000000013      -0.80000000000000004       0.46970350045840653     
  0.50000000000000011      -0.80000000000000004       0.32166618513494394     
  0.60000000000000009      -0.80000000000000004        4.6883370283522553E-002
  0.70000000000000007      -0.80000000000000004      -0.24281934762067359     
  0.80000000000000004      -0.80000000000000004      -0.44315365905873666     
  0.90000000000000002      -0.80000000000000004      -0.47135388911513643     
   1.0000000000000000      -0.80000000000000004      -0.31805020119785676     
  -1.0000000000000000      -0.69999999999999996      -0.57175434276095094     
 -0.90000000000000002      -0.69999999999999996       -8.5535163186134133E-002
 -0.80000000000000004      -0.69999999999999996       0.42603580027922744     
 -0.69999999999999996      -0.69999999999999996       0.77600322614585049     
 -0.59999999999999998      -0.69999999999999996       0.82401162243192594     
 -0.49999999999999994      -0.69999999999999996       0.56492172345474267     
 -0.39999999999999991      -0.69999999999999996        8.0587257371225365E-002
 -0.29999999999999993      -0.69999999999999996      -0.44262274856378109     
 -0.19999999999999993      -0.69999999999999996      -0.80909811895819084     
  -9.9999999999999978E-002 -0.69999999999999996      -0.85895604838991568     
   2.7755575615628914E-017 -0.69999999999999996      -0.59016456502214831     
  0.10000000000000009      -0.69999999999999996       -8.8283058649567689E-002
  0.20000000000000009      -0.69999999999999996       0.43826956761469038     
  0.30000000000000016      -0.69999999999999996       0.80448571612813202     
  0.40000000000000013      -0.69999999999999996       0.85530820840167743     
  0.50000000000000011      -0.69999999999999996       0.58552429842775089     
  0.60000000000000009      -0.69999999999999996        8.5019243352303861E-002
  0.70000000000000007      -0.69999999999999996      -0.44251524134463605     
  0.80000000000000004      -0.69999999999999996      -0.80718428476219672     
  0.90000000000000002      -0.69999999999999996      -0.85831686494343828     
   1.0000000000000000      -0.69999999999999996      -0.57894625404897060     
  -1.0000000000000000      -0.59999999999999998      -0.60692189017549114     
 -0.90000000000000002      -0.59999999999999998       -9.0626380116908281E-002
 -0.80000000000000004      -0.59999999999999998       0.45251568135713621     
 -0.69999999999999996      -0.59999999999999998       0.82401162243193082     
 -0.59999999999999998      -0.59999999999999998       0.87486635329983620     
 -0.49999999999999994      -0.59999999999999998       0.59967067874776070     
 -0.39999999999999991      -0.59999999999999998        8.5370927207947894E-002
 -0.29999999999999993      -0.59999999999999998      -0.47013483889226665     
 -0.19999999999999993      -0.59999999999999998      -0.85915400528053365     
  -9.9999999999999978E-002 -0.59999999999999998      -0.91196805163689143     
   2.7755575615628914E-017 -0.59999999999999998      -0.62646863424052868     
  0.10000000000000009      -0.59999999999999998       -9.3537186689400822E-002
  0.20000000000000009      -0.59999999999999998       0.46551097545477660     
  0.30000000000000016      -0.59999999999999998       0.85425619052609447     
  0.40000000000000013      -0.59999999999999998       0.90809350151321899     
  0.50000000000000011      -0.59999999999999998       0.62154083576600383     
  0.60000000000000009      -0.59999999999999998        9.0070480987431034E-002
  0.70000000000000007      -0.59999999999999998      -0.47002038591890405     
  0.80000000000000004      -0.59999999999999998      -0.85712268966646354     
  0.90000000000000002      -0.59999999999999998      -0.91128970769740913     
   1.0000000000000000      -0.59999999999999998      -0.61456042640716702     
  -1.0000000000000000      -0.49999999999999994      -0.41589891974669208     
 -0.90000000000000002      -0.49999999999999994       -6.1943599532671610E-002
 -0.80000000000000004      -0.49999999999999994       0.31034814670384264     
 -0.69999999999999996      -0.49999999999999994       0.56492172345474367     
 -0.59999999999999998      -0.49999999999999994       0.59967067874775770     
 -0.49999999999999994      -0.49999999999999994       0.41093152141989525     
 -0.39999999999999991      -0.49999999999999994        5.8339246835498217E-002
 -0.29999999999999993      -0.49999999999999994      -0.32243304716819687     
 -0.19999999999999993      -0.49999999999999994      -0.58901449220094171     
  -9.9999999999999978E-002 -0.49999999999999994      -0.62510236342884951     
   2.7755575615628914E-017 -0.49999999999999994      -0.42929738658693123     
  0.10000000000000009      -0.49999999999999994       -6.3932542535075756E-002
  0.20000000000000009      -0.49999999999999994       0.31926176292476194     
  0.30000000000000016      -0.49999999999999994       0.58565661704213146     
  0.40000000000000013      -0.49999999999999994       0.62244510354276783     
  0.50000000000000011      -0.49999999999999994       0.42591858477862576     
  0.60000000000000009      -0.49999999999999994        6.1554948142057864E-002
  0.70000000000000007      -0.49999999999999994      -0.32235430540727900     
  0.80000000000000004      -0.49999999999999994      -0.58762273398930620     
  0.90000000000000002      -0.49999999999999994      -0.62463766644486995     
   1.0000000000000000      -0.49999999999999994      -0.42113728827291597     
  -1.0000000000000000      -0.39999999999999991       -5.9042091342749688E-002
 -0.90000000000000002      -0.39999999999999991       -8.5555379001322224E-003
 -0.80000000000000004      -0.39999999999999991        4.4443589931625158E-002
 -0.69999999999999996      -0.39999999999999991        8.0587257371223103E-002
 -0.59999999999999998      -0.39999999999999991        8.5370927207958275E-002
 -0.49999999999999994      -0.39999999999999991        5.8339246835496059E-002
 -0.39999999999999991      -0.39999999999999991        8.0393548704485816E-003
 -0.29999999999999993      -0.39999999999999991       -4.6175981686542716E-002
 -0.19999999999999993      -0.39999999999999991       -8.4024188156321913E-002
  -9.9999999999999978E-002 -0.39999999999999991       -8.8992356607805301E-002
   2.7755575615628914E-017 -0.39999999999999991       -6.0949980113668180E-002
  0.10000000000000009      -0.39999999999999991       -8.8293335513282088E-003
  0.20000000000000009      -0.39999999999999991        4.5721675799517587E-002
  0.30000000000000016      -0.39999999999999991        8.3545096292046817E-002
  0.40000000000000013      -0.39999999999999991        8.8611847526907012E-002
  0.50000000000000011      -0.39999999999999991        6.0467348160082812E-002
  0.60000000000000009      -0.39999999999999991        8.4888054022914019E-003
  0.70000000000000007      -0.39999999999999991       -4.6164336221534576E-002
  0.80000000000000004      -0.39999999999999991       -8.3826939892752875E-002
  0.90000000000000002      -0.39999999999999991       -8.8926603542311772E-002
   1.0000000000000000      -0.39999999999999991       -5.9791720199024866E-002
  -1.0000000000000000      -0.29999999999999993       0.32633456971957170     
 -0.90000000000000002      -0.29999999999999993        4.8996710491545796E-002
 -0.80000000000000004      -0.29999999999999993      -0.24287807844950501     
 -0.69999999999999996      -0.29999999999999993      -0.44262274856378081     
 -0.59999999999999998      -0.29999999999999993      -0.47013483889226260     
 -0.49999999999999994      -0.29999999999999993      -0.32243304716819504     
 -0.39999999999999991      -0.29999999999999993       -4.6175981686538851E-002
 -0.29999999999999993      -0.29999999999999993       0.25233279341350878     
 -0.19999999999999993      -0.29999999999999993       0.46149963561216040     
  -9.9999999999999978E-002 -0.29999999999999993       0.49007150299006197     
   2.7755575615628914E-017 -0.29999999999999993       0.33683808207126287     
  0.10000000000000009      -0.29999999999999993        5.0571449419295124E-002
  0.20000000000000009      -0.29999999999999993      -0.24985121420010542     
  0.30000000000000016      -0.29999999999999993      -0.45886883976543613     
  0.40000000000000013      -0.29999999999999993      -0.48799189275360172     
  0.50000000000000011      -0.29999999999999993      -0.33419180495470974     
  0.60000000000000009      -0.29999999999999993       -4.8710818116417483E-002
  0.70000000000000007      -0.29999999999999993       0.25227177901155873     
  0.80000000000000004      -0.29999999999999993       0.46040705108501506     
  0.90000000000000002      -0.29999999999999993       0.48970652193236763     
   1.0000000000000000      -0.29999999999999993       0.33043499225569445     
  -1.0000000000000000      -0.19999999999999993       0.59613850935837087     
 -0.90000000000000002      -0.19999999999999993        8.9183111184800157E-002
 -0.80000000000000004      -0.19999999999999993      -0.44420529078642379     
 -0.69999999999999996      -0.19999999999999993      -0.80909811895819406     
 -0.59999999999999998      -0.19999999999999993      -0.85915400528053298     
 -0.49999999999999994      -0.19999999999999993      -0.58901449220094204     
 -0.39999999999999991      -0.19999999999999993       -8.4024188156311033E-002
 -0.29999999999999993      -0.19999999999999993       0.46149963561216373     
 -0.19999999999999993      -0.19999999999999993       0.84360443880866798     
  -9.9999999999999978E-002 -0.19999999999999993       0.89558873820370577     
   2.7755575615628914E-017 -0.19999999999999993       0.61533388925521160     
  0.10000000000000009      -0.19999999999999993        9.2048200502949054E-002
  0.20000000000000009      -0.19999999999999993      -0.45696080105986309     
  0.30000000000000016      -0.19999999999999993      -0.83879532678152202     
  0.40000000000000013      -0.19999999999999993      -0.89178532584918946     
  0.50000000000000011      -0.19999999999999993      -0.61049572523240492     
  0.60000000000000009      -0.19999999999999993       -8.8645190632839807E-002
  0.70000000000000007      -0.19999999999999993       0.46138754350825278     
  0.80000000000000004      -0.19999999999999993       0.84160898338965762     
  0.90000000000000002      -0.19999999999999993       0.89492229482905072     
   1.0000000000000000      -0.19999999999999993       0.60363713993423362     
  -1.0000000000000000       -9.9999999999999978E-002  0.63266110326886904     
 -0.90000000000000002       -9.9999999999999978E-002   9.4470673599860722E-002
 -0.80000000000000004       -9.9999999999999978E-002 -0.47170518902550113     
 -0.69999999999999996       -9.9999999999999978E-002 -0.85895604838991413     
 -0.59999999999999998       -9.9999999999999978E-002 -0.91196805163688899     
 -0.49999999999999994       -9.9999999999999978E-002 -0.62510236342884873     
 -0.39999999999999991       -9.9999999999999978E-002  -8.8992356607808173E-002
 -0.29999999999999993       -9.9999999999999978E-002  0.49007150299006508     
 -0.19999999999999993       -9.9999999999999978E-002  0.89558873820370610     
  -9.9999999999999978E-002  -9.9999999999999978E-002  0.95064317100699314     
   2.7755575615628914E-017  -9.9999999999999978E-002  0.65303679220561250     
  0.10000000000000009       -9.9999999999999978E-002   9.7504957468773010E-002
  0.20000000000000009       -9.9999999999999978E-002 -0.48525155926332109     
  0.30000000000000016       -9.9999999999999978E-002 -0.89048321876443015     
  0.40000000000000013       -9.9999999999999978E-002 -0.94660431552120550     
  0.50000000000000011       -9.9999999999999978E-002 -0.64790001955158005     
  0.60000000000000009       -9.9999999999999978E-002  -9.3891241804492737E-002
  0.70000000000000007       -9.9999999999999978E-002  0.48995219785030025     
  0.80000000000000004       -9.9999999999999978E-002  0.89347127442891494     
  0.90000000000000002       -9.9999999999999978E-002  0.94993605808237025     
   1.0000000000000000       -9.9999999999999978E-002  0.64062356338333848     
  -1.0000000000000000        2.7755575615628914E-017  0.43448682686822931     
 -0.90000000000000002        2.7755575615628914E-017   6.4715360987973355E-002
 -0.80000000000000004        2.7755575615628914E-017 -0.32421329952507505     
 -0.69999999999999996        2.7755575615628914E-017 -0.59016456502214931     
 -0.59999999999999998        2.7755575615628914E-017 -0.62646863424053101     
 -0.49999999999999994        2.7755575615628914E-017 -0.42929738658693467     
 -0.39999999999999991        2.7755575615628914E-017  -6.0949980113659909E-002
 -0.29999999999999993        2.7755575615628914E-017  0.33683808207126920     
 -0.19999999999999993        2.7755575615628914E-017  0.61533388925521881     
  -9.9999999999999978E-002   2.7755575615628914E-017  0.65303679220561051     
   2.7755575615628914E-017   2.7755575615628914E-017  0.44848403542140147     
  0.10000000000000009        2.7755575615628914E-017   6.6793314947324947E-002
  0.20000000000000009        2.7755575615628914E-017 -0.33352511932726975     
  0.30000000000000016        2.7755575615628914E-017 -0.61182597267643080     
  0.40000000000000013        2.7755575615628914E-017 -0.65026081588903972     
  0.50000000000000011        2.7755575615628914E-017 -0.44495426478430056     
  0.60000000000000009        2.7755575615628914E-017  -6.4309499424645519E-002
  0.70000000000000007        2.7755575615628914E-017  0.33675582753624145     
  0.80000000000000004        2.7755575615628914E-017  0.61387992417852422     
  0.90000000000000002        2.7755575615628914E-017  0.65255132336650967     
   1.0000000000000000        2.7755575615628914E-017  0.43995923278807492     
  -1.0000000000000000       0.10000000000000009        6.4702959709061383E-002
 -0.90000000000000002       0.10000000000000009        9.3946522893456133E-003
 -0.80000000000000004       0.10000000000000009       -4.8674285386658148E-002
 -0.69999999999999996       0.10000000000000009       -8.8283058649568008E-002
 -0.59999999999999998       0.10000000000000009       -9.3537186689400642E-002
 -0.49999999999999994       0.10000000000000009       -6.3932542535075909E-002
 -0.39999999999999991       0.10000000000000009       -8.8293335513286615E-003
 -0.29999999999999993       0.10000000000000009        5.0571449419295859E-002
 -0.19999999999999993       0.10000000000000009        9.2048200502952579E-002
  -9.9999999999999978E-002  0.10000000000000009        9.7504957468774023E-002
   2.7755575615628914E-017  0.10000000000000009        6.6793314947325960E-002
  0.10000000000000009       0.10000000000000009        9.6953755858399295E-003
  0.20000000000000009       0.10000000000000009       -5.0073909777118175E-002
  0.30000000000000016       0.10000000000000009       -9.1523363697351368E-002
  0.40000000000000013       0.10000000000000009       -9.7088224814814106E-002
  0.50000000000000011       0.10000000000000009       -6.6264643678002194E-002
  0.60000000000000009       0.10000000000000009       -9.3224352917363092E-003
  0.70000000000000007       0.10000000000000009        5.0558724376930854E-002
  0.80000000000000004       0.10000000000000009        9.1832014340128054E-002
  0.90000000000000002       0.10000000000000009        9.7432883007950388E-002
   1.0000000000000000       0.10000000000000009        6.5523989639575633E-002
  -1.0000000000000000       0.20000000000000009      -0.32312491073423949     
 -0.90000000000000002       0.20000000000000009       -4.8514664214359363E-002
 -0.80000000000000004       0.20000000000000009       0.24048948108409174     
 -0.69999999999999996       0.20000000000000009       0.43826956761469432     
 -0.59999999999999998       0.20000000000000009       0.46551097545476383     
 -0.49999999999999994       0.20000000000000009       0.31926176292476327     
 -0.39999999999999991       0.20000000000000009        4.5721675799518711E-002
 -0.29999999999999993       0.20000000000000009      -0.24985121420010228     
 -0.19999999999999993       0.20000000000000009      -0.45696080105984227     
  -9.9999999999999978E-002  0.20000000000000009      -0.48525155926332247     
   2.7755575615628914E-017  0.20000000000000009      -0.33352511932726103     
  0.10000000000000009       0.20000000000000009       -5.0073909777118369E-002
  0.20000000000000009       0.20000000000000009       0.24739404019351316     
  0.30000000000000016       0.20000000000000009       0.45435587897919233     
  0.40000000000000013       0.20000000000000009       0.48319240108684497     
  0.50000000000000011       0.20000000000000009       0.33090486792789836     
  0.60000000000000009       0.20000000000000009        4.8231576998995468E-002
  0.70000000000000007       0.20000000000000009      -0.24979079965261949     
  0.80000000000000004       0.20000000000000009      -0.45587896282659923     
  0.90000000000000002       0.20000000000000009      -0.48489016810915897     
   1.0000000000000000       0.20000000000000009      -0.32718500719108551     
  -1.0000000000000000       0.30000000000000016      -0.59274002052918007     
 -0.90000000000000002       0.30000000000000016       -8.8674610740236817E-002
 -0.80000000000000004       0.30000000000000016       0.44167308140768352     
 -0.69999999999999996       0.30000000000000016       0.80448571612812936     
 -0.59999999999999998       0.30000000000000016       0.85425619052609503     
 -0.49999999999999994       0.30000000000000016       0.58565661704212890     
 -0.39999999999999991       0.30000000000000016        8.3545096292047399E-002
 -0.29999999999999993       0.30000000000000016      -0.45886883976543646     
 -0.19999999999999993       0.30000000000000016      -0.83879532678152280     
  -9.9999999999999978E-002  0.30000000000000016      -0.89048321876442771     
   2.7755575615628914E-017  0.30000000000000016      -0.61182597267643102     
  0.10000000000000009       0.30000000000000016       -9.1523363697350216E-002
  0.20000000000000009       0.30000000000000016       0.45435587897919449     
  0.30000000000000016       0.30000000000000016       0.83401362989990779     
  0.40000000000000013       0.30000000000000016       0.88670148791931946     
  0.50000000000000011       0.30000000000000016       0.60701538922882659     
  0.60000000000000009       0.30000000000000016        8.8139752819958853E-002
  0.70000000000000007       0.30000000000000016      -0.45875738652532527     
  0.80000000000000004       0.30000000000000016      -0.83681124724347555     
  0.90000000000000002       0.30000000000000016      -0.88982057475245524     
   1.0000000000000000       0.30000000000000016      -0.60019590470277073     
  -1.0000000000000000       0.40000000000000013      -0.62997169024657784     
 -0.90000000000000002       0.40000000000000013       -9.4066917396360500E-002
 -0.80000000000000004       0.40000000000000013       0.46970350045842363     
 -0.69999999999999996       0.40000000000000013       0.85530820840168109     
 -0.59999999999999998       0.40000000000000013       0.90809350151322832     
 -0.49999999999999994       0.40000000000000013       0.62244510354277161     
 -0.39999999999999991       0.40000000000000013        8.8611847526905901E-002
 -0.29999999999999993       0.40000000000000013      -0.48799189275360649     
 -0.19999999999999993       0.40000000000000013      -0.89178532584919534     
  -9.9999999999999978E-002  0.40000000000000013      -0.94660431552120516     
   2.7755575615628914E-017  0.40000000000000013      -0.65026081588904661     
  0.10000000000000009       0.40000000000000013       -9.7088224814814508E-002
  0.20000000000000009       0.40000000000000013       0.48319240108685879     
  0.30000000000000016       0.40000000000000013       0.88670148791931902     
  0.40000000000000013       0.40000000000000013       0.94258259921583232     
  0.50000000000000011       0.40000000000000013       0.64514585242538525     
  0.60000000000000009       0.40000000000000013        9.3489843625602295E-002
  0.70000000000000007       0.40000000000000013      -0.48787309052931038     
  0.80000000000000004       0.40000000000000013      -0.88967686631012555     
  0.90000000000000002       0.40000000000000013      -0.94590021047136785     
   1.0000000000000000       0.40000000000000013      -0.63790035667304612     
  -1.0000000000000000       0.50000000000000011      -0.43106715287764774     
 -0.90000000000000002       0.50000000000000011       -6.4203147447334727E-002
 -0.80000000000000004       0.50000000000000011       0.32166618513494327     
 -0.69999999999999996       0.50000000000000011       0.58552429842774911     
 -0.59999999999999998       0.50000000000000011       0.62154083576600483     
 -0.49999999999999994       0.50000000000000011       0.42591858477862438     
 -0.39999999999999991       0.50000000000000011        6.0467348160084623E-002
 -0.29999999999999993       0.50000000000000011      -0.33419180495471001     
 -0.19999999999999993       0.50000000000000011      -0.61049572523241058     
  -9.9999999999999978E-002  0.50000000000000011      -0.64790001955158016     
   2.7755575615628914E-017  0.50000000000000011      -0.44495426478430128     
  0.10000000000000009       0.50000000000000011       -6.6264643678001639E-002
  0.20000000000000009       0.50000000000000011       0.33090486792790064     
  0.30000000000000016       0.50000000000000011       0.60701538922882958     
  0.40000000000000013       0.50000000000000011       0.64514585242538880     
  0.50000000000000011       0.50000000000000011       0.44145223988955251     
  0.60000000000000009       0.50000000000000011        6.3800341253283585E-002
  0.70000000000000007       0.50000000000000011      -0.33411019220609456     
  0.80000000000000004       0.50000000000000011      -0.60905320770195337     
  0.90000000000000002       0.50000000000000011      -0.64741837425585580     
   1.0000000000000000       0.50000000000000011      -0.43649655957593725     
  -1.0000000000000000       0.60000000000000009       -6.2296595521921343E-002
 -0.90000000000000002       0.60000000000000009       -9.0333250666208426E-003
 -0.80000000000000004       0.60000000000000009        4.6883370283543717E-002
 -0.69999999999999996       0.60000000000000009        8.5019243352302334E-002
 -0.59999999999999998       0.60000000000000009        9.0070480987455626E-002
 -0.49999999999999994       0.60000000000000009        6.1554948142059376E-002
 -0.39999999999999991       0.60000000000000009        8.4888054022790385E-003
 -0.29999999999999993       0.60000000000000009       -4.8710818116421591E-002
 -0.19999999999999993       0.60000000000000009       -8.8645190632874321E-002
  -9.9999999999999978E-002  0.60000000000000009       -9.3891241804490128E-002
   2.7755575615628914E-017  0.60000000000000009       -6.4309499424652541E-002
  0.10000000000000009       0.60000000000000009       -9.3224352917364289E-003
  0.20000000000000009       0.60000000000000009        4.8231576999021392E-002
  0.30000000000000016       0.60000000000000009        8.8139752819959324E-002
  0.40000000000000013       0.60000000000000009        9.3489843625623403E-002
  0.50000000000000011       0.60000000000000009        6.3800341253284099E-002
  0.60000000000000009       0.60000000000000009        8.9632148350792494E-003
  0.70000000000000007       0.60000000000000009       -4.8698542952157690E-002
  0.80000000000000004       0.60000000000000009       -8.8437061140279258E-002
  0.90000000000000002       0.60000000000000009       -9.3821858720368967E-002
   1.0000000000000000       0.60000000000000009       -6.3087390069618401E-002
  -1.0000000000000000       0.70000000000000007       0.32625487156931682     
 -0.90000000000000002       0.70000000000000007        4.8984383029952110E-002
 -0.80000000000000004       0.70000000000000007      -0.24281934762067323     
 -0.69999999999999996       0.70000000000000007      -0.44251524134463510     
 -0.59999999999999998       0.70000000000000007      -0.47002038591890599     
 -0.49999999999999994       0.70000000000000007      -0.32235430540727728     
 -0.39999999999999991       0.70000000000000007       -4.6164336221535082E-002
 -0.29999999999999993       0.70000000000000007       0.25227177901155784     
 -0.19999999999999993       0.70000000000000007       0.46138754350825245     
  -9.9999999999999978E-002  0.70000000000000007       0.48995219785029825     
   2.7755575615628914E-017  0.70000000000000007       0.33675582753624406     
  0.10000000000000009       0.70000000000000007        5.0558724376929973E-002
  0.20000000000000009       0.70000000000000007      -0.24979079965261991     
  0.30000000000000016       0.70000000000000007      -0.45875738652532400     
  0.40000000000000013       0.70000000000000007      -0.48787309052931088     
  0.50000000000000011       0.70000000000000007      -0.33411019220609284     
  0.60000000000000009       0.70000000000000007       -4.8698542952157406E-002
  0.70000000000000007       0.70000000000000007       0.25221077880837178     
  0.80000000000000004       0.70000000000000007       0.46029522631451780     
  0.90000000000000002       0.70000000000000007       0.48958730626070002     
   1.0000000000000000       0.70000000000000007       0.33035430177746672     
  -1.0000000000000000       0.80000000000000004       0.59472993066516611     
 -0.90000000000000002       0.80000000000000004        8.8973649350488571E-002
 -0.80000000000000004       0.80000000000000004      -0.44315365905875764     
 -0.69999999999999996       0.80000000000000004      -0.80718428476220605     
 -0.59999999999999998       0.80000000000000004      -0.85712268966648009     
 -0.49999999999999994       0.80000000000000004      -0.58762273398931009     
 -0.39999999999999991       0.80000000000000004       -8.3826939892751820E-002
 -0.29999999999999993       0.80000000000000004       0.46040705108501839     
 -0.19999999999999993       0.80000000000000004       0.84160898338967005     
  -9.9999999999999978E-002  0.80000000000000004       0.89347127442892038     
   2.7755575615628914E-017  0.80000000000000004       0.61387992417853432     
  0.10000000000000009       0.80000000000000004        9.1832014340127555E-002
  0.20000000000000009       0.80000000000000004      -0.45587896282661933     
  0.30000000000000016       0.80000000000000004      -0.83681124724347766     
  0.40000000000000013       0.80000000000000004      -0.88967686631012666     
  0.50000000000000011       0.80000000000000004      -0.60905320770195459     
  0.60000000000000009       0.80000000000000004       -8.8437061140255249E-002
  0.70000000000000007       0.80000000000000004       0.46029522631451858     
  0.80000000000000004       0.80000000000000004       0.83961824116027461     
  0.90000000000000002       0.80000000000000004       0.89280640460330296     
   1.0000000000000000       0.80000000000000004       0.60221081148561717     
  -1.0000000000000000       0.90000000000000002       0.63219079109903631     
 -0.90000000000000002       0.90000000000000002        9.4400840580845594E-002
 -0.80000000000000004       0.90000000000000002      -0.47135388911513143     
 -0.69999999999999996       0.90000000000000002      -0.85831686494343473     
 -0.59999999999999998       0.90000000000000002      -0.91128970769740936     
 -0.49999999999999994       0.90000000000000002      -0.62463766644486807     
 -0.39999999999999991       0.90000000000000002       -8.8926603542317406E-002
 -0.29999999999999993       0.90000000000000002       0.48970652193236691     
 -0.19999999999999993       0.90000000000000002       0.89492229482904884     
  -9.9999999999999978E-002  0.90000000000000002       0.94993605808236659     
   2.7755575615628914E-017  0.90000000000000002       0.65255132336651112     
  0.10000000000000009       0.90000000000000002        9.7432883007949903E-002
  0.20000000000000009       0.90000000000000002      -0.48489016810915619     
  0.30000000000000016       0.90000000000000002      -0.88982057475245402     
  0.40000000000000013       0.90000000000000002      -0.94590021047136763     
  0.50000000000000011       0.90000000000000002      -0.64741837425585436     
  0.60000000000000009       0.90000000000000002       -9.3821858720371201E-002
  0.70000000000000007       0.90000000000000002       0.48958730626069991     
  0.80000000000000004       0.90000000000000002       0.89280640460329586     
  0.90000000000000002       0.90000000000000002       0.94922947045835704     
   1.0000000000000000       0.90000000000000002       0.64014732210991165     
  -1.0000000000000000        1.0000000000000000       0.42622809023446218     
 -0.90000000000000002        1.0000000000000000        6.3485523653748419E-002
 -0.80000000000000004        1.0000000000000000      -0.31805020119786009     
 -0.69999999999999996        1.0000000000000000      -0.57894625404896660     
 -0.59999999999999998        1.0000000000000000      -0.61456042640716479     
 -0.49999999999999994        1.0000000000000000      -0.42113728827291724     
 -0.39999999999999991        1.0000000000000000       -5.9791720199021271E-002
 -0.29999999999999993        1.0000000000000000       0.33043499225569767     
 -0.19999999999999993        1.0000000000000000       0.60363713993423440     
  -9.9999999999999978E-002   1.0000000000000000       0.64062356338333559     
   2.7755575615628914E-017   1.0000000000000000       0.43995923278806981     
  0.10000000000000009        1.0000000000000000        6.5523989639574828E-002
  0.20000000000000009        1.0000000000000000      -0.32718500719109134     
  0.30000000000000016        1.0000000000000000      -0.60019590470276729     
  0.40000000000000013        1.0000000000000000      -0.63790035667303158     
  0.50000000000000011        1.0000000000000000      -0.43649655957593286     
  0.60000000000000009        1.0000000000000000       -6.3087390069608076E-002
  0.70000000000000007        1.0000000000000000       0.33035430177746516     
  0.80000000000000004        1.0000000000000000       0.60221081148559996     
  0.90000000000000002        1.0000000000000000       0.64014732210990788     
   1.0000000000000000        1.0000000000000000       0.43159646970963744     
