  -1.0000000000000000       -1.0000000000000000       0.31178703908587174     
 -0.90000000000000002       -1.0000000000000000       -1.4367038615176500E-002
 -0.80000000000000004       -1.0000000000000000      -0.34144003457390221     
 -0.69999999999999996       -1.0000000000000000      -0.53511884760869832     
 -0.59999999999999998       -1.0000000000000000      -0.52650646751028829     
 -0.49999999999999994       -1.0000000000000000      -0.31662525935931790     
 -0.39999999999999991       -1.0000000000000000        1.4087094913718342E-002
 -0.29999999999999993       -1.0000000000000000       0.33938863615478698     
 -0.19999999999999993       -1.0000000000000000       0.53509329949958995     
  -9.9999999999999978E-002  -1.0000000000000000       0.52637684021525355     
   2.7755575615628914E-017  -1.0000000000000000       0.31667747407314822     
  0.10000000000000009       -1.0000000000000000       -1.4062467141655842E-002
  0.20000000000000009       -1.0000000000000000      -0.33930989345459522     
  0.30000000000000016       -1.0000000000000000      -0.53506641241059816     
  0.40000000000000013       -1.0000000000000000      -0.52639054614090353     
  0.50000000000000011       -1.0000000000000000      -0.31664986718177607     
  0.60000000000000009       -1.0000000000000000        1.3706893823515080E-002
  0.70000000000000007       -1.0000000000000000       0.33928802944447495     
  0.80000000000000004       -1.0000000000000000       0.53410548136067404     
  0.90000000000000002       -1.0000000000000000       0.52592082002483931     
   1.0000000000000000       -1.0000000000000000       0.31031612655034702     
  -1.0000000000000000      -0.90000000000000002       -1.4367038615176507E-002
 -0.90000000000000002      -0.90000000000000002        6.0914774649078215E-004
 -0.80000000000000004      -0.90000000000000002        1.5646261224516646E-002
 -0.69999999999999996      -0.90000000000000002        2.4571082348391952E-002
 -0.59999999999999998      -0.90000000000000002        2.4207411695023339E-002
 -0.49999999999999994      -0.90000000000000002        1.4589769658907261E-002
 -0.39999999999999991      -0.90000000000000002       -5.9554491912449932E-004
 -0.29999999999999993      -0.90000000000000002       -1.5552025605146482E-002
 -0.19999999999999993      -0.90000000000000002       -2.4569912143185445E-002
  -9.9999999999999978E-002 -0.90000000000000002       -2.4201335394549130E-002
   2.7755575615628914E-017 -0.90000000000000002       -1.4592169330786737E-002
  0.10000000000000009      -0.90000000000000002        5.9443967066462398E-004
  0.20000000000000009      -0.90000000000000002        1.5548449082733555E-002
  0.30000000000000016      -0.90000000000000002        2.4568663627103995E-002
  0.40000000000000013      -0.90000000000000002        2.4202173252226199E-002
  0.50000000000000011      -0.90000000000000002        1.4590924186264093E-002
  0.60000000000000009      -0.90000000000000002       -5.7773276479717412E-004
  0.70000000000000007      -0.90000000000000002       -1.5547349288133918E-002
  0.80000000000000004      -0.90000000000000002       -2.4524144019967439E-002
  0.90000000000000002      -0.90000000000000002       -2.4180330740484989E-002
   1.0000000000000000      -0.90000000000000002       -1.4299083297621062E-002
  -1.0000000000000000      -0.80000000000000004      -0.34144003457390143     
 -0.90000000000000002      -0.80000000000000004        1.5646261224517299E-002
 -0.80000000000000004      -0.80000000000000004       0.37376950703782591     
 -0.69999999999999996      -0.80000000000000004       0.58586872536254964     
 -0.59999999999999998      -0.80000000000000004       0.57649195891516369     
 -0.49999999999999994      -0.80000000000000004       0.34673805110999717     
 -0.39999999999999991      -0.80000000000000004       -1.5338533926574791E-002
 -0.29999999999999993      -0.80000000000000004      -0.37152348869212637     
 -0.19999999999999993      -0.80000000000000004      -0.58584075906515232     
  -9.9999999999999978E-002 -0.80000000000000004      -0.57634983319307509     
   2.7755575615628914E-017 -0.80000000000000004      -0.34679522129643386     
  0.10000000000000009      -0.80000000000000004        1.5311612668526124E-002
  0.20000000000000009      -0.80000000000000004       0.37143734262089989     
  0.30000000000000016      -0.80000000000000004       0.58581129906248663     
  0.40000000000000013      -0.80000000000000004       0.57636518272428083     
  0.50000000000000011      -0.80000000000000004       0.34676503327051084     
  0.60000000000000009      -0.80000000000000004       -1.4921690801005881E-002
  0.70000000000000007      -0.80000000000000004      -0.37141324702719142     
  0.80000000000000004      -0.80000000000000004      -0.58475858110020340     
  0.90000000000000002      -0.80000000000000004      -0.57585045665611578     
   1.0000000000000000      -0.80000000000000004      -0.33982893814023596     
  -1.0000000000000000      -0.69999999999999996      -0.53511884760869688     
 -0.90000000000000002      -0.69999999999999996        2.4571082348390512E-002
 -0.80000000000000004      -0.69999999999999996       0.58586872536254686     
 -0.69999999999999996      -0.69999999999999996       0.91827917459062669     
 -0.59999999999999998      -0.69999999999999996       0.90355238285791162     
 -0.49999999999999994      -0.69999999999999996       0.54342231611464087     
 -0.39999999999999991      -0.69999999999999996       -2.4089459216545650E-002
 -0.29999999999999993      -0.69999999999999996      -0.58234839907663083     
 -0.19999999999999993      -0.69999999999999996      -0.91823533805704161     
  -9.9999999999999978E-002 -0.69999999999999996      -0.90332973436390096     
   2.7755575615628914E-017 -0.69999999999999996      -0.54351192154924544     
  0.10000000000000009      -0.69999999999999996        2.4047239353757209E-002
  0.20000000000000009      -0.69999999999999996       0.58221333870863490     
  0.30000000000000016      -0.69999999999999996       0.91818917610944462     
  0.40000000000000013      -0.69999999999999996       0.90335359721547070     
  0.50000000000000011      -0.69999999999999996       0.54346458432873890     
  0.60000000000000009      -0.69999999999999996       -2.3436440127716469E-002
  0.70000000000000007      -0.69999999999999996      -0.58217566171597801     
  0.80000000000000004      -0.69999999999999996      -0.91653953870435223     
  0.90000000000000002      -0.69999999999999996      -0.90254708287882246     
   1.0000000000000000      -0.69999999999999996      -0.53259403642037262     
  -1.0000000000000000      -0.59999999999999998      -0.52650646751028574     
 -0.90000000000000002      -0.59999999999999998        2.4207411695024723E-002
 -0.80000000000000004      -0.59999999999999998       0.57649195891518357     
 -0.69999999999999996      -0.59999999999999998       0.90355238285791506     
 -0.59999999999999998      -0.59999999999999998       0.88904266279604893     
 -0.49999999999999994      -0.59999999999999998       0.53467642494886047     
 -0.39999999999999991      -0.59999999999999998       -2.3733962584364832E-002
 -0.29999999999999993      -0.59999999999999998      -0.57302811435193235     
 -0.19999999999999993      -0.59999999999999998      -0.90350924761084161     
  -9.9999999999999978E-002 -0.59999999999999998      -0.88882365966241605     
   2.7755575615628914E-017 -0.59999999999999998      -0.53476459206905691     
  0.10000000000000009      -0.59999999999999998        2.3692404436185248E-002
  0.20000000000000009      -0.59999999999999998       0.57289519648677267     
  0.30000000000000016      -0.59999999999999998       0.90346383436018707     
  0.40000000000000013      -0.59999999999999998       0.88884701446193470     
  0.50000000000000011      -0.59999999999999998       0.53471800049793805     
  0.60000000000000009      -0.59999999999999998       -2.3091629284570959E-002
  0.70000000000000007      -0.59999999999999998      -0.57285818136341793     
  0.80000000000000004      -0.59999999999999998      -0.90184089116446398     
  0.90000000000000002      -0.59999999999999998      -0.88805359926175531     
   1.0000000000000000      -0.59999999999999998      -0.52402239736439615     
  -1.0000000000000000      -0.49999999999999994      -0.31662525935931962     
 -0.90000000000000002      -0.49999999999999994        1.4589769658906663E-002
 -0.80000000000000004      -0.49999999999999994       0.34673805110999589     
 -0.69999999999999996      -0.49999999999999994       0.54342231611464176     
 -0.59999999999999998      -0.49999999999999994       0.53467642494885881     
 -0.49999999999999994      -0.49999999999999994       0.32153855686935462     
 -0.39999999999999991      -0.49999999999999994       -1.4305479048799537E-002
 -0.29999999999999993      -0.49999999999999994      -0.34465482086174409     
 -0.19999999999999993      -0.49999999999999994      -0.54339637158555820     
  -9.9999999999999978E-002 -0.49999999999999994      -0.53454478572027264     
   2.7755575615628914E-017 -0.49999999999999994      -0.32159158181039643     
  0.10000000000000009      -0.49999999999999994        1.4280469228839267E-002
  0.20000000000000009      -0.49999999999999994       0.34457485646369973     
  0.30000000000000016      -0.49999999999999994       0.54336906723205136     
  0.40000000000000013      -0.49999999999999994       0.53455870515915838     
  0.50000000000000011      -0.49999999999999994       0.32156354663160908     
  0.60000000000000009      -0.49999999999999994       -1.3919376932983830E-002
  0.70000000000000007      -0.49999999999999994      -0.34455265280348496     
  0.80000000000000004      -0.49999999999999994      -0.54239322376913512     
  0.90000000000000002      -0.49999999999999994      -0.53408168917597387     
   1.0000000000000000      -0.49999999999999994      -0.31513152092413121     
  -1.0000000000000000      -0.39999999999999991        1.4087094913722708E-002
 -0.90000000000000002      -0.39999999999999991       -5.9554491912414782E-004
 -0.80000000000000004      -0.39999999999999991       -1.5338533926577020E-002
 -0.69999999999999996      -0.39999999999999991       -2.4089459216547631E-002
 -0.59999999999999998      -0.39999999999999991       -2.3733962584355995E-002
 -0.49999999999999994      -0.39999999999999991       -1.4305479048799294E-002
 -0.39999999999999991      -0.39999999999999991        5.8218410892410955E-004
 -0.29999999999999993      -0.39999999999999991        1.5246144066373401E-002
 -0.19999999999999993      -0.39999999999999991        2.4088312041211327E-002
  -9.9999999999999978E-002 -0.39999999999999991        2.3728001292109478E-002
   2.7755575615628914E-017 -0.39999999999999991        1.4307831754967767E-002
  0.10000000000000009      -0.39999999999999991       -5.8110136389246368E-004
  0.20000000000000009      -0.39999999999999991       -1.5242638931762706E-002
  0.30000000000000016      -0.39999999999999991       -2.4087087538587189E-002
  0.40000000000000013      -0.39999999999999991       -2.3728829583285128E-002
  0.50000000000000011      -0.39999999999999991       -1.4306611755425176E-002
  0.60000000000000009      -0.39999999999999991        5.6470943013555363E-004
  0.70000000000000007      -0.39999999999999991        1.5241557542906837E-002
  0.80000000000000004      -0.39999999999999991        2.4043427522863786E-002
  0.90000000000000002      -0.39999999999999991        2.3707406195940781E-002
   1.0000000000000000      -0.39999999999999991        1.4020457934101947E-002
  -1.0000000000000000      -0.29999999999999993       0.33938863615478687     
 -0.90000000000000002      -0.29999999999999993       -1.5552025605145875E-002
 -0.80000000000000004      -0.29999999999999993      -0.37152348869212670     
 -0.69999999999999996      -0.29999999999999993      -0.58234839907663061     
 -0.59999999999999998      -0.29999999999999993      -0.57302811435193168     
 -0.49999999999999994      -0.29999999999999993      -0.34465482086174282     
 -0.39999999999999991      -0.29999999999999993        1.5246144066373648E-002
 -0.29999999999999993      -0.29999999999999993       0.36929096588758481     
 -0.19999999999999993      -0.29999999999999993       0.58232060083593096     
  -9.9999999999999978E-002 -0.29999999999999993       0.57288684208724316     
   2.7755575615628914E-017 -0.29999999999999993       0.34471164753671768     
  0.10000000000000009      -0.29999999999999993       -1.5219384684817644E-002
  0.20000000000000009      -0.29999999999999993      -0.36920533761853097     
  0.30000000000000016      -0.29999999999999993      -0.58229131778949028     
  0.40000000000000013      -0.29999999999999993      -0.57290210030362132     
  0.50000000000000011      -0.29999999999999993      -0.34468164100171828     
  0.60000000000000009      -0.29999999999999993        1.4831804088111647E-002
  0.70000000000000007      -0.29999999999999993       0.36918138638693454     
  0.80000000000000004      -0.29999999999999993       0.58124492358956903     
  0.90000000000000002      -0.29999999999999993       0.57239046588313414     
   1.0000000000000000      -0.29999999999999993       0.33778721854662952     
  -1.0000000000000000      -0.19999999999999993       0.53509329949958651     
 -0.90000000000000002      -0.19999999999999993       -2.4569912143186188E-002
 -0.80000000000000004      -0.19999999999999993      -0.58584075906516520     
 -0.69999999999999996      -0.19999999999999993      -0.91823533805704372     
 -0.59999999999999998      -0.19999999999999993      -0.90350924761084184     
 -0.49999999999999994      -0.19999999999999993      -0.54339637158555865     
 -0.39999999999999991      -0.19999999999999993        2.4088312041210522E-002
 -0.29999999999999993      -0.19999999999999993       0.58232060083593007     
 -0.19999999999999993      -0.19999999999999993       0.91819150361646285     
  -9.9999999999999978E-002 -0.19999999999999993       0.90328660975411124     
   2.7755575615628914E-017 -0.19999999999999993       0.54348597274234101     
  0.10000000000000009      -0.19999999999999993       -2.4046094193012967E-002
  0.20000000000000009      -0.19999999999999993      -0.58218554691393154     
  0.30000000000000016      -0.19999999999999993      -0.91814534387337832     
  0.40000000000000013      -0.19999999999999993      -0.90331047145582377     
  0.50000000000000011      -0.19999999999999993      -0.54343863778055690     
  0.60000000000000009      -0.19999999999999993        2.3435324146318343E-002
  0.70000000000000007      -0.19999999999999993       0.58214787172464566     
  0.80000000000000004      -0.19999999999999993       0.91649578524066433     
  0.90000000000000002      -0.19999999999999993       0.90250399563507755     
   1.0000000000000000      -0.19999999999999993       0.53256860886370083     
  -1.0000000000000000       -9.9999999999999978E-002  0.52637684021525533     
 -0.90000000000000002       -9.9999999999999978E-002  -2.4201335394547829E-002
 -0.80000000000000004       -9.9999999999999978E-002 -0.57634983319307453     
 -0.69999999999999996       -9.9999999999999978E-002 -0.90332973436390007     
 -0.59999999999999998       -9.9999999999999978E-002 -0.88882365966241617     
 -0.49999999999999994       -9.9999999999999978E-002 -0.53454478572027153     
 -0.39999999999999991       -9.9999999999999978E-002   2.3728001292108832E-002
 -0.29999999999999993       -9.9999999999999978E-002  0.57288684208724383     
 -0.19999999999999993       -9.9999999999999978E-002  0.90328660975410990     
  -9.9999999999999978E-002  -9.9999999999999978E-002  0.88860471022675858     
   2.7755575615628914E-017  -9.9999999999999978E-002  0.53463293111894483     
  0.10000000000000009       -9.9999999999999978E-002  -2.3686453442419750E-002
  0.20000000000000009       -9.9999999999999978E-002 -0.57275395706305166     
  0.30000000000000016       -9.9999999999999978E-002 -0.90324120766345328     
  0.40000000000000013       -9.9999999999999978E-002 -0.88862805973247072     
  0.50000000000000011       -9.9999999999999978E-002 -0.53458635107878449     
  0.60000000000000009       -9.9999999999999978E-002   2.3085825495210460E-002
  0.70000000000000007       -9.9999999999999978E-002  0.57271695084839314     
  0.80000000000000004       -9.9999999999999978E-002  0.90161866351448239     
  0.90000000000000002       -9.9999999999999978E-002  0.88783483943759500     
   1.0000000000000000       -9.9999999999999978E-002  0.52389338126983942     
  -1.0000000000000000        2.7755575615628914E-017  0.31667747407314162     
 -0.90000000000000002        2.7755575615628914E-017  -1.4592169330787125E-002
 -0.80000000000000004        2.7755575615628914E-017 -0.34679522129643769     
 -0.69999999999999996        2.7755575615628914E-017 -0.54351192154924488     
 -0.59999999999999998        2.7755575615628914E-017 -0.53476459206906346     
 -0.49999999999999994        2.7755575615628914E-017 -0.32159158181039799     
 -0.39999999999999991        2.7755575615628914E-017   1.4307831754968645E-002
 -0.29999999999999993        2.7755575615628914E-017  0.34471164753671785     
 -0.19999999999999993        2.7755575615628914E-017  0.54348597274233645     
  -9.9999999999999978E-002   2.7755575615628914E-017  0.53463293111894550     
   2.7755575615628914E-017   2.7755575615628914E-017  0.32164461549508222     
  0.10000000000000009        2.7755575615628914E-017  -1.4282817814018941E-002
  0.20000000000000009        2.7755575615628914E-017 -0.34463166995779165     
  0.30000000000000016        2.7755575615628914E-017 -0.54345866388489039     
  0.40000000000000013        2.7755575615628914E-017 -0.53464685287779290     
  0.50000000000000011        2.7755575615628914E-017 -0.32161657569617524     
  0.60000000000000009        2.7755575615628914E-017   1.3921665931748262E-002
  0.70000000000000007        2.7755575615628914E-017  0.34460946262502273     
  0.80000000000000004        2.7755575615628914E-017  0.54248265946656948     
  0.90000000000000002        2.7755575615628914E-017  0.53416975820620405     
   1.0000000000000000        2.7755575615628914E-017  0.31518348928397000     
  -1.0000000000000000       0.10000000000000009       -1.4062467141654648E-002
 -0.90000000000000002       0.10000000000000009        5.9443967066495314E-004
 -0.80000000000000004       0.10000000000000009        1.5311612668526004E-002
 -0.69999999999999996       0.10000000000000009        2.4047239353757757E-002
 -0.59999999999999998       0.10000000000000009        2.3692404436185460E-002
 -0.49999999999999994       0.10000000000000009        1.4280469228839136E-002
 -0.39999999999999991       0.10000000000000009       -5.8110136389219046E-004
 -0.29999999999999993       0.10000000000000009       -1.5219384684817434E-002
 -0.19999999999999993       0.10000000000000009       -2.4046094193012686E-002
  -9.9999999999999978E-002  0.10000000000000009       -2.3686453442419684E-002
   2.7755575615628914E-017  0.10000000000000009       -1.4282817814018915E-002
  0.10000000000000009       0.10000000000000009        5.8002054808025229E-004
  0.20000000000000009       0.10000000000000009        1.5215885741540919E-002
  0.30000000000000016       0.10000000000000009        2.4044871819573391E-002
  0.40000000000000013       0.10000000000000009        2.3687280536162102E-002
  0.50000000000000011       0.10000000000000009        1.4281599980212487E-002
  0.60000000000000009       0.10000000000000009       -5.6365688132444349E-004
  0.70000000000000007       0.10000000000000009       -1.5214806130957910E-002
  0.80000000000000004       0.10000000000000009       -2.4001287842077855E-002
  0.90000000000000002       0.10000000000000009       -2.3665894362519632E-002
   1.0000000000000000       0.10000000000000009       -1.3995946447617614E-002
  -1.0000000000000000       0.20000000000000009      -0.33930989345459373     
 -0.90000000000000002       0.20000000000000009        1.5548449082734363E-002
 -0.80000000000000004       0.20000000000000009       0.37143734262090611     
 -0.69999999999999996       0.20000000000000009       0.58221333870863889     
 -0.59999999999999998       0.20000000000000009       0.57289519648675891     
 -0.49999999999999994       0.20000000000000009       0.34457485646369979     
 -0.39999999999999991       0.20000000000000009       -1.5242638931761487E-002
 -0.29999999999999993       0.20000000000000009      -0.36920533761852969     
 -0.19999999999999993       0.20000000000000009      -0.58218554691392366     
  -9.9999999999999978E-002  0.20000000000000009      -0.57275395706305210     
   2.7755575615628914E-017  0.20000000000000009      -0.34463166995778927     
  0.10000000000000009       0.20000000000000009        1.5215885741541296E-002
  0.20000000000000009       0.20000000000000009       0.36911972918600267     
  0.30000000000000016       0.20000000000000009       0.58215627066732545     
  0.40000000000000013       0.20000000000000009       0.57276921161628669     
  0.50000000000000011       0.20000000000000009       0.34460167036870770     
  0.60000000000000009       0.20000000000000009       -1.4828395262703371E-002
  0.70000000000000007       0.20000000000000009      -0.36909578356626299     
  0.80000000000000004       0.20000000000000009      -0.58111011939009993     
  0.90000000000000002       0.20000000000000009      -0.57225769602027099     
   1.0000000000000000       0.20000000000000009      -0.33770884750382013     
  -1.0000000000000000       0.30000000000000016      -0.53506641241059738     
 -0.90000000000000002       0.30000000000000016        2.4568663627102950E-002
 -0.80000000000000004       0.30000000000000016       0.58581129906248630     
 -0.69999999999999996       0.30000000000000016       0.91818917610944450     
 -0.59999999999999998       0.30000000000000016       0.90346383436018618     
 -0.49999999999999994       0.30000000000000016       0.54336906723205036     
 -0.39999999999999991       0.30000000000000016       -2.4087087538586200E-002
 -0.29999999999999993       0.30000000000000016      -0.58229131778949006     
 -0.19999999999999993       0.30000000000000016      -0.91814534387337876     
  -9.9999999999999978E-002  0.30000000000000016      -0.90324120766345373     
   2.7755575615628914E-017  0.30000000000000016      -0.54345866388489217     
  0.10000000000000009       0.30000000000000016        2.4044871819573536E-002
  0.20000000000000009       0.30000000000000016       0.58215627066732423     
  0.30000000000000016       0.30000000000000016       0.91809918644716337     
  0.40000000000000013       0.30000000000000016       0.90326506822061858     
  0.50000000000000011       0.30000000000000016       0.54341133130871178     
  0.60000000000000009       0.30000000000000016       -2.3434132377538008E-002
  0.70000000000000007       0.30000000000000016      -0.58211859734677918     
  0.80000000000000004       0.30000000000000016      -0.91644971063731673     
  0.90000000000000002       0.30000000000000016      -0.90245863287113981     
   1.0000000000000000       0.30000000000000016      -0.53254184858769082     
  -1.0000000000000000       0.40000000000000013      -0.52639054614089009     
 -0.90000000000000002       0.40000000000000013        2.4202173252227132E-002
 -0.80000000000000004       0.40000000000000013       0.57636518272429393     
 -0.69999999999999996       0.40000000000000013       0.90335359721547182     
 -0.59999999999999998       0.40000000000000013       0.88884701446194070     
 -0.49999999999999994       0.40000000000000013       0.53455870515916004     
 -0.39999999999999991       0.40000000000000013       -2.3728829583279609E-002
 -0.29999999999999993       0.40000000000000013      -0.57290210030361954     
 -0.19999999999999993       0.40000000000000013      -0.90331047145582288     
  -9.9999999999999978E-002  0.40000000000000013      -0.88862805973246983     
   2.7755575615628914E-017  0.40000000000000013      -0.53464685287780012     
  0.10000000000000009       0.40000000000000013        2.3687280536161721E-002
  0.20000000000000009       0.40000000000000013       0.57276921161629213     
  0.30000000000000016       0.40000000000000013       0.90326506822061736     
  0.40000000000000013       0.40000000000000013       0.88865140903681716     
  0.50000000000000011       0.40000000000000013       0.53460027151906053     
  0.60000000000000009       0.40000000000000013       -2.3086638215726287E-002
  0.70000000000000007       0.40000000000000013      -0.57273220479999509     
  0.80000000000000004       0.40000000000000013      -0.90164248276812209     
  0.90000000000000002       0.40000000000000013      -0.88785816886408042     
   1.0000000000000000       0.40000000000000013      -0.52390702322399885     
  -1.0000000000000000       0.50000000000000011      -0.31664986718177723     
 -0.90000000000000002       0.50000000000000011        1.4590924186263539E-002
 -0.80000000000000004       0.50000000000000011       0.34676503327051034     
 -0.69999999999999996       0.50000000000000011       0.54346458432873923     
 -0.59999999999999998       0.50000000000000011       0.53471800049793972     
 -0.49999999999999994       0.50000000000000011       0.32156354663160891     
 -0.39999999999999991       0.50000000000000011       -1.4306611755425637E-002
 -0.29999999999999993       0.50000000000000011      -0.34468164100171850     
 -0.19999999999999993       0.50000000000000011      -0.54343863778055890     
  -9.9999999999999978E-002  0.50000000000000011      -0.53458635107878438     
   2.7755575615628914E-017  0.50000000000000011      -0.32161657569617608     
  0.10000000000000009       0.50000000000000011        1.4281599980212461E-002
  0.20000000000000009       0.50000000000000011       0.34460167036870909     
  0.30000000000000016       0.50000000000000011       0.54341133130871244     
  0.40000000000000013       0.50000000000000011       0.53460027151906253     
  0.50000000000000011       0.50000000000000011       0.32158853832800899     
  0.60000000000000009       0.50000000000000011       -1.3920479746286520E-002
  0.70000000000000007       0.50000000000000011      -0.34457946501881953     
  0.80000000000000004       0.50000000000000011      -0.54243541209789259     
  0.90000000000000002       0.50000000000000011      -0.53412321853972511     
   1.0000000000000000       0.50000000000000011      -0.31515601272339661     
  -1.0000000000000000       0.60000000000000009        1.3706893823514020E-002
 -0.90000000000000002       0.60000000000000009       -5.7773276479766787E-004
 -0.80000000000000004       0.60000000000000009       -1.4921690800996330E-002
 -0.69999999999999996       0.60000000000000009       -2.3436440127717478E-002
 -0.59999999999999998       0.60000000000000009       -2.3091629284548471E-002
 -0.49999999999999994       0.60000000000000009       -1.3919376932983162E-002
 -0.39999999999999991       0.60000000000000009        5.6470943012629378E-004
 -0.29999999999999993       0.60000000000000009        1.4831804088110832E-002
 -0.19999999999999993       0.60000000000000009        2.3435324146301614E-002
  -9.9999999999999978E-002  0.60000000000000009        2.3085825495210665E-002
   2.7755575615628914E-017  0.60000000000000009        1.3921665931745970E-002
  0.10000000000000009       0.60000000000000009       -5.6365688132433247E-004
  0.20000000000000009       0.60000000000000009       -1.4828395262685928E-002
  0.30000000000000016       0.60000000000000009       -2.3434132377539069E-002
  0.40000000000000013       0.60000000000000009       -2.3086638215715348E-002
  0.50000000000000011       0.60000000000000009       -1.3920479746286168E-002
  0.60000000000000009       0.60000000000000009        5.4769676034807841E-004
  0.70000000000000007       0.60000000000000009        1.4827340023802683E-002
  0.80000000000000004       0.60000000000000009        2.3391642817651263E-002
  0.90000000000000002       0.60000000000000009        2.3065786530091975E-002
   1.0000000000000000       0.60000000000000009        1.3642049539045907E-002
  -1.0000000000000000       0.70000000000000007       0.33928802944447439     
 -0.90000000000000002       0.70000000000000007       -1.5547349288133680E-002
 -0.80000000000000004       0.70000000000000007      -0.37141324702719197     
 -0.69999999999999996       0.70000000000000007      -0.58217566171597768     
 -0.59999999999999998       0.70000000000000007      -0.57285818136341848     
 -0.49999999999999994       0.70000000000000007      -0.34455265280348352     
 -0.39999999999999991       0.70000000000000007        1.5241557542906306E-002
 -0.29999999999999993       0.70000000000000007       0.36918138638693371     
 -0.19999999999999993       0.70000000000000007       0.58214787172464655     
  -9.9999999999999978E-002  0.70000000000000007       0.57271695084839203     
   2.7755575615628914E-017  0.70000000000000007       0.34460946262502340     
  0.10000000000000009       0.70000000000000007       -1.5214806130958125E-002
  0.20000000000000009       0.70000000000000007      -0.36909578356626371     
  0.30000000000000016       0.70000000000000007      -0.58211859734677840     
  0.40000000000000013       0.70000000000000007      -0.57273220479999620     
  0.50000000000000011       0.70000000000000007      -0.34457946501881836     
  0.60000000000000009       0.70000000000000007        1.4827340023803131E-002
  0.70000000000000007       0.70000000000000007       0.36907183931902759     
  0.80000000000000004       0.70000000000000007       0.58107251303459173     
  0.90000000000000002       0.70000000000000007       0.57222072179854833     
   1.0000000000000000       0.70000000000000007       0.33768708633270678     
  -1.0000000000000000       0.80000000000000004       0.53410548136068303     
 -0.90000000000000002       0.80000000000000004       -2.4524144019969128E-002
 -0.80000000000000004       0.80000000000000004      -0.58475858110022771     
 -0.69999999999999996       0.80000000000000004      -0.91653953870435778     
 -0.59999999999999998       0.80000000000000004      -0.90184089116446908     
 -0.49999999999999994       0.80000000000000004      -0.54239322376913834     
 -0.39999999999999991       0.80000000000000004        2.4043427522867443E-002
 -0.29999999999999993       0.80000000000000004       0.58124492358956925     
 -0.19999999999999993       0.80000000000000004       0.91649578524067221     
  -9.9999999999999978E-002  0.80000000000000004       0.90161866351448572     
   2.7755575615628914E-017  0.80000000000000004       0.54248265946657404     
  0.10000000000000009       0.80000000000000004       -2.4001287842078400E-002
  0.20000000000000009       0.80000000000000004      -0.58111011939011437     
  0.30000000000000016       0.80000000000000004      -0.91644971063731850     
  0.40000000000000013       0.80000000000000004      -0.90164248276812309     
  0.50000000000000011       0.80000000000000004      -0.54243541209789181     
  0.60000000000000009       0.80000000000000004        2.3391642817670734E-002
  0.70000000000000007       0.80000000000000004       0.58107251303459051     
  0.80000000000000004       0.80000000000000004       0.91480319533728183     
  0.90000000000000002       0.80000000000000004       0.90083749422114212     
   1.0000000000000000       0.80000000000000004       0.53158545010755376     
  -1.0000000000000000       0.90000000000000002       0.52592082002483631     
 -0.90000000000000002       0.90000000000000002       -2.4180330740483969E-002
 -0.80000000000000004       0.90000000000000002      -0.57585045665611356     
 -0.69999999999999996       0.90000000000000002      -0.90254708287882146     
 -0.59999999999999998       0.90000000000000002      -0.88805359926175609     
 -0.49999999999999994       0.90000000000000002      -0.53408168917597276     
 -0.39999999999999991       0.90000000000000002        2.3707406195937288E-002
 -0.29999999999999993       0.90000000000000002       0.57239046588313403     
 -0.19999999999999993       0.90000000000000002       0.90250399563507488     
  -9.9999999999999978E-002  0.90000000000000002       0.88783483943759400     
   2.7755575615628914E-017  0.90000000000000002       0.53416975820620616     
  0.10000000000000009       0.90000000000000002       -2.3665894362519389E-002
  0.20000000000000009       0.90000000000000002      -0.57225769602026821     
  0.30000000000000016       0.90000000000000002      -0.90245863287113903     
  0.40000000000000013       0.90000000000000002      -0.88785816886408142     
  0.50000000000000011       0.90000000000000002      -0.53412321853972422     
  0.60000000000000009       0.90000000000000002        2.3065786530089751E-002
  0.70000000000000007       0.90000000000000002       0.57222072179854799     
  0.80000000000000004       0.90000000000000002       0.90083749422113790     
  0.90000000000000002       0.90000000000000002       0.88706563562331642     
   1.0000000000000000       0.90000000000000002       0.52343951246792153     
  -1.0000000000000000        1.0000000000000000       0.31031612655032176     
 -0.90000000000000002        1.0000000000000000       -1.4299083297622866E-002
 -0.80000000000000004        1.0000000000000000      -0.33982893814023424     
 -0.69999999999999996        1.0000000000000000      -0.53259403642036895     
 -0.59999999999999998        1.0000000000000000      -0.52402239736440392     
 -0.49999999999999994        1.0000000000000000      -0.31513152092413094     
 -0.39999999999999991        1.0000000000000000        1.4020457934096103E-002
 -0.29999999999999993        1.0000000000000000       0.33778721854662874     
 -0.19999999999999993        1.0000000000000000       0.53256860886369517     
  -9.9999999999999978E-002   1.0000000000000000       0.52389338126983831     
   2.7755575615628914E-017   1.0000000000000000       0.31518348928397449     
  0.10000000000000009        1.0000000000000000       -1.3995946447618490E-002
  0.20000000000000009        1.0000000000000000      -0.33770884750381924     
  0.30000000000000016        1.0000000000000000      -0.53254184858768827     
  0.40000000000000013        1.0000000000000000      -0.52390702322399130     
  0.50000000000000011        1.0000000000000000      -0.31515601272339372     
  0.60000000000000009        1.0000000000000000        1.3642049539044918E-002
  0.70000000000000007        1.0000000000000000       0.33768708633270422     
  0.80000000000000004        1.0000000000000000       0.53158545010754510     
  0.90000000000000002        1.0000000000000000       0.52343951246791798     
   1.0000000000000000        1.0000000000000000       0.30885215272959177     
