  -1.0000000000000000       -1.0000000000000000       0.23868603396478849     
 -0.90000000000000002       -1.0000000000000000       -4.7315555124902438E-002
 -0.80000000000000004       -1.0000000000000000      -0.31242095298234335     
 -0.69999999999999996       -1.0000000000000000      -0.45993129968173091     
 -0.59999999999999998       -1.0000000000000000      -0.42789102075324537     
 -0.49999999999999994       -1.0000000000000000      -0.23674413748132578     
 -0.39999999999999991       -1.0000000000000000        5.1920720925391413E-002
 -0.29999999999999993       -1.0000000000000000       0.32506504051252577     
 -0.19999999999999993       -1.0000000000000000       0.47942724206250903     
  -9.9999999999999978E-002  -1.0000000000000000       0.44625951300428651     
   2.7755575615628914E-017  -1.0000000000000000       0.24823043194921529     
  0.10000000000000009       -1.0000000000000000       -4.9218598561473120E-002
  0.20000000000000009       -1.0000000000000000      -0.32217973097245994     
  0.30000000000000016       -1.0000000000000000      -0.47673800642657249     
  0.40000000000000013       -1.0000000000000000      -0.44365060201751932     
  0.50000000000000011       -1.0000000000000000      -0.24547525040858814     
  0.60000000000000009       -1.0000000000000000        5.1512831907711380E-002
  0.70000000000000007       -1.0000000000000000       0.32500011350023611     
  0.80000000000000004       -1.0000000000000000       0.47887174223283668     
  0.90000000000000002       -1.0000000000000000       0.44608442891653904     
   1.0000000000000000       -1.0000000000000000       0.24386343442481387     
  -1.0000000000000000      -0.90000000000000002       -4.7315555124903055E-002
 -0.90000000000000002      -0.90000000000000002        8.9898700801477865E-003
 -0.80000000000000004      -0.90000000000000002        6.1300602144568006E-002
 -0.69999999999999996      -0.90000000000000002        9.0535439512852159E-002
 -0.59999999999999998      -0.90000000000000002        8.4428349862258806E-002
 -0.49999999999999994      -0.90000000000000002        4.6926010664040674E-002
 -0.39999999999999991      -0.90000000000000002       -9.8874531413309426E-003
 -0.29999999999999993      -0.90000000000000002       -6.3780609683281225E-002
 -0.19999999999999993      -0.90000000000000002       -9.4373670903291990E-002
  -9.9999999999999978E-002 -0.90000000000000002       -8.8052046542781245E-002
   2.7755575615628914E-017 -0.90000000000000002       -4.9199535472468282E-002
  0.10000000000000009      -0.90000000000000002        9.3526106909728249E-003
  0.20000000000000009      -0.90000000000000002        6.3212861920359589E-002
  0.30000000000000016      -0.90000000000000002        9.3844094209282872E-002
  0.40000000000000013      -0.90000000000000002        8.7539969753481245E-002
  0.50000000000000011      -0.90000000000000002        4.8656746033863676E-002
  0.60000000000000009      -0.90000000000000002       -9.8021167844759959E-003
  0.70000000000000007      -0.90000000000000002       -6.3767421176175995E-002
  0.80000000000000004      -0.90000000000000002       -9.4262130669610783E-002
  0.90000000000000002      -0.90000000000000002       -8.8017014094405516E-002
   1.0000000000000000      -0.90000000000000002       -4.8332191069184120E-002
  -1.0000000000000000      -0.80000000000000004      -0.31242095298234346     
 -0.90000000000000002      -0.80000000000000004        6.1300602144569449E-002
 -0.80000000000000004      -0.80000000000000004       0.40791004012570081     
 -0.69999999999999996      -0.80000000000000004       0.60097852561685028     
 -0.59999999999999998      -0.80000000000000004       0.55943650631944097     
 -0.49999999999999994      -0.80000000000000004       0.30987171551224313     
 -0.39999999999999991      -0.80000000000000004       -6.7303568978235112E-002
 -0.29999999999999993      -0.80000000000000004      -0.42441722386291797     
 -0.19999999999999993      -0.80000000000000004      -0.62645417042559659     
  -9.9999999999999978E-002 -0.80000000000000004      -0.58345094011514254     
   2.7755575615628914E-017 -0.80000000000000004      -0.32490077608095208     
  0.10000000000000009      -0.80000000000000004        6.3768017551616318E-002
  0.20000000000000009      -0.80000000000000004       0.42064742056610621     
  0.30000000000000016      -0.80000000000000004       0.62293988175242831     
  0.40000000000000013      -0.80000000000000004       0.58004434630562152     
  0.50000000000000011      -0.80000000000000004       0.32129994243022930     
  0.60000000000000009      -0.80000000000000004       -6.6762413685263866E-002
  0.70000000000000007      -0.80000000000000004      -0.42433172438931849     
  0.80000000000000004      -0.80000000000000004      -0.62572476095903051     
  0.90000000000000002      -0.80000000000000004      -0.58322124229162686     
   1.0000000000000000      -0.80000000000000004      -0.31918203501273867     
  -1.0000000000000000      -0.69999999999999996      -0.45993129968172702     
 -0.90000000000000002      -0.69999999999999996        9.0535439512851520E-002
 -0.80000000000000004      -0.69999999999999996       0.60097852561684129     
 -0.69999999999999996      -0.69999999999999996       0.88520976142573349     
 -0.59999999999999998      -0.69999999999999996       0.82387069914607280     
 -0.49999999999999994      -0.69999999999999996       0.45618187244462238     
 -0.39999999999999991      -0.69999999999999996       -9.9384183447089103E-002
 -0.29999999999999993      -0.69999999999999996      -0.62529942979938991     
 -0.19999999999999993      -0.69999999999999996      -0.92273364050094098     
  -9.9999999999999978E-002 -0.69999999999999996      -0.85923674470323785     
   2.7755575615628914E-017 -0.69999999999999996      -0.47830951868262417     
  0.10000000000000009      -0.69999999999999996        9.4178707263195896E-002
  0.20000000000000009      -0.69999999999999996       0.61974654840393051     
  0.30000000000000016      -0.69999999999999996       0.91755743745731777     
  0.40000000000000013      -0.69999999999999996       0.85421790485573246     
  0.50000000000000011      -0.69999999999999996       0.47300601304647683     
  0.60000000000000009      -0.69999999999999996       -9.8590872264449819E-002
  0.70000000000000007      -0.69999999999999996      -0.62517379936472717     
  0.80000000000000004      -0.69999999999999996      -0.92166090235443199     
  0.90000000000000002      -0.69999999999999996      -0.85889883762562214     
   1.0000000000000000      -0.69999999999999996      -0.46989190133186226     
  -1.0000000000000000      -0.59999999999999998      -0.42789102075323937     
 -0.90000000000000002      -0.59999999999999998        8.4428349862261567E-002
 -0.80000000000000004      -0.59999999999999998       0.55943650631945607     
 -0.69999999999999996      -0.59999999999999998       0.82387069914607813     
 -0.59999999999999998      -0.59999999999999998       0.76667934931816772     
 -0.49999999999999994      -0.59999999999999998       0.42440514816266989     
 -0.39999999999999991      -0.59999999999999998       -9.2668518801655692E-002
 -0.29999999999999993      -0.59999999999999998      -0.58207672006121491     
 -0.19999999999999993      -0.59999999999999998      -0.85879414853912384     
  -9.9999999999999978E-002 -0.59999999999999998      -0.79959068831646596     
   2.7755575615628914E-017 -0.59999999999999998      -0.44499307835787499     
  0.10000000000000009      -0.59999999999999998        8.7825257838671150E-002
  0.20000000000000009      -0.59999999999999998       0.57690850665545912     
  0.30000000000000016      -0.59999999999999998       0.85397673061038448     
  0.40000000000000013      -0.59999999999999998       0.79491886220905528     
  0.50000000000000011      -0.59999999999999998       0.44005729799309051     
  0.60000000000000009      -0.59999999999999998       -9.1932770025649951E-002
  0.70000000000000007      -0.59999999999999998      -0.58196000447893914     
  0.80000000000000004      -0.59999999999999998      -0.85779687003584282     
  0.90000000000000002      -0.59999999999999998      -0.79927648761114178     
   1.0000000000000000      -0.59999999999999998      -0.43716271034055287     
  -1.0000000000000000      -0.49999999999999994      -0.23674413748132625     
 -0.90000000000000002      -0.49999999999999994        4.6926010664040105E-002
 -0.80000000000000004      -0.49999999999999994       0.30987171551224246     
 -0.69999999999999996      -0.49999999999999994       0.45618187244462249     
 -0.59999999999999998      -0.49999999999999994       0.42440514816266728     
 -0.49999999999999994      -0.49999999999999994       0.23481798563447021     
 -0.39999999999999991      -0.49999999999999994       -5.1493529232025305E-002
 -0.29999999999999993      -0.49999999999999994      -0.32241262132777149     
 -0.19999999999999993      -0.49999999999999994      -0.47551888743726467     
  -9.9999999999999978E-002 -0.49999999999999994      -0.44262399142678638     
   2.7755575615628914E-017 -0.49999999999999994      -0.24621078956010825     
  0.10000000000000009      -0.49999999999999994        4.8813400274413367E-002
  0.20000000000000009      -0.49999999999999994       0.31955083576086385     
  0.30000000000000016      -0.49999999999999994       0.47285157233654301     
  0.40000000000000013      -0.49999999999999994       0.44003636606994218     
  0.50000000000000011      -0.49999999999999994       0.24347806342397615     
  0.60000000000000009      -0.49999999999999994       -5.1088905883021486E-002
  0.70000000000000007      -0.49999999999999994      -0.32234821879873310     
  0.80000000000000004      -0.49999999999999994      -0.47496789026448705     
  0.90000000000000002      -0.49999999999999994      -0.44245032795225442     
   1.0000000000000000      -0.49999999999999994      -0.24187930138513783     
  -1.0000000000000000      -0.39999999999999991        5.1920720925409142E-002
 -0.90000000000000002      -0.39999999999999991       -9.8874531413300475E-003
 -0.80000000000000004      -0.39999999999999991       -6.7303568978228479E-002
 -0.69999999999999996      -0.39999999999999991       -9.9384183447092031E-002
 -0.59999999999999998      -0.39999999999999991       -9.2668518801640926E-002
 -0.49999999999999994      -0.39999999999999991       -5.1493529232027518E-002
 -0.39999999999999991      -0.39999999999999991        1.0873285975098436E-002
 -0.29999999999999993      -0.39999999999999991        7.0026488843801762E-002
 -0.19999999999999993      -0.39999999999999991       0.10359752392684456     
  -9.9999999999999978E-002 -0.39999999999999991        9.6645923998239153E-002
   2.7755575615628914E-017 -0.39999999999999991        5.3988533169406321E-002
  0.10000000000000009      -0.39999999999999991       -1.0286340611095259E-002
  0.20000000000000009      -0.39999999999999991       -6.9403238213528465E-002
  0.30000000000000016      -0.39999999999999991      -0.10301619991126928     
  0.40000000000000013      -0.39999999999999991       -9.6083711605254696E-002
  0.50000000000000011      -0.39999999999999991       -5.3392718554313594E-002
  0.60000000000000009      -0.39999999999999991        1.0779903638516721E-002
  0.70000000000000007      -0.39999999999999991        7.0012035172417816E-002
  0.80000000000000004      -0.39999999999999991       0.10347521006085093     
  0.90000000000000002      -0.39999999999999991        9.6607500704279731E-002
   1.0000000000000000      -0.39999999999999991        5.3036867397269448E-002
  -1.0000000000000000      -0.29999999999999993       0.32506504051252560     
 -0.90000000000000002      -0.29999999999999993       -6.3780609683280157E-002
 -0.80000000000000004      -0.29999999999999993      -0.42441722386291636     
 -0.69999999999999996      -0.29999999999999993      -0.62529942979938913     
 -0.59999999999999998      -0.29999999999999993      -0.58207672006121014     
 -0.49999999999999994      -0.29999999999999993      -0.32241262132777038     
 -0.39999999999999991      -0.29999999999999993        7.0026488843806314E-002
 -0.29999999999999993      -0.29999999999999993       0.44159241334795374     
 -0.19999999999999993      -0.29999999999999993       0.65180604568865796     
  -9.9999999999999978E-002 -0.29999999999999993       0.60706300869667529     
   2.7755575615628914E-017 -0.29999999999999993       0.33804991973735582     
  0.10000000000000009      -0.29999999999999993       -6.6347850820481599E-002
  0.20000000000000009      -0.29999999999999993      -0.43767005098389888     
  0.30000000000000016      -0.29999999999999993      -0.64814953732711322     
  0.40000000000000013      -0.29999999999999993      -0.60351855742515359     
  0.50000000000000011      -0.29999999999999993      -0.33430336348282796     
  0.60000000000000009      -0.29999999999999993        6.9463421812588716E-002
  0.70000000000000007      -0.29999999999999993       0.44150345285967285     
  0.80000000000000004      -0.29999999999999993       0.65104711273992089     
  0.90000000000000002      -0.29999999999999993       0.60682401393750218     
   1.0000000000000000      -0.29999999999999993       0.33209972980531399     
  -1.0000000000000000      -0.19999999999999993       0.47942724206250553     
 -0.90000000000000002      -0.19999999999999993       -9.4373670903294959E-002
 -0.80000000000000004      -0.19999999999999993      -0.62645417042560358     
 -0.69999999999999996      -0.19999999999999993      -0.92273364050094409     
 -0.59999999999999998      -0.19999999999999993      -0.85879414853911906     
 -0.49999999999999994      -0.19999999999999993      -0.47551888743726400     
 -0.39999999999999991      -0.19999999999999993       0.10359752392685671     
 -0.29999999999999993      -0.19999999999999993       0.65180604568866063     
 -0.19999999999999993      -0.19999999999999993       0.96184814916377204     
  -9.9999999999999978E-002 -0.19999999999999993       0.89565934321887064     
   2.7755575615628914E-017 -0.19999999999999993       0.49858450313581243     
  0.10000000000000009      -0.19999999999999993       -9.8171392613757319E-002
  0.20000000000000009      -0.19999999999999993      -0.64601777837930474     
  0.30000000000000016      -0.19999999999999993      -0.95645252811770687     
  0.40000000000000013      -0.19999999999999993      -0.89042775361412385     
  0.50000000000000011      -0.19999999999999993      -0.49305618348605079     
  0.60000000000000009      -0.19999999999999993       0.10277059142864300     
  0.70000000000000007      -0.19999999999999993       0.65167509037234350     
  0.80000000000000004      -0.19999999999999993       0.96072994089080144     
  0.90000000000000002      -0.19999999999999993       0.89530711310910982     
   1.0000000000000000      -0.19999999999999993       0.48981007526636894     
  -1.0000000000000000       -9.9999999999999978E-002  0.44625951300428240     
 -0.90000000000000002       -9.9999999999999978E-002  -8.8052046542780857E-002
 -0.80000000000000004       -9.9999999999999978E-002 -0.58345094011513987     
 -0.69999999999999996       -9.9999999999999978E-002 -0.85923674470323674     
 -0.59999999999999998       -9.9999999999999978E-002 -0.79959068831646385     
 -0.49999999999999994       -9.9999999999999978E-002 -0.44262399142678654     
 -0.39999999999999991       -9.9999999999999978E-002   9.6645923998236891E-002
 -0.29999999999999993       -9.9999999999999978E-002  0.60706300869667829     
 -0.19999999999999993       -9.9999999999999978E-002  0.89565934321887108     
  -9.9999999999999978E-002  -9.9999999999999978E-002  0.83391481536906975     
   2.7755575615628914E-017  -9.9999999999999978E-002  0.46409571397904265     
  0.10000000000000009       -9.9999999999999978E-002  -9.1594753019036551E-002
  0.20000000000000009       -9.9999999999999978E-002 -0.60167294132390381     
  0.30000000000000016       -9.9999999999999978E-002 -0.89063512911455123     
  0.40000000000000013       -9.9999999999999978E-002 -0.82904244564126051     
  0.50000000000000011       -9.9999999999999978E-002 -0.45894805614954570     
  0.60000000000000009       -9.9999999999999978E-002   9.5878583658828787E-002
  0.70000000000000007       -9.9999999999999978E-002  0.60694128222865662     
  0.80000000000000004       -9.9999999999999978E-002  0.89461925123819719     
  0.90000000000000002       -9.9999999999999978E-002  0.83358712613201758     
   1.0000000000000000       -9.9999999999999978E-002  0.45592920144243015     
  -1.0000000000000000        2.7755575615628914E-017  0.24823043194920724     
 -0.90000000000000002        2.7755575615628914E-017  -4.9199535472471037E-002
 -0.80000000000000004        2.7755575615628914E-017 -0.32490077608096218     
 -0.69999999999999996        2.7755575615628914E-017 -0.47830951868262289     
 -0.59999999999999998        2.7755575615628914E-017 -0.44499307835787988     
 -0.49999999999999994        2.7755575615628914E-017 -0.24621078956010969     
 -0.39999999999999991        2.7755575615628914E-017   5.3988533169415112E-002
 -0.29999999999999993        2.7755575615628914E-017  0.33804991973736020     
 -0.19999999999999993        2.7755575615628914E-017  0.49858450313581804     
  -9.9999999999999978E-002   2.7755575615628914E-017  0.46409571397904020     
   2.7755575615628914E-017   2.7755575615628914E-017  0.25815631833403779     
  0.10000000000000009        2.7755575615628914E-017  -5.1178377115008222E-002
  0.20000000000000009        2.7755575615628914E-017 -0.33504932159788992     
  0.30000000000000016        2.7755575615628914E-017 -0.49578780498034830     
  0.40000000000000013        2.7755575615628914E-017 -0.46138258497009904     
  0.50000000000000011        2.7755575615628914E-017 -0.25529103438972123     
  0.60000000000000009        2.7755575615628914E-017   5.3564241420674306E-002
  0.70000000000000007        2.7755575615628914E-017  0.33798238991363000     
  0.80000000000000004        2.7755575615628914E-017  0.49800676107635183     
  0.90000000000000002        2.7755575615628914E-017  0.46391362206254910     
   1.0000000000000000        2.7755575615628914E-017  0.25361466236879676     
  -1.0000000000000000       0.10000000000000009       -4.9218598561472073E-002
 -0.90000000000000002       0.10000000000000009        9.3526106909730226E-003
 -0.80000000000000004       0.10000000000000009        6.3768017551614653E-002
 -0.69999999999999996       0.10000000000000009        9.4178707263195258E-002
 -0.59999999999999998       0.10000000000000009        8.7825257838670998E-002
 -0.49999999999999994       0.10000000000000009        4.8813400274413346E-002
 -0.39999999999999991       0.10000000000000009       -1.0286340611095396E-002
 -0.29999999999999993       0.10000000000000009       -6.6347850820480600E-002
 -0.19999999999999993       0.10000000000000009       -9.8171392613753655E-002
  -9.9999999999999978E-002  0.10000000000000009       -9.1594753019035816E-002
   2.7755575615628914E-017  0.10000000000000009       -5.1178377115007070E-002
  0.10000000000000009       0.10000000000000009        9.7299842216080276E-003
  0.20000000000000009       0.10000000000000009        6.5757255485767011E-002
  0.30000000000000016       0.10000000000000009        9.7620505680877170E-002
  0.40000000000000013       0.10000000000000009        9.1062065122107974E-002
  0.50000000000000011       0.10000000000000009        5.0613746436609472E-002
  0.60000000000000009       0.10000000000000009       -1.0197585394840562E-002
  0.70000000000000007       0.10000000000000009       -6.6334132820059372E-002
  0.80000000000000004       0.10000000000000009       -9.8055370454838461E-002
  0.90000000000000002       0.10000000000000009       -9.1558312527149965E-002
   1.0000000000000000       0.10000000000000009       -5.0276152864045381E-002
  -1.0000000000000000       0.20000000000000009      -0.32217973097246388     
 -0.90000000000000002       0.20000000000000009        6.3212861920360977E-002
 -0.80000000000000004       0.20000000000000009       0.42064742056609911     
 -0.69999999999999996       0.20000000000000009       0.61974654840393639     
 -0.59999999999999998       0.20000000000000009       0.57690850665544535     
 -0.49999999999999994       0.20000000000000009       0.31955083576086468     
 -0.39999999999999991       0.20000000000000009       -6.9403238213523233E-002
 -0.29999999999999993       0.20000000000000009      -0.43767005098389711     
 -0.19999999999999993       0.20000000000000009      -0.64601777837928576     
  -9.9999999999999978E-002  0.20000000000000009      -0.60167294132390658     
   2.7755575615628914E-017  0.20000000000000009      -0.33504932159788353     
  0.10000000000000009       0.20000000000000009        6.5757255485767663E-002
  0.20000000000000009       0.20000000000000009       0.43378252148377927     
  0.30000000000000016       0.20000000000000009       0.64239374022276174     
  0.40000000000000013       0.20000000000000009       0.59815997220067652     
  0.50000000000000011       0.20000000000000009       0.33133603423817098     
  0.60000000000000009       0.20000000000000009       -6.8845150329741631E-002
  0.70000000000000007       0.20000000000000009      -0.43758187879375510     
  0.80000000000000004       0.20000000000000009      -0.64526557586367572     
  0.90000000000000002       0.20000000000000009      -0.60143606654852022     
   1.0000000000000000       0.20000000000000009      -0.32915193921683611     
  -1.0000000000000000       0.30000000000000016      -0.47673800642657160     
 -0.90000000000000002       0.30000000000000016        9.3844094209281970E-002
 -0.80000000000000004       0.30000000000000016       0.62293988175242820     
 -0.69999999999999996       0.30000000000000016       0.91755743745731477     
 -0.59999999999999998       0.30000000000000016       0.85397673061038404     
 -0.49999999999999994       0.30000000000000016       0.47285157233654218     
 -0.39999999999999991       0.30000000000000016      -0.10301619991126902     
 -0.29999999999999993       0.30000000000000016      -0.64814953732711367     
 -0.19999999999999993       0.30000000000000016      -0.95645252811770720     
  -9.9999999999999978E-002  0.30000000000000016      -0.89063512911454867     
   2.7755575615628914E-017  0.30000000000000016      -0.49578780498034775     
  0.10000000000000009       0.30000000000000016        9.7620505680878419E-002
  0.20000000000000009       0.30000000000000016       0.64239374022276263     
  0.30000000000000016       0.30000000000000016       0.95108717444750990     
  0.40000000000000013       0.30000000000000016       0.88543288763911498     
  0.50000000000000011       0.30000000000000016       0.49029049697302368     
  0.60000000000000009       0.30000000000000016      -0.10219390350180357     
  0.70000000000000007       0.30000000000000016      -0.64801931640218269     
  0.80000000000000004       0.30000000000000016      -0.95534059141198402     
  0.90000000000000002       0.30000000000000016      -0.89028487458499384     
   1.0000000000000000       0.30000000000000016      -0.48706259433577415     
  -1.0000000000000000       0.40000000000000013      -0.44365060201751350     
 -0.90000000000000002       0.40000000000000013        8.7539969753483965E-002
 -0.80000000000000004       0.40000000000000013       0.58004434630564183     
 -0.69999999999999996       0.40000000000000013       0.85421790485573545     
 -0.59999999999999998       0.40000000000000013       0.79491886220906349     
 -0.49999999999999994       0.40000000000000013       0.44003636606994578     
 -0.39999999999999991       0.40000000000000013       -9.6083711605256972E-002
 -0.29999999999999993       0.40000000000000013      -0.60351855742515814     
 -0.19999999999999993       0.40000000000000013      -0.89042775361413118     
  -9.9999999999999978E-002  0.40000000000000013      -0.82904244564126084     
   2.7755575615628914E-017  0.40000000000000013      -0.46138258497010209     
  0.10000000000000009       0.40000000000000013        9.1062065122108349E-002
  0.20000000000000009       0.40000000000000013       0.59815997220068973     
  0.30000000000000016       0.40000000000000013       0.88543288763911643     
  0.40000000000000013       0.40000000000000013       0.82419852544814143     
  0.50000000000000011       0.40000000000000013       0.45626499791073044     
  0.60000000000000009       0.40000000000000013       -9.5320888227084358E-002
  0.70000000000000007       0.40000000000000013      -0.60339754478374352     
  0.80000000000000004       0.40000000000000013      -0.88939375201510351     
  0.90000000000000002       0.40000000000000013      -0.82871667438065533     
   1.0000000000000000       0.40000000000000013      -0.45326382675970983     
  -1.0000000000000000       0.50000000000000011      -0.24547525040859008     
 -0.90000000000000002       0.50000000000000011        4.8656746033862518E-002
 -0.80000000000000004       0.50000000000000011       0.32129994243023080     
 -0.69999999999999996       0.50000000000000011       0.47300601304647549     
 -0.59999999999999998       0.50000000000000011       0.44005729799309162     
 -0.49999999999999994       0.50000000000000011       0.24347806342397615     
 -0.39999999999999991       0.50000000000000011       -5.3392718554313462E-002
 -0.29999999999999993       0.50000000000000011      -0.33430336348282835     
 -0.19999999999999993       0.50000000000000011      -0.49305618348605523     
  -9.9999999999999978E-002  0.50000000000000011      -0.45894805614954581     
   2.7755575615628914E-017  0.50000000000000011      -0.25529103438972162     
  0.10000000000000009       0.50000000000000011        5.0613746436610166E-002
  0.20000000000000009       0.50000000000000011       0.33133603423817332     
  0.30000000000000016       0.50000000000000011       0.49029049697302562     
  0.40000000000000013       0.50000000000000011       0.45626499791073255     
  0.50000000000000011       0.50000000000000011       0.25245752452388087     
  0.60000000000000009       0.50000000000000011       -5.2973173979280190E-002
  0.70000000000000007       0.50000000000000011      -0.33423658587452110     
  0.80000000000000004       0.50000000000000011      -0.49248486596020480     
  0.90000000000000002       0.50000000000000011      -0.45876798807002850     
   1.0000000000000000       0.50000000000000011      -0.25079980159865162     
  -1.0000000000000000       0.60000000000000009        5.1512831907710339E-002
 -0.90000000000000002       0.60000000000000009       -9.8021167844764053E-003
 -0.80000000000000004       0.60000000000000009       -6.6762413685236818E-002
 -0.69999999999999996       0.60000000000000009       -9.8590872264452054E-002
 -0.59999999999999998       0.60000000000000009       -9.1932770025625790E-002
 -0.49999999999999994       0.60000000000000009       -5.1088905883020820E-002
 -0.39999999999999991       0.60000000000000009        1.0779903638500276E-002
 -0.29999999999999993       0.60000000000000009        6.9463421812582873E-002
 -0.19999999999999993       0.60000000000000009       0.10277059142860759     
  -9.9999999999999978E-002  0.60000000000000009        9.5878583658830688E-002
   2.7755575615628914E-017  0.60000000000000009        5.3564241420669990E-002
  0.10000000000000009       0.60000000000000009       -1.0197585394839954E-002
  0.20000000000000009       0.60000000000000009       -6.8845150329717025E-002
  0.30000000000000016       0.60000000000000009      -0.10219390350180348     
  0.40000000000000013       0.60000000000000009       -9.5320888227062806E-002
  0.50000000000000011       0.60000000000000009       -5.2973173979278608E-002
  0.60000000000000009       0.60000000000000009        1.0687166939032497E-002
  0.70000000000000007       0.60000000000000009        6.9449075433961949E-002
  0.80000000000000004       0.60000000000000009       0.10264921053042450     
  0.90000000000000002       0.60000000000000009        9.5840455844549921E-002
   1.0000000000000000       0.60000000000000009        5.2620019339738443E-002
  -1.0000000000000000       0.70000000000000007       0.32500011350023555     
 -0.90000000000000002       0.70000000000000007       -6.3767421176176189E-002
 -0.80000000000000004       0.70000000000000007      -0.42433172438931815     
 -0.69999999999999996       0.70000000000000007      -0.62517379936472550     
 -0.59999999999999998       0.70000000000000007      -0.58196000447894047     
 -0.49999999999999994       0.70000000000000007      -0.32234821879873166     
 -0.39999999999999991       0.70000000000000007        7.0012035172417872E-002
 -0.29999999999999993       0.70000000000000007       0.44150345285967063     
 -0.19999999999999993       0.70000000000000007       0.65167509037234450     
  -9.9999999999999978E-002  0.70000000000000007       0.60694128222865451     
   2.7755575615628914E-017  0.70000000000000007       0.33798238991363144     
  0.10000000000000009       0.70000000000000007       -6.6334132820059885E-002
  0.20000000000000009       0.70000000000000007      -0.43758187879375648     
  0.30000000000000016       0.70000000000000007      -0.64801931640218091     
  0.40000000000000013       0.70000000000000007      -0.60339754478374386     
  0.50000000000000011       0.70000000000000007      -0.33423658587451949     
  0.60000000000000009       0.70000000000000007        6.9449075433963919E-002
  0.70000000000000007       0.70000000000000007       0.44141450977404095     
  0.80000000000000004       0.70000000000000007       0.65091630736854467     
  0.90000000000000002       0.70000000000000007       0.60670233482930758     
   1.0000000000000000       0.70000000000000007       0.33203338652925818     
  -1.0000000000000000       0.80000000000000004       0.47887174223284817     
 -0.90000000000000002       0.80000000000000004       -9.4262130669612768E-002
 -0.80000000000000004       0.80000000000000004      -0.62572476095904905     
 -0.69999999999999996       0.80000000000000004      -0.92166090235443998     
 -0.59999999999999998       0.80000000000000004      -0.85779687003585259     
 -0.49999999999999994       0.80000000000000004      -0.47496789026448938     
 -0.39999999999999991       0.80000000000000004       0.10347521006085561     
 -0.29999999999999993       0.80000000000000004       0.65104711273992422     
 -0.19999999999999993       0.80000000000000004       0.96072994089081298     
  -9.9999999999999978E-002  0.80000000000000004       0.89461925123820329     
   2.7755575615628914E-017  0.80000000000000004       0.49800676107635855     
  0.10000000000000009       0.80000000000000004       -9.8055370454840529E-002
  0.20000000000000009       0.80000000000000004      -0.64526557586369837     
  0.30000000000000016       0.80000000000000004      -0.95534059141198746     
  0.40000000000000013       0.80000000000000004      -0.88939375201510196     
  0.50000000000000011       0.80000000000000004      -0.49248486596020496     
  0.60000000000000009       0.80000000000000004       0.10264921053045285     
  0.70000000000000007       0.80000000000000004       0.65091630736854555     
  0.80000000000000004       0.80000000000000004       0.95961302026368156     
  0.90000000000000002       0.80000000000000004       0.89426742742371146     
   1.0000000000000000       0.80000000000000004       0.48924249057977082     
  -1.0000000000000000       0.90000000000000002       0.44608442891653904     
 -0.90000000000000002       0.90000000000000002       -8.8017014094403309E-002
 -0.80000000000000004       0.90000000000000002      -0.58322124229162231     
 -0.69999999999999996       0.90000000000000002      -0.85889883762561836     
 -0.59999999999999998       0.90000000000000002      -0.79927648761114101     
 -0.49999999999999994       0.90000000000000002      -0.44245032795225375     
 -0.39999999999999991       0.90000000000000002        9.6607500704273722E-002
 -0.29999999999999993       0.90000000000000002       0.60682401393750196     
 -0.19999999999999993       0.90000000000000002       0.89530711310910827     
  -9.9999999999999978E-002  0.90000000000000002       0.83358712613201436     
   2.7755575615628914E-017  0.90000000000000002       0.46391362206255193     
  0.10000000000000009       0.90000000000000002       -9.1558312527150784E-002
  0.20000000000000009       0.90000000000000002      -0.60143606654851622     
  0.30000000000000016       0.90000000000000002      -0.89028487458499250     
  0.40000000000000013       0.90000000000000002      -0.82871667438065455     
  0.50000000000000011       0.90000000000000002      -0.45876798807002717     
  0.60000000000000009       0.90000000000000002        9.5840455844547534E-002
  0.70000000000000007       0.90000000000000002       0.60670233482930791     
  0.80000000000000004       0.90000000000000002       0.89426742742370613     
  0.90000000000000002       0.90000000000000002       0.83325956505646614     
   1.0000000000000000       0.90000000000000002       0.45575031148465350     
  -1.0000000000000000        1.0000000000000000       0.24386343442479830     
 -0.90000000000000002        1.0000000000000000       -4.8332191069184183E-002
 -0.80000000000000004        1.0000000000000000      -0.31918203501274095     
 -0.69999999999999996        1.0000000000000000      -0.46989190133185726     
 -0.59999999999999998        1.0000000000000000      -0.43716271034055548     
 -0.49999999999999994        1.0000000000000000      -0.24187930138513988     
 -0.39999999999999991        1.0000000000000000        5.3036867397269191E-002
 -0.29999999999999993        1.0000000000000000       0.33209972980531721     
 -0.19999999999999993        1.0000000000000000       0.48981007526637133     
  -9.9999999999999978E-002   1.0000000000000000       0.45592920144242838     
   2.7755575615628914E-017   1.0000000000000000       0.25361466236879632     
  0.10000000000000009        1.0000000000000000       -5.0276152864046179E-002
  0.20000000000000009        1.0000000000000000      -0.32915193921683789     
  0.30000000000000016        1.0000000000000000      -0.48706259433577126     
  0.40000000000000013        1.0000000000000000      -0.45326382675969890     
  0.50000000000000011        1.0000000000000000      -0.25079980159864945     
  0.60000000000000009        1.0000000000000000        5.2620019339740809E-002
  0.70000000000000007        1.0000000000000000       0.33203338652925651     
  0.80000000000000004        1.0000000000000000       0.48924249057975966     
  0.90000000000000002        1.0000000000000000       0.45575031148464973     
   1.0000000000000000        1.0000000000000000       0.24915289789623990     
