  -1.0000000000000000       -1.0000000000000000       0.45477669583618857     
 -0.90000000000000002       -1.0000000000000000        8.1971555738351173E-002
 -0.80000000000000004       -1.0000000000000000      -0.32734136934247832     
 -0.69999999999999996       -1.0000000000000000      -0.60994428202090745     
 -0.59999999999999998       -1.0000000000000000      -0.66199565943189953     
 -0.49999999999999994       -1.0000000000000000      -0.46141846664838559     
 -0.39999999999999991       -1.0000000000000000       -8.4462740173091008E-002
 -0.29999999999999993       -1.0000000000000000       0.32478792609961932     
 -0.19999999999999993       -1.0000000000000000       0.61000117856041558     
  -9.9999999999999978E-002  -1.0000000000000000       0.66214988622921678     
   2.7755575615628914E-017  -1.0000000000000000       0.46143979844376437     
  0.10000000000000009       -1.0000000000000000        8.4429587108320145E-002
  0.20000000000000009       -1.0000000000000000      -0.32492725957095775     
  0.30000000000000016       -1.0000000000000000      -0.61000826564726141     
  0.40000000000000013       -1.0000000000000000      -0.66264287681888823     
  0.50000000000000011       -1.0000000000000000      -0.46152471836461767     
  0.60000000000000009       -1.0000000000000000       -8.5508904998590471E-002
  0.70000000000000007       -1.0000000000000000       0.32462693908781703     
  0.80000000000000004       -1.0000000000000000       0.60814080127220693     
  0.90000000000000002       -1.0000000000000000       0.66162132986822375     
   1.0000000000000000       -1.0000000000000000       0.45255142802737081     
  -1.0000000000000000      -0.90000000000000002        8.1971555738350188E-002
 -0.90000000000000002      -0.90000000000000002        1.4731077581680761E-002
 -0.80000000000000004      -0.90000000000000002       -5.9075033814956560E-002
 -0.69999999999999996      -0.90000000000000002      -0.11001325197373651     
 -0.59999999999999998      -0.90000000000000002      -0.11936753807298817     
 -0.49999999999999994      -0.90000000000000002       -8.3168865734609562E-002
 -0.39999999999999991      -0.90000000000000002       -1.5178912883851871E-002
 -0.29999999999999993      -0.90000000000000002        5.8614896581994917E-002
 -0.19999999999999993      -0.90000000000000002       0.11002348118092049     
  -9.9999999999999978E-002 -0.90000000000000002       0.11939509919641361     
   2.7755575615628914E-017 -0.90000000000000002        8.3172757495349262E-002
  0.10000000000000009      -0.90000000000000002        1.5172892162248432E-002
  0.20000000000000009      -0.90000000000000002       -5.8639852724287969E-002
  0.30000000000000016      -0.90000000000000002      -0.11002469611432673     
  0.40000000000000013      -0.90000000000000002      -0.11948374782358327     
  0.50000000000000011      -0.90000000000000002       -8.3187968748551125E-002
  0.60000000000000009      -0.90000000000000002       -1.5367153234060049E-002
  0.70000000000000007      -0.90000000000000002        5.8585856807996009E-002
  0.80000000000000004      -0.90000000000000002       0.10968834209989482     
  0.90000000000000002      -0.90000000000000002       0.11929973421525668     
   1.0000000000000000      -0.90000000000000002        8.1570430350366221E-002
  -1.0000000000000000      -0.80000000000000004      -0.32734136934247832     
 -0.90000000000000002      -0.80000000000000004       -5.9075033814955123E-002
 -0.80000000000000004      -0.80000000000000004       0.23549358629001738     
 -0.69999999999999996      -0.80000000000000004       0.43890645962365055     
 -0.59999999999999998      -0.80000000000000004       0.47641844820750018     
 -0.49999999999999994      -0.80000000000000004       0.33212175025977420     
 -0.39999999999999991      -0.80000000000000004        6.0870131541965120E-002
 -0.29999999999999993      -0.80000000000000004      -0.23365547346905663     
 -0.19999999999999993      -0.80000000000000004      -0.43894745642243943     
  -9.9999999999999978E-002 -0.80000000000000004      -0.47652985382957980     
   2.7755575615628914E-017 -0.80000000000000004      -0.33213702666699219     
  0.10000000000000009      -0.80000000000000004       -6.0846343411627007E-002
  0.20000000000000009      -0.80000000000000004       0.23375602679627677     
  0.30000000000000016      -0.80000000000000004       0.43895266160998048     
  0.40000000000000013      -0.80000000000000004       0.47688505191063302     
  0.50000000000000011      -0.80000000000000004       0.33219830920688070     
  0.60000000000000009      -0.80000000000000004        6.1623688419825011E-002
  0.70000000000000007      -0.80000000000000004      -0.23353963500086153     
  0.80000000000000004      -0.80000000000000004      -0.43760807548818220     
  0.90000000000000002      -0.80000000000000004      -0.47614956504026401     
   1.0000000000000000      -0.80000000000000004      -0.32573970588292650     
  -1.0000000000000000      -0.69999999999999996      -0.60994428202090345     
 -0.90000000000000002      -0.69999999999999996      -0.11001325197373746     
 -0.80000000000000004      -0.69999999999999996       0.43890645962364638     
 -0.69999999999999996      -0.69999999999999996       0.81793168586905896     
 -0.59999999999999998      -0.69999999999999996       0.88778909380906801     
 -0.49999999999999994      -0.69999999999999996       0.61885192666953059     
 -0.39999999999999991      -0.69999999999999996       0.11335640410076814     
 -0.29999999999999993      -0.69999999999999996      -0.43548161030902555     
 -0.19999999999999993      -0.69999999999999996      -0.81800803891363205     
  -9.9999999999999978E-002 -0.69999999999999996      -0.88799633891148133     
   2.7755575615628914E-017 -0.69999999999999996      -0.61888045860739127     
  0.10000000000000009      -0.69999999999999996      -0.11331201456904666     
  0.20000000000000009      -0.69999999999999996       0.43566874778996412     
  0.30000000000000016      -0.69999999999999996       0.81801764844550384     
  0.40000000000000013      -0.69999999999999996       0.88865788761483644     
  0.50000000000000011      -0.69999999999999996       0.61899451180133613     
  0.60000000000000009      -0.69999999999999996       0.11476006040982625     
  0.70000000000000007      -0.69999999999999996      -0.43526573298549720     
  0.80000000000000004      -0.69999999999999996      -0.81551259935029297     
  0.90000000000000002      -0.69999999999999996      -0.88728760030947473     
   1.0000000000000000      -0.69999999999999996      -0.60695981444934022     
  -1.0000000000000000      -0.59999999999999998      -0.66199565943189631     
 -0.90000000000000002      -0.59999999999999998      -0.11936753807298550     
 -0.80000000000000004      -0.59999999999999998       0.47641844820752122     
 -0.69999999999999996      -0.59999999999999998       0.88778909380907023     
 -0.59999999999999998      -0.59999999999999998       0.96358650582811201     
 -0.49999999999999994      -0.59999999999999998       0.67166358719208330     
 -0.39999999999999991      -0.59999999999999998       0.12299506669885996     
 -0.29999999999999993      -0.59999999999999998      -0.47270141449853120     
 -0.19999999999999993      -0.59999999999999998      -0.88787194241754064     
  -9.9999999999999978E-002 -0.59999999999999998      -0.96381125286841152     
   2.7755575615628914E-017 -0.59999999999999998      -0.67169459020711952     
  0.10000000000000009      -0.59999999999999998      -0.12294685421271856     
  0.20000000000000009      -0.59999999999999998       0.47290439950905983     
  0.30000000000000016      -0.59999999999999998       0.88788232364258635     
  0.40000000000000013      -0.59999999999999998       0.96452909357734351     
  0.50000000000000011      -0.59999999999999998       0.67181830277554522     
  0.60000000000000009      -0.59999999999999998       0.12451825548963953     
  0.70000000000000007      -0.59999999999999998      -0.47246709719628122     
  0.80000000000000004      -0.59999999999999998      -0.88516369118445504     
  0.90000000000000002      -0.59999999999999998      -0.96304195848534591     
   1.0000000000000000      -0.59999999999999998      -0.65875648008590360     
  -1.0000000000000000      -0.49999999999999994      -0.46141846664838682     
 -0.90000000000000002      -0.49999999999999994       -8.3168865734610506E-002
 -0.80000000000000004      -0.49999999999999994       0.33212175025977286     
 -0.69999999999999996      -0.49999999999999994       0.61885192666953137     
 -0.59999999999999998      -0.49999999999999994       0.67166358719208197     
 -0.49999999999999994      -0.49999999999999994       0.46815723640075330     
 -0.39999999999999991      -0.49999999999999994        8.5696436900752543E-002
 -0.29999999999999993      -0.49999999999999994      -0.32953101494086801     
 -0.19999999999999993      -0.49999999999999994      -0.61890965424685129     
  -9.9999999999999978E-002 -0.49999999999999994      -0.67182006724840360     
   2.7755575615628914E-017 -0.49999999999999994      -0.46817887956583748     
  0.10000000000000009      -0.49999999999999994       -8.5662799817232571E-002
  0.20000000000000009      -0.49999999999999994       0.32967238387613185     
  0.30000000000000016      -0.49999999999999994       0.61891684506341282     
  0.40000000000000013      -0.49999999999999994       0.67232025846641841     
  0.50000000000000011      -0.49999999999999994       0.46826504004197661     
  0.60000000000000009      -0.49999999999999994        8.6757881589302477E-002
  0.70000000000000007      -0.49999999999999994      -0.32936767688155211     
  0.80000000000000004      -0.49999999999999994      -0.61702210646822542     
  0.90000000000000002      -0.49999999999999994      -0.67128379194799992     
   1.0000000000000000      -0.49999999999999994      -0.45916070010133414     
  -1.0000000000000000      -0.39999999999999991       -8.4462740173085124E-002
 -0.90000000000000002      -0.39999999999999991       -1.5178912883851405E-002
 -0.80000000000000004      -0.39999999999999991        6.0870131541962955E-002
 -0.69999999999999996      -0.39999999999999991       0.11335640410076454     
 -0.59999999999999998      -0.39999999999999991       0.12299506669886724     
 -0.49999999999999994      -0.39999999999999991        8.5696436900751266E-002
 -0.39999999999999991      -0.39999999999999991        1.5640362223998904E-002
 -0.29999999999999993      -0.39999999999999991       -6.0396009978646768E-002
 -0.19999999999999993      -0.39999999999999991      -0.11336694426672293     
  -9.9999999999999978E-002 -0.39999999999999991      -0.12302346620758729     
   2.7755575615628914E-017 -0.39999999999999991       -8.5700446779402834E-002
  0.10000000000000009      -0.39999999999999991       -1.5634158680314130E-002
  0.20000000000000009      -0.39999999999999991        6.0421725083028607E-002
  0.30000000000000016      -0.39999999999999991       0.11336819633085232     
  0.40000000000000013      -0.39999999999999991       0.12311480963982760     
  0.50000000000000011      -0.39999999999999991        8.5716120631787962E-002
  0.60000000000000009      -0.39999999999999991        1.5834324444870186E-002
  0.70000000000000007      -0.39999999999999991       -6.0366087736700165E-002
  0.80000000000000004      -0.39999999999999991      -0.11302161941226284     
  0.90000000000000002      -0.39999999999999991      -0.12292520331903549     
   1.0000000000000000      -0.39999999999999991       -8.4049424347457685E-002
  -1.0000000000000000      -0.29999999999999993       0.32478792609961993     
 -0.90000000000000002      -0.29999999999999993        5.8614896581994973E-002
 -0.80000000000000004      -0.29999999999999993      -0.23365547346905660     
 -0.69999999999999996      -0.29999999999999993      -0.43548161030902532     
 -0.59999999999999998      -0.29999999999999993      -0.47270141449852987     
 -0.49999999999999994      -0.29999999999999993      -0.32953101494086717     
 -0.39999999999999991      -0.29999999999999993       -6.0396009978647122E-002
 -0.29999999999999993      -0.29999999999999993       0.23183169724952254     
 -0.19999999999999993      -0.29999999999999993       0.43552228771786200     
  -9.9999999999999978E-002 -0.29999999999999993       0.47281195478383981     
   2.7755575615628914E-017 -0.29999999999999993       0.32954617146025267     
  0.10000000000000009      -0.29999999999999993        6.0372408101656658E-002
  0.20000000000000009      -0.29999999999999993      -0.23193146865371039     
  0.30000000000000016      -0.29999999999999993      -0.43552745326836706     
  0.40000000000000013      -0.29999999999999993      -0.47316438538800742     
  0.50000000000000011      -0.29999999999999993      -0.32960697743536332     
  0.60000000000000009      -0.29999999999999993       -6.1143693742626355E-002
  0.70000000000000007      -0.29999999999999993       0.23171676273392233     
  0.80000000000000004      -0.29999999999999993       0.43419335181276708     
  0.90000000000000002      -0.29999999999999993       0.47243463392734680     
   1.0000000000000000      -0.29999999999999993       0.32319875696986938     
  -1.0000000000000000      -0.19999999999999993       0.61000117856040992     
 -0.90000000000000002      -0.19999999999999993       0.11002348118091880     
 -0.80000000000000004      -0.19999999999999993      -0.43894745642245558     
 -0.69999999999999996      -0.19999999999999993      -0.81800803891363427     
 -0.59999999999999998      -0.19999999999999993      -0.88787194241754241     
 -0.49999999999999994      -0.19999999999999993      -0.61890965424685340     
 -0.39999999999999991      -0.19999999999999993      -0.11336694426672499     
 -0.29999999999999993      -0.19999999999999993       0.43552228771786206     
 -0.19999999999999993      -0.19999999999999993       0.81808439906145025     
  -9.9999999999999978E-002 -0.19999999999999993       0.88807920667563178     
   2.7755575615628914E-017 -0.19999999999999993       0.61893818888163732     
  0.10000000000000009      -0.19999999999999993       0.11332255055947514     
  0.20000000000000009      -0.19999999999999993      -0.43570944253649596     
  0.30000000000000016      -0.19999999999999993      -0.81809400944252497     
  0.40000000000000013      -0.19999999999999993      -0.88874081693077200     
  0.50000000000000011      -0.19999999999999993      -0.61905225264281394     
  0.60000000000000009      -0.19999999999999993      -0.11477073126368452     
  0.70000000000000007      -0.19999999999999993       0.43530639023989587     
  0.80000000000000004      -0.19999999999999993       0.81558872685932171     
  0.90000000000000002      -0.19999999999999993       0.88737040189007366     
   1.0000000000000000      -0.19999999999999993       0.60701643257057925     
  -1.0000000000000000       -9.9999999999999978E-002  0.66214988622921744     
 -0.90000000000000002       -9.9999999999999978E-002  0.11939509919641458     
 -0.80000000000000004       -9.9999999999999978E-002 -0.47652985382958030     
 -0.69999999999999996       -9.9999999999999978E-002 -0.88799633891148044     
 -0.59999999999999998       -9.9999999999999978E-002 -0.96381125286841141     
 -0.49999999999999994       -9.9999999999999978E-002 -0.67182006724840182     
 -0.39999999999999991       -9.9999999999999978E-002 -0.12302346620758922     
 -0.29999999999999993       -9.9999999999999978E-002  0.47281195478384036     
 -0.19999999999999993       -9.9999999999999978E-002  0.88807920667563012     
  -9.9999999999999978E-002  -9.9999999999999978E-002  0.96403605093285805     
   2.7755575615628914E-017  -9.9999999999999978E-002  0.67185107775164621     
  0.10000000000000009       -9.9999999999999978E-002  0.12297524223146954     
  0.20000000000000009       -9.9999999999999978E-002 -0.47301498619058702     
  0.30000000000000016       -9.9999999999999978E-002 -0.88808958996520382     
  0.40000000000000013       -9.9999999999999978E-002 -0.96475405768724454     
  0.50000000000000011       -9.9999999999999978E-002 -0.67197481860270347     
  0.60000000000000009       -9.9999999999999978E-002 -0.12454700800855703     
  0.70000000000000007       -9.9999999999999978E-002  0.47257758276419409     
  0.80000000000000004       -9.9999999999999978E-002  0.88537032554446227     
  0.90000000000000002       -9.9999999999999978E-002  0.96326657678880212     
   1.0000000000000000       -9.9999999999999978E-002  0.65890995207251646     
  -1.0000000000000000        2.7755575615628914E-017  0.46143979844375443     
 -0.90000000000000002        2.7755575615628914E-017   8.3172757495348179E-002
 -0.80000000000000004        2.7755575615628914E-017 -0.33213702666700068     
 -0.69999999999999996        2.7755575615628914E-017 -0.61888045860738994     
 -0.59999999999999998        2.7755575615628914E-017 -0.67169459020712585     
 -0.49999999999999994        2.7755575615628914E-017 -0.46817887956583798     
 -0.39999999999999991        2.7755575615628914E-017  -8.5700446779401140E-002
 -0.29999999999999993        2.7755575615628914E-017  0.32954617146025195     
 -0.19999999999999993        2.7755575615628914E-017  0.61893818888163199     
  -9.9999999999999978E-002   2.7755575615628914E-017  0.67185107775164610     
   2.7755575615628914E-017   2.7755575615628914E-017  0.46820052368181075     
  0.10000000000000009        2.7755575615628914E-017   8.5666808188244792E-002
  0.20000000000000009        2.7755575615628914E-017 -0.32968754709945541     
  0.30000000000000016        2.7755575615628914E-017 -0.61894538009702460     
  0.40000000000000013        2.7755575615628914E-017 -0.67235129231831059     
  0.50000000000000011        2.7755575615628914E-017 -0.46828668824242792     
  0.60000000000000009        2.7755575615628914E-017  -8.6761940885881073E-002
  0.70000000000000007        2.7755575615628914E-017  0.32938282587361400     
  0.80000000000000004        2.7755575615628914E-017  0.61705055364198191     
  0.90000000000000002        2.7755575615628914E-017  0.67131477775983117     
   1.0000000000000000        2.7755575615628914E-017  0.45918192755058390     
  -1.0000000000000000       0.10000000000000009        8.4429587108320506E-002
 -0.90000000000000002       0.10000000000000009        1.5172892162248970E-002
 -0.80000000000000004       0.10000000000000009       -6.0846343411627375E-002
 -0.69999999999999996       0.10000000000000009      -0.11331201456904634     
 -0.59999999999999998       0.10000000000000009      -0.12294685421271899     
 -0.49999999999999994       0.10000000000000009       -8.5662799817232127E-002
 -0.39999999999999991       0.10000000000000009       -1.5634158680314293E-002
 -0.29999999999999993       0.10000000000000009        6.0372408101657025E-002
 -0.19999999999999993       0.10000000000000009       0.11332255055947586     
  -9.9999999999999978E-002  0.10000000000000009       0.12297524223146926     
   2.7755575615628914E-017  0.10000000000000009        8.5666808188244639E-002
  0.10000000000000009       0.10000000000000009        1.5627957509147413E-002
  0.20000000000000009       0.10000000000000009       -6.0398112886938277E-002
  0.30000000000000016       0.10000000000000009      -0.11332380204345471     
  0.40000000000000013       0.10000000000000009      -0.12306654950934319     
  0.50000000000000011       0.10000000000000009       -8.5682475753070281E-002
  0.60000000000000009       0.10000000000000009       -1.5828044305556406E-002
  0.70000000000000007       0.10000000000000009        6.0342497572761916E-002
  0.80000000000000004       0.10000000000000009       0.11297736151660594     
  0.90000000000000002       0.10000000000000009       0.12287701777728087     
   1.0000000000000000       0.10000000000000009        8.4016433472492338E-002
  -1.0000000000000000       0.20000000000000009      -0.32492725957095830     
 -0.90000000000000002       0.20000000000000009       -5.8639852724286678E-002
 -0.80000000000000004       0.20000000000000009       0.23375602679628604     
 -0.69999999999999996       0.20000000000000009       0.43566874778996656     
 -0.59999999999999998       0.20000000000000009       0.47290439950904445     
 -0.49999999999999994       0.20000000000000009       0.32967238387613268     
 -0.39999999999999991       0.20000000000000009        6.0421725083032507E-002
 -0.29999999999999993       0.20000000000000009      -0.23193146865370939     
 -0.19999999999999993       0.20000000000000009      -0.43570944253648752     
  -9.9999999999999978E-002  0.20000000000000009      -0.47301498619058657     
   2.7755575615628914E-017  0.20000000000000009      -0.32968754709945153     
  0.10000000000000009       0.20000000000000009       -6.0398112886938270E-002
  0.20000000000000009       0.20000000000000009       0.23203128217779373     
  0.30000000000000016       0.20000000000000009       0.43571461003349177     
  0.40000000000000013       0.20000000000000009       0.47336756707773558     
  0.50000000000000011       0.20000000000000009       0.32974837874964624     
  0.60000000000000009       0.20000000000000009        6.1169728194721447E-002
  0.70000000000000007       0.20000000000000009      -0.23181648473416153     
  0.80000000000000004       0.20000000000000009      -0.43437993732239200     
  0.90000000000000002       0.20000000000000009      -0.47263750305452923     
   1.0000000000000000       0.20000000000000009      -0.32333740855937992     
  -1.0000000000000000       0.30000000000000016      -0.61000826564725796     
 -0.90000000000000002       0.30000000000000016      -0.11002469611432718     
 -0.80000000000000004       0.30000000000000016       0.43895266160998003     
 -0.69999999999999996       0.30000000000000016       0.81801764844550295     
 -0.59999999999999998       0.30000000000000016       0.88788232364258657     
 -0.49999999999999994       0.30000000000000016       0.61891684506341160     
 -0.39999999999999991       0.30000000000000016       0.11336819633085338     
 -0.29999999999999993       0.30000000000000016      -0.43552745326836667     
 -0.19999999999999993       0.30000000000000016      -0.81809400944252542     
  -9.9999999999999978E-002  0.30000000000000016      -0.88808958996520460     
   2.7755575615628914E-017  0.30000000000000016      -0.61894538009702749     
  0.10000000000000009       0.30000000000000016      -0.11332380204345463     
  0.20000000000000009       0.30000000000000016       0.43571461003349210     
  0.30000000000000016       0.30000000000000016       0.81810361984530999     
  0.40000000000000013       0.30000000000000016       0.88875120760327497     
  0.50000000000000011       0.30000000000000016       0.61905944504636545     
  0.60000000000000009       0.30000000000000016       0.11477199916801888     
  0.70000000000000007       0.30000000000000016      -0.43531155324962889     
  0.80000000000000004       0.30000000000000016      -0.81559830851328385     
  0.90000000000000002       0.30000000000000016      -0.88738077680778815     
   1.0000000000000000       0.30000000000000016      -0.60702348493623681     
  -1.0000000000000000       0.40000000000000013      -0.66264287681886869     
 -0.90000000000000002       0.40000000000000013      -0.11948374782358043     
 -0.80000000000000004       0.40000000000000013       0.47688505191064928     
 -0.69999999999999996       0.40000000000000013       0.88865788761483544     
 -0.59999999999999998       0.40000000000000013       0.96452909357735073     
 -0.49999999999999994       0.40000000000000013       0.67232025846641841     
 -0.39999999999999991       0.40000000000000013       0.12311480963983376     
 -0.29999999999999993       0.40000000000000013      -0.47316438538800581     
 -0.19999999999999993       0.40000000000000013      -0.88874081693076878     
  -9.9999999999999978E-002  0.40000000000000013      -0.96475405768724343     
   2.7755575615628914E-017  0.40000000000000013      -0.67235129231831758     
  0.10000000000000009       0.40000000000000013      -0.12306654950934347     
  0.20000000000000009       0.40000000000000013       0.47336756707774041     
  0.30000000000000016       0.40000000000000013       0.88875120760327153     
  0.40000000000000013       0.40000000000000013       0.96547259784598205     
  0.50000000000000011       0.40000000000000013       0.67247512476835780     
  0.60000000000000009       0.40000000000000013       0.12463948394765596     
  0.70000000000000007       0.40000000000000013      -0.47292983874583722     
  0.80000000000000004       0.40000000000000013      -0.88602991999121539     
  0.90000000000000002       0.40000000000000013      -0.96398401011787638     
   1.0000000000000000       0.40000000000000013      -0.65940053026433554     
  -1.0000000000000000       0.50000000000000011      -0.46152471836461745     
 -0.90000000000000002       0.50000000000000011       -8.3187968748551694E-002
 -0.80000000000000004       0.50000000000000011       0.33219830920688115     
 -0.69999999999999996       0.50000000000000011       0.61899451180133669     
 -0.59999999999999998       0.50000000000000011       0.67181830277554766     
 -0.49999999999999994       0.50000000000000011       0.46826504004197650     
 -0.39999999999999991       0.50000000000000011        8.5716120631788920E-002
 -0.29999999999999993       0.50000000000000011      -0.32960697743536416     
 -0.19999999999999993       0.50000000000000011      -0.61905225264281605     
  -9.9999999999999978E-002  0.50000000000000011      -0.67197481860270403     
   2.7755575615628914E-017  0.50000000000000011      -0.46828668824242942     
  0.10000000000000009       0.50000000000000011       -8.5682475753070295E-002
  0.20000000000000009       0.50000000000000011       0.32974837874964819     
  0.30000000000000016       0.50000000000000011       0.61905944504636634     
  0.40000000000000013       0.50000000000000011       0.67247512476836213     
  0.50000000000000011       0.50000000000000011       0.46837286845400089     
  0.60000000000000009       0.50000000000000011        8.6777809381696075E-002
  0.70000000000000007       0.50000000000000011      -0.32944360173903475     
  0.80000000000000004       0.50000000000000011      -0.61716427041995381     
  0.90000000000000002       0.50000000000000011      -0.67143841970849139     
   1.0000000000000000       0.50000000000000011      -0.45926643188383154     
  -1.0000000000000000       0.60000000000000009       -8.5508904998587917E-002
 -0.90000000000000002       0.60000000000000009       -1.5367153234060269E-002
 -0.80000000000000004       0.60000000000000009        6.1623688419837772E-002
 -0.69999999999999996       0.60000000000000009       0.11476006040982283     
 -0.59999999999999998       0.60000000000000009       0.12451825548966594     
 -0.49999999999999994       0.60000000000000009        8.6757881589302019E-002
 -0.39999999999999991       0.60000000000000009        1.5834324444861058E-002
 -0.29999999999999993       0.60000000000000009       -6.1143693742626681E-002
 -0.19999999999999993       0.60000000000000009      -0.11477073126370529     
  -9.9999999999999978E-002  0.60000000000000009      -0.12454700800855646     
   2.7755575615628914E-017  0.60000000000000009       -8.6761940885886013E-002
  0.10000000000000009       0.60000000000000009       -1.5828044305555462E-002
  0.20000000000000009       0.60000000000000009        6.1169728194741611E-002
  0.30000000000000016       0.60000000000000009       0.11477199916801746     
  0.40000000000000013       0.60000000000000009       0.12463948394767120     
  0.50000000000000011       0.60000000000000009        8.6777809381695950E-002
  0.60000000000000009       0.60000000000000009        1.6030690839339445E-002
  0.70000000000000007       0.60000000000000009       -6.1113401000437106E-002
  0.80000000000000004       0.60000000000000009      -0.11442112819328605     
  0.90000000000000002       0.60000000000000009      -0.12444752852789819     
   1.0000000000000000       0.60000000000000009       -8.5090469957568415E-002
  -1.0000000000000000       0.70000000000000007       0.32462693908781526     
 -0.90000000000000002       0.70000000000000007        5.8585856807995329E-002
 -0.80000000000000004       0.70000000000000007      -0.23353963500086186     
 -0.69999999999999996       0.70000000000000007      -0.43526573298549653     
 -0.59999999999999998       0.70000000000000007      -0.47246709719628177     
 -0.49999999999999994       0.70000000000000007      -0.32936767688155061     
 -0.39999999999999991       0.70000000000000007       -6.0366087736700970E-002
 -0.29999999999999993       0.70000000000000007       0.23171676273392200     
 -0.19999999999999993       0.70000000000000007       0.43530639023989698     
  -9.9999999999999978E-002  0.70000000000000007       0.47257758276419298     
   2.7755575615628914E-017  0.70000000000000007       0.32938282587361595     
  0.10000000000000009       0.70000000000000007        6.0342497572761292E-002
  0.20000000000000009       0.70000000000000007      -0.23181648473416214     
  0.30000000000000016       0.70000000000000007      -0.43531155324962845     
  0.40000000000000013       0.70000000000000007      -0.47292983874583933     
  0.50000000000000011       0.70000000000000007      -0.32944360173903353     
  0.60000000000000009       0.70000000000000007       -6.1113401000437814E-002
  0.70000000000000007       0.70000000000000007       0.23160188519479322     
  0.80000000000000004       0.70000000000000007       0.43397811298772532     
  0.90000000000000002       0.70000000000000007       0.47220044896335034     
   1.0000000000000000       0.70000000000000007       0.32303855766796541     
  -1.0000000000000000       0.80000000000000004       0.60814080127221093     
 -0.90000000000000002       0.80000000000000004       0.10968834209989160     
 -0.80000000000000004       0.80000000000000004      -0.43760807548820962     
 -0.69999999999999996       0.80000000000000004      -0.81551259935029730     
 -0.59999999999999998       0.80000000000000004      -0.88516369118446458     
 -0.49999999999999994       0.80000000000000004      -0.61702210646822797     
 -0.39999999999999991       0.80000000000000004      -0.11302161941226506     
 -0.29999999999999993       0.80000000000000004       0.43419335181276847     
 -0.19999999999999993       0.80000000000000004       0.81558872685933226     
  -9.9999999999999978E-002  0.80000000000000004       0.88537032554446482     
   2.7755575615628914E-017  0.80000000000000004       0.61705055364199046     
  0.10000000000000009       0.80000000000000004       0.11297736151660583     
  0.20000000000000009       0.80000000000000004      -0.43437993732240437     
  0.30000000000000016       0.80000000000000004      -0.81559830851328574     
  0.40000000000000013       0.80000000000000004      -0.88602991999122171     
  0.50000000000000011       0.80000000000000004      -0.61716427041995214     
  0.60000000000000009       0.80000000000000004      -0.11442112819326639     
  0.70000000000000007       0.80000000000000004       0.43397811298772554     
  0.80000000000000004       0.80000000000000004       0.81310066420660387     
  0.90000000000000002       0.80000000000000004       0.88466368335214018     
   1.0000000000000000       0.80000000000000004       0.60516515842305207     
  -1.0000000000000000       0.90000000000000002       0.66162132986822120     
 -0.90000000000000002       0.90000000000000002       0.11929973421525737     
 -0.80000000000000004       0.90000000000000002      -0.47614956504026146     
 -0.69999999999999996       0.90000000000000002      -0.88728760030947373     
 -0.59999999999999998       0.90000000000000002      -0.96304195848534357     
 -0.49999999999999994       0.90000000000000002      -0.67128379194799848     
 -0.39999999999999991       0.90000000000000002      -0.12292520331904012     
 -0.29999999999999993       0.90000000000000002       0.47243463392734686     
 -0.19999999999999993       0.90000000000000002       0.88737040189006855     
  -9.9999999999999978E-002  0.90000000000000002       0.96326657678880101     
   2.7755575615628914E-017  0.90000000000000002       0.67131477775983195     
  0.10000000000000009       0.90000000000000002       0.12287701777728109     
  0.20000000000000009       0.90000000000000002      -0.47263750305452595     
  0.30000000000000016       0.90000000000000002      -0.88738077680778760     
  0.40000000000000013       0.90000000000000002      -0.96398401011787649     
  0.50000000000000011       0.90000000000000002      -0.67143841970849039     
  0.60000000000000009       0.90000000000000002      -0.12444752852790016     
  0.70000000000000007       0.90000000000000002       0.47220044896335045     
  0.80000000000000004       0.90000000000000002       0.88466368335213430     
  0.90000000000000002       0.90000000000000002       0.96249771674507201     
   1.0000000000000000       0.90000000000000002       0.65838398192495429     
  -1.0000000000000000        1.0000000000000000       0.45255142802734027     
 -0.90000000000000002        1.0000000000000000        8.1570430350364209E-002
 -0.80000000000000004        1.0000000000000000      -0.32573970588292728     
 -0.69999999999999996        1.0000000000000000      -0.60695981444933611     
 -0.59999999999999998        1.0000000000000000      -0.65875648008590315     
 -0.49999999999999994        1.0000000000000000      -0.45916070010133425     
 -0.39999999999999991        1.0000000000000000       -8.4049424347463444E-002
 -0.29999999999999993        1.0000000000000000       0.32319875696986788     
 -0.19999999999999993        1.0000000000000000       0.60701643257056581     
  -9.9999999999999978E-002   1.0000000000000000       0.65890995207251568     
   2.7755575615628914E-017   1.0000000000000000       0.45918192755058279     
  0.10000000000000009        1.0000000000000000        8.4016433472491978E-002
  0.20000000000000009        1.0000000000000000      -0.32333740855937709     
  0.30000000000000016        1.0000000000000000      -0.60702348493623326     
  0.40000000000000013        1.0000000000000000      -0.65940053026432055     
  0.50000000000000011        1.0000000000000000      -0.45926643188382832     
  0.60000000000000009        1.0000000000000000       -8.5090469957563780E-002
  0.70000000000000007        1.0000000000000000       0.32303855766796208     
  0.80000000000000004        1.0000000000000000       0.60516515842303298     
  0.90000000000000002        1.0000000000000000       0.65838398192495395     
   1.0000000000000000        1.0000000000000000       0.45033704865543633     
