  -1.0000000000000000       -1.0000000000000000        7.0962762469165322E-004
 -0.90000000000000002       -1.0000000000000000        1.7944044211934341E-002
 -0.80000000000000004       -1.0000000000000000        2.8341218145325746E-002
 -0.69999999999999996       -1.0000000000000000        2.8207142227433066E-002
 -0.59999999999999998       -1.0000000000000000        1.6925905621186659E-002
 -0.49999999999999994       -1.0000000000000000       -5.6289800835202181E-004
 -0.39999999999999991       -1.0000000000000000       -1.8797020648348081E-002
 -0.29999999999999993       -1.0000000000000000       -2.9571068119820590E-002
 -0.19999999999999993       -1.0000000000000000       -2.9448082267396158E-002
  -9.9999999999999978E-002  -1.0000000000000000       -1.7752225567912085E-002
   2.7755575615628914E-017  -1.0000000000000000        3.1879349233946108E-004
  0.10000000000000009       -1.0000000000000000        1.8601078204861600E-002
  0.20000000000000009       -1.0000000000000000        2.9371203686450797E-002
  0.30000000000000016       -1.0000000000000000        2.9250914336830653E-002
  0.40000000000000013       -1.0000000000000000        1.7549284071736983E-002
  0.50000000000000011       -1.0000000000000000       -5.2070139161567808E-004
  0.60000000000000009       -1.0000000000000000       -1.8812738289726481E-002
  0.70000000000000007       -1.0000000000000000       -2.9569589983419464E-002
  0.80000000000000004       -1.0000000000000000       -2.9470383263807319E-002
  0.90000000000000002       -1.0000000000000000       -1.7752041663835830E-002
   1.0000000000000000       -1.0000000000000000        2.8542099074744566E-004
  -1.0000000000000000      -0.90000000000000002        1.7944044211933127E-002
 -0.90000000000000002      -0.90000000000000002       0.34265551760390922     
 -0.80000000000000004      -0.90000000000000002       0.53685052542348899     
 -0.69999999999999996      -0.90000000000000002       0.53158042735305810     
 -0.59999999999999998      -0.90000000000000002       0.31618894600484415     
 -0.49999999999999994      -0.90000000000000002       -1.5185020521452298E-002
 -0.39999999999999991      -0.90000000000000002      -0.35889559692631218     
 -0.29999999999999993      -0.90000000000000002      -0.56015941538984193     
 -0.19999999999999993      -0.90000000000000002      -0.55498630896049117     
  -9.9999999999999978E-002 -0.90000000000000002      -0.33168080445074694     
   2.7755575615628914E-017 -0.90000000000000002        1.0628403478806212E-002
  0.10000000000000009      -0.90000000000000002       0.35519239483649234     
  0.20000000000000009      -0.90000000000000002       0.55635733513899888     
  0.30000000000000016      -0.90000000000000002       0.55124978933806035     
  0.40000000000000013      -0.90000000000000002       0.32783551350589440     
  0.50000000000000011      -0.90000000000000002       -1.4457098787059492E-002
  0.60000000000000009      -0.90000000000000002      -0.35918768396910017     
  0.70000000000000007      -0.90000000000000002      -0.56012770535877066     
  0.80000000000000004      -0.90000000000000002      -0.55540839508922868     
  0.90000000000000002      -0.90000000000000002      -0.33168200844362183     
   1.0000000000000000      -0.90000000000000002        9.9179563560660051E-003
  -1.0000000000000000      -0.80000000000000004        2.8341218145315931E-002
 -0.90000000000000002      -0.80000000000000004       0.53685052542349032     
 -0.80000000000000004      -0.80000000000000004       0.84087745178142403     
 -0.69999999999999996      -0.80000000000000004       0.83248018257183454     
 -0.59999999999999998      -0.80000000000000004       0.49502041203662800     
 -0.49999999999999994      -0.80000000000000004       -2.4020780770679779E-002
 -0.39999999999999991      -0.80000000000000004      -0.56229193623604401     
 -0.29999999999999993      -0.80000000000000004      -0.87738719157831913     
 -0.19999999999999993      -0.80000000000000004      -0.86913593471554873     
  -9.9999999999999978E-002 -0.80000000000000004      -0.51927716388479117     
   2.7755575615628914E-017 -0.80000000000000004        1.6887195582666818E-002
  0.10000000000000009      -0.80000000000000004       0.55649199203735578     
  0.20000000000000009      -0.80000000000000004       0.87143108859839624     
  0.30000000000000016      -0.80000000000000004       0.86328327692731643     
  0.40000000000000013      -0.80000000000000004       0.51325416688347236     
  0.50000000000000011      -0.80000000000000004       -2.2884354416203401E-002
  0.60000000000000009      -0.80000000000000004      -0.56274914201122617     
  0.70000000000000007      -0.80000000000000004      -0.87733732981978363     
  0.80000000000000004      -0.80000000000000004      -0.86979703669373021     
  0.90000000000000002      -0.80000000000000004      -0.51927929459149502     
   1.0000000000000000      -0.80000000000000004        1.5770321163255684E-002
  -1.0000000000000000      -0.69999999999999996        2.8207142227435488E-002
 -0.90000000000000002      -0.69999999999999996       0.53158042735305755     
 -0.80000000000000004      -0.69999999999999996       0.83248018257182999     
 -0.69999999999999996      -0.69999999999999996       0.82407643665320451     
 -0.59999999999999998      -0.69999999999999996       0.48993047317979893     
 -0.49999999999999994      -0.69999999999999996       -2.3930524664363902E-002
 -0.39999999999999991      -0.69999999999999996      -0.55677050708561149     
 -0.29999999999999993      -0.69999999999999996      -0.86862574095900746     
 -0.19999999999999993      -0.69999999999999996      -0.86036280798055786     
  -9.9999999999999978E-002 -0.69999999999999996      -0.51393967529596318     
   2.7755575615628914E-017 -0.69999999999999996        1.6870404502449064E-002
  0.10000000000000009      -0.69999999999999996       0.55102876143891544     
  0.20000000000000009      -0.69999999999999996       0.86272858253842355     
  0.30000000000000016      -0.69999999999999996       0.85456854087599698     
  0.40000000000000013      -0.69999999999999996       0.50797678970840154     
  0.50000000000000011      -0.69999999999999996       -2.2807808662735841E-002
  0.60000000000000009      -0.69999999999999996      -0.55722296035924623     
  0.70000000000000007      -0.69999999999999996      -0.86857625437084707     
  0.80000000000000004      -0.69999999999999996      -0.86101729645936087     
  0.90000000000000002      -0.69999999999999996      -0.51394193981657788     
   1.0000000000000000      -0.69999999999999996        1.5762093240967872E-002
  -1.0000000000000000      -0.59999999999999998        1.6925905621195982E-002
 -0.90000000000000002      -0.59999999999999998       0.31618894600484926     
 -0.80000000000000004      -0.59999999999999998       0.49502041203665292     
 -0.69999999999999996      -0.59999999999999998       0.48993047317980448     
 -0.59999999999999998      -0.59999999999999998       0.29117846524426783     
 -0.49999999999999994      -0.59999999999999998       -1.4383579402966584E-002
 -0.39999999999999991      -0.59999999999999998      -0.33117061477403192     
 -0.29999999999999993      -0.59999999999999998      -0.51651419133693455     
 -0.19999999999999993      -0.59999999999999998      -0.51150414148637058     
  -9.9999999999999978E-002 -0.59999999999999998      -0.30544967691150121     
   2.7755575615628914E-017 -0.59999999999999998        1.0187684473438660E-002
  0.10000000000000009      -0.59999999999999998       0.32775666783934426     
  0.20000000000000009      -0.59999999999999998       0.51300699522769966     
  0.30000000000000016      -0.59999999999999998       0.50805862016595704     
  0.40000000000000013      -0.59999999999999998       0.30190390962125679     
  0.50000000000000011      -0.59999999999999998       -1.3718401047457071E-002
  0.60000000000000009      -0.59999999999999998      -0.33143946677114799     
  0.70000000000000007      -0.59999999999999998      -0.51648463886070761     
  0.80000000000000004      -0.59999999999999998      -0.51189331027566187     
  0.90000000000000002      -0.59999999999999998      -0.30545118277954592     
   1.0000000000000000      -0.59999999999999998        9.5259849635494758E-003
  -1.0000000000000000      -0.49999999999999994       -5.6289800835001463E-004
 -0.90000000000000002      -0.49999999999999994       -1.5185020521452430E-002
 -0.80000000000000004      -0.49999999999999994       -2.4020780770677840E-002
 -0.69999999999999996      -0.49999999999999994       -2.3930524664363982E-002
 -0.59999999999999998      -0.49999999999999994       -1.4383579402966407E-002
 -0.49999999999999994      -0.49999999999999994        4.3836203559468809E-004
 -0.39999999999999991      -0.49999999999999994        1.5907258324543795E-002
 -0.29999999999999993      -0.49999999999999994        2.5063040216016349E-002
 -0.19999999999999993      -0.49999999999999994        2.4983151866792064E-002
  -9.9999999999999978E-002 -0.49999999999999994        1.5085307545689880E-002
   2.7755575615628914E-017 -0.49999999999999994       -2.3089308830878327E-004
  0.10000000000000009      -0.49999999999999994       -1.5741113957939565E-002
  0.20000000000000009      -0.49999999999999994       -2.4893782254493967E-002
  0.30000000000000016      -0.49999999999999994       -2.4816055366287029E-002
  0.40000000000000013      -0.49999999999999994       -1.4913312613564241E-002
  0.50000000000000011      -0.49999999999999994        4.0198649575459922E-004
  0.60000000000000009      -0.49999999999999994        1.5920628196068130E-002
  0.70000000000000007      -0.49999999999999994        2.5061819185885036E-002
  0.80000000000000004      -0.49999999999999994        2.5002056175503974E-002
  0.90000000000000002      -0.49999999999999994        1.5085111548180884E-002
   1.0000000000000000      -0.49999999999999994       -2.0327838960420728E-004
  -1.0000000000000000      -0.39999999999999991       -1.8797020648315378E-002
 -0.90000000000000002      -0.39999999999999991      -0.35889559692630707     
 -0.80000000000000004      -0.39999999999999991      -0.56229193623602158     
 -0.69999999999999996      -0.39999999999999991      -0.55677050708561326     
 -0.59999999999999998      -0.39999999999999991      -0.33117061477400739     
 -0.49999999999999994      -0.39999999999999991        1.5907258324543129E-002
 -0.39999999999999991      -0.39999999999999991       0.37590534341036907     
 -0.29999999999999993      -0.39999999999999991       0.58670544458266083     
 -0.19999999999999993      -0.39999999999999991       0.58128553805718985     
  -9.9999999999999978E-002 -0.39999999999999991       0.34739654127052683     
   2.7755575615628914E-017 -0.39999999999999991       -1.1134741583232981E-002
  0.10000000000000009      -0.39999999999999991      -0.37202665099912585     
  0.20000000000000009      -0.39999999999999991      -0.58272317392648865     
  0.30000000000000016      -0.39999999999999991      -0.57737194334412023     
  0.40000000000000013      -0.39999999999999991      -0.34336902090250937     
  0.50000000000000011      -0.39999999999999991        1.5144881578864386E-002
  0.60000000000000009      -0.39999999999999991       0.37621126922205406     
  0.70000000000000007      -0.39999999999999991       0.58667222966136101     
  0.80000000000000004      -0.39999999999999991       0.58172762669340072     
  0.90000000000000002      -0.39999999999999991       0.34739780503581486     
   1.0000000000000000      -0.39999999999999991       -1.0390580959080813E-002
  -1.0000000000000000      -0.29999999999999993       -2.9571068119816926E-002
 -0.90000000000000002      -0.29999999999999993      -0.56015941538984038     
 -0.80000000000000004      -0.29999999999999993      -0.87738719157831491     
 -0.69999999999999996      -0.29999999999999993      -0.86862574095900535     
 -0.59999999999999998      -0.29999999999999993      -0.51651419133692700     
 -0.49999999999999994      -0.29999999999999993        2.5063040216015228E-002
 -0.39999999999999991      -0.29999999999999993       0.58670544458266749     
 -0.29999999999999993      -0.29999999999999993       0.91548213202910844     
 -0.19999999999999993      -0.29999999999999993       0.90687305065702284     
  -9.9999999999999978E-002 -0.29999999999999993       0.54182416240804065     
   2.7755575615628914E-017 -0.29999999999999993       -1.7619714311154593E-002
  0.10000000000000009      -0.29999999999999993      -0.58065367351705721     
  0.20000000000000009      -0.29999999999999993      -0.90926742573151242     
  0.30000000000000016      -0.29999999999999993      -0.90076627879233628     
  0.40000000000000013      -0.29999999999999993      -0.53553965535105996     
  0.50000000000000011      -0.29999999999999993        2.3877260891166218E-002
  0.60000000000000009      -0.29999999999999993       0.58718250246038628     
  0.70000000000000007      -0.29999999999999993       0.91543010590764562     
  0.80000000000000004      -0.29999999999999993       0.90756285682309634     
  0.90000000000000002      -0.29999999999999993       0.54182638491296908     
   1.0000000000000000      -0.29999999999999993       -1.6454358681938147E-002
  -1.0000000000000000      -0.19999999999999993       -2.9448082267393750E-002
 -0.90000000000000002      -0.19999999999999993      -0.55498630896049150     
 -0.80000000000000004      -0.19999999999999993      -0.86913593471554562     
 -0.69999999999999996      -0.19999999999999993      -0.86036280798055875     
 -0.59999999999999998      -0.19999999999999993      -0.51150414148636814     
 -0.49999999999999994      -0.19999999999999993        2.4983151866793871E-002
 -0.39999999999999991      -0.19999999999999993       0.58128553805720129     
 -0.29999999999999993      -0.19999999999999993       0.90687305065702373     
 -0.19999999999999993      -0.19999999999999993       0.89824696417180383     
  -9.9999999999999978E-002 -0.19999999999999993       0.53657055475270121     
   2.7755575615628914E-017 -0.19999999999999993       -1.7612144550139344E-002
  0.10000000000000009      -0.19999999999999993      -0.57529096996044216     
  0.20000000000000009      -0.19999999999999993      -0.90071623253460376     
  0.30000000000000016      -0.19999999999999993      -0.89219756440839881     
  0.40000000000000013      -0.19999999999999993      -0.53034511175248422     
  0.50000000000000011      -0.19999999999999993        2.3810983408242014E-002
  0.60000000000000009      -0.19999999999999993       0.58175791509725472     
  0.70000000000000007      -0.19999999999999993       0.90682138596356887     
  0.80000000000000004      -0.19999999999999993       0.89893027116068724     
  0.90000000000000002      -0.19999999999999993       0.53657291786299655     
   1.0000000000000000      -0.19999999999999993       -1.6455050869370273E-002
  -1.0000000000000000       -9.9999999999999978E-002  -1.7752225567914309E-002
 -0.90000000000000002       -9.9999999999999978E-002 -0.33168080445074760     
 -0.80000000000000004       -9.9999999999999978E-002 -0.51927716388478951     
 -0.69999999999999996       -9.9999999999999978E-002 -0.51393967529596418     
 -0.59999999999999998       -9.9999999999999978E-002 -0.30544967691150160     
 -0.49999999999999994       -9.9999999999999978E-002   1.5085307545689429E-002
 -0.39999999999999991       -9.9999999999999978E-002  0.34739654127052538     
 -0.29999999999999993       -9.9999999999999978E-002  0.54182416240804365     
 -0.19999999999999993       -9.9999999999999978E-002  0.53657055475270155     
  -9.9999999999999978E-002  -9.9999999999999978E-002  0.32042030933704518     
   2.7755575615628914E-017  -9.9999999999999978E-002  -1.0683761454831898E-002
  0.10000000000000009       -9.9999999999999978E-002 -0.34381530000545957     
  0.20000000000000009       -9.9999999999999978E-002 -0.53814511941589471     
  0.30000000000000016       -9.9999999999999978E-002 -0.53295619880934297     
  0.40000000000000013       -9.9999999999999978E-002 -0.31670079480224578     
  0.50000000000000011       -9.9999999999999978E-002   1.4387485720324835E-002
  0.60000000000000009       -9.9999999999999978E-002  0.34767857128349189     
  0.70000000000000007       -9.9999999999999978E-002  0.54179316435033664     
  0.80000000000000004       -9.9999999999999978E-002  0.53697879364512857     
  0.90000000000000002       -9.9999999999999978E-002  0.32042188579115261     
   1.0000000000000000       -9.9999999999999978E-002  -9.9896911501537317E-003
  -1.0000000000000000        2.7755575615628914E-017   3.1879349232351799E-004
 -0.90000000000000002        2.7755575615628914E-017   1.0628403478803478E-002
 -0.80000000000000004        2.7755575615628914E-017   1.6887195582647976E-002
 -0.69999999999999996        2.7755575615628914E-017   1.6870404502449123E-002
 -0.59999999999999998        2.7755575615628914E-017   1.0187684473424378E-002
 -0.49999999999999994        2.7755575615628914E-017  -2.3089308830977404E-004
 -0.39999999999999991        2.7755575615628914E-017  -1.1134741583222772E-002
 -0.29999999999999993        2.7755575615628914E-017  -1.7619714311147981E-002
 -0.19999999999999993        2.7755575615628914E-017  -1.7612144550136558E-002
  -9.9999999999999978E-002   2.7755575615628914E-017  -1.0683761454834434E-002
   2.7755575615628914E-017   2.7755575615628914E-017   8.3887285816633536E-005
  0.10000000000000009        2.7755575615628914E-017   1.1017794208615645E-002
  0.20000000000000009        2.7755575615628914E-017   1.7500998192453217E-002
  0.30000000000000016        2.7755575615628914E-017   1.7494700462754573E-002
  0.40000000000000013        2.7755575615628914E-017   1.0562863443287841E-002
  0.50000000000000011        2.7755575615628914E-017  -2.0410048212960566E-004
  0.60000000000000009        2.7755575615628914E-017  -1.1144237388882469E-002
  0.70000000000000007        2.7755575615628914E-017  -1.7618919310258333E-002
  0.80000000000000004        2.7755575615628914E-017  -1.7625440709205818E-002
  0.90000000000000002        2.7755575615628914E-017  -1.0683543545362684E-002
   1.0000000000000000        2.7755575615628914E-017   6.5811500564246585E-005
  -1.0000000000000000       0.10000000000000009        1.8601078204859973E-002
 -0.90000000000000002       0.10000000000000009       0.35519239483649090     
 -0.80000000000000004       0.10000000000000009       0.55649199203735356     
 -0.69999999999999996       0.10000000000000009       0.55102876143891455     
 -0.59999999999999998       0.10000000000000009       0.32775666783934165     
 -0.49999999999999994       0.10000000000000009       -1.5741113957939479E-002
 -0.39999999999999991       0.10000000000000009      -0.37202665099912674     
 -0.29999999999999993       0.10000000000000009      -0.58065367351705732     
 -0.19999999999999993       0.10000000000000009      -0.57529096996044071     
  -9.9999999999999978E-002  0.10000000000000009      -0.34381530000545801     
   2.7755575615628914E-017  0.10000000000000009        1.1017794208617480E-002
  0.10000000000000009       0.10000000000000009       0.36818796279067773     
  0.20000000000000009       0.10000000000000009       0.57671248667765695     
  0.30000000000000016       0.10000000000000009       0.57141774407125157     
  0.40000000000000013       0.10000000000000009       0.33982932330745352     
  0.50000000000000011       0.10000000000000009       -1.4986568444182646E-002
  0.60000000000000009       0.10000000000000009      -0.37232942381698153     
  0.70000000000000007       0.10000000000000009      -0.58062080289530316     
  0.80000000000000004       0.10000000000000009      -0.57572849868975073     
  0.90000000000000002       0.10000000000000009      -0.34381654859507393     
   1.0000000000000000       0.10000000000000009        1.0281345204755869E-002
  -1.0000000000000000       0.20000000000000009        2.9371203686434946E-002
 -0.90000000000000002       0.20000000000000009       0.55635733513899799     
 -0.80000000000000004       0.20000000000000009       0.87143108859837193     
 -0.69999999999999996       0.20000000000000009       0.86272858253842966     
 -0.59999999999999998       0.20000000000000009       0.51300699522769244     
 -0.49999999999999994       0.20000000000000009       -2.4893782254494241E-002
 -0.39999999999999991       0.20000000000000009      -0.58272317392647832     
 -0.29999999999999993       0.20000000000000009      -0.90926742573151165     
 -0.19999999999999993       0.20000000000000009      -0.90071623253458943     
  -9.9999999999999978E-002  0.20000000000000009      -0.53814511941589871     
   2.7755575615628914E-017  0.20000000000000009        1.7500998192449432E-002
  0.10000000000000009       0.20000000000000009       0.57671248667765762     
  0.20000000000000009       0.20000000000000009       0.90309490454058805     
  0.30000000000000016       0.20000000000000009       0.89465091588418977     
  0.40000000000000013       0.20000000000000009       0.53190327422154238     
  0.50000000000000011       0.20000000000000009       -2.3716066500891919E-002
  0.60000000000000009       0.20000000000000009      -0.58319699222540877     
  0.70000000000000007       0.20000000000000009      -0.90921575206383276     
  0.80000000000000004       0.20000000000000009      -0.90140135591966375     
  0.90000000000000002       0.20000000000000009      -0.53814732774473839     
   1.0000000000000000       0.20000000000000009        1.6343538277399323E-002
  -1.0000000000000000       0.30000000000000016        2.9250914336829026E-002
 -0.90000000000000002       0.30000000000000016       0.55124978933805890     
 -0.80000000000000004       0.30000000000000016       0.86328327692731521     
 -0.69999999999999996       0.30000000000000016       0.85456854087599421     
 -0.59999999999999998       0.30000000000000016       0.50805862016595627     
 -0.49999999999999994       0.30000000000000016       -2.4816055366285800E-002
 -0.39999999999999991       0.30000000000000016      -0.57737194334412190     
 -0.29999999999999993       0.30000000000000016      -0.90076627879233540     
 -0.19999999999999993       0.30000000000000016      -0.89219756440840159     
  -9.9999999999999978E-002  0.30000000000000016      -0.53295619880934186     
   2.7755575615628914E-017  0.30000000000000016        1.7494700462754566E-002
  0.10000000000000009       0.30000000000000016       0.57141774407125245     
  0.20000000000000009       0.30000000000000016       0.89465091588418977     
  0.30000000000000016       0.30000000000000016       0.88618890015754104     
  0.40000000000000013       0.30000000000000016       0.52677267692352669     
  0.50000000000000011       0.30000000000000016       -2.3651798104376849E-002
  0.60000000000000009       0.30000000000000016      -0.57784113803513026     
  0.70000000000000007       0.30000000000000016      -0.90071496106975268     
  0.80000000000000004       0.30000000000000016      -0.89287627000222003     
  0.90000000000000002       0.30000000000000016      -0.53295854718509272     
   1.0000000000000000       0.30000000000000016        1.6345378828854784E-002
  -1.0000000000000000       0.40000000000000013        1.7549284071738624E-002
 -0.90000000000000002       0.40000000000000013       0.32783551350589629     
 -0.80000000000000004       0.40000000000000013       0.51325416688349146     
 -0.69999999999999996       0.40000000000000013       0.50797678970840376     
 -0.59999999999999998       0.40000000000000013       0.30190390962126662     
 -0.49999999999999994       0.40000000000000013       -1.4913312613562827E-002
 -0.39999999999999991       0.40000000000000013      -0.34336902090251625     
 -0.29999999999999993       0.40000000000000013      -0.53553965535106574     
 -0.19999999999999993       0.40000000000000013      -0.53034511175248977     
  -9.9999999999999978E-002  0.40000000000000013      -0.31670079480224700     
   2.7755575615628914E-017  0.40000000000000013        1.0562863443288538E-002
  0.10000000000000009       0.40000000000000013       0.33982932330745408     
  0.20000000000000009       0.40000000000000013       0.53190327422154848     
  0.30000000000000016       0.40000000000000013       0.52677267692352703     
  0.40000000000000013       0.40000000000000013       0.31302442151098864     
  0.50000000000000011       0.40000000000000013       -1.4223631593198694E-002
  0.60000000000000009       0.40000000000000013      -0.34364777597774449     
  0.70000000000000007       0.40000000000000013      -0.53550901439139342     
  0.80000000000000004       0.40000000000000013      -0.53074861532283280     
  0.90000000000000002       0.40000000000000013      -0.31670235606057029     
   1.0000000000000000       0.40000000000000013        9.8767919804006038E-003
  -1.0000000000000000       0.50000000000000011       -5.2070139161557887E-004
 -0.90000000000000002       0.50000000000000011       -1.4457098787058982E-002
 -0.80000000000000004       0.50000000000000011       -2.2884354416201479E-002
 -0.69999999999999996       0.50000000000000011       -2.2807808662735716E-002
 -0.59999999999999998       0.50000000000000011       -1.3718401047456317E-002
 -0.49999999999999994       0.50000000000000011        4.0198649575528688E-004
 -0.39999999999999991       0.50000000000000011        1.5144881578864507E-002
 -0.29999999999999993       0.50000000000000011        2.3877260891165597E-002
 -0.19999999999999993       0.50000000000000011        2.3810983408241622E-002
  -9.9999999999999978E-002  0.50000000000000011        1.4387485720324346E-002
   2.7755575615628914E-017  0.50000000000000011       -2.0410048212933814E-004
  0.10000000000000009       0.50000000000000011       -1.4986568444182004E-002
  0.20000000000000009       0.50000000000000011       -2.3716066500891187E-002
  0.30000000000000016       0.50000000000000011       -2.3651798104375614E-002
  0.40000000000000013       0.50000000000000011       -1.4223631593198227E-002
  0.50000000000000011       0.50000000000000011        3.6708536396933147E-004
  0.60000000000000009       0.50000000000000011        1.5157638469229162E-002
  0.70000000000000007       0.50000000000000011        2.3876110458353136E-002
  0.80000000000000004       0.50000000000000011        2.3828994582334416E-002
  0.90000000000000002       0.50000000000000011        1.4387282774582628E-002
   1.0000000000000000       0.50000000000000011       -1.7806299222929991E-004
  -1.0000000000000000       0.60000000000000009       -1.8812738289712649E-002
 -0.90000000000000002       0.60000000000000009      -0.35918768396909628     
 -0.80000000000000004       0.60000000000000009      -0.56274914201118675     
 -0.69999999999999996       0.60000000000000009      -0.55722296035924812     
 -0.59999999999999998       0.60000000000000009      -0.33143946677112823     
 -0.49999999999999994       0.60000000000000009        1.5920628196067838E-002
 -0.39999999999999991       0.60000000000000009       0.37621126922203246     
 -0.29999999999999993       0.60000000000000009       0.58718250246038028     
 -0.19999999999999993       0.60000000000000009       0.58175791509723207     
  -9.9999999999999978E-002  0.60000000000000009       0.34767857128349505     
   2.7755575615628914E-017  0.60000000000000009       -1.1144237388877576E-002
  0.10000000000000009       0.60000000000000009      -0.37232942381698053     
  0.20000000000000009       0.60000000000000009      -0.58319699222539434     
  0.30000000000000016       0.60000000000000009      -0.57784113803512827     
  0.40000000000000013       0.60000000000000009      -0.34364777597773538     
  0.50000000000000011       0.60000000000000009        1.5157638469230204E-002
  0.60000000000000009       0.60000000000000009       0.37651744324737374     
  0.70000000000000007       0.60000000000000009       0.58714926017435587     
  0.80000000000000004       0.60000000000000009       0.58220036317083412     
  0.90000000000000002       0.60000000000000009       0.34767983652591367     
   1.0000000000000000       0.60000000000000009       -1.0399464147243522E-002
  -1.0000000000000000       0.70000000000000007       -2.9569589983416328E-002
 -0.90000000000000002       0.70000000000000007      -0.56012770535876932     
 -0.80000000000000004       0.70000000000000007      -0.87733732981978574     
 -0.69999999999999996       0.70000000000000007      -0.86857625437084385     
 -0.59999999999999998       0.70000000000000007      -0.51648463886070561     
 -0.49999999999999994       0.70000000000000007        2.5061819185884630E-002
 -0.39999999999999991       0.70000000000000007       0.58667222966136379     
 -0.29999999999999993       0.70000000000000007       0.91543010590764406     
 -0.19999999999999993       0.70000000000000007       0.90682138596357198     
  -9.9999999999999978E-002  0.70000000000000007       0.54179316435033464     
   2.7755575615628914E-017  0.70000000000000007       -1.7618919310261074E-002
  0.10000000000000009       0.70000000000000007      -0.58062080289530238     
  0.20000000000000009       0.70000000000000007      -0.90921575206383498     
  0.30000000000000016       0.70000000000000007      -0.90071496106975102     
  0.40000000000000013       0.70000000000000007      -0.53550901439139298     
  0.50000000000000011       0.70000000000000007        2.3876110458354499E-002
  0.60000000000000009       0.70000000000000007       0.58714926017436020     
  0.70000000000000007       0.70000000000000007       0.91537808257598785     
  0.80000000000000004       0.70000000000000007       0.90751115291246331     
  0.90000000000000002       0.70000000000000007       0.54179538693965568     
   1.0000000000000000       0.70000000000000007       -1.6453626388571445E-002
  -1.0000000000000000       0.80000000000000004       -2.9470383263795096E-002
 -0.90000000000000002       0.80000000000000004      -0.55540839508923034     
 -0.80000000000000004       0.80000000000000004      -0.86979703669373309     
 -0.69999999999999996       0.80000000000000004      -0.86101729645936620     
 -0.59999999999999998       0.80000000000000004      -0.51189331027565943     
 -0.49999999999999994       0.80000000000000004        2.5002056175504515E-002
 -0.39999999999999991       0.80000000000000004       0.58172762669340550     
 -0.29999999999999993       0.80000000000000004       0.90756285682310167     
 -0.19999999999999993       0.80000000000000004       0.89893027116068602     
  -9.9999999999999978E-002  0.80000000000000004       0.53697879364513146     
   2.7755575615628914E-017  0.80000000000000004       -1.7625440709208195E-002
  0.10000000000000009       0.80000000000000004      -0.57572849868975307     
  0.20000000000000009       0.80000000000000004      -0.90140135591967574     
  0.30000000000000016       0.80000000000000004      -0.89287627000222269     
  0.40000000000000013       0.80000000000000004      -0.53074861532282569     
  0.50000000000000011       0.80000000000000004        2.3828994582335925E-002
  0.60000000000000009       0.80000000000000004       0.58220036317085377     
  0.70000000000000007       0.80000000000000004       0.90751115291246354     
  0.80000000000000004       0.80000000000000004       0.89961409791228075     
  0.90000000000000002       0.80000000000000004       0.53698115844906358     
   1.0000000000000000       0.80000000000000004       -1.6467468611414272E-002
  -1.0000000000000000       0.90000000000000002       -1.7752041663836933E-002
 -0.90000000000000002       0.90000000000000002      -0.33168200844362061     
 -0.80000000000000004       0.90000000000000002      -0.51927929459149191     
 -0.69999999999999996       0.90000000000000002      -0.51394193981657543     
 -0.59999999999999998       0.90000000000000002      -0.30545118277954569     
 -0.49999999999999994       0.90000000000000002        1.5085111548179165E-002
 -0.39999999999999991       0.90000000000000002       0.34739780503581091     
 -0.29999999999999993       0.90000000000000002       0.54182638491296897     
 -0.19999999999999993       0.90000000000000002       0.53657291786299699     
  -9.9999999999999978E-002  0.90000000000000002       0.32042188579115083     
   2.7755575615628914E-017  0.90000000000000002       -1.0683543545361324E-002
  0.10000000000000009       0.90000000000000002      -0.34381654859507405     
  0.20000000000000009       0.90000000000000002      -0.53814732774473384     
  0.30000000000000016       0.90000000000000002      -0.53295854718509128     
  0.40000000000000013       0.90000000000000002      -0.31670235606056807     
  0.50000000000000011       0.90000000000000002        1.4387282774582925E-002
  0.60000000000000009       0.90000000000000002       0.34767983652591183     
  0.70000000000000007       0.90000000000000002       0.54179538693965557     
  0.80000000000000004       0.90000000000000002       0.53698115844905980     
  0.90000000000000002       0.90000000000000002       0.32042346198504817     
   1.0000000000000000       0.90000000000000002       -9.9894748549841685E-003
  -1.0000000000000000        1.0000000000000000        2.8542099072730097E-004
 -0.90000000000000002        1.0000000000000000        9.9179563560644508E-003
 -0.80000000000000004        1.0000000000000000        1.5770321163241167E-002
 -0.69999999999999996        1.0000000000000000        1.5762093240969149E-002
 -0.59999999999999998        1.0000000000000000        9.5259849635291691E-003
 -0.49999999999999994        1.0000000000000000       -2.0327838960590167E-004
 -0.39999999999999991        1.0000000000000000       -1.0390580959083053E-002
 -0.29999999999999993        1.0000000000000000       -1.6454358681933977E-002
 -0.19999999999999993        1.0000000000000000       -1.6455050869367296E-002
  -9.9999999999999978E-002   1.0000000000000000       -9.9896911501542347E-003
   2.7755575615628914E-017   1.0000000000000000        6.5811500572269030E-005
  0.10000000000000009        1.0000000000000000        1.0281345204755057E-002
  0.20000000000000009        1.0000000000000000        1.6343538277408167E-002
  0.30000000000000016        1.0000000000000000        1.6345378828855346E-002
  0.40000000000000013        1.0000000000000000        9.8767919803992368E-003
  0.50000000000000011        1.0000000000000000       -1.7806299222864995E-004
  0.60000000000000009        1.0000000000000000       -1.0399464147255478E-002
  0.70000000000000007        1.0000000000000000       -1.6453626388571046E-002
  0.80000000000000004        1.0000000000000000       -1.6467468611413454E-002
  0.90000000000000002        1.0000000000000000       -9.9894748549862727E-003
   1.0000000000000000        1.0000000000000000        4.9144911933576588E-005
