  -1.0000000000000000       -1.0000000000000000       0.86977561501809930     
 -0.90000000000000002       -1.0000000000000000       0.85391606169046663     
 -0.80000000000000004       -1.0000000000000000       0.52302234760294231     
 -0.69999999999999996       -1.0000000000000000       -8.7894062651122323E-005
 -0.59999999999999998       -1.0000000000000000      -0.52681903118608753     
 -0.49999999999999994       -1.0000000000000000      -0.85321408422947109     
 -0.39999999999999991       -1.0000000000000000      -0.85279865764038709     
 -0.29999999999999993       -1.0000000000000000      -0.52750716198813796     
 -0.19999999999999993       -1.0000000000000000        1.0075840184510714E-003
  -9.9999999999999978E-002  -1.0000000000000000       0.54654485152766052     
   2.7755575615628914E-017  -1.0000000000000000       0.88352926833464995     
  0.10000000000000009       -1.0000000000000000       0.88431900148998110     
  0.20000000000000009       -1.0000000000000000       0.54550569005208693     
  0.30000000000000016       -1.0000000000000000        1.3049052656381179E-004
  0.40000000000000013       -1.0000000000000000      -0.54810623147967052     
  0.50000000000000011       -1.0000000000000000      -0.88437717078306255     
  0.60000000000000009       -1.0000000000000000      -0.88686197173629522     
  0.70000000000000007       -1.0000000000000000      -0.54676496422914989     
  0.80000000000000004       -1.0000000000000000       -3.4912610854066143E-003
  0.90000000000000002       -1.0000000000000000       0.54560269114690074     
   1.0000000000000000       -1.0000000000000000       0.86704588981787545     
  -1.0000000000000000      -0.90000000000000002       0.85391606169046053     
 -0.90000000000000002      -0.90000000000000002       0.83820061254822353     
 -0.80000000000000004      -0.90000000000000002       0.51324990539106063     
 -0.69999999999999996      -0.90000000000000002       -3.2389902705038190E-004
 -0.59999999999999998      -0.90000000000000002      -0.51736009537700767     
 -0.49999999999999994      -0.90000000000000002      -0.83765833361355924     
 -0.39999999999999991      -0.90000000000000002      -0.83710247773633617     
 -0.29999999999999993      -0.90000000000000002      -0.51765162076613247     
 -0.19999999999999993      -0.90000000000000002        1.2323906779121963E-003
  -9.9999999999999978E-002 -0.90000000000000002       0.53673254099092715     
   2.7755575615628914E-017 -0.90000000000000002       0.86742195081080520     
  0.10000000000000009      -0.90000000000000002       0.86804356921980119     
  0.20000000000000009      -0.90000000000000002       0.53531451138587671     
  0.30000000000000016      -0.90000000000000002       -1.1840223960621731E-004
  0.40000000000000013      -0.90000000000000002      -0.53826399936068015     
  0.50000000000000011      -0.90000000000000002      -0.86825309644685145     
  0.60000000000000009      -0.90000000000000002      -0.87053844800683222     
  0.70000000000000007      -0.90000000000000002      -0.53654991282194464     
  0.80000000000000004      -0.90000000000000002       -3.1795492291466628E-003
  0.90000000000000002      -0.90000000000000002       0.53580746961499925     
   1.0000000000000000      -0.90000000000000002       0.85123925078375551     
  -1.0000000000000000      -0.80000000000000004       0.52302234760292343     
 -0.90000000000000002      -0.80000000000000004       0.51324990539106263     
 -0.80000000000000004      -0.80000000000000004       0.31412649192868025     
 -0.69999999999999996      -0.80000000000000004       -4.3873423409391388E-004
 -0.59999999999999998      -0.80000000000000004      -0.31703112453191296     
 -0.49999999999999994      -0.80000000000000004      -0.51306635226813446     
 -0.39999999999999991      -0.80000000000000004      -0.51257618110175029     
 -0.29999999999999993      -0.80000000000000004      -0.31682119838091605     
 -0.19999999999999993      -0.80000000000000004        1.0008197499072240E-003
  -9.9999999999999978E-002 -0.80000000000000004       0.32890309939824125     
   2.7755575615628914E-017 -0.80000000000000004       0.53129774084978998     
  0.10000000000000009      -0.80000000000000004       0.53152299464340591     
  0.20000000000000009      -0.80000000000000004       0.32763215638232385     
  0.30000000000000016      -0.80000000000000004       -3.2187618037570365E-004
  0.40000000000000013      -0.80000000000000004      -0.32983964746889594     
  0.50000000000000011      -0.80000000000000004      -0.53180550530861193     
  0.60000000000000009      -0.80000000000000004      -0.53304936168831130     
  0.70000000000000007      -0.80000000000000004      -0.32838791643650111     
  0.80000000000000004      -0.80000000000000004       -1.6965580210242383E-003
  0.90000000000000002      -0.80000000000000004       0.32833640307454215     
   1.0000000000000000      -0.80000000000000004       0.52138598128615254     
  -1.0000000000000000      -0.69999999999999996       -8.7894062649500627E-005
 -0.90000000000000002      -0.69999999999999996       -3.2389902704984370E-004
 -0.80000000000000004      -0.69999999999999996       -4.3873423409543767E-004
 -0.69999999999999996      -0.69999999999999996       -3.8913746197982604E-004
 -0.59999999999999998      -0.69999999999999996       -1.8771418470937519E-004
 -0.49999999999999994      -0.69999999999999996        8.3242131432349786E-005
 -0.39999999999999991      -0.69999999999999996        3.2559681395995851E-004
 -0.29999999999999993      -0.69999999999999996        4.4135350564898309E-004
 -0.19999999999999993      -0.69999999999999996        3.9816916630688550E-004
  -9.9999999999999978E-002 -0.69999999999999996        1.9605079611657205E-004
   2.7755575615628914E-017 -0.69999999999999996       -8.4336313509587147E-005
  0.10000000000000009      -0.69999999999999996       -3.3616523392211923E-004
  0.20000000000000009      -0.69999999999999996       -4.5537524426206234E-004
  0.30000000000000016      -0.69999999999999996       -4.0374510662999932E-004
  0.40000000000000013      -0.69999999999999996       -1.9351617605180057E-004
  0.50000000000000011      -0.69999999999999996        8.6544702818071160E-005
  0.60000000000000009      -0.69999999999999996        3.3924367904951592E-004
  0.70000000000000007      -0.69999999999999996        4.5699457428026512E-004
  0.80000000000000004      -0.69999999999999996        4.0660451237846070E-004
  0.90000000000000002      -0.69999999999999996        1.9599792088215173E-004
   1.0000000000000000      -0.69999999999999996       -8.2475157815969574E-005
  -1.0000000000000000      -0.59999999999999998      -0.52681903118607054     
 -0.90000000000000002      -0.59999999999999998      -0.51736009537700101     
 -0.80000000000000004      -0.59999999999999998      -0.31703112453189569     
 -0.69999999999999996      -0.59999999999999998       -1.8771418470661281E-004
 -0.59999999999999998      -0.59999999999999998       0.31894263688881141     
 -0.49999999999999994      -0.59999999999999998       0.51678594514019627     
 -0.39999999999999991      -0.59999999999999998       0.51668441007410404     
 -0.29999999999999993      -0.59999999999999998       0.31974889686676056     
 -0.19999999999999993      -0.59999999999999998       -3.6368781937169269E-004
  -9.9999999999999978E-002 -0.59999999999999998      -0.33088407810138404     
   2.7755575615628914E-017 -0.59999999999999998      -0.53514649135122860     
  0.10000000000000009      -0.59999999999999998      -0.53578070678875378     
  0.20000000000000009      -0.59999999999999998      -0.33065807714351481     
  0.30000000000000016      -0.59999999999999998       -3.2901980902823568E-004
  0.40000000000000013      -0.59999999999999998       0.33183127028824416     
  0.50000000000000011      -0.59999999999999998       0.53566137624190380     
  0.60000000000000009      -0.59999999999999998       0.53732271896505057     
  0.70000000000000007      -0.59999999999999998       0.33142173748144038     
  0.80000000000000004      -0.59999999999999998        2.3661830518930181E-003
  0.90000000000000002      -0.59999999999999998      -0.33031350763094619     
   1.0000000000000000      -0.59999999999999998      -0.52516246490511731     
  -1.0000000000000000      -0.49999999999999994      -0.85321408422946776     
 -0.90000000000000002      -0.49999999999999994      -0.83765833361356323     
 -0.80000000000000004      -0.49999999999999994      -0.51306635226813102     
 -0.69999999999999996      -0.49999999999999994        8.3242131431164644E-005
 -0.59999999999999998      -0.49999999999999994       0.51678594514019172     
 -0.49999999999999994      -0.49999999999999994       0.83696788130057609     
 -0.39999999999999991      -0.49999999999999994       0.83656222010862036     
 -0.29999999999999993      -0.49999999999999994       0.51746578718698999     
 -0.19999999999999993      -0.49999999999999994       -9.8535038113118506E-004
  -9.9999999999999978E-002 -0.49999999999999994      -0.53613608406132296     
   2.7755575615628914E-017 -0.49999999999999994      -0.86670581426571425     
  0.10000000000000009      -0.49999999999999994      -0.86748243674428616     
  0.20000000000000009      -0.49999999999999994      -0.53512169589480307     
  0.30000000000000016      -0.49999999999999994       -1.3109578254135628E-004
  0.40000000000000013      -0.49999999999999994       0.53766775176474202     
  0.50000000000000011      -0.49999999999999994       0.86753758792001778     
  0.60000000000000009      -0.49999999999999994       0.86997700751878970     
  0.70000000000000007      -0.49999999999999994       0.53635700346951731     
  0.80000000000000004      -0.49999999999999994        3.4278926790356273E-003
  0.90000000000000002      -0.49999999999999994      -0.53521186464458226     
   1.0000000000000000      -0.49999999999999994      -0.85053629677694020     
  -1.0000000000000000      -0.39999999999999991      -0.85279865764036034     
 -0.90000000000000002      -0.39999999999999991      -0.83710247773632662     
 -0.80000000000000004      -0.39999999999999991      -0.51257618110173631     
 -0.69999999999999996      -0.39999999999999991        3.2559681395914243E-004
 -0.59999999999999998      -0.39999999999999991       0.51668441007410215     
 -0.49999999999999994      -0.39999999999999991       0.83656222010861914     
 -0.39999999999999991      -0.39999999999999991       0.83600577009021737     
 -0.29999999999999993      -0.39999999999999991       0.51697212472506571     
 -0.19999999999999993      -0.39999999999999991       -1.2329496037860961E-003
  -9.9999999999999978E-002 -0.39999999999999991      -0.53603156193790535     
   2.7755575615628914E-017 -0.39999999999999991      -0.86628690043291168     
  0.10000000000000009      -0.39999999999999991      -0.86690633286140206     
  0.20000000000000009      -0.39999999999999991      -0.53461183573883264     
  0.30000000000000016      -0.39999999999999991        1.2044848125822923E-004
  0.40000000000000013      -0.39999999999999991       0.53756100342414670     
  0.50000000000000011      -0.39999999999999991       0.86711694688897045     
  0.60000000000000009      -0.39999999999999991       0.86939793160524803     
  0.70000000000000007      -0.39999999999999991       0.53584561246609341     
  0.80000000000000004      -0.39999999999999991        3.1731736691713907E-003
  0.90000000000000002      -0.39999999999999991      -0.53510770029541066     
   1.0000000000000000      -0.39999999999999991      -0.85012537754173367     
  -1.0000000000000000      -0.29999999999999993      -0.52750716198813397     
 -0.90000000000000002      -0.29999999999999993      -0.51765162076613502     
 -0.80000000000000004      -0.29999999999999993      -0.31682119838091355     
 -0.69999999999999996      -0.29999999999999993        4.4135350564950010E-004
 -0.59999999999999998      -0.29999999999999993       0.31974889686676128     
 -0.49999999999999994      -0.29999999999999993       0.51746578718699021     
 -0.39999999999999991      -0.29999999999999993       0.51697212472506826     
 -0.29999999999999993      -0.29999999999999993       0.31953901777914667     
 -0.19999999999999993      -0.29999999999999993       -1.0082319441938618E-003
  -9.9999999999999978E-002 -0.29999999999999993      -0.33172264125573681     
   2.7755575615628914E-017 -0.29999999999999993      -0.53585350057939529     
  0.10000000000000009      -0.29999999999999993      -0.53608142518445923     
  0.20000000000000009      -0.29999999999999993      -0.33044271348015536     
  0.30000000000000016      -0.29999999999999993        3.2345057680434726E-004
  0.40000000000000013      -0.29999999999999993       0.33266722700038465     
  0.50000000000000011      -0.29999999999999993       0.53636562525279274     
  0.60000000000000009      -0.29999999999999993       0.53762088880128622     
  0.70000000000000007      -0.29999999999999993       0.33120495840351222     
  0.80000000000000004      -0.29999999999999993        1.7122987027989517E-003
  0.90000000000000002      -0.29999999999999993      -0.33115108605011773     
   1.0000000000000000      -0.29999999999999993      -0.52585674904958690     
  -1.0000000000000000      -0.19999999999999993        1.0075840184398666E-003
 -0.90000000000000002      -0.19999999999999993        1.2323906779093958E-003
 -0.80000000000000004      -0.19999999999999993        1.0008197498863117E-003
 -0.69999999999999996      -0.19999999999999993        3.9816916630175674E-004
 -0.59999999999999998      -0.19999999999999993       -3.6368781939459554E-004
 -0.49999999999999994      -0.19999999999999993       -9.8535038113499191E-004
 -0.39999999999999991      -0.19999999999999993       -1.2329496037882153E-003
 -0.29999999999999993      -0.19999999999999993       -1.0082319441944531E-003
 -0.19999999999999993      -0.19999999999999993       -4.0644159623849044E-004
  -9.9999999999999978E-002 -0.19999999999999993        3.7596690426026344E-004
   2.7755575615628914E-017 -0.19999999999999993        1.0184532760068987E-003
  0.10000000000000009      -0.19999999999999993        1.2770201728989510E-003
  0.20000000000000009      -0.19999999999999993        1.0415710634561572E-003
  0.30000000000000016      -0.19999999999999993        4.1334962725893840E-004
  0.40000000000000013      -0.19999999999999993       -3.8020855117437588E-004
  0.50000000000000011      -0.19999999999999993       -1.0216080010531960E-003
  0.60000000000000009      -0.19999999999999993       -1.2828538566817490E-003
  0.70000000000000007      -0.19999999999999993       -1.0445570196429453E-003
  0.80000000000000004      -0.19999999999999993       -4.1982175642727625E-004
  0.90000000000000002      -0.19999999999999993        3.7502711441527462E-004
   1.0000000000000000      -0.19999999999999993        9.9915810081655258E-004
  -1.0000000000000000       -9.9999999999999978E-002  0.54654485152765420     
 -0.90000000000000002       -9.9999999999999978E-002  0.53673254099092682     
 -0.80000000000000004       -9.9999999999999978E-002  0.32890309939824131     
 -0.69999999999999996       -9.9999999999999978E-002   1.9605079611665832E-004
 -0.59999999999999998       -9.9999999999999978E-002 -0.33088407810138515     
 -0.49999999999999994       -9.9999999999999978E-002 -0.53613608406132374     
 -0.39999999999999991       -9.9999999999999978E-002 -0.53603156193790891     
 -0.29999999999999993       -9.9999999999999978E-002 -0.33172264125573470     
 -0.19999999999999993       -9.9999999999999978E-002   3.7596690425871000E-004
  -9.9999999999999978E-002  -9.9999999999999978E-002  0.34327261105240109     
   2.7755575615628914E-017  -9.9999999999999978E-002  0.55518410230132442     
  0.10000000000000009       -9.9999999999999978E-002  0.55584291099271588     
  0.20000000000000009       -9.9999999999999978E-002  0.34304033777061038     
  0.30000000000000016       -9.9999999999999978E-002   3.4269637712323805E-004
  0.40000000000000013       -9.9999999999999978E-002 -0.34425527722085092     
  0.50000000000000011       -9.9999999999999978E-002 -0.55571827329407741     
  0.60000000000000009       -9.9999999999999978E-002 -0.55744267062890829     
  0.70000000000000007       -9.9999999999999978E-002 -0.34383259706403829     
  0.80000000000000004       -9.9999999999999978E-002  -2.4561461163541930E-003
  0.90000000000000002       -9.9999999999999978E-002  0.34268067707244748     
   1.0000000000000000       -9.9999999999999978E-002  0.54482624071884656     
  -1.0000000000000000        2.7755575615628914E-017  0.88352926833461043     
 -0.90000000000000002        2.7755575615628914E-017  0.86742195081079954     
 -0.80000000000000004        2.7755575615628914E-017  0.53129774084976933     
 -0.69999999999999996        2.7755575615628914E-017  -8.4336313513018498E-005
 -0.59999999999999998        2.7755575615628914E-017 -0.53514649135123926     
 -0.49999999999999994        2.7755575615628914E-017 -0.86670581426572280     
 -0.39999999999999991        2.7755575615628914E-017 -0.86628690043291523     
 -0.29999999999999993        2.7755575615628914E-017 -0.53585350057939429     
 -0.19999999999999993        2.7755575615628914E-017   1.0184532760009848E-003
  -9.9999999999999978E-002   2.7755575615628914E-017  0.55518410230132764     
   2.7755575615628914E-017   2.7755575615628914E-017  0.89750034355733943     
  0.10000000000000009        2.7755575615628914E-017  0.89830576539827200     
  0.20000000000000009        2.7755575615628914E-017  0.55413679225360624     
  0.30000000000000016        2.7755575615628914E-017   1.3768699523761455E-004
  0.40000000000000013        2.7755575615628914E-017 -0.55677020240940212     
  0.50000000000000011        2.7755575615628914E-017 -0.89836168076972589     
  0.60000000000000009        2.7755575615628914E-017 -0.90088898320567690     
  0.70000000000000007        2.7755575615628914E-017 -0.55541599815557618     
  0.80000000000000004        2.7755575615628914E-017  -3.5516330360059085E-003
  0.90000000000000002        2.7755575615628914E-017  0.55422704554774926     
   1.0000000000000000        2.7755575615628914E-017  0.88075631293612000     
  -1.0000000000000000       0.10000000000000009       0.88431900148997566     
 -0.90000000000000002       0.10000000000000009       0.86804356921980264     
 -0.80000000000000004       0.10000000000000009       0.53152299464340413     
 -0.69999999999999996       0.10000000000000009       -3.3616523392064553E-004
 -0.59999999999999998       0.10000000000000009      -0.53578070678875256     
 -0.49999999999999994       0.10000000000000009      -0.86748243674428205     
 -0.39999999999999991       0.10000000000000009      -0.86690633286140184     
 -0.29999999999999993       0.10000000000000009      -0.53608142518445834     
 -0.19999999999999993       0.10000000000000009        1.2770201728985501E-003
  -9.9999999999999978E-002  0.10000000000000009       0.55584291099271677     
   2.7755575615628914E-017  0.10000000000000009       0.89830576539826990     
  0.10000000000000009       0.10000000000000009       0.89894904110448270     
  0.20000000000000009       0.10000000000000009       0.55437316466216413     
  0.30000000000000016       0.10000000000000009       -1.2337942784352242E-004
  0.40000000000000013       0.10000000000000009      -0.55742889113228600     
  0.50000000000000011       0.10000000000000009      -0.89916649924877312     
  0.60000000000000009       0.10000000000000009      -0.90153274256635041     
  0.70000000000000007       0.10000000000000009      -0.55565254868152980     
  0.80000000000000004       0.10000000000000009       -3.2919879857895365E-003
  0.90000000000000002       0.10000000000000009       0.55488490297685267     
   1.0000000000000000       0.10000000000000009       0.88154689475614578     
  -1.0000000000000000       0.20000000000000009       0.54550569005206329     
 -0.90000000000000002       0.20000000000000009       0.53531451138587727     
 -0.80000000000000004       0.20000000000000009       0.32763215638233195     
 -0.69999999999999996       0.20000000000000009       -4.5537524425905487E-004
 -0.59999999999999998       0.20000000000000009      -0.33065807714349399     
 -0.49999999999999994       0.20000000000000009      -0.53512169589480374     
 -0.39999999999999991       0.20000000000000009      -0.53461183573883186     
 -0.29999999999999993       0.20000000000000009      -0.33044271348015775     
 -0.19999999999999993       0.20000000000000009        1.0415710634526652E-003
  -9.9999999999999978E-002  0.20000000000000009       0.34304033777060994     
   2.7755575615628914E-017  0.20000000000000009       0.55413679225359946     
  0.10000000000000009       0.20000000000000009       0.55437316466216435     
  0.20000000000000009       0.20000000000000009       0.34171847550640105     
  0.30000000000000016       0.20000000000000009       -3.3341057167753948E-004
  0.40000000000000013       0.20000000000000009      -0.34401715901574514     
  0.50000000000000011       0.20000000000000009      -0.55466639626262582     
  0.60000000000000009       0.20000000000000009      -0.55596516221008208     
  0.70000000000000007       0.20000000000000009      -0.34250673215729061     
  0.80000000000000004       0.20000000000000009       -1.7718051260406968E-003
  0.90000000000000002       0.20000000000000009       0.34244928149286619     
   1.0000000000000000       0.20000000000000009       0.54379895137629031     
  -1.0000000000000000       0.30000000000000016        1.3049052656462034E-004
 -0.90000000000000002       0.30000000000000016       -1.1840223960448675E-004
 -0.80000000000000004       0.30000000000000016       -3.2187618037490692E-004
 -0.69999999999999996       0.30000000000000016       -4.0374510662993297E-004
 -0.59999999999999998       0.30000000000000016       -3.2901980902732457E-004
 -0.49999999999999994       0.30000000000000016       -1.3109578254077119E-004
 -0.39999999999999991       0.30000000000000016        1.2044848125985407E-004
 -0.29999999999999993       0.30000000000000016        3.2345057680335223E-004
 -0.19999999999999993       0.30000000000000016        4.1334962726121912E-004
  -9.9999999999999978E-002  0.30000000000000016        3.4269637712425953E-004
   2.7755575615628914E-017  0.30000000000000016        1.3768699524021889E-004
  0.10000000000000009       0.30000000000000016       -1.2337942784302030E-004
  0.20000000000000009       0.30000000000000016       -3.3341057167888226E-004
  0.30000000000000016       0.30000000000000016       -4.1884458677972673E-004
  0.40000000000000013       0.30000000000000016       -3.4046466313107551E-004
  0.50000000000000011       0.30000000000000016       -1.3561193736207663E-004
  0.60000000000000009       0.30000000000000016        1.2592515498765277E-004
  0.70000000000000007       0.30000000000000016        3.3476965878183286E-004
  0.80000000000000004       0.30000000000000016        4.2095460948101890E-004
  0.90000000000000002       0.30000000000000016        3.4240138031107082E-004
   1.0000000000000000       0.30000000000000016        1.3541682016748925E-004
  -1.0000000000000000       0.40000000000000013      -0.54810623147962190     
 -0.90000000000000002       0.40000000000000013      -0.53826399936067237     
 -0.80000000000000004       0.40000000000000013      -0.32983964746887529     
 -0.69999999999999996       0.40000000000000013       -1.9351617604630142E-004
 -0.59999999999999998       0.40000000000000013       0.33183127028826459     
 -0.49999999999999994       0.40000000000000013       0.53766775176474424     
 -0.39999999999999991       0.40000000000000013       0.53756100342415580     
 -0.29999999999999993       0.40000000000000013       0.33266722700038132     
 -0.19999999999999993       0.40000000000000013       -3.8020855115987408E-004
  -9.9999999999999978E-002  0.40000000000000013      -0.34425527722084998     
   2.7755575615628914E-017  0.40000000000000013      -0.55677020240941055     
  0.10000000000000009       0.40000000000000013      -0.55742889113228555     
  0.20000000000000009       0.40000000000000013      -0.34401715901576008     
  0.30000000000000016       0.40000000000000013       -3.4046466313009073E-004
  0.40000000000000013       0.40000000000000013       0.34524073191509508     
  0.50000000000000011       0.40000000000000013       0.55730588255179403     
  0.60000000000000009       0.40000000000000013       0.55903319862747869     
  0.70000000000000007       0.40000000000000013       0.34481166982580314     
  0.80000000000000004       0.40000000000000013        2.4599321089482490E-003
  0.90000000000000002       0.40000000000000013      -0.34366165105226093     
   1.0000000000000000       0.40000000000000013      -0.54638275179326012     
  -1.0000000000000000       0.50000000000000011      -0.88437717078305789     
 -0.90000000000000002       0.50000000000000011      -0.86825309644685189     
 -0.80000000000000004       0.50000000000000011      -0.53180550530861403     
 -0.69999999999999996       0.50000000000000011        8.6544702817171936E-005
 -0.59999999999999998       0.50000000000000011       0.53566137624190391     
 -0.49999999999999994       0.50000000000000011       0.86753758792001467     
 -0.39999999999999991       0.50000000000000011       0.86711694688897656     
 -0.29999999999999993       0.50000000000000011       0.53636562525278997     
 -0.19999999999999993       0.50000000000000011       -1.0216080010530268E-003
  -9.9999999999999978E-002  0.50000000000000011      -0.55571827329407797     
   2.7755575615628914E-017  0.50000000000000011      -0.89836168076972522     
  0.10000000000000009       0.50000000000000011      -0.89916649924877123     
  0.20000000000000009       0.50000000000000011      -0.55466639626262682     
  0.30000000000000016       0.50000000000000011       -1.3561193736086739E-004
  0.40000000000000013       0.50000000000000011       0.55730588255179725     
  0.50000000000000011       0.50000000000000011       0.89922383298257713     
  0.60000000000000009       0.50000000000000011       0.90175218068548957     
  0.70000000000000007       0.50000000000000011       0.55594682163166376     
  0.80000000000000004       0.50000000000000011        3.5528204870258783E-003
  0.90000000000000002       0.50000000000000011      -0.55476029726601983     
   1.0000000000000000       0.50000000000000011      -0.88160158236086383     
  -1.0000000000000000       0.60000000000000009      -0.88686197173624481     
 -0.90000000000000002       0.60000000000000009      -0.87053844800682723     
 -0.80000000000000004       0.60000000000000009      -0.53304936168829542     
 -0.69999999999999996       0.60000000000000009        3.3924367904858644E-004
 -0.59999999999999998       0.60000000000000009       0.53732271896505246     
 -0.49999999999999994       0.60000000000000009       0.86997700751879403     
 -0.39999999999999991       0.60000000000000009       0.86939793160524903     
 -0.29999999999999993       0.60000000000000009       0.53762088880128622     
 -0.19999999999999993       0.60000000000000009       -1.2828538566856200E-003
  -9.9999999999999978E-002  0.60000000000000009      -0.55744267062890784     
   2.7755575615628914E-017  0.60000000000000009      -0.90088898320566990     
  0.10000000000000009       0.60000000000000009      -0.90153274256635052     
  0.20000000000000009       0.60000000000000009      -0.55596516221007974     
  0.30000000000000016       0.60000000000000009        1.2592515498600671E-004
  0.40000000000000013       0.60000000000000009       0.55903319862747047     
  0.50000000000000011       0.60000000000000009       0.90175218068548679     
  0.60000000000000009       0.60000000000000009       0.90412385851575328     
  0.70000000000000007       0.60000000000000009       0.55724821718496353     
  0.80000000000000004       0.60000000000000009        3.2992499028614603E-003
  0.90000000000000002       0.60000000000000009      -0.55648190695839417     
   1.0000000000000000       0.60000000000000009      -0.88408192136172548     
  -1.0000000000000000       0.70000000000000007      -0.54676496422914844     
 -0.90000000000000002       0.70000000000000007      -0.53654991282194531     
 -0.80000000000000004       0.70000000000000007      -0.32838791643650128     
 -0.69999999999999996       0.70000000000000007        4.5699457427926174E-004
 -0.59999999999999998       0.70000000000000007       0.33142173748144033     
 -0.49999999999999994       0.70000000000000007       0.53635700346951298     
 -0.39999999999999991       0.70000000000000007       0.53584561246609608     
 -0.29999999999999993       0.70000000000000007       0.33120495840351077     
 -0.19999999999999993       0.70000000000000007       -1.0445570196459743E-003
  -9.9999999999999978E-002  0.70000000000000007      -0.34383259706403829     
   2.7755575615628914E-017  0.70000000000000007      -0.55541599815557829     
  0.10000000000000009       0.70000000000000007      -0.55565254868152814     
  0.20000000000000009       0.70000000000000007      -0.34250673215728805     
  0.30000000000000016       0.70000000000000007        3.3476965878243388E-004
  0.40000000000000013       0.70000000000000007       0.34481166982580619     
  0.50000000000000011       0.70000000000000007       0.55594682163166487     
  0.60000000000000009       0.70000000000000007       0.55724821718496398     
  0.70000000000000007       0.70000000000000007       0.34329680629592685     
  0.80000000000000004       0.70000000000000007        1.7753021516918282E-003
  0.90000000000000002       0.70000000000000007      -0.34324017615652935     
   1.0000000000000000       0.70000000000000007      -0.54505429313003062     
  -1.0000000000000000       0.80000000000000004       -3.4912610854270962E-003
 -0.90000000000000002       0.80000000000000004       -3.1795492291487328E-003
 -0.80000000000000004       0.80000000000000004       -1.6965580210303159E-003
 -0.69999999999999996       0.80000000000000004        4.0660451237222475E-004
 -0.59999999999999998       0.80000000000000004        2.3661830518633417E-003
 -0.49999999999999994       0.80000000000000004        3.4278926790323439E-003
 -0.39999999999999991       0.80000000000000004        3.1731736691501459E-003
 -0.29999999999999993       0.80000000000000004        1.7122987028004098E-003
 -0.19999999999999993       0.80000000000000004       -4.1982175643864275E-004
  -9.9999999999999978E-002  0.80000000000000004       -2.4561461163544566E-003
   2.7755575615628914E-017  0.80000000000000004       -3.5516330359827296E-003
  0.10000000000000009       0.80000000000000004       -3.2919879857853098E-003
  0.20000000000000009       0.80000000000000004       -1.7718051260164000E-003
  0.30000000000000016       0.80000000000000004        4.2095460948054109E-004
  0.40000000000000013       0.80000000000000004        2.4599321089361836E-003
  0.50000000000000011       0.80000000000000004        3.5528204870229466E-003
  0.60000000000000009       0.80000000000000004        3.2992499028391790E-003
  0.70000000000000007       0.80000000000000004        1.7753021516936311E-003
  0.80000000000000004       0.80000000000000004       -4.1009509477543893E-004
  0.90000000000000002       0.80000000000000004       -2.4522096992257519E-003
   1.0000000000000000       0.80000000000000004       -3.4856731555272915E-003
  -1.0000000000000000       0.90000000000000002       0.54560269114690108     
 -0.90000000000000002       0.90000000000000002       0.53580746961499870     
 -0.80000000000000004       0.90000000000000002       0.32833640307454431     
 -0.69999999999999996       0.90000000000000002        1.9599792088216797E-004
 -0.59999999999999998       0.90000000000000002      -0.33031350763094736     
 -0.49999999999999994       0.90000000000000002      -0.53521186464458192     
 -0.39999999999999991       0.90000000000000002      -0.53510770029541943     
 -0.29999999999999993       0.90000000000000002      -0.33115108605011501     
 -0.19999999999999993       0.90000000000000002        3.7502711441071956E-004
  -9.9999999999999978E-002  0.90000000000000002       0.34268067707244487     
   2.7755575615628914E-017  0.90000000000000002       0.55422704554774904     
  0.10000000000000009       0.90000000000000002       0.55488490297685189     
  0.20000000000000009       0.90000000000000002       0.34244928149287157     
  0.30000000000000016       0.90000000000000002        3.4240138031038815E-004
  0.40000000000000013       0.90000000000000002      -0.34366165105226137     
  0.50000000000000011       0.90000000000000002      -0.55476029726601861     
  0.60000000000000009       0.90000000000000002      -0.55648190695840039     
  0.70000000000000007       0.90000000000000002      -0.34324017615652830     
  0.80000000000000004       0.90000000000000002       -2.4522096992307882E-003
  0.90000000000000002       0.90000000000000002       0.34208976361633081     
   1.0000000000000000       0.90000000000000002       0.54388703918956038     
  -1.0000000000000000        1.0000000000000000       0.86704588981780417     
 -0.90000000000000002        1.0000000000000000       0.85123925078374729     
 -0.80000000000000004        1.0000000000000000       0.52138598128612434     
 -0.69999999999999996        1.0000000000000000       -8.2475157818384079E-005
 -0.59999999999999998        1.0000000000000000      -0.52516246490512919     
 -0.49999999999999994        1.0000000000000000      -0.85053629677694509     
 -0.39999999999999991        1.0000000000000000      -0.85012537754173434     
 -0.29999999999999993        1.0000000000000000      -0.52585674904958291     
 -0.19999999999999993        1.0000000000000000        9.9915810081042727E-004
  -9.9999999999999978E-002   1.0000000000000000       0.54482624071884367     
   2.7755575615628914E-017   1.0000000000000000       0.88075631293611634     
  0.10000000000000009        1.0000000000000000       0.88154689475614634     
  0.20000000000000009        1.0000000000000000       0.54379895137629086     
  0.30000000000000016        1.0000000000000000        1.3541682016682206E-004
  0.40000000000000013        1.0000000000000000      -0.54638275179324958     
  0.50000000000000011        1.0000000000000000      -0.88160158236085817     
  0.60000000000000009        1.0000000000000000      -0.88408192136172070     
  0.70000000000000007        1.0000000000000000      -0.54505429313002984     
  0.80000000000000004        1.0000000000000000       -3.4856731555533899E-003
  0.90000000000000002        1.0000000000000000       0.54388703918955739     
   1.0000000000000000        1.0000000000000000       0.86432466368389615     
