  -1.0000000000000000       -1.0000000000000000       0.48335963540277427     
 -0.90000000000000002       -1.0000000000000000       0.66141968342246293     
 -0.80000000000000004       -1.0000000000000000       0.59365484346025832     
 -0.69999999999999996       -1.0000000000000000       0.30787445545666986     
 -0.59999999999999998       -1.0000000000000000      -0.10672354155285080     
 -0.49999999999999994       -1.0000000000000000      -0.48786600861079388     
 -0.39999999999999991       -1.0000000000000000      -0.68827989339579798     
 -0.29999999999999993       -1.0000000000000000      -0.62075537792558211     
 -0.19999999999999993       -1.0000000000000000      -0.32296568249437452     
  -9.9999999999999978E-002  -1.0000000000000000       0.10412026772340235     
   2.7755575615628914E-017  -1.0000000000000000       0.48352553484478933     
  0.10000000000000009       -1.0000000000000000       0.68503105870403003     
  0.20000000000000009       -1.0000000000000000       0.61595999242799582     
  0.30000000000000016       -1.0000000000000000       0.31917752647782666     
  0.40000000000000013       -1.0000000000000000      -0.10922793263842713     
  0.50000000000000011       -1.0000000000000000      -0.48787890798992134     
  0.60000000000000009       -1.0000000000000000      -0.69062500447776654     
  0.70000000000000007       -1.0000000000000000      -0.62079442210680424     
  0.80000000000000004       -1.0000000000000000      -0.32506394597485277     
  0.90000000000000002       -1.0000000000000000       0.10371548107115085     
   1.0000000000000000       -1.0000000000000000       0.47462564266711621     
  -1.0000000000000000      -0.90000000000000002       0.66141968342245883     
 -0.90000000000000002      -0.90000000000000002       0.90494684279713444     
 -0.80000000000000004      -0.90000000000000002       0.81214088410225371     
 -0.69999999999999996      -0.90000000000000002       0.42108348588823341     
 -0.59999999999999998      -0.90000000000000002      -0.14616880502344812     
 -0.49999999999999994      -0.90000000000000002      -0.66758657815822053     
 -0.39999999999999991      -0.90000000000000002      -0.94169567096471207     
 -0.29999999999999993      -0.90000000000000002      -0.84921612997701446     
 -0.19999999999999993      -0.90000000000000002      -0.44172459628875249     
  -9.9999999999999978E-002 -0.90000000000000002       0.14260844990973939     
   2.7755575615628914E-017 -0.90000000000000002       0.66164844826861258     
  0.10000000000000009      -0.90000000000000002       0.93725147322820579     
  0.20000000000000009      -0.90000000000000002       0.84265537948495484     
  0.30000000000000016      -0.90000000000000002       0.43654265521370611     
  0.40000000000000013      -0.90000000000000002      -0.14959607545763456     
  0.50000000000000011      -0.90000000000000002      -0.66760438764231522     
  0.60000000000000009      -0.90000000000000002      -0.94490458813203015     
  0.70000000000000007      -0.90000000000000002      -0.84926966542530358     
  0.80000000000000004      -0.90000000000000002      -0.44459659315138700     
  0.90000000000000002      -0.90000000000000002       0.14205439803185327     
   1.0000000000000000      -0.90000000000000002       0.64946964661721718     
  -1.0000000000000000      -0.80000000000000004       0.59365484346023811     
 -0.90000000000000002      -0.80000000000000004       0.81214088410225560     
 -0.80000000000000004      -0.80000000000000004       0.72878733448520483     
 -0.69999999999999996      -0.80000000000000004       0.37779430939885666     
 -0.59999999999999998      -0.80000000000000004      -0.13128687493801114     
 -0.49999999999999994      -0.80000000000000004      -0.59919025008756577     
 -0.39999999999999991      -0.80000000000000004      -0.84512025095543175     
 -0.29999999999999993      -0.80000000000000004      -0.76205792737888989     
 -0.19999999999999993      -0.80000000000000004      -0.39631390168188063     
  -9.9999999999999978E-002 -0.80000000000000004       0.12809266370246811     
   2.7755575615628914E-017 -0.80000000000000004       0.59386142715109602     
  0.10000000000000009      -0.80000000000000004       0.84113241264516048     
  0.20000000000000009      -0.80000000000000004       0.75617018135071501     
  0.30000000000000016      -0.80000000000000004       0.39166408619120191     
  0.40000000000000013      -0.80000000000000004      -0.13436323279994775     
  0.50000000000000011      -0.80000000000000004      -0.59920634846528253     
  0.60000000000000009      -0.80000000000000004      -0.84800034121806889     
  0.70000000000000007      -0.80000000000000004      -0.76210605554496857     
  0.80000000000000004      -0.80000000000000004      -0.39889220815429660     
  0.90000000000000002      -0.80000000000000004       0.12759526889323045     
   1.0000000000000000      -0.80000000000000004       0.58293012468569261     
  -1.0000000000000000      -0.69999999999999996       0.30787445545667375     
 -0.90000000000000002      -0.69999999999999996       0.42108348588823452     
 -0.80000000000000004      -0.69999999999999996       0.37779430939885578     
 -0.69999999999999996      -0.69999999999999996       0.19576538177923528     
 -0.59999999999999998      -0.69999999999999996       -6.8189157171857820E-002
 -0.49999999999999994      -0.69999999999999996      -0.31074552929825244     
 -0.39999999999999991      -0.69999999999999996      -0.43818202783602911     
 -0.29999999999999993      -0.69999999999999996      -0.39504196512763778     
 -0.19999999999999993      -0.69999999999999996      -0.20536238284576583     
  -9.9999999999999978E-002 -0.69999999999999996        6.6534117551889482E-002
   2.7755575615628914E-017 -0.69999999999999996       0.30798296997655250     
  0.10000000000000009      -0.69999999999999996       0.43611503656915884     
  0.20000000000000009      -0.69999999999999996       0.39198944245125228     
  0.30000000000000016      -0.69999999999999996       0.20295228386720632     
  0.40000000000000013      -0.69999999999999996       -6.9784827770695126E-002
  0.50000000000000011      -0.69999999999999996      -0.31075400259061625     
  0.60000000000000009      -0.69999999999999996      -0.43967559941667528     
  0.70000000000000007      -0.69999999999999996      -0.39506700993948723     
  0.80000000000000004      -0.69999999999999996      -0.20670012447880215     
  0.90000000000000002      -0.69999999999999996        6.6276046386740312E-002
   1.0000000000000000      -0.69999999999999996       0.30231361481139052     
  -1.0000000000000000      -0.59999999999999998      -0.10672354155283410     
 -0.90000000000000002      -0.59999999999999998      -0.14616880502344085     
 -0.80000000000000004      -0.59999999999999998      -0.13128687493798744     
 -0.69999999999999996      -0.59999999999999998       -6.8189157171856599E-002
 -0.59999999999999998      -0.59999999999999998        2.3429724443221406E-002
 -0.49999999999999994      -0.59999999999999998       0.10771805031708433     
 -0.39999999999999991      -0.59999999999999998       0.15210574443120942     
 -0.29999999999999993      -0.59999999999999998       0.13727938720175473     
 -0.19999999999999993      -0.59999999999999998        7.1530934346944353E-002
  -9.9999999999999978E-002 -0.59999999999999998       -2.2852963546457328E-002
   2.7755575615628914E-017 -0.59999999999999998      -0.10675836774177808     
  0.10000000000000009      -0.59999999999999998      -0.15138693100280767     
  0.20000000000000009      -0.59999999999999998      -0.13621939468529362     
  0.30000000000000016      -0.59999999999999998       -7.0692780523163273E-002
  0.40000000000000013      -0.59999999999999998        2.3982361075782260E-002
  0.50000000000000011      -0.59999999999999998       0.10772073546827307     
  0.60000000000000009      -0.59999999999999998       0.15262362253578912     
  0.70000000000000007      -0.59999999999999998       0.13728789656268076     
  0.80000000000000004      -0.59999999999999998        7.1993422913190788E-002
  0.90000000000000002      -0.59999999999999998       -2.2763742914132370E-002
   1.0000000000000000      -0.59999999999999998      -0.10479369088947234     
  -1.0000000000000000      -0.49999999999999994      -0.48786600861079127     
 -0.90000000000000002      -0.49999999999999994      -0.66758657815822053     
 -0.80000000000000004      -0.49999999999999994      -0.59919025008756233     
 -0.69999999999999996      -0.49999999999999994      -0.31074552929825278     
 -0.59999999999999998      -0.49999999999999994       0.10771805031708517     
 -0.49999999999999994      -0.49999999999999994       0.49241439315365343     
 -0.39999999999999991      -0.49999999999999994       0.69469722900822017     
 -0.29999999999999993      -0.49999999999999994       0.62654347490696038     
 -0.19999999999999993      -0.49999999999999994       0.32597748669045667     
  -9.9999999999999978E-002 -0.49999999999999994      -0.10509049906003114     
   2.7755575615628914E-017 -0.49999999999999994      -0.48803344832940337     
  0.10000000000000009      -0.49999999999999994      -0.69141810006840587     
  0.20000000000000009      -0.49999999999999994      -0.62170337769140460     
  0.30000000000000016      -0.49999999999999994      -0.32215400739171995     
  0.40000000000000013      -0.49999999999999994       0.11024578871815177     
  0.50000000000000011      -0.49999999999999994       0.49242741221216169     
  0.60000000000000009      -0.49999999999999994       0.69706420392134993     
  0.70000000000000007      -0.49999999999999994       0.62658288270004669     
  0.80000000000000004      -0.49999999999999994       0.32809530948290011     
  0.90000000000000002      -0.49999999999999994      -0.10468193911941363     
   1.0000000000000000      -0.49999999999999994      -0.47905058358197888     
  -1.0000000000000000      -0.39999999999999991      -0.68827989339576079     
 -0.90000000000000002      -0.39999999999999991      -0.94169567096470141     
 -0.80000000000000004      -0.39999999999999991      -0.84512025095540655     
 -0.69999999999999996      -0.39999999999999991      -0.43818202783602889     
 -0.59999999999999998      -0.39999999999999991       0.15210574443122304     
 -0.49999999999999994      -0.39999999999999991       0.69469722900821851     
 -0.39999999999999991      -0.39999999999999991       0.97993681793470899     
 -0.29999999999999993      -0.39999999999999991       0.88370105212534966     
 -0.19999999999999993      -0.39999999999999991       0.45966129769883146     
  -9.9999999999999978E-002 -0.39999999999999991      -0.14840081862262311     
   2.7755575615628914E-017 -0.39999999999999991      -0.68851796224974526     
  0.10000000000000009      -0.39999999999999991      -0.97531215304552066     
  0.20000000000000009      -0.39999999999999991      -0.87687387919884374     
  0.30000000000000016      -0.39999999999999991      -0.45426893176607241     
  0.40000000000000013      -0.39999999999999991       0.15567219850126723     
  0.50000000000000011      -0.39999999999999991       0.69471576298414772     
  0.60000000000000009      -0.39999999999999991       0.98327604832188964     
  0.70000000000000007      -0.39999999999999991       0.88375676249880453     
  0.80000000000000004      -0.39999999999999991       0.46264993229042273     
  0.90000000000000002      -0.39999999999999991      -0.14782426554406022     
   1.0000000000000000      -0.39999999999999991      -0.67584457734238845     
  -1.0000000000000000      -0.29999999999999993      -0.62075537792557967     
 -0.90000000000000002      -0.29999999999999993      -0.84921612997701512     
 -0.80000000000000004      -0.29999999999999993      -0.76205792737888456     
 -0.69999999999999996      -0.29999999999999993      -0.39504196512763695     
 -0.59999999999999998      -0.29999999999999993       0.13727938720175831     
 -0.49999999999999994      -0.29999999999999993       0.62654347490696161     
 -0.39999999999999991      -0.29999999999999993       0.88370105212535310     
 -0.29999999999999993      -0.29999999999999993       0.79684738464221883     
 -0.19999999999999993      -0.29999999999999993       0.41440703881629831     
  -9.9999999999999978E-002 -0.29999999999999993      -0.13393934771683272     
   2.7755575615628914E-017 -0.29999999999999993      -0.62097138181529399     
  0.10000000000000009      -0.29999999999999993      -0.87953115911801727     
  0.20000000000000009      -0.29999999999999993      -0.79069085425609797     
  0.30000000000000016      -0.29999999999999993      -0.40954494764684096     
  0.40000000000000013      -0.29999999999999993       0.14049617984237564     
  0.50000000000000011      -0.29999999999999993       0.62656030723331402     
  0.60000000000000009      -0.29999999999999993       0.88671261992497374     
  0.70000000000000007      -0.29999999999999993       0.79689770922639747     
  0.80000000000000004      -0.29999999999999993       0.41710304117248109     
  0.90000000000000002      -0.29999999999999993      -0.13341924756279713     
   1.0000000000000000      -0.29999999999999993      -0.60954106403954633     
  -1.0000000000000000      -0.19999999999999993      -0.32296568249438029     
 -0.90000000000000002      -0.19999999999999993      -0.44172459628875055     
 -0.80000000000000004      -0.19999999999999993      -0.39631390168188763     
 -0.69999999999999996      -0.19999999999999993      -0.20536238284576661     
 -0.59999999999999998      -0.19999999999999993        7.1530934346929503E-002
 -0.49999999999999994      -0.19999999999999993       0.32597748669045318     
 -0.39999999999999991      -0.19999999999999993       0.45966129769882969     
 -0.29999999999999993      -0.19999999999999993       0.41440703881629598     
 -0.19999999999999993      -0.19999999999999993       0.21542985396289782     
  -9.9999999999999978E-002 -0.19999999999999993       -6.9794758838011658E-002
   2.7755575615628914E-017 -0.19999999999999993      -0.32307950695380477     
  0.10000000000000009      -0.19999999999999993      -0.45749298019262991     
  0.20000000000000009      -0.19999999999999993      -0.41120488313733494     
  0.30000000000000016      -0.19999999999999993      -0.21290160914669620     
  0.40000000000000013      -0.19999999999999993        7.3204819032990767E-002
  0.50000000000000011      -0.19999999999999993       0.32598637449265588     
  0.60000000000000009      -0.19999999999999993       0.46122808082677880     
  0.70000000000000007      -0.19999999999999993       0.41443331069433387     
  0.80000000000000004      -0.19999999999999993       0.21683316424543228     
  0.90000000000000002      -0.19999999999999993       -6.9524038461168114E-002
   1.0000000000000000      -0.19999999999999993      -0.31713225625538993     
  -1.0000000000000000       -9.9999999999999978E-002  0.10412026772339975     
 -0.90000000000000002       -9.9999999999999978E-002  0.14260844990973717     
 -0.80000000000000004       -9.9999999999999978E-002  0.12809266370246761     
 -0.69999999999999996       -9.9999999999999978E-002   6.6534117551888788E-002
 -0.59999999999999998       -9.9999999999999978E-002  -2.2852963546458969E-002
 -0.49999999999999994       -9.9999999999999978E-002 -0.10509049906003126     
 -0.39999999999999991       -9.9999999999999978E-002 -0.14840081862262525     
 -0.29999999999999993       -9.9999999999999978E-002 -0.13393934771683111     
 -0.19999999999999993       -9.9999999999999978E-002  -6.9794758838011756E-002
  -9.9999999999999978E-002  -9.9999999999999978E-002   2.2290194685243851E-002
   2.7755575615628914E-017  -9.9999999999999978E-002  0.10415417395252259     
  0.10000000000000009       -9.9999999999999978E-002  0.14769948097869606     
  0.20000000000000009       -9.9999999999999978E-002  0.13290516454598233     
  0.30000000000000016       -9.9999999999999978E-002   6.8976981656750869E-002
  0.40000000000000013       -9.9999999999999978E-002  -2.3392107564235497E-002
  0.50000000000000011       -9.9999999999999978E-002 -0.10509311236282444     
  0.60000000000000009       -9.9999999999999978E-002 -0.14890606779918061     
  0.70000000000000007       -9.9999999999999978E-002 -0.13394764517139993     
  0.80000000000000004       -9.9999999999999978E-002  -7.0245934952363517E-002
  0.90000000000000002       -9.9999999999999978E-002   2.2203156421071932E-002
   1.0000000000000000       -9.9999999999999978E-002  0.10223743564123967     
  -1.0000000000000000        2.7755575615628914E-017  0.48352553484475286     
 -0.90000000000000002        2.7755575615628914E-017  0.66164844826860891     
 -0.80000000000000004        2.7755575615628914E-017  0.59386142715106793     
 -0.69999999999999996        2.7755575615628914E-017  0.30798296997655228     
 -0.59999999999999998        2.7755575615628914E-017 -0.10675836774179821     
 -0.49999999999999994        2.7755575615628914E-017 -0.48803344832940698     
 -0.39999999999999991        2.7755575615628914E-017 -0.68851796224974171     
 -0.29999999999999993        2.7755575615628914E-017 -0.62097138181529432     
 -0.19999999999999993        2.7755575615628914E-017 -0.32307950695380810     
  -9.9999999999999978E-002   2.7755575615628914E-017  0.10415417395252284     
   2.7755575615628914E-017   2.7755575615628914E-017  0.48369146700935689     
  0.10000000000000009        2.7755575615628914E-017  0.68526799253571546     
  0.20000000000000009        2.7755575615628914E-017  0.61617433441011327     
  0.30000000000000016        2.7755575615628914E-017  0.31929002730691514     
  0.40000000000000013        2.7755575615628914E-017 -0.10926361406974636     
  0.50000000000000011        2.7755575615628914E-017 -0.48804634994732682     
  0.60000000000000009        2.7755575615628914E-017 -0.69086387941205274     
  0.70000000000000007        2.7755575615628914E-017 -0.62101043790114829     
  0.80000000000000004        2.7755575615628914E-017 -0.32517847988552417     
  0.90000000000000002        2.7755575615628914E-017  0.10374925044117264     
   1.0000000000000000        2.7755575615628914E-017  0.47478852526663007     
  -1.0000000000000000       0.10000000000000009       0.68503105870402847     
 -0.90000000000000002       0.10000000000000009       0.93725147322820368     
 -0.80000000000000004       0.10000000000000009       0.84113241264515803     
 -0.69999999999999996       0.10000000000000009       0.43611503656915829     
 -0.59999999999999998       0.10000000000000009      -0.15138693100280828     
 -0.49999999999999994       0.10000000000000009      -0.69141810006840498     
 -0.39999999999999991       0.10000000000000009      -0.97531215304552343     
 -0.29999999999999993       0.10000000000000009      -0.87953115911801549     
 -0.19999999999999993       0.10000000000000009      -0.45749298019263274     
  -9.9999999999999978E-002  0.10000000000000009       0.14769948097869753     
   2.7755575615628914E-017  0.10000000000000009       0.68526799253571380     
  0.10000000000000009       0.10000000000000009       0.97070930831528102     
  0.20000000000000009       0.10000000000000009       0.87273620449058120     
  0.30000000000000016       0.10000000000000009       0.45212605650941640     
  0.40000000000000013       0.10000000000000009      -0.15493654863479256     
  0.50000000000000011       0.10000000000000009      -0.69143654554239309     
  0.60000000000000009       0.10000000000000009      -0.97863562208088328     
  0.70000000000000007       0.10000000000000009      -0.87958660583068704     
  0.80000000000000004       0.10000000000000009      -0.46046750277744264     
  0.90000000000000002       0.10000000000000009       0.14712565032609085     
   1.0000000000000000       0.10000000000000009       0.67265443120216706     
  -1.0000000000000000       0.20000000000000009       0.61595999242796984     
 -0.90000000000000002       0.20000000000000009       0.84265537948495461     
 -0.80000000000000004       0.20000000000000009       0.75617018135070191     
 -0.69999999999999996       0.20000000000000009       0.39198944245125605     
 -0.59999999999999998       0.20000000000000009      -0.13621939468527566     
 -0.49999999999999994       0.20000000000000009      -0.62170337769140638     
 -0.39999999999999991       0.20000000000000009      -0.87687387919883342     
 -0.29999999999999993       0.20000000000000009      -0.79069085425610264     
 -0.19999999999999993       0.20000000000000009      -0.41120488313733966     
  -9.9999999999999978E-002  0.20000000000000009       0.13290516454598039     
   2.7755575615628914E-017  0.20000000000000009       0.61617433441009906     
  0.10000000000000009       0.20000000000000009       0.87273620449058198     
  0.20000000000000009       0.20000000000000009       0.78458188805680440     
  0.30000000000000016       0.20000000000000009       0.40638035852422671     
  0.40000000000000013       0.20000000000000009      -0.13941133846062154     
  0.50000000000000011       0.20000000000000009      -0.62172008058993133     
  0.60000000000000009       0.20000000000000009      -0.87986218204417577     
  0.70000000000000007       0.20000000000000009      -0.79074079049082358     
  0.80000000000000004       0.20000000000000009      -0.41388006161662722     
  0.90000000000000002       0.20000000000000009       0.13238908162809548     
   1.0000000000000000       0.20000000000000009       0.60483231533640824     
  -1.0000000000000000       0.30000000000000016       0.31917752647782566     
 -0.90000000000000002       0.30000000000000016       0.43654265521370533     
 -0.80000000000000004       0.30000000000000016       0.39166408619120124     
 -0.69999999999999996       0.30000000000000016       0.20295228386720585     
 -0.59999999999999998       0.30000000000000016       -7.0692780523161414E-002
 -0.49999999999999994       0.30000000000000016      -0.32215400739171823     
 -0.39999999999999991       0.30000000000000016      -0.45426893176607119     
 -0.29999999999999993       0.30000000000000016      -0.40954494764684063     
 -0.19999999999999993       0.30000000000000016      -0.21290160914669684     
  -9.9999999999999978E-002  0.30000000000000016        6.8976981656751660E-002
   2.7755575615628914E-017  0.30000000000000016       0.31929002730691441     
  0.10000000000000009       0.30000000000000016       0.45212605650941706     
  0.20000000000000009       0.30000000000000016       0.40638035852422461     
  0.30000000000000016       0.30000000000000016       0.21040302992656243     
  0.40000000000000013       0.30000000000000016       -7.2347033817052181E-002
  0.50000000000000011       0.30000000000000016      -0.32216279198345088     
  0.60000000000000009       0.30000000000000016      -0.45581733709678379     
  0.70000000000000007       0.30000000000000016      -0.40957091208370711     
  0.80000000000000004       0.30000000000000016      -0.21428846468225915     
  0.90000000000000002       0.30000000000000016        6.8709435657324083E-002
   1.0000000000000000       0.30000000000000016       0.31341253120748586     
  -1.0000000000000000       0.40000000000000013      -0.10922793263839392     
 -0.90000000000000002       0.40000000000000013      -0.14959607545762810     
 -0.80000000000000004       0.40000000000000013      -0.13436323279992837     
 -0.69999999999999996       0.40000000000000013       -6.9784827770692059E-002
 -0.59999999999999998       0.40000000000000013        2.3982361075802077E-002
 -0.49999999999999994       0.40000000000000013       0.11024578871815201     
 -0.39999999999999991       0.40000000000000013       0.15567219850127109     
 -0.29999999999999993       0.40000000000000013       0.14049617984237248     
 -0.19999999999999993       0.40000000000000013        7.3204819032998594E-002
  -9.9999999999999978E-002  0.40000000000000013       -2.3392107564236042E-002
   2.7755575615628914E-017  0.40000000000000013      -0.10926361406975221     
  0.10000000000000009       0.40000000000000013      -0.15493654863479270     
  0.20000000000000009       0.40000000000000013      -0.13941133846063775     
  0.30000000000000016       0.40000000000000013       -7.2347033817051515E-002
  0.40000000000000013       0.40000000000000013        2.4547972935349605E-002
  0.50000000000000011       0.40000000000000013       0.11024854032799473     
  0.60000000000000009       0.40000000000000013       0.15620222739238787     
  0.70000000000000007       0.40000000000000013       0.14050489124371293     
  0.80000000000000004       0.40000000000000013        7.3678177306003692E-002
  0.90000000000000002       0.40000000000000013       -2.3300790020797619E-002
   1.0000000000000000       0.40000000000000013      -0.10725282589097508     
  -1.0000000000000000       0.50000000000000011      -0.48787890798991862     
 -0.90000000000000002       0.50000000000000011      -0.66760438764231422     
 -0.80000000000000004       0.50000000000000011      -0.59920634846528276     
 -0.69999999999999996       0.50000000000000011      -0.31075400259061581     
 -0.59999999999999998       0.50000000000000011       0.10772073546827275     
 -0.49999999999999994       0.50000000000000011       0.49242741221216002     
 -0.39999999999999991       0.50000000000000011       0.69471576298415050     
 -0.29999999999999993       0.50000000000000011       0.62656030723331213     
 -0.19999999999999993       0.50000000000000011       0.32598637449265955     
  -9.9999999999999978E-002  0.50000000000000011      -0.10509311236282437     
   2.7755575615628914E-017  0.50000000000000011      -0.48804634994732571     
  0.10000000000000009       0.50000000000000011      -0.69143654554239298     
  0.20000000000000009       0.50000000000000011      -0.62172008058993189     
  0.30000000000000016       0.50000000000000011      -0.32216279198345144     
  0.40000000000000013       0.50000000000000011       0.11024854032799603     
  0.50000000000000011       0.50000000000000011       0.49244043141815069     
  0.60000000000000009       0.50000000000000011       0.69708280059166350     
  0.70000000000000007       0.50000000000000011       0.62659971593391572     
  0.80000000000000004       0.50000000000000011       0.32810425231683654     
  0.90000000000000002       0.50000000000000011      -0.10468454180746557     
   1.0000000000000000       0.50000000000000011      -0.47906324815016854     
  -1.0000000000000000       0.60000000000000009      -0.69062500447771935     
 -0.90000000000000002       0.60000000000000009      -0.94490458813202327     
 -0.80000000000000004       0.60000000000000009      -0.84800034121803991     
 -0.69999999999999996       0.60000000000000009      -0.43967559941667445     
 -0.59999999999999998       0.60000000000000009       0.15262362253579390     
 -0.49999999999999994       0.60000000000000009       0.69706420392134960     
 -0.39999999999999991       0.60000000000000009       0.98327604832188298     
 -0.29999999999999993       0.60000000000000009       0.88671261992497297     
 -0.19999999999999993       0.60000000000000009       0.46122808082677907     
  -9.9999999999999978E-002  0.60000000000000009      -0.14890606779917914     
   2.7755575615628914E-017  0.60000000000000009      -0.69086387941204597     
  0.10000000000000009       0.60000000000000009      -0.97863562208088106     
  0.20000000000000009       0.60000000000000009      -0.87986218204417843     
  0.30000000000000016       0.60000000000000009      -0.45581733709678518     
  0.40000000000000013       0.60000000000000009       0.15620222739237713     
  0.50000000000000011       0.60000000000000009       0.69708280059166083     
  0.60000000000000009       0.60000000000000009       0.98662665641282588     
  0.70000000000000007       0.60000000000000009       0.88676851980451621     
  0.80000000000000004       0.60000000000000009       0.46422689608155593     
  0.90000000000000002       0.60000000000000009      -0.14832755072115772     
   1.0000000000000000       0.60000000000000009      -0.67814731474801049     
  -1.0000000000000000       0.70000000000000007      -0.62079442210680169     
 -0.90000000000000002       0.70000000000000007      -0.84926966542530136     
 -0.80000000000000004       0.70000000000000007      -0.76210605554496780     
 -0.69999999999999996       0.70000000000000007      -0.39506700993948568     
 -0.59999999999999998       0.70000000000000007       0.13728789656268209     
 -0.49999999999999994       0.70000000000000007       0.62658288270004547     
 -0.39999999999999991       0.70000000000000007       0.88375676249880919     
 -0.29999999999999993       0.70000000000000007       0.79689770922639502     
 -0.19999999999999993       0.70000000000000007       0.41443331069433498     
  -9.9999999999999978E-002  0.70000000000000007      -0.13394764517140179     
   2.7755575615628914E-017  0.70000000000000007      -0.62101043790114940     
  0.10000000000000009       0.70000000000000007      -0.87958660583068560     
  0.20000000000000009       0.70000000000000007      -0.79074079049082291     
  0.30000000000000016       0.70000000000000007      -0.40957091208370622     
  0.40000000000000013       0.70000000000000007       0.14050489124371573     
  0.50000000000000011       0.70000000000000007       0.62659971593391572     
  0.60000000000000009       0.70000000000000007       0.88676851980451965     
  0.70000000000000007       0.70000000000000007       0.79694803687255955     
  0.80000000000000004       0.70000000000000007       0.41712948188217319     
  0.90000000000000002       0.70000000000000007      -0.13342751244844131     
   1.0000000000000000       0.70000000000000007      -0.60957940153705581     
  -1.0000000000000000       0.80000000000000004      -0.32506394597486321     
 -0.90000000000000002       0.80000000000000004      -0.44459659315138766     
 -0.80000000000000004       0.80000000000000004      -0.39889220815429416     
 -0.69999999999999996       0.80000000000000004      -0.20670012447880465     
 -0.59999999999999998       0.80000000000000004        7.1993422913177618E-002
 -0.49999999999999994       0.80000000000000004       0.32809530948289883     
 -0.39999999999999991       0.80000000000000004       0.46264993229040918     
 -0.29999999999999993       0.80000000000000004       0.41710304117248231     
 -0.19999999999999993       0.80000000000000004       0.21683316424541915     
  -9.9999999999999978E-002  0.80000000000000004       -7.0245934952363961E-002
   2.7755575615628914E-017  0.80000000000000004      -0.32517847988551690     
  0.10000000000000009       0.80000000000000004      -0.46046750277743986     
  0.20000000000000009       0.80000000000000004      -0.41388006161660590     
  0.30000000000000016       0.80000000000000004      -0.21428846468225909     
  0.40000000000000013       0.80000000000000004        7.3678177306002055E-002
  0.50000000000000011       0.80000000000000004       0.32810425231683538     
  0.60000000000000009       0.80000000000000004       0.46422689608154227     
  0.70000000000000007       0.80000000000000004       0.41712948188217253     
  0.80000000000000004       0.80000000000000004       0.21824557835960895     
  0.90000000000000002       0.80000000000000004       -6.9973458316462595E-002
   1.0000000000000000       0.80000000000000004      -0.31919259702283126     
  -1.0000000000000000       0.90000000000000002       0.10371548107114896     
 -0.90000000000000002       0.90000000000000002       0.14205439803185188     
 -0.80000000000000004       0.90000000000000002       0.12759526889323264     
 -0.69999999999999996       0.90000000000000002        6.6276046386739826E-002
 -0.59999999999999998       0.90000000000000002       -2.2763742914133758E-002
 -0.49999999999999994       0.90000000000000002      -0.10468193911941427     
 -0.39999999999999991       0.90000000000000002      -0.14782426554406544     
 -0.29999999999999993       0.90000000000000002      -0.13341924756279563     
 -0.19999999999999993       0.90000000000000002       -6.9524038461169377E-002
  -9.9999999999999978E-002  0.90000000000000002        2.2203156421071409E-002
   2.7755575615628914E-017  0.90000000000000002       0.10374925044117440     
  0.10000000000000009       0.90000000000000002       0.14712565032609073     
  0.20000000000000009       0.90000000000000002       0.13238908162809984     
  0.30000000000000016       0.90000000000000002        6.8709435657324347E-002
  0.40000000000000013       0.90000000000000002       -2.3300790020796516E-002
  0.50000000000000011       0.90000000000000002      -0.10468454180746477     
  0.60000000000000009       0.90000000000000002      -0.14832755072116308     
  0.70000000000000007       0.90000000000000002      -0.13342751244844112     
  0.80000000000000004       0.90000000000000002       -6.9973458316465953E-002
  0.90000000000000002       0.90000000000000002        2.2116456965952859E-002
   1.0000000000000000       0.90000000000000002       0.10183996485923534     
  -1.0000000000000000        1.0000000000000000       0.47462564266705559     
 -0.90000000000000002        1.0000000000000000       0.64946964661721018     
 -0.80000000000000004        1.0000000000000000       0.58293012468566230     
 -0.69999999999999996        1.0000000000000000       0.30231361481138747     
 -0.59999999999999998        1.0000000000000000      -0.10479369088949700     
 -0.49999999999999994        1.0000000000000000      -0.47905058358198044     
 -0.39999999999999991        1.0000000000000000      -0.67584457734239245     
 -0.29999999999999993        1.0000000000000000      -0.60954106403954356     
 -0.19999999999999993        1.0000000000000000      -0.31713225625539376     
  -9.9999999999999978E-002   1.0000000000000000       0.10223743564123902     
   2.7755575615628914E-017   1.0000000000000000       0.47478852526663506     
  0.10000000000000009        1.0000000000000000       0.67265443120216639     
  0.20000000000000009        1.0000000000000000       0.60483231533641979     
  0.30000000000000016        1.0000000000000000       0.31341253120748525     
  0.40000000000000013        1.0000000000000000      -0.10725282589097436     
  0.50000000000000011        1.0000000000000000      -0.47906324815016527     
  0.60000000000000009        1.0000000000000000      -0.67814731474801937     
  0.70000000000000007        1.0000000000000000      -0.60957940153705270     
  0.80000000000000004        1.0000000000000000      -0.31919259702284103     
  0.90000000000000002        1.0000000000000000       0.10183996485923286     
   1.0000000000000000        1.0000000000000000       0.46604945234059919     
