  -1.0000000000000000       -1.0000000000000000        2.1778148263850036E-002
 -0.90000000000000002       -1.0000000000000000       -6.7849955300350942E-002
 -0.80000000000000004       -1.0000000000000000      -0.13209486802098780     
 -0.69999999999999996       -1.0000000000000000      -0.14563381191824853     
 -0.59999999999999998       -1.0000000000000000      -0.10369957490628347     
 -0.49999999999999994       -1.0000000000000000       -2.2161419733054660E-002
 -0.39999999999999991       -1.0000000000000000        6.7842724039903907E-002
 -0.29999999999999993       -1.0000000000000000       0.13193673703622583     
 -0.19999999999999993       -1.0000000000000000       0.14563243323145542     
  -9.9999999999999978E-002  -1.0000000000000000       0.10370288555852931     
   2.7755575615628914E-017  -1.0000000000000000        2.2162860084570843E-002
  0.10000000000000009       -1.0000000000000000       -6.7844833303563376E-002
  0.20000000000000009       -1.0000000000000000      -0.13193502442960398     
  0.30000000000000016       -1.0000000000000000      -0.14563329904864286     
  0.40000000000000013       -1.0000000000000000      -0.10370320068915624     
  0.50000000000000011       -1.0000000000000000       -2.2161489342286615E-002
  0.60000000000000009       -1.0000000000000000        6.7843048261705521E-002
  0.70000000000000007       -1.0000000000000000       0.13193695603954672     
  0.80000000000000004       -1.0000000000000000       0.14563624293707511     
  0.90000000000000002       -1.0000000000000000       0.10369720841103933     
   1.0000000000000000       -1.0000000000000000        2.1960016750604217E-002
  -1.0000000000000000      -0.90000000000000002       -6.7849955300351497E-002
 -0.90000000000000002      -0.90000000000000002       0.21119603842439563     
 -0.80000000000000004      -0.90000000000000002       0.41123416262988211     
 -0.69999999999999996      -0.90000000000000002       0.45341491382381549     
 -0.59999999999999998      -0.90000000000000002       0.32288649018233395     
 -0.49999999999999994      -0.90000000000000002        6.9044469962415644E-002
 -0.39999999999999991      -0.90000000000000002      -0.21117355794582313     
 -0.29999999999999993      -0.90000000000000002      -0.41074131414277321     
 -0.19999999999999993      -0.90000000000000002      -0.45341061117071296     
  -9.9999999999999978E-002 -0.90000000000000002      -0.32289680631982781     
   2.7755575615628914E-017 -0.90000000000000002       -6.9048957935527330E-002
  0.10000000000000009      -0.90000000000000002       0.21118012633020389     
  0.20000000000000009      -0.90000000000000002       0.41073598341528977     
  0.30000000000000016      -0.90000000000000002       0.45341330383927231     
  0.40000000000000013      -0.90000000000000002       0.32289779087718956     
  0.50000000000000011      -0.90000000000000002        6.9044687300023055E-002
  0.60000000000000009      -0.90000000000000002      -0.21117457200351600     
  0.70000000000000007      -0.90000000000000002      -0.41074199925632177     
  0.80000000000000004      -0.90000000000000002      -0.45342252654877879     
  0.90000000000000002      -0.90000000000000002      -0.32287911842033151     
   1.0000000000000000      -0.90000000000000002       -6.8416951872864715E-002
  -1.0000000000000000      -0.80000000000000004      -0.13209486802099277     
 -0.90000000000000002      -0.80000000000000004       0.41123416262988438     
 -0.80000000000000004      -0.80000000000000004       0.80072086946811849     
 -0.69999999999999996      -0.80000000000000004       0.88284117085354552     
 -0.59999999999999998      -0.80000000000000004       0.62868041901766802     
 -0.49999999999999994      -0.80000000000000004       0.13442028673520032     
 -0.39999999999999991      -0.80000000000000004      -0.41119037997403540     
 -0.29999999999999993      -0.80000000000000004      -0.79976142211338719     
 -0.19999999999999993      -0.80000000000000004      -0.88283279660062874     
  -9.9999999999999978E-002 -0.80000000000000004      -0.62870050257802867     
   2.7755575615628914E-017 -0.80000000000000004      -0.13442902404132573     
  0.10000000000000009      -0.80000000000000004       0.41120316875827090     
  0.20000000000000009      -0.80000000000000004       0.79975104226153981     
  0.30000000000000016      -0.80000000000000004       0.88283804046201575     
  0.40000000000000013      -0.80000000000000004       0.62870241846107933     
  0.50000000000000011      -0.80000000000000004       0.13442070970657427     
  0.60000000000000009      -0.80000000000000004      -0.41119235289914552     
  0.70000000000000007      -0.80000000000000004      -0.79976275500527017     
  0.80000000000000004      -0.80000000000000004      -0.88285597889628487     
  0.90000000000000002      -0.80000000000000004      -0.62866606681915860     
   1.0000000000000000      -0.80000000000000004      -0.13319860745111531     
  -1.0000000000000000      -0.69999999999999996      -0.14563381191824928     
 -0.90000000000000002      -0.69999999999999996       0.45341491382381505     
 -0.80000000000000004      -0.69999999999999996       0.88284117085354452     
 -0.69999999999999996      -0.69999999999999996       0.97337830358514243     
 -0.59999999999999998      -0.69999999999999996       0.69314800448566838     
 -0.49999999999999994      -0.69999999999999996       0.14819750096383474     
 -0.39999999999999991      -0.69999999999999996      -0.45336663564735191     
 -0.29999999999999993      -0.69999999999999996      -0.88178341740794386     
 -0.19999999999999993      -0.69999999999999996      -0.97336907223970037     
  -9.9999999999999978E-002 -0.69999999999999996      -0.69317014619695050     
   2.7755575615628914E-017 -0.69999999999999996      -0.14820713370112271     
  0.10000000000000009      -0.69999999999999996       0.45338073571073190     
  0.20000000000000009      -0.69999999999999996       0.88177197286810383     
  0.30000000000000016      -0.69999999999999996       0.97337485436066595     
  0.40000000000000013      -0.69999999999999996       0.69317225798778581     
  0.50000000000000011      -0.69999999999999996       0.14819796720935660     
  0.60000000000000009      -0.69999999999999996      -0.45336881013140073     
  0.70000000000000007      -0.69999999999999996      -0.88178488644756159     
  0.80000000000000004      -0.69999999999999996      -0.97339462291519052     
  0.90000000000000002      -0.69999999999999996      -0.69313218109419317     
   1.0000000000000000      -0.69999999999999996      -0.14685061437621860     
  -1.0000000000000000      -0.59999999999999998      -0.10369957490628738     
 -0.90000000000000002      -0.59999999999999998       0.32288649018233478     
 -0.80000000000000004      -0.59999999999999998       0.62868041901767346     
 -0.69999999999999996      -0.59999999999999998       0.69314800448567016     
 -0.59999999999999998      -0.59999999999999998       0.49359000162480404     
 -0.49999999999999994      -0.59999999999999998       0.10552500179648085     
 -0.39999999999999991      -0.59999999999999998      -0.32285210593502300     
 -0.29999999999999993      -0.59999999999999998      -0.62792726742785654     
 -0.19999999999999993      -0.59999999999999998      -0.69314143236613623     
  -9.9999999999999978E-002 -0.59999999999999998      -0.49360576751280089     
   2.7755575615628914E-017 -0.59999999999999998      -0.10553186077040608     
  0.10000000000000009      -0.59999999999999998       0.32286214644917127     
  0.20000000000000009      -0.59999999999999998       0.62791911751165108     
  0.30000000000000016      -0.59999999999999998       0.69314555029920044     
  0.40000000000000013      -0.59999999999999998       0.49360727080479272     
  0.50000000000000011      -0.59999999999999998       0.10552533371797196     
  0.60000000000000009      -0.59999999999999998      -0.32285365368804692     
  0.70000000000000007      -0.59999999999999998      -0.62792831303801233     
  0.80000000000000004      -0.59999999999999998      -0.69315961882799781     
  0.90000000000000002      -0.59999999999999998      -0.49357873430462856     
   1.0000000000000000      -0.59999999999999998      -0.10456594879642860     
  -1.0000000000000000      -0.49999999999999994       -2.2161419733055670E-002
 -0.90000000000000002      -0.49999999999999994        6.9044469962415700E-002
 -0.80000000000000004      -0.49999999999999994       0.13442028673520107     
 -0.69999999999999996      -0.49999999999999994       0.14819750096383466     
 -0.59999999999999998      -0.49999999999999994       0.10552500179648058     
 -0.49999999999999994      -0.49999999999999994        2.2551435390305602E-002
 -0.39999999999999991      -0.49999999999999994       -6.9037111330245954E-002
 -0.29999999999999993      -0.49999999999999994      -0.13425937324771278     
 -0.19999999999999993      -0.49999999999999994      -0.14819609803023168     
  -9.9999999999999978E-002 -0.49999999999999994      -0.10552837070860774     
   2.7755575615628914E-017 -0.49999999999999994       -2.2552901089185909E-002
  0.10000000000000009      -0.49999999999999994        6.9039257721479286E-002
  0.20000000000000009      -0.49999999999999994       0.13425763049005512     
  0.30000000000000016      -0.49999999999999994       0.14819697909563501     
  0.40000000000000013      -0.49999999999999994       0.10552869137896839     
  0.50000000000000011      -0.49999999999999994        2.2551506223526641E-002
  0.60000000000000009      -0.49999999999999994       -6.9037441249113402E-002
  0.70000000000000007      -0.49999999999999994      -0.13425959609892280     
  0.80000000000000004      -0.49999999999999994      -0.14819997467829688     
  0.90000000000000002      -0.49999999999999994      -0.10552259365115743     
   1.0000000000000000      -0.49999999999999994       -2.2346488039952105E-002
  -1.0000000000000000      -0.39999999999999991        6.7842724039903754E-002
 -0.90000000000000002      -0.39999999999999991      -0.21117355794582379     
 -0.80000000000000004      -0.39999999999999991      -0.41119037997402902     
 -0.69999999999999996      -0.39999999999999991      -0.45336663564735263     
 -0.59999999999999998      -0.39999999999999991      -0.32285210593501462     
 -0.49999999999999994      -0.39999999999999991       -6.9037111330245537E-002
 -0.39999999999999991      -0.39999999999999991       0.21115107985605627     
 -0.29999999999999993      -0.39999999999999991       0.41069758404165091     
 -0.19999999999999993      -0.39999999999999991       0.45336233345387894     
  -9.9999999999999978E-002 -0.39999999999999991       0.32286242097276147     
   2.7755575615628914E-017 -0.39999999999999991        6.9041598824959846E-002
  0.10000000000000009      -0.39999999999999991      -0.21115764754085406     
  0.20000000000000009      -0.39999999999999991      -0.41069225388156855     
  0.30000000000000016      -0.39999999999999991      -0.45336502583618338     
  0.40000000000000013      -0.39999999999999991      -0.32286340542478054     
  0.50000000000000011      -0.39999999999999991       -6.9037328644618257E-002
  0.60000000000000009      -0.39999999999999991       0.21115209380512501     
  0.70000000000000007      -0.39999999999999991       0.41069826908176904     
  0.80000000000000004      -0.39999999999999991       0.45337424755530265     
  0.90000000000000002      -0.39999999999999991       0.32284473495850807     
   1.0000000000000000      -0.39999999999999991        6.8409660126689129E-002
  -1.0000000000000000      -0.29999999999999993       0.13193673703622658     
 -0.90000000000000002      -0.29999999999999993      -0.41074131414277282     
 -0.80000000000000004      -0.29999999999999993      -0.79976142211338841     
 -0.69999999999999996      -0.29999999999999993      -0.88178341740794375     
 -0.59999999999999998      -0.29999999999999993      -0.62792726742785576     
 -0.49999999999999994      -0.29999999999999993      -0.13425937324771242     
 -0.39999999999999991      -0.29999999999999993       0.41069758404165257     
 -0.29999999999999993      -0.29999999999999993       0.79880312275673615     
 -0.19999999999999993      -0.29999999999999993       0.88177505315838967     
  -9.9999999999999978E-002 -0.29999999999999993       0.62794732695128286     
   2.7755575615628914E-017 -0.29999999999999993       0.13426810009599266     
  0.10000000000000009      -0.29999999999999993      -0.41071035750744683     
  0.20000000000000009      -0.29999999999999993      -0.79879275534506045     
  0.30000000000000016      -0.29999999999999993      -0.88178029072824049     
  0.40000000000000013      -0.29999999999999993      -0.62794924054895340     
  0.50000000000000011      -0.29999999999999993      -0.13425979571412333     
  0.60000000000000009      -0.29999999999999993       0.41069955461648550     
  0.70000000000000007      -0.29999999999999993       0.79880445406124234     
  0.80000000000000004      -0.29999999999999993       0.88179820783794916     
  0.90000000000000002      -0.29999999999999993       0.62791293241342616     
   1.0000000000000000      -0.29999999999999993       0.13303915630361945     
  -1.0000000000000000      -0.19999999999999993       0.14563243323145791     
 -0.90000000000000002      -0.19999999999999993      -0.45341061117071407     
 -0.80000000000000004      -0.19999999999999993      -0.88283279660063085     
 -0.69999999999999996      -0.19999999999999993      -0.97336907223970170     
 -0.59999999999999998      -0.19999999999999993      -0.69314143236613623     
 -0.49999999999999994      -0.19999999999999993      -0.14819609803023137     
 -0.39999999999999991      -0.19999999999999993       0.45336233345388571     
 -0.29999999999999993      -0.19999999999999993       0.88177505315838944     
 -0.19999999999999993      -0.19999999999999993       0.97335984098124151     
  -9.9999999999999978E-002 -0.19999999999999993       0.69316357386792415     
   2.7755575615628914E-017 -0.19999999999999993       0.14820573067635431     
  0.10000000000000009      -0.19999999999999993      -0.45337643338363370     
  0.20000000000000009      -0.19999999999999993      -0.88176360872716664     
  0.30000000000000016      -0.19999999999999993      -0.97336562304722796     
  0.40000000000000013      -0.19999999999999993      -0.69316568563891523     
  0.50000000000000011      -0.19999999999999993      -0.14819656427136271     
  0.60000000000000009      -0.19999999999999993       0.45336450791760602     
  0.70000000000000007      -0.19999999999999993       0.88177652218425262     
  0.80000000000000004      -0.19999999999999993       0.97338539141738367     
  0.90000000000000002      -0.19999999999999993       0.69312560912454591     
   1.0000000000000000      -0.19999999999999993       0.14684922419087204     
  -1.0000000000000000       -9.9999999999999978E-002  0.10370288555853095     
 -0.90000000000000002       -9.9999999999999978E-002 -0.32289680631982753     
 -0.80000000000000004       -9.9999999999999978E-002 -0.62870050257802945     
 -0.69999999999999996       -9.9999999999999978E-002 -0.69317014619694994     
 -0.59999999999999998       -9.9999999999999978E-002 -0.49360576751279972     
 -0.49999999999999994       -9.9999999999999978E-002 -0.10552837070860763     
 -0.39999999999999991       -9.9999999999999978E-002  0.32286242097276174     
 -0.29999999999999993       -9.9999999999999978E-002  0.62794732695128319     
 -0.19999999999999993       -9.9999999999999978E-002  0.69316357386792404     
  -9.9999999999999978E-002  -9.9999999999999978E-002  0.49362153390405078     
   2.7755575615628914E-017  -9.9999999999999978E-002  0.10553522990149571     
  0.10000000000000009       -9.9999999999999978E-002 -0.32287246180757401     
  0.20000000000000009       -9.9999999999999978E-002 -0.62793917677468403     
  0.30000000000000016       -9.9999999999999978E-002 -0.69316769193263195     
  0.40000000000000013       -9.9999999999999978E-002 -0.49362303724393036     
  0.50000000000000011       -9.9999999999999978E-002 -0.10552870264067729     
  0.60000000000000009       -9.9999999999999978E-002  0.32286396877500079     
  0.70000000000000007       -9.9999999999999978E-002  0.62794837259470015     
  0.80000000000000004       -9.9999999999999978E-002  0.69318176090842287     
  0.90000000000000002       -9.9999999999999978E-002  0.49359449983285375     
   1.0000000000000000       -9.9999999999999978E-002  0.10456928709224418     
  -1.0000000000000000        2.7755575615628914E-017   2.2162860084570676E-002
 -0.90000000000000002        2.7755575615628914E-017  -6.9048957935526914E-002
 -0.80000000000000004        2.7755575615628914E-017 -0.13442902404132639     
 -0.69999999999999996        2.7755575615628914E-017 -0.14820713370112173     
 -0.59999999999999998        2.7755575615628914E-017 -0.10553186077040878     
 -0.49999999999999994        2.7755575615628914E-017  -2.2552901089186277E-002
 -0.39999999999999991        2.7755575615628914E-017   6.9041598824960804E-002
 -0.29999999999999993        2.7755575615628914E-017  0.13426810009599360     
 -0.19999999999999993        2.7755575615628914E-017  0.14820573067635290     
  -9.9999999999999978E-002   2.7755575615628914E-017  0.10553522990149537     
   2.7755575615628914E-017   2.7755575615628914E-017   2.2554366883320080E-002
  0.10000000000000009        2.7755575615628914E-017  -6.9043745355702874E-002
  0.20000000000000009        2.7755575615628914E-017 -0.13426635722505817     
  0.30000000000000016        2.7755575615628914E-017 -0.14820661179903849     
  0.40000000000000013        2.7755575615628914E-017 -0.10553555059268503     
  0.50000000000000011        2.7755575615628914E-017  -2.2552971927010102E-002
  0.60000000000000009        2.7755575615628914E-017   6.9041928765262814E-002
  0.70000000000000007        2.7755575615628914E-017  0.13426832296168037     
  0.80000000000000004        2.7755575615628914E-017  0.14820960757626156     
  0.90000000000000002        2.7755575615628914E-017  0.10552945246857365     
   1.0000000000000000        2.7755575615628914E-017   2.2347940418675997E-002
  -1.0000000000000000       0.10000000000000009       -6.7844833303563487E-002
 -0.90000000000000002       0.10000000000000009       0.21118012633020358     
 -0.80000000000000004       0.10000000000000009       0.41120316875827095     
 -0.69999999999999996       0.10000000000000009       0.45338073571073217     
 -0.59999999999999998       0.10000000000000009       0.32286214644917033     
 -0.49999999999999994       0.10000000000000009        6.9039257721479036E-002
 -0.39999999999999991       0.10000000000000009      -0.21115764754085442     
 -0.29999999999999993       0.10000000000000009      -0.41071035750744689     
 -0.19999999999999993       0.10000000000000009      -0.45337643338363393     
  -9.9999999999999978E-002  0.10000000000000009      -0.32287246180757451     
   2.7755575615628914E-017  0.10000000000000009       -6.9043745355702429E-002
  0.10000000000000009       0.10000000000000009       0.21116421542987518     
  0.20000000000000009       0.10000000000000009       0.41070502718158730     
  0.30000000000000016       0.10000000000000009       0.45337912584969703     
  0.40000000000000013       0.10000000000000009       0.32287344629016446     
  0.50000000000000011       0.10000000000000009        6.9039475042602633E-002
  0.60000000000000009       0.10000000000000009      -0.21115866152136090     
  0.70000000000000007       0.10000000000000009      -0.41071104256882307     
  0.80000000000000004       0.10000000000000009      -0.45338834785474874     
  0.90000000000000002       0.10000000000000009      -0.32285477524345635     
   1.0000000000000000       0.10000000000000009       -6.8411787010835404E-002
  -1.0000000000000000       0.20000000000000009      -0.13193502442960689     
 -0.90000000000000002       0.20000000000000009       0.41073598341529211     
 -0.80000000000000004       0.20000000000000009       0.79975104226153793     
 -0.69999999999999996       0.20000000000000009       0.88177197286810738     
 -0.59999999999999998       0.20000000000000009       0.62791911751164509     
 -0.49999999999999994       0.20000000000000009       0.13425763049005457     
 -0.39999999999999991       0.20000000000000009      -0.41069225388157266     
 -0.29999999999999993       0.20000000000000009      -0.79879275534506022     
 -0.19999999999999993       0.20000000000000009      -0.88176360872716120     
  -9.9999999999999978E-002  0.20000000000000009      -0.62793917677468547     
   2.7755575615628914E-017  0.20000000000000009      -0.13426635722505653     
  0.10000000000000009       0.20000000000000009       0.41070502718158775     
  0.20000000000000009       0.20000000000000009       0.79878238806795299     
  0.30000000000000016       0.20000000000000009       0.88176884622904828     
  0.40000000000000013       0.20000000000000009       0.62794109034751699     
  0.50000000000000011       0.20000000000000009       0.13425805295097751     
  0.60000000000000009       0.20000000000000009      -0.41069422443085835     
  0.70000000000000007       0.20000000000000009      -0.79879408663227269     
  0.80000000000000004       0.20000000000000009      -0.88178676310599158     
  0.90000000000000002       0.20000000000000009      -0.62790478268329974     
   1.0000000000000000       0.20000000000000009      -0.13303742938524632     
  -1.0000000000000000       0.30000000000000016      -0.14563329904864328     
 -0.90000000000000002       0.30000000000000016       0.45341330383927203     
 -0.80000000000000004       0.30000000000000016       0.88283804046201642     
 -0.69999999999999996       0.30000000000000016       0.97337485436066506     
 -0.59999999999999998       0.30000000000000016       0.69314555029919911     
 -0.49999999999999994       0.30000000000000016       0.14819697909563512     
 -0.39999999999999991       0.30000000000000016      -0.45336502583618327     
 -0.29999999999999993       0.30000000000000016      -0.88178029072823960     
 -0.19999999999999993       0.30000000000000016      -0.97336562304722729     
  -9.9999999999999978E-002  0.30000000000000016      -0.69316769193263195     
   2.7755575615628914E-017  0.30000000000000016      -0.14820661179903885     
  0.10000000000000009       0.30000000000000016       0.45337912584969714     
  0.20000000000000009       0.30000000000000016       0.88176884622904728     
  0.30000000000000016       0.30000000000000016       0.97337140514749654     
  0.40000000000000013       0.30000000000000016       0.69316980371622239     
  0.50000000000000011       0.30000000000000016       0.14819744533954721     
  0.60000000000000009       0.30000000000000016      -0.45336720031284683     
  0.70000000000000007       0.30000000000000016      -0.88178175976287820     
  0.80000000000000004       0.30000000000000016      -0.97339117363593008     
  0.90000000000000002       0.30000000000000016      -0.69312972696352360     
   1.0000000000000000       0.30000000000000016      -0.14685009724808373     
  -1.0000000000000000       0.40000000000000013      -0.10370320068915680     
 -0.90000000000000002       0.40000000000000013       0.32289779087719045     
 -0.80000000000000004       0.40000000000000013       0.62870241846108466     
 -0.69999999999999996       0.40000000000000013       0.69317225798778581     
 -0.59999999999999998       0.40000000000000013       0.49360727080479538     
 -0.49999999999999994       0.40000000000000013       0.10552869137896843     
 -0.39999999999999991       0.40000000000000013      -0.32286340542478514     
 -0.29999999999999993       0.40000000000000013      -0.62794924054895207     
 -0.19999999999999993       0.40000000000000013      -0.69316568563891590     
  -9.9999999999999978E-002  0.40000000000000013      -0.49362303724393009     
   2.7755575615628914E-017  0.40000000000000013      -0.10553555059268538     
  0.10000000000000009       0.40000000000000013       0.32287344629016490     
  0.20000000000000009       0.40000000000000013       0.62794109034752366     
  0.30000000000000016       0.40000000000000013       0.69316980371622194     
  0.40000000000000013       0.40000000000000013       0.49362454058833721     
  0.50000000000000011       0.40000000000000013       0.10552902331203765     
  0.60000000000000009       0.40000000000000013      -0.32286495323169273     
  0.70000000000000007       0.40000000000000013      -0.62795028619549986     
  0.80000000000000004       0.40000000000000013      -0.69318387273391302     
  0.90000000000000002       0.40000000000000013      -0.49359600309059964     
   1.0000000000000000       0.40000000000000013      -0.10456960484896574     
  -1.0000000000000000       0.50000000000000011       -2.2161489342287476E-002
 -0.90000000000000002       0.50000000000000011        6.9044687300023250E-002
 -0.80000000000000004       0.50000000000000011       0.13442070970657485     
 -0.69999999999999996       0.50000000000000011       0.14819796720935624     
 -0.59999999999999998       0.50000000000000011       0.10552533371797237     
 -0.49999999999999994       0.50000000000000011        2.2551506223526665E-002
 -0.39999999999999991       0.50000000000000011       -6.9037328644618506E-002
 -0.29999999999999993       0.50000000000000011      -0.13425979571412361     
 -0.19999999999999993       0.50000000000000011      -0.14819656427136357     
  -9.9999999999999978E-002  0.50000000000000011      -0.10552870264067714     
   2.7755575615628914E-017  0.50000000000000011       -2.2552971927009998E-002
  0.10000000000000009       0.50000000000000011        6.9039475042602716E-002
  0.20000000000000009       0.50000000000000011       0.13425805295097812     
  0.30000000000000016       0.50000000000000011       0.14819744533954732     
  0.40000000000000013       0.50000000000000011       0.10552902331203852     
  0.50000000000000011       0.50000000000000011        2.2551577056969040E-002
  0.60000000000000009       0.50000000000000011       -6.9037658564512661E-002
  0.70000000000000007       0.50000000000000011      -0.13426001856602668     
  0.80000000000000004       0.50000000000000011      -0.14820044093149104     
  0.90000000000000002       0.50000000000000011      -0.10552292556508280     
   1.0000000000000000       0.50000000000000011       -2.2346558229544160E-002
  -1.0000000000000000       0.60000000000000009        6.7843048261706049E-002
 -0.90000000000000002       0.60000000000000009      -0.21117457200351647     
 -0.80000000000000004       0.60000000000000009      -0.41119235289914102     
 -0.69999999999999996       0.60000000000000009      -0.45336881013140273     
 -0.59999999999999998       0.60000000000000009      -0.32285365368804153     
 -0.49999999999999994       0.60000000000000009       -6.9037441249113346E-002
 -0.39999999999999991       0.60000000000000009       0.21115209380512456     
 -0.29999999999999993       0.60000000000000009       0.41069955461648433     
 -0.19999999999999993       0.60000000000000009       0.45336450791760202     
  -9.9999999999999978E-002  0.60000000000000009       0.32286396877500151     
   2.7755575615628914E-017  0.60000000000000009        6.9041928765263924E-002
  0.10000000000000009       0.60000000000000009      -0.21115866152136045     
  0.20000000000000009       0.60000000000000009      -0.41069422443085318     
  0.30000000000000016       0.60000000000000009      -0.45336720031284727     
  0.40000000000000013       0.60000000000000009      -0.32286495323168740     
  0.50000000000000011       0.60000000000000009       -6.9037658564512772E-002
  0.60000000000000009       0.60000000000000009       0.21115310775893967     
  0.70000000000000007       0.60000000000000009       0.41070023965980806     
  0.80000000000000004       0.60000000000000009       0.45337642207480061     
  0.90000000000000002       0.60000000000000009       0.32284628267624421     
   1.0000000000000000       0.60000000000000009        6.8409987048133419E-002
  -1.0000000000000000       0.70000000000000007       0.13193695603954722     
 -0.90000000000000002       0.70000000000000007      -0.41074199925632149     
 -0.80000000000000004       0.70000000000000007      -0.79976275500527194     
 -0.69999999999999996       0.70000000000000007      -0.88178488644756159     
 -0.59999999999999998       0.70000000000000007      -0.62792831303801266     
 -0.49999999999999994       0.70000000000000007      -0.13425959609892271     
 -0.39999999999999991       0.70000000000000007       0.41069826908177032     
 -0.29999999999999993       0.70000000000000007       0.79880445406124201     
 -0.19999999999999993       0.70000000000000007       0.88177652218425440     
  -9.9999999999999978E-002  0.70000000000000007       0.62794837259470004     
   2.7755575615628914E-017  0.70000000000000007       0.13426832296168026     
  0.10000000000000009       0.70000000000000007      -0.41071104256882257     
  0.20000000000000009       0.70000000000000007      -0.79879408663227347     
  0.30000000000000016       0.70000000000000007      -0.88178175976287765     
  0.40000000000000013       0.70000000000000007      -0.62795028619550042     
  0.50000000000000011       0.70000000000000007      -0.13426001856602660     
  0.60000000000000009       0.70000000000000007       0.41070023965980962     
  0.70000000000000007       0.70000000000000007       0.79880578536790758     
  0.80000000000000004       0.70000000000000007       0.88179967690144612     
  0.90000000000000002       0.70000000000000007       0.62791397799976434     
   1.0000000000000000       0.70000000000000007       0.13303937713017958     
  -1.0000000000000000       0.80000000000000004       0.14563624293708055     
 -0.90000000000000002       0.80000000000000004      -0.45342252654878112     
 -0.80000000000000004       0.80000000000000004      -0.88285597889629075     
 -0.69999999999999996       0.80000000000000004      -0.97339462291519352     
 -0.59999999999999998       0.80000000000000004      -0.69315961882799726     
 -0.49999999999999994       0.80000000000000004      -0.14819997467829671     
 -0.39999999999999991       0.80000000000000004       0.45337424755531280     
 -0.29999999999999993       0.80000000000000004       0.88179820783794960     
 -0.19999999999999993       0.80000000000000004       0.97338539141738312     
  -9.9999999999999978E-002  0.80000000000000004       0.69318176090842321     
   2.7755575615628914E-017  0.80000000000000004       0.14820960757625742     
  0.10000000000000009       0.80000000000000004      -0.45338834785474930     
  0.20000000000000009       0.80000000000000004      -0.88178676310599957     
  0.30000000000000016       0.80000000000000004      -0.97339117363593108     
  0.40000000000000013       0.80000000000000004      -0.69318387273390936     
  0.50000000000000011       0.80000000000000004      -0.14820044093149090     
  0.60000000000000009       0.80000000000000004       0.45337642207480827     
  0.70000000000000007       0.80000000000000004       0.88179967690144556     
  0.80000000000000004       0.80000000000000004       0.97341094250884230     
  0.90000000000000002       0.80000000000000004       0.69314379517210223     
   1.0000000000000000       0.80000000000000004       0.14685306561818068     
  -1.0000000000000000       0.90000000000000002       0.10369720841103855     
 -0.90000000000000002       0.90000000000000002      -0.32287911842033140     
 -0.80000000000000004       0.90000000000000002      -0.62866606681915649     
 -0.69999999999999996       0.90000000000000002      -0.69313218109419328     
 -0.59999999999999998       0.90000000000000002      -0.49357873430462768     
 -0.49999999999999994       0.90000000000000002      -0.10552259365115760     
 -0.39999999999999991       0.90000000000000002       0.32284473495850452     
 -0.29999999999999993       0.90000000000000002       0.62791293241342638     
 -0.19999999999999993       0.90000000000000002       0.69312560912454335     
  -9.9999999999999978E-002  0.90000000000000002       0.49359449983285431     
   2.7755575615628914E-017  0.90000000000000002       0.10552945246857576     
  0.10000000000000009       0.90000000000000002      -0.32285477524345635     
  0.20000000000000009       0.90000000000000002      -0.62790478268329619     
  0.30000000000000016       0.90000000000000002      -0.69312972696352371     
  0.40000000000000013       0.90000000000000002      -0.49359600309060031     
  0.50000000000000011       0.90000000000000002      -0.10552292556508336     
  0.60000000000000009       0.90000000000000002       0.32284628267623999     
  0.70000000000000007       0.90000000000000002       0.62791397799976478     
  0.80000000000000004       0.90000000000000002       0.69314379517209967     
  0.90000000000000002       0.90000000000000002       0.49356746724157929     
   1.0000000000000000       0.90000000000000002       0.10456356253653804     
  -1.0000000000000000        1.0000000000000000        2.1960016750602027E-002
 -0.90000000000000002        1.0000000000000000       -6.8416951872864271E-002
 -0.80000000000000004        1.0000000000000000      -0.13319860745111792     
 -0.69999999999999996        1.0000000000000000      -0.14685061437621880     
 -0.59999999999999998        1.0000000000000000      -0.10456594879643644     
 -0.49999999999999994        1.0000000000000000       -2.2346488039953063E-002
 -0.39999999999999991        1.0000000000000000        6.8409660126687172E-002
 -0.29999999999999993        1.0000000000000000       0.13303915630361984     
 -0.19999999999999993        1.0000000000000000       0.14684922419087512     
  -9.9999999999999978E-002   1.0000000000000000       0.10456928709224543     
   2.7755575615628914E-017   1.0000000000000000        2.2347940418680871E-002
  0.10000000000000009        1.0000000000000000       -6.8411787010835112E-002
  0.20000000000000009        1.0000000000000000      -0.13303742938524907     
  0.30000000000000016        1.0000000000000000      -0.14685009724808465     
  0.40000000000000013        1.0000000000000000      -0.10456960484897082     
  0.50000000000000011        1.0000000000000000       -2.2346558229545184E-002
  0.60000000000000009        1.0000000000000000        6.8409987048130727E-002
  0.70000000000000007        1.0000000000000000       0.13303937713018005     
  0.80000000000000004        1.0000000000000000       0.14685306561818792     
  0.90000000000000002        1.0000000000000000       0.10456356253653706     
   1.0000000000000000        1.0000000000000000        2.2143403241091063E-002
