  -1.0000000000000000       -1.0000000000000000       0.93713632981532635     
 -0.90000000000000002       -1.0000000000000000       0.84481115451980682     
 -0.80000000000000004       -1.0000000000000000       0.44131399899106971     
 -0.69999999999999996       -1.0000000000000000      -0.12127309459002693     
 -0.59999999999999998       -1.0000000000000000      -0.66473630190292154     
 -0.49999999999999994       -1.0000000000000000      -0.95010087819736988     
 -0.39999999999999991       -1.0000000000000000      -0.87836064501257027     
 -0.29999999999999993       -1.0000000000000000      -0.46598400847472077     
 -0.19999999999999993       -1.0000000000000000       0.11773373677446014     
  -9.9999999999999978E-002  -1.0000000000000000       0.66198052354943171     
   2.7755575615628914E-017  -1.0000000000000000       0.94646014890057584     
  0.10000000000000009       -1.0000000000000000       0.87502778425696470     
  0.20000000000000009       -1.0000000000000000       0.46191536134983152     
  0.30000000000000016       -1.0000000000000000      -0.12124728546049365     
  0.40000000000000013       -1.0000000000000000      -0.66677485097677047     
  0.50000000000000011       -1.0000000000000000      -0.95002947475123112     
  0.60000000000000009       -1.0000000000000000      -0.88074526139180254     
  0.70000000000000007       -1.0000000000000000      -0.46594639392831899     
  0.80000000000000004       -1.0000000000000000       0.11488925416732194     
  0.90000000000000002       -1.0000000000000000       0.66109976125553116     
   1.0000000000000000       -1.0000000000000000       0.92866732411706188     
  -1.0000000000000000      -0.90000000000000002       0.84481115451980437     
 -0.90000000000000002      -0.90000000000000002       0.76153359190629810     
 -0.80000000000000004      -0.90000000000000002       0.39775869287816407     
 -0.69999999999999996      -0.90000000000000002      -0.10940634738118522     
 -0.59999999999999998      -0.90000000000000002      -0.59929760584748992     
 -0.49999999999999994      -0.90000000000000002      -0.85649878118998990     
 -0.39999999999999991      -0.90000000000000002      -0.79177575325001914     
 -0.29999999999999993      -0.90000000000000002      -0.41999471606397321     
 -0.19999999999999993      -0.90000000000000002       0.10621667922372413     
  -9.9999999999999978E-002 -0.90000000000000002       0.59681382336224187     
   2.7755575615628914E-017 -0.90000000000000002       0.85321701375092862     
  0.10000000000000009      -0.90000000000000002       0.78877140772701781     
  0.20000000000000009      -0.90000000000000002       0.41632726843391654     
  0.30000000000000016      -0.90000000000000002      -0.10938365667125038     
  0.40000000000000013      -0.90000000000000002      -0.60113522175974698     
  0.50000000000000011      -0.90000000000000002      -0.85643440919832847     
  0.60000000000000009      -0.90000000000000002      -0.79392503572563311     
  0.70000000000000007      -0.90000000000000002      -0.41996083901479786     
  0.80000000000000004      -0.90000000000000002       0.10365238784742956     
  0.90000000000000002      -0.90000000000000002       0.59601989426704294     
   1.0000000000000000      -0.90000000000000002       0.83717755457275489     
  -1.0000000000000000      -0.80000000000000004       0.44131399899105539     
 -0.90000000000000002      -0.80000000000000004       0.39775869287816695     
 -0.80000000000000004      -0.80000000000000004       0.20769688087861793     
 -0.69999999999999996      -0.80000000000000004       -5.7240344330370875E-002
 -0.59999999999999998      -0.80000000000000004      -0.31311693123360068     
 -0.49999999999999994      -0.80000000000000004      -0.44741975812966561     
 -0.39999999999999991      -0.80000000000000004      -0.41355436622757979     
 -0.29999999999999993      -0.80000000000000004      -0.21930870798285379     
 -0.19999999999999993      -0.80000000000000004        5.5575210769256596E-002
  -9.9999999999999978E-002 -0.80000000000000004       0.31181999628406570     
   2.7755575615628914E-017 -0.80000000000000004       0.44570573191490565     
  0.10000000000000009      -0.80000000000000004       0.41198513350852489     
  0.20000000000000009      -0.80000000000000004       0.21739329680089131     
  0.30000000000000016      -0.80000000000000004       -5.7229120707134699E-002
  0.40000000000000013      -0.80000000000000004      -0.31407676064194434     
  0.50000000000000011      -0.80000000000000004      -0.44738612798673272     
  0.60000000000000009      -0.80000000000000004      -0.41467666913605067     
  0.70000000000000007      -0.80000000000000004      -0.21929104597763019     
  0.80000000000000004      -0.80000000000000004        5.4235624891795210E-002
  0.90000000000000002      -0.80000000000000004       0.31140532984951907     
   1.0000000000000000      -0.80000000000000004       0.43732749643324048     
  -1.0000000000000000      -0.69999999999999996      -0.12127309459002406     
 -0.90000000000000002      -0.69999999999999996      -0.10940634738118435     
 -0.80000000000000004      -0.69999999999999996       -5.7240344330373095E-002
 -0.69999999999999996      -0.69999999999999996        1.5557760201945549E-002
 -0.59999999999999998      -0.69999999999999996        8.5938148676468581E-002
 -0.49999999999999994      -0.69999999999999996       0.12295026685299092     
 -0.39999999999999991      -0.69999999999999996       0.11375143350759359     
 -0.29999999999999993      -0.69999999999999996        6.0438789648949443E-002
 -0.19999999999999993      -0.69999999999999996       -1.5098061062594710E-002
  -9.9999999999999978E-002 -0.69999999999999996       -8.5580686304022505E-002
   2.7755575615628914E-017 -0.69999999999999996      -0.12247865094240087     
  0.10000000000000009      -0.69999999999999996      -0.11331985324230578     
  0.20000000000000009      -0.69999999999999996       -5.9911663468203570E-002
  0.30000000000000016      -0.69999999999999996        1.5553452391971338E-002
  0.40000000000000013      -0.69999999999999996        8.6202119290247362E-002
  0.50000000000000011      -0.69999999999999996       0.12294103187937154     
  0.60000000000000009      -0.69999999999999996       0.11406070370849422     
  0.70000000000000007      -0.69999999999999996        6.0433868613587030E-002
  0.80000000000000004      -0.69999999999999996       -1.4730033486086041E-002
  0.90000000000000002      -0.69999999999999996       -8.5466604412290190E-002
   1.0000000000000000      -0.69999999999999996      -0.12017536624284464     
  -1.0000000000000000      -0.59999999999999998      -0.66473630190289867     
 -0.90000000000000002      -0.59999999999999998      -0.59929760584748459     
 -0.80000000000000004      -0.59999999999999998      -0.31311693123358614     
 -0.69999999999999996      -0.59999999999999998        8.5938148676473106E-002
 -0.59999999999999998      -0.59999999999999998       0.47146345983477367     
 -0.49999999999999994      -0.59999999999999998       0.67393207084523710     
 -0.39999999999999991      -0.59999999999999998       0.62309734384620785     
 -0.29999999999999993      -0.59999999999999998       0.33061971980380639     
 -0.19999999999999993      -0.59999999999999998       -8.3426547726642875E-002
  -9.9999999999999978E-002 -0.59999999999999998      -0.46950818998833138     
   2.7755575615628914E-017 -0.59999999999999998      -0.67134930802407855     
  0.10000000000000009      -0.59999999999999998      -0.62073308111500591     
  0.20000000000000009      -0.59999999999999998      -0.32773334012104299     
  0.30000000000000016      -0.59999999999999998        8.5919242539620799E-002
  0.40000000000000013      -0.59999999999999998       0.47290956070512929     
  0.50000000000000011      -0.59999999999999998       0.67388142565955000     
  0.60000000000000009      -0.59999999999999998       0.62478923882646087     
  0.70000000000000007      -0.59999999999999998       0.33059300572278461     
  0.80000000000000004      -0.59999999999999998       -8.1408923185641052E-002
  0.90000000000000002      -0.59999999999999998      -0.46888337691439558     
   1.0000000000000000      -0.59999999999999998      -0.65872791025939681     
  -1.0000000000000000      -0.49999999999999994      -0.95010087819737077     
 -0.90000000000000002      -0.49999999999999994      -0.85649878118998979     
 -0.80000000000000004      -0.49999999999999994      -0.44741975812966289     
 -0.69999999999999996      -0.49999999999999994       0.12295026685298850     
 -0.59999999999999998      -0.49999999999999994       0.67393207084523576     
 -0.49999999999999994      -0.49999999999999994       0.96324477877871806     
 -0.39999999999999991      -0.49999999999999994       0.89051241675828763     
 -0.29999999999999993      -0.49999999999999994       0.47243108179859294     
 -0.19999999999999993      -0.49999999999999994      -0.11936193806287237     
  -9.9999999999999978E-002 -0.49999999999999994      -0.67113816506605672     
   2.7755575615628914E-017 -0.49999999999999994      -0.95955368093770188     
  0.10000000000000009      -0.49999999999999994      -0.88713344733955024     
  0.20000000000000009      -0.49999999999999994      -0.46830614567474194     
  0.30000000000000016      -0.49999999999999994       0.12292409679947544     
  0.40000000000000013      -0.49999999999999994       0.67599882230986008     
  0.50000000000000011      -0.49999999999999994       0.96317238754129908     
  0.60000000000000009      -0.49999999999999994       0.89293002516807918     
  0.70000000000000007      -0.49999999999999994       0.47239294666891674     
  0.80000000000000004      -0.49999999999999994      -0.11647810455133546     
  0.90000000000000002      -0.49999999999999994      -0.67024521769576029     
   1.0000000000000000      -0.49999999999999994      -0.94151470332126563     
  -1.0000000000000000      -0.39999999999999991      -0.87836064501255018     
 -0.90000000000000002      -0.39999999999999991      -0.79177575325001115     
 -0.80000000000000004      -0.39999999999999991      -0.41355436622756392     
 -0.69999999999999996      -0.39999999999999991       0.11375143350759197     
 -0.59999999999999998      -0.39999999999999991       0.62309734384620641     
 -0.49999999999999994      -0.39999999999999991       0.89051241675828585     
 -0.39999999999999991      -0.39999999999999991       0.82321889626683664     
 -0.29999999999999993      -0.39999999999999991       0.43667342270407139     
 -0.19999999999999993      -0.39999999999999991      -0.11043509963060114     
  -9.9999999999999978E-002 -0.39999999999999991      -0.62051492617556780     
   2.7755575615628914E-017 -0.39999999999999991      -0.88710032349566503     
  0.10000000000000009      -0.39999999999999991      -0.82009524148336799     
  0.20000000000000009      -0.39999999999999991      -0.43286033321742251     
  0.30000000000000016      -0.39999999999999991       0.11372784386382316     
  0.40000000000000013      -0.39999999999999991       0.62500793552720435     
  0.50000000000000011      -0.39999999999999991       0.89044548838161663     
  0.60000000000000009      -0.39999999999999991       0.82545353041121905     
  0.70000000000000007      -0.39999999999999991       0.43663820042742063     
  0.80000000000000004      -0.39999999999999991      -0.10776897389850582     
  0.90000000000000002      -0.39999999999999991      -0.61968946846221074     
   1.0000000000000000      -0.39999999999999991      -0.87042390025120420     
  -1.0000000000000000      -0.29999999999999993      -0.46598400847471921     
 -0.90000000000000002      -0.29999999999999993      -0.41999471606397448     
 -0.80000000000000004      -0.29999999999999993      -0.21930870798285196     
 -0.69999999999999996      -0.29999999999999993        6.0438789648949644E-002
 -0.59999999999999998      -0.29999999999999993       0.33061971980380583     
 -0.49999999999999994      -0.29999999999999993       0.47243108179859267     
 -0.39999999999999991      -0.29999999999999993       0.43667342270407278     
 -0.29999999999999993      -0.29999999999999993       0.23156971049805866     
 -0.19999999999999993      -0.29999999999999993       -5.8680556269720151E-002
  -9.9999999999999978E-002 -0.29999999999999993      -0.32925027609732038     
   2.7755575615628914E-017 -0.29999999999999993      -0.47062123463767308     
  0.10000000000000009      -0.29999999999999993      -0.43501646502322111     
  0.20000000000000009      -0.29999999999999993      -0.22954721931769309     
  0.30000000000000016      -0.29999999999999993        6.0426928977159095E-002
  0.40000000000000013      -0.29999999999999993       0.33163320651223493     
  0.50000000000000011      -0.29999999999999993       0.47239557173393798     
  0.60000000000000009      -0.29999999999999993       0.43785847054270893     
  0.70000000000000007      -0.29999999999999993       0.23155106062509900     
  0.80000000000000004      -0.29999999999999993       -5.7266086570711944E-002
  0.90000000000000002      -0.29999999999999993      -0.32881242823968948     
   1.0000000000000000      -0.29999999999999993      -0.46177463767905136     
  -1.0000000000000000      -0.19999999999999993       0.11773373677444725     
 -0.90000000000000002      -0.19999999999999993       0.10621667922372337     
 -0.80000000000000004      -0.19999999999999993        5.5575210769243967E-002
 -0.69999999999999996      -0.19999999999999993       -1.5098061062600015E-002
 -0.59999999999999998      -0.19999999999999993       -8.3426547726664441E-002
 -0.49999999999999994      -0.19999999999999993      -0.11936193806287661     
 -0.39999999999999991      -0.19999999999999993      -0.11043509963061096     
 -0.29999999999999993      -0.19999999999999993       -5.8680556269721997E-002
 -0.19999999999999993      -0.19999999999999993        1.4651708645697313E-002
  -9.9999999999999978E-002 -0.19999999999999993        8.3079482919688044E-002
   2.7755575615628914E-017 -0.19999999999999993       0.11890406655197649     
  0.10000000000000009      -0.19999999999999993       0.11001610334046442     
  0.20000000000000009      -0.19999999999999993        5.8168788960101400E-002
  0.30000000000000016      -0.19999999999999993       -1.5093838833308941E-002
  0.40000000000000013      -0.19999999999999993       -8.3682821207793634E-002
  0.50000000000000011      -0.19999999999999993      -0.11935297282398781     
  0.60000000000000009      -0.19999999999999993      -0.11073537203339025     
  0.70000000000000007      -0.19999999999999993       -5.8675776634221508E-002
  0.80000000000000004      -0.19999999999999993        1.4294424940375835E-002
  0.90000000000000002      -0.19999999999999993        8.2968726187160460E-002
   1.0000000000000000      -0.19999999999999993       0.11666797217816718     
  -1.0000000000000000       -9.9999999999999978E-002  0.66198052354943060     
 -0.90000000000000002       -9.9999999999999978E-002  0.59681382336224120     
 -0.80000000000000004       -9.9999999999999978E-002  0.31181999628406437     
 -0.69999999999999996       -9.9999999999999978E-002  -8.5580686304022144E-002
 -0.59999999999999998       -9.9999999999999978E-002 -0.46950818998833171     
 -0.49999999999999994       -9.9999999999999978E-002 -0.67113816506605672     
 -0.39999999999999991       -9.9999999999999978E-002 -0.62051492617556903     
 -0.29999999999999993       -9.9999999999999978E-002 -0.32925027609731905     
 -0.19999999999999993       -9.9999999999999978E-002   8.3079482919687336E-002
  -9.9999999999999978E-002  -9.9999999999999978E-002  0.46756101867653743     
   2.7755575615628914E-017  -9.9999999999999978E-002  0.66856610535034855     
  0.10000000000000009       -9.9999999999999978E-002  0.61816046245620249     
  0.20000000000000009       -9.9999999999999978E-002  0.32637585704916783     
  0.30000000000000016       -9.9999999999999978E-002  -8.5561850050861796E-002
  0.40000000000000013       -9.9999999999999978E-002 -0.47094829726026932     
  0.50000000000000011       -9.9999999999999978E-002 -0.67108772988607102     
  0.60000000000000009       -9.9999999999999978E-002 -0.62219981309542416     
  0.70000000000000007       -9.9999999999999978E-002 -0.32922367229740407     
  0.80000000000000004       -9.9999999999999978E-002   8.1070223415257645E-002
  0.90000000000000002       -9.9999999999999978E-002  0.46693879496178764     
   1.0000000000000000       -9.9999999999999978E-002  0.65599702521646508     
  -1.0000000000000000        2.7755575615628914E-017  0.94646014890053998     
 -0.90000000000000002        2.7755575615628914E-017  0.85321701375092673     
 -0.80000000000000004        2.7755575615628914E-017  0.44570573191488511     
 -0.69999999999999996        2.7755575615628914E-017 -0.12247865094240387     
 -0.59999999999999998        2.7755575615628914E-017 -0.67134930802408699     
 -0.49999999999999994        2.7755575615628914E-017 -0.95955368093770799     
 -0.39999999999999991        2.7755575615628914E-017 -0.88710032349566970     
 -0.29999999999999993        2.7755575615628914E-017 -0.47062123463767419     
 -0.19999999999999993        2.7755575615628914E-017  0.11890406655196768     
  -9.9999999999999978E-002   2.7755575615628914E-017  0.66856610535035077     
   2.7755575615628914E-017   2.7755575615628914E-017  0.95587672552161096     
  0.10000000000000009        2.7755575615628914E-017  0.88373430105786777     
  0.20000000000000009        2.7755575615628914E-017  0.46651210288648087     
  0.30000000000000016        2.7755575615628914E-017 -0.12245257781096140     
  0.40000000000000013        2.7755575615628914E-017 -0.67340814038077090     
  0.50000000000000011        2.7755575615628914E-017 -0.95948156711313026     
  0.60000000000000009        2.7755575615628914E-017 -0.88950867014095270     
  0.70000000000000007        2.7755575615628914E-017 -0.47058324544890107     
  0.80000000000000004        2.7755575615628914E-017  0.11603128396966454     
  0.90000000000000002        2.7755575615628914E-017  0.66767657933241886     
   1.0000000000000000        2.7755575615628914E-017  0.93790686951955915     
  -1.0000000000000000       0.10000000000000009       0.87502778425696326     
 -0.90000000000000002       0.10000000000000009       0.78877140772701715     
 -0.80000000000000004       0.10000000000000009       0.41198513350852306     
 -0.69999999999999996       0.10000000000000009      -0.11331985324230480     
 -0.59999999999999998       0.10000000000000009      -0.62073308111500625     
 -0.49999999999999994       0.10000000000000009      -0.88713344733954769     
 -0.39999999999999991       0.10000000000000009      -0.82009524148337054     
 -0.29999999999999993       0.10000000000000009      -0.43501646502322000     
 -0.19999999999999993       0.10000000000000009       0.11001610334046320     
  -9.9999999999999978E-002  0.10000000000000009       0.61816046245620260     
   2.7755575615628914E-017  0.10000000000000009       0.88373430105786566     
  0.10000000000000009       0.10000000000000009       0.81698343925561578     
  0.20000000000000009       0.10000000000000009       0.43121784412747066     
  0.30000000000000016       0.10000000000000009      -0.11329635333757236     
  0.40000000000000013       0.10000000000000009      -0.62263642320694790     
  0.50000000000000011       0.10000000000000009      -0.88706677292026670     
  0.60000000000000009       0.10000000000000009      -0.82232139634665546     
  0.70000000000000007       0.10000000000000009      -0.43498137641326334     
  0.80000000000000004       0.10000000000000009       0.10736009396137178     
  0.90000000000000002       0.10000000000000009       0.61733813690114114     
   1.0000000000000000       0.10000000000000009       0.86712115526149414     
  -1.0000000000000000       0.20000000000000009       0.46191536134981365     
 -0.90000000000000002       0.20000000000000009       0.41632726843391876     
 -0.80000000000000004       0.20000000000000009       0.21739329680089467     
 -0.69999999999999996       0.20000000000000009       -5.9911663468198928E-002
 -0.59999999999999998       0.20000000000000009      -0.32773334012102101     
 -0.49999999999999994       0.20000000000000009      -0.46830614567474210     
 -0.39999999999999991       0.20000000000000009      -0.43286033321741918     
 -0.29999999999999993       0.20000000000000009      -0.22954721931769562     
 -0.19999999999999993       0.20000000000000009        5.8168788960091658E-002
  -9.9999999999999978E-002  0.20000000000000009       0.32637585704916777     
   2.7755575615628914E-017  0.20000000000000009       0.46651210288647149     
  0.10000000000000009       0.20000000000000009       0.43121784412747127     
  0.20000000000000009       0.20000000000000009       0.22754238973797983     
  0.30000000000000016       0.20000000000000009       -5.9899910519209322E-002
  0.40000000000000013       0.20000000000000009      -0.32873797705318869     
  0.50000000000000011       0.20000000000000009      -0.46827094563552635     
  0.60000000000000009       0.20000000000000009      -0.43403503111425373     
  0.70000000000000007       0.20000000000000009      -0.22952873251060768     
  0.80000000000000004       0.20000000000000009        5.6766669115947355E-002
  0.90000000000000002       0.20000000000000009       0.32594183261900012     
   1.0000000000000000       0.20000000000000009       0.45774275143581244     
  -1.0000000000000000       0.30000000000000016      -0.12124728546049171     
 -0.90000000000000002       0.30000000000000016      -0.10938365667125000     
 -0.80000000000000004       0.30000000000000016       -5.7229120707134463E-002
 -0.69999999999999996       0.30000000000000016        1.5553452391971511E-002
 -0.59999999999999998       0.30000000000000016        8.5919242539621354E-002
 -0.49999999999999994       0.30000000000000016       0.12292409679947673     
 -0.39999999999999991       0.30000000000000016       0.11372784386382602     
 -0.29999999999999993       0.30000000000000016        6.0426928977158526E-002
 -0.19999999999999993       0.30000000000000016       -1.5093838833307159E-002
  -9.9999999999999978E-002  0.30000000000000016       -8.5561850050862184E-002
   2.7755575615628914E-017  0.30000000000000016      -0.12245257781096239     
  0.10000000000000009       0.30000000000000016      -0.11329635333757185     
  0.20000000000000009       0.30000000000000016       -5.9899910519210918E-002
  0.30000000000000016       0.30000000000000016        1.5549138456143087E-002
  0.40000000000000013       0.30000000000000016        8.6183158160583417E-002
  0.50000000000000011       0.30000000000000016       0.12291486382391442     
  0.60000000000000009       0.30000000000000016       0.11403705320350338     
  0.70000000000000007       0.30000000000000016        6.0422008593893690E-002
  0.80000000000000004       0.30000000000000016       -1.4725890106368694E-002
  0.90000000000000002       0.30000000000000016       -8.5447791671893814E-002
   1.0000000000000000       0.30000000000000016      -0.12014977776892224     
  -1.0000000000000000       0.40000000000000013      -0.66677485097672073     
 -0.90000000000000002       0.40000000000000013      -0.60113522175973955     
 -0.80000000000000004       0.40000000000000013      -0.31407676064192697     
 -0.69999999999999996       0.40000000000000013        8.6202119290252177E-002
 -0.59999999999999998       0.40000000000000013       0.47290956070515078     
 -0.49999999999999994       0.40000000000000013       0.67599882230986230     
 -0.39999999999999991       0.40000000000000013       0.62500793552721823     
 -0.29999999999999993       0.40000000000000013       0.33163320651223471     
 -0.19999999999999993       0.40000000000000013       -8.3682821207781241E-002
  -9.9999999999999978E-002  0.40000000000000013      -0.47094829726026932     
   2.7755575615628914E-017  0.40000000000000013      -0.67340814038078478     
  0.10000000000000009       0.40000000000000013      -0.62263642320694745     
  0.20000000000000009       0.40000000000000013      -0.32873797705320851     
  0.30000000000000016       0.40000000000000013        8.6183158160583237E-002
  0.40000000000000013       0.40000000000000013       0.47436009583837430     
  0.50000000000000011       0.40000000000000013       0.67594802179729607     
  0.60000000000000009       0.40000000000000013       0.62670501694533298     
  0.70000000000000007       0.40000000000000013       0.33160641067558205     
  0.80000000000000004       0.40000000000000013       -8.1659008986680062E-002
  0.90000000000000002       0.40000000000000013      -0.47032156839603112     
   1.0000000000000000       0.40000000000000013      -0.66074803888675149     
  -1.0000000000000000       0.50000000000000011      -0.95002947475122979     
 -0.90000000000000002       0.50000000000000011      -0.85643440919832781     
 -0.80000000000000004       0.50000000000000011      -0.44738612798673083     
 -0.69999999999999996       0.50000000000000011       0.12294103187937086     
 -0.59999999999999998       0.50000000000000011       0.67388142565955034     
 -0.49999999999999994       0.50000000000000011       0.96317238754129797     
 -0.39999999999999991       0.50000000000000011       0.89044548838161941     
 -0.29999999999999993       0.50000000000000011       0.47239557173393726     
 -0.19999999999999993       0.50000000000000011      -0.11935297282398873     
  -9.9999999999999978E-002  0.50000000000000011      -0.67108772988607068     
   2.7755575615628914E-017  0.50000000000000011      -0.95948156711312926     
  0.10000000000000009       0.50000000000000011      -0.88706677292026725     
  0.20000000000000009       0.50000000000000011      -0.46827094563552563     
  0.30000000000000016       0.50000000000000011       0.12291486382391451     
  0.40000000000000013       0.50000000000000011       0.67594802179729851     
  0.50000000000000011       0.50000000000000011       0.96310000174471244     
  0.60000000000000009       0.50000000000000011       0.89286291507760995     
  0.70000000000000007       0.50000000000000011       0.47235743947266418     
  0.80000000000000004       0.50000000000000011      -0.11646935603991988     
  0.90000000000000002       0.50000000000000011      -0.67019484962820841     
   1.0000000000000000       0.50000000000000011      -0.94144394522244201     
  -1.0000000000000000       0.60000000000000009      -0.88074526139175735     
 -0.90000000000000002       0.60000000000000009      -0.79392503572562878     
 -0.80000000000000004       0.60000000000000009      -0.41467666913602946     
 -0.69999999999999996       0.60000000000000009       0.11406070370849428     
 -0.59999999999999998       0.60000000000000009       0.62478923882646742     
 -0.49999999999999994       0.60000000000000009       0.89293002516808084     
 -0.39999999999999991       0.60000000000000009       0.82545353041121905     
 -0.29999999999999993       0.60000000000000009       0.43785847054270921     
 -0.19999999999999993       0.60000000000000009      -0.11073537203339393     
  -9.9999999999999978E-002  0.60000000000000009      -0.62219981309542316     
   2.7755575615628914E-017  0.60000000000000009      -0.88950867014095281     
  0.10000000000000009       0.60000000000000009      -0.82232139634665502     
  0.20000000000000009       0.60000000000000009      -0.43403503111425085     
  0.30000000000000016       0.60000000000000009       0.11403705320350169     
  0.40000000000000013       0.60000000000000009       0.62670501694532710     
  0.50000000000000011       0.60000000000000009       0.89286291507760807     
  0.60000000000000009       0.60000000000000009       0.82769422900991185     
  0.70000000000000007       0.60000000000000009       0.43782315282322692     
  0.80000000000000004       0.60000000000000009      -0.10806200793304001     
  0.90000000000000002       0.60000000000000009      -0.62137211473745779     
   1.0000000000000000       0.60000000000000009      -0.87278697544483685     
  -1.0000000000000000       0.70000000000000007      -0.46594639392832010     
 -0.90000000000000002       0.70000000000000007      -0.41996083901479719     
 -0.80000000000000004       0.70000000000000007      -0.21929104597762791     
 -0.69999999999999996       0.70000000000000007        6.0433868613586655E-002
 -0.59999999999999998       0.70000000000000007       0.33059300572278583     
 -0.49999999999999994       0.70000000000000007       0.47239294666891446     
 -0.39999999999999991       0.70000000000000007       0.43663820042742141     
 -0.29999999999999993       0.70000000000000007       0.23155106062509823     
 -0.19999999999999993       0.70000000000000007       -5.8675776634224248E-002
  -9.9999999999999978E-002  0.70000000000000007      -0.32922367229740412     
   2.7755575615628914E-017  0.70000000000000007      -0.47058324544890084     
  0.10000000000000009       0.70000000000000007      -0.43498137641326240     
  0.20000000000000009       0.70000000000000007      -0.22952873251060421     
  0.30000000000000016       0.70000000000000007        6.0422008593893357E-002
  0.40000000000000013       0.70000000000000007       0.33160641067558361     
  0.50000000000000011       0.70000000000000007       0.47235743947266307     
  0.60000000000000009       0.70000000000000007       0.43782315282322548     
  0.70000000000000007       0.70000000000000007       0.23153241224116738     
  0.80000000000000004       0.70000000000000007       -5.7261421134538221E-002
  0.90000000000000002       0.70000000000000007      -0.32878585975093350     
   1.0000000000000000       0.70000000000000007      -0.46173736236332941     
  -1.0000000000000000       0.80000000000000004       0.11488925416730045     
 -0.90000000000000002       0.80000000000000004       0.10365238784742868     
 -0.80000000000000004       0.80000000000000004        5.4235624891794551E-002
 -0.69999999999999996       0.80000000000000004       -1.4730033486092295E-002
 -0.59999999999999998       0.80000000000000004       -8.1408923185671903E-002
 -0.49999999999999994       0.80000000000000004      -0.11647810455134175     
 -0.39999999999999991       0.80000000000000004      -0.10776897389853210     
 -0.29999999999999993       0.80000000000000004       -5.7266086570712700E-002
 -0.19999999999999993       0.80000000000000004        1.4294424940369590E-002
  -9.9999999999999978E-002  0.80000000000000004        8.1070223415258019E-002
   2.7755575615628914E-017  0.80000000000000004       0.11603128396968809     
  0.10000000000000009       0.80000000000000004       0.10736009396137552     
  0.20000000000000009       0.80000000000000004        5.6766669115972591E-002
  0.30000000000000016       0.80000000000000004       -1.4725890106368815E-002
  0.40000000000000013       0.80000000000000004       -8.1659008986691664E-002
  0.50000000000000011       0.80000000000000004      -0.11646935603992301     
  0.60000000000000009       0.80000000000000004      -0.10806200793305876     
  0.70000000000000007       0.80000000000000004       -5.7261421134537728E-002
  0.80000000000000004       0.80000000000000004        1.3945775032297825E-002
  0.90000000000000002       0.80000000000000004        8.0962140108493674E-002
   1.0000000000000000       0.80000000000000004       0.11384919641212785     
  -1.0000000000000000       0.90000000000000002       0.66109976125553072     
 -0.90000000000000002       0.90000000000000002       0.59601989426704161     
 -0.80000000000000004       0.90000000000000002       0.31140532984951985     
 -0.69999999999999996       0.90000000000000002       -8.5466604412289204E-002
 -0.59999999999999998       0.90000000000000002      -0.46888337691439591     
 -0.49999999999999994       0.90000000000000002      -0.67024521769576006     
 -0.39999999999999991       0.90000000000000002      -0.61968946846221573     
 -0.29999999999999993       0.90000000000000002      -0.32881242823968820     
 -0.19999999999999993       0.90000000000000002        8.2968726187156089E-002
  -9.9999999999999978E-002  0.90000000000000002       0.46693879496178647     
   2.7755575615628914E-017  0.90000000000000002       0.66767657933241742     
  0.10000000000000009       0.90000000000000002       0.61733813690114103     
  0.20000000000000009       0.90000000000000002       0.32594183261900278     
  0.30000000000000016       0.90000000000000002       -8.5447791671892731E-002
  0.40000000000000013       0.90000000000000002      -0.47032156839603045     
  0.50000000000000011       0.90000000000000002      -0.67019484962820719     
  0.60000000000000009       0.90000000000000002      -0.62137211473746123     
  0.70000000000000007       0.90000000000000002      -0.32878585975093366     
  0.80000000000000004       0.90000000000000002        8.0962140108488789E-002
  0.90000000000000002       0.90000000000000002       0.46631739894704616     
   1.0000000000000000       0.90000000000000002       0.65512422111454593     
  -1.0000000000000000        1.0000000000000000       0.92866732411698982     
 -0.90000000000000002        1.0000000000000000       0.83717755457274612     
 -0.80000000000000004        1.0000000000000000       0.43732749643321506     
 -0.69999999999999996        1.0000000000000000      -0.12017536624284815     
 -0.59999999999999998        1.0000000000000000      -0.65872791025940414     
 -0.49999999999999994        1.0000000000000000      -0.94151470332126708     
 -0.39999999999999991        1.0000000000000000      -0.87042390025120675     
 -0.29999999999999993        1.0000000000000000      -0.46177463767905091     
 -0.19999999999999993        1.0000000000000000       0.11666797217815651     
  -9.9999999999999978E-002   1.0000000000000000       0.65599702521646264     
   2.7755575615628914E-017   1.0000000000000000       0.93790686951955871     
  0.10000000000000009        1.0000000000000000       0.86712115526149203     
  0.20000000000000009        1.0000000000000000       0.45774275143581855     
  0.30000000000000016        1.0000000000000000      -0.12014977776892088     
  0.40000000000000013        1.0000000000000000      -0.66074803888673561     
  0.50000000000000011        1.0000000000000000      -0.94144394522243535     
  0.60000000000000009        1.0000000000000000      -0.87278697544482831     
  0.70000000000000007        1.0000000000000000      -0.46173736236332791     
  0.80000000000000004        1.0000000000000000       0.11384919641209884     
  0.90000000000000002        1.0000000000000000       0.65512422111454260     
   1.0000000000000000        1.0000000000000000       0.92027483073575833     
