  -1.0000000000000000       -1.0000000000000000       0.64258013610562548     
 -0.90000000000000002       -1.0000000000000000       0.77132480753757804     
 -0.80000000000000004       -1.0000000000000000       0.61408245848937504     
 -0.69999999999999996       -1.0000000000000000       0.22910701955972312     
 -0.59999999999999998       -1.0000000000000000      -0.24753192121404372     
 -0.49999999999999994       -1.0000000000000000      -0.62934836712614839     
 -0.39999999999999991       -1.0000000000000000      -0.77180521112353884     
 -0.29999999999999993       -1.0000000000000000      -0.61831456353744862     
 -0.19999999999999993       -1.0000000000000000      -0.23069285915007542     
  -9.9999999999999978E-002  -1.0000000000000000       0.25588684419393731     
   2.7755575615628914E-017  -1.0000000000000000       0.65053197638822768     
  0.10000000000000009       -1.0000000000000000       0.79916456558522764     
  0.20000000000000009       -1.0000000000000000       0.63856201088540354     
  0.30000000000000016       -1.0000000000000000       0.23755901691031026     
  0.40000000000000013       -1.0000000000000000      -0.25920350953186244     
  0.50000000000000011       -1.0000000000000000      -0.65234684251349051     
  0.60000000000000009       -1.0000000000000000      -0.80261322558601100     
  0.70000000000000007       -1.0000000000000000      -0.64079365395913668     
  0.80000000000000004       -1.0000000000000000      -0.24143945960078245     
  0.90000000000000002       -1.0000000000000000       0.25554307988993979     
   1.0000000000000000       -1.0000000000000000       0.63817774069604616     
  -1.0000000000000000      -0.90000000000000002       0.77132480753757204     
 -0.90000000000000002      -0.90000000000000002       0.92565334436035174     
 -0.80000000000000004      -0.90000000000000002       0.73677571636002614     
 -0.69999999999999996      -0.90000000000000002       0.27466655771157822     
 -0.59999999999999998      -0.90000000000000002      -0.29733793259695235     
 -0.49999999999999994      -0.90000000000000002      -0.75544307217979401     
 -0.39999999999999991      -0.90000000000000002      -0.92622791689012285     
 -0.29999999999999993      -0.90000000000000002      -0.74185533978192653     
 -0.19999999999999993      -0.90000000000000002      -0.27656959588385965     
  -9.9999999999999978E-002 -0.90000000000000002       0.30737661860327026     
   2.7755575615628914E-017 -0.90000000000000002       0.78087271397838354     
  0.10000000000000009      -0.90000000000000002       0.95906320508166498     
  0.20000000000000009      -0.90000000000000002       0.76614889694467314     
  0.30000000000000016      -0.90000000000000002       0.28479958702146435     
  0.40000000000000013      -0.90000000000000002      -0.31135490110420305     
  0.50000000000000011      -0.90000000000000002      -0.78304971823807679     
  0.60000000000000009      -0.90000000000000002      -0.96320117515622816     
  0.70000000000000007      -0.90000000000000002      -0.76882535782782635     
  0.80000000000000004      -0.90000000000000002      -0.28945606000355323     
  0.90000000000000002      -0.90000000000000002       0.30696358024068704     
   1.0000000000000000      -0.90000000000000002       0.76604323646244443     
  -1.0000000000000000      -0.80000000000000004       0.61408245848935039     
 -0.90000000000000002      -0.80000000000000004       0.73677571636002792     
 -0.80000000000000004      -0.80000000000000004       0.58629481969040775     
 -0.69999999999999996      -0.80000000000000004       0.21838991874696906     
 -0.59999999999999998      -0.80000000000000004      -0.23689699483282983     
 -0.49999999999999994      -0.80000000000000004      -0.60143927840118439     
 -0.39999999999999991      -0.80000000000000004      -0.73723143949247139     
 -0.29999999999999993      -0.80000000000000004      -0.59033857379239818     
 -0.19999999999999993      -0.80000000000000004      -0.21990456344842557     
  -9.9999999999999978E-002 -0.80000000000000004       0.24489727706570699     
   2.7755575615628914E-017 -0.80000000000000004       0.62168629272888321     
  0.10000000000000009      -0.80000000000000004       0.76336824649812318     
  0.20000000000000009      -0.80000000000000004       0.60967091850408406     
  0.30000000000000016      -0.80000000000000004       0.22644702585775570     
  0.40000000000000013      -0.80000000000000004      -0.24806215897373399     
  0.50000000000000011      -0.80000000000000004      -0.62341827186160759     
  0.60000000000000009      -0.80000000000000004      -0.76666129012563133     
  0.70000000000000007      -0.80000000000000004      -0.61179985568810535     
  0.80000000000000004      -0.80000000000000004      -0.23015304348770749     
  0.90000000000000002      -0.80000000000000004       0.24456811188362659     
   1.0000000000000000      -0.80000000000000004       0.60987995492509828     
  -1.0000000000000000      -0.69999999999999996       0.22910701955972426     
 -0.90000000000000002      -0.69999999999999996       0.27466655771157844     
 -0.80000000000000004      -0.69999999999999996       0.21838991874696903     
 -0.69999999999999996      -0.69999999999999996        8.1127192948166588E-002
 -0.59999999999999998      -0.69999999999999996       -8.8600087451476503E-002
 -0.49999999999999994      -0.69999999999999996      -0.22439111779047310     
 -0.39999999999999991      -0.69999999999999996      -0.27483445052196442     
 -0.29999999999999993      -0.69999999999999996      -0.21989817813343265     
 -0.19999999999999993      -0.69999999999999996       -8.1691742973386994E-002
  -9.9999999999999978E-002 -0.69999999999999996        9.1594938157796346E-002
   2.7755575615628914E-017 -0.69999999999999996       0.23194685844224788     
  0.10000000000000009      -0.69999999999999996       0.28457998210638852     
  0.20000000000000009      -0.69999999999999996       0.22710001540999578     
  0.30000000000000016      -0.69999999999999996        8.4120536963179518E-002
  0.40000000000000013      -0.69999999999999996       -9.2772753930029830E-002
  0.50000000000000011      -0.69999999999999996      -0.23259152366464114     
  0.60000000000000009      -0.69999999999999996      -0.28580689015590427     
  0.70000000000000007      -0.69999999999999996      -0.22789193747221198     
  0.80000000000000004      -0.69999999999999996       -8.5501735840445223E-002
  0.90000000000000002      -0.69999999999999996        9.1471722107033512E-002
   1.0000000000000000      -0.69999999999999996       0.22754205244482117     
  -1.0000000000000000      -0.59999999999999998      -0.24753192121402814     
 -0.90000000000000002      -0.59999999999999998      -0.29733793259694674     
 -0.80000000000000004      -0.59999999999999998      -0.23689699483280643     
 -0.69999999999999996      -0.59999999999999998       -8.8600087451474852E-002
 -0.59999999999999998      -0.59999999999999998        9.5140945878460642E-002
 -0.49999999999999994      -0.59999999999999998       0.24243373773771978     
 -0.39999999999999991      -0.59999999999999998       0.29752508090910224     
 -0.29999999999999993      -0.59999999999999998       0.23852767770834221     
 -0.19999999999999993      -0.59999999999999998        8.9211512975949425E-002
  -9.9999999999999978E-002 -0.59999999999999998       -9.8349556172053210E-002
   2.7755575615628914E-017 -0.59999999999999998      -0.25059221670496862     
  0.10000000000000009      -0.59999999999999998      -0.30807002253053334     
  0.20000000000000009      -0.59999999999999998      -0.24633792899415005     
  0.30000000000000016      -0.59999999999999998       -9.1868343337154462E-002
  0.40000000000000013      -0.59999999999999998        9.9630092788805996E-002
  0.50000000000000011      -0.59999999999999998       0.25129281709576468     
  0.60000000000000009      -0.59999999999999998       0.30940015459283793     
  0.70000000000000007      -0.59999999999999998       0.24719990502695924     
  0.80000000000000004      -0.59999999999999998        9.3364594132046924E-002
  0.90000000000000002      -0.59999999999999998       -9.8217532921539299E-002
   1.0000000000000000      -0.59999999999999998      -0.24583317061198184     
  -1.0000000000000000      -0.49999999999999994      -0.62934836712614473     
 -0.90000000000000002      -0.49999999999999994      -0.75544307217979700     
 -0.80000000000000004      -0.49999999999999994      -0.60143927840118094     
 -0.69999999999999996      -0.49999999999999994      -0.22439111779047502     
 -0.59999999999999998      -0.49999999999999994       0.24243373773771856     
 -0.49999999999999994      -0.49999999999999994       0.61638905608211525     
 -0.39999999999999991      -0.49999999999999994       0.75591359429477922     
 -0.29999999999999993      -0.49999999999999994       0.60558423967164166     
 -0.19999999999999993      -0.49999999999999994       0.22594430515260094     
  -9.9999999999999978E-002 -0.49999999999999994      -0.25061656833019164     
   2.7755575615628914E-017 -0.49999999999999994      -0.63713645119758544     
  0.10000000000000009      -0.49999999999999994      -0.78270960467678730     
  0.20000000000000009      -0.49999999999999994      -0.62541481416947320     
  0.30000000000000016      -0.49999999999999994      -0.23266913907161643     
  0.40000000000000013      -0.49999999999999994       0.25386495321436592     
  0.50000000000000011      -0.49999999999999994       0.63891395398133655     
  0.60000000000000009      -0.49999999999999994       0.78608725973789506     
  0.70000000000000007      -0.49999999999999994       0.62760051605454115     
  0.80000000000000004      -0.49999999999999994       0.23646968463222726     
  0.90000000000000002      -0.49999999999999994      -0.25027988478023194     
   1.0000000000000000      -0.49999999999999994      -0.62503660928502436     
  -1.0000000000000000      -0.39999999999999991      -0.77180521112350409     
 -0.90000000000000002      -0.39999999999999991      -0.92622791689011175     
 -0.80000000000000004      -0.39999999999999991      -0.73723143949245018     
 -0.69999999999999996      -0.39999999999999991      -0.27483445052196381     
 -0.59999999999999998      -0.39999999999999991       0.29752508090910923     
 -0.49999999999999994      -0.39999999999999991       0.75591359429477645     
 -0.39999999999999991      -0.39999999999999991       0.92680282800729108     
 -0.29999999999999993      -0.39999999999999991       0.74231422287106930     
 -0.19999999999999993      -0.39999999999999991       0.27673866902482558     
  -9.9999999999999978E-002 -0.39999999999999991      -0.30757011003980372     
   2.7755575615628914E-017 -0.39999999999999991      -0.78135909082340160     
  0.10000000000000009      -0.39999999999999991      -0.95965851448603667     
  0.20000000000000009      -0.39999999999999991      -0.76662281282909239     
  0.30000000000000016      -0.39999999999999991      -0.28497367646704042     
  0.40000000000000013      -0.39999999999999991       0.31155084352954776     
  0.50000000000000011      -0.39999999999999991       0.78353743728154313     
  0.60000000000000009      -0.39999999999999991       0.96379904654977500     
  0.70000000000000007      -0.39999999999999991       0.76930091936275891     
  0.80000000000000004      -0.39999999999999991       0.28963303632018755     
  0.90000000000000002      -0.39999999999999991      -0.30715681073172280     
   1.0000000000000000      -0.39999999999999991      -0.76652037708728815     
  -1.0000000000000000      -0.29999999999999993      -0.61831456353744352     
 -0.90000000000000002      -0.29999999999999993      -0.74185533978192797     
 -0.80000000000000004      -0.29999999999999993      -0.59033857379239418     
 -0.69999999999999996      -0.29999999999999993      -0.21989817813343251     
 -0.59999999999999998      -0.29999999999999993       0.23852767770834363     
 -0.49999999999999994      -0.29999999999999993       0.60558423967164154     
 -0.39999999999999991      -0.29999999999999993       0.74231422287107363     
 -0.29999999999999993      -0.29999999999999993       0.59441020027062308     
 -0.19999999999999993      -0.29999999999999993       0.22142326635022633     
  -9.9999999999999978E-002 -0.29999999999999993      -0.24658300537795141     
   2.7755575615628914E-017 -0.29999999999999993      -0.62597077505733201     
  0.10000000000000009      -0.29999999999999993      -0.76863121069837659     
  0.20000000000000009      -0.29999999999999993      -0.61387587644128983     
  0.30000000000000016      -0.29999999999999993      -0.22801092706782500     
  0.40000000000000013      -0.29999999999999993       0.24976972568323644     
  0.50000000000000011      -0.29999999999999993       0.62771470425146292     
  0.60000000000000009      -0.29999999999999993       0.77194696440781563     
  0.70000000000000007      -0.29999999999999993       0.61601950699498720     
  0.80000000000000004      -0.29999999999999993       0.23174249897708141     
  0.90000000000000002      -0.29999999999999993      -0.24625157539729525     
   1.0000000000000000      -0.29999999999999993      -0.61408307087455449     
  -1.0000000000000000      -0.19999999999999993      -0.23069285915008209     
 -0.90000000000000002      -0.19999999999999993      -0.27656959588386071     
 -0.80000000000000004      -0.19999999999999993      -0.21990456344844062     
 -0.69999999999999996      -0.19999999999999993       -8.1691742973389755E-002
 -0.59999999999999998      -0.19999999999999993        8.9211512975928997E-002
 -0.49999999999999994      -0.19999999999999993       0.22594430515259895     
 -0.39999999999999991      -0.19999999999999993       0.27673866902482452     
 -0.29999999999999993      -0.19999999999999993       0.22142326635022522     
 -0.19999999999999993      -0.19999999999999993        8.2260205399485642E-002
  -9.9999999999999978E-002 -0.19999999999999993       -9.2227007800781774E-002
   2.7755575615628914E-017 -0.19999999999999993      -0.23355232984344318     
  0.10000000000000009      -0.19999999999999993      -0.28655170710670558     
  0.20000000000000009      -0.19999999999999993      -0.22867504602466526     
  0.30000000000000016      -0.19999999999999993       -8.4705914564063289E-002
  0.40000000000000013      -0.19999999999999993        9.3413001579774238E-002
  0.50000000000000011      -0.19999999999999993       0.23420147028362182     
  0.60000000000000009      -0.19999999999999993       0.28778712202618439     
  0.70000000000000007      -0.19999999999999993       0.22947246977003757     
  0.80000000000000004      -0.19999999999999993        8.6096686464080877E-002
  0.90000000000000002      -0.19999999999999993       -9.2102942388150796E-002
   1.0000000000000000      -0.19999999999999993      -0.22911703452529236     
  -1.0000000000000000       -9.9999999999999978E-002  0.25588684419393326     
 -0.90000000000000002       -9.9999999999999978E-002  0.30737661860326987     
 -0.80000000000000004       -9.9999999999999978E-002  0.24489727706570771     
 -0.69999999999999996       -9.9999999999999978E-002   9.1594938157795819E-002
 -0.59999999999999998       -9.9999999999999978E-002  -9.8349556172055666E-002
 -0.49999999999999994       -9.9999999999999978E-002 -0.25061656833019352     
 -0.39999999999999991       -9.9999999999999978E-002 -0.30757011003980878     
 -0.29999999999999993       -9.9999999999999978E-002 -0.24658300537794936     
 -0.19999999999999993       -9.9999999999999978E-002  -9.2227007800783231E-002
  -9.9999999999999978E-002  -9.9999999999999978E-002  0.10166634248302654     
   2.7755575615628914E-017  -9.9999999999999978E-002  0.25905039730959095     
  0.10000000000000009       -9.9999999999999978E-002  0.31847104581620261     
  0.20000000000000009       -9.9999999999999978E-002  0.25465700914968364     
  0.30000000000000016       -9.9999999999999978E-002   9.4973663595141061E-002
  0.40000000000000013       -9.9999999999999978E-002 -0.10299013751182506     
  0.50000000000000011       -9.9999999999999978E-002 -0.25977466371093721     
  0.60000000000000009       -9.9999999999999978E-002 -0.31984609454202539     
  0.70000000000000007       -9.9999999999999978E-002 -0.25554810851899773     
  0.80000000000000004       -9.9999999999999978E-002  -9.6520435381155956E-002
  0.90000000000000002       -9.9999999999999978E-002  0.10152986808962497     
   1.0000000000000000       -9.9999999999999978E-002  0.25413071953946348     
  -1.0000000000000000        2.7755575615628914E-017  0.65053197638818872     
 -0.90000000000000002        2.7755575615628914E-017  0.78087271397837865     
 -0.80000000000000004        2.7755575615628914E-017  0.62168629272885745     
 -0.69999999999999996        2.7755575615628914E-017  0.23194685844224483     
 -0.59999999999999998        2.7755575615628914E-017 -0.25059221670498738     
 -0.49999999999999994        2.7755575615628914E-017 -0.63713645119759221     
 -0.39999999999999991        2.7755575615628914E-017 -0.78135909082340382     
 -0.29999999999999993        2.7755575615628914E-017 -0.62597077505733201     
 -0.19999999999999993        2.7755575615628914E-017 -0.23355232984344854     
  -9.9999999999999978E-002   2.7755575615628914E-017  0.25905039730959134     
   2.7755575615628914E-017   2.7755575615628914E-017  0.65858218057166795     
  0.10000000000000009        2.7755575615628914E-017  0.80905709067731990     
  0.20000000000000009        2.7755575615628914E-017  0.64646892574400416     
  0.30000000000000016        2.7755575615628914E-017  0.24050361642950660     
  0.40000000000000013        2.7755575615628914E-017 -0.26240814533090462     
  0.50000000000000011        2.7755575615628914E-017 -0.66041952556218153     
  0.60000000000000009        2.7755575615628914E-017 -0.81254844980346963     
  0.70000000000000007        2.7755575615628914E-017 -0.64872821644307088     
  0.80000000000000004        2.7755575615628914E-017 -0.24443209864278256     
  0.90000000000000002        2.7755575615628914E-017  0.25870238440323678     
   1.0000000000000000        2.7755575615628914E-017  0.64607506290601890     
  -1.0000000000000000       0.10000000000000009       0.79916456558522375     
 -0.90000000000000002       0.10000000000000009       0.95906320508166620     
 -0.80000000000000004       0.10000000000000009       0.76336824649812129     
 -0.69999999999999996       0.10000000000000009       0.28457998210638985     
 -0.59999999999999998       0.10000000000000009      -0.30807002253053034     
 -0.49999999999999994       0.10000000000000009      -0.78270960467678441     
 -0.39999999999999991       0.10000000000000009      -0.95965851448603923     
 -0.29999999999999993       0.10000000000000009      -0.76863121069837537     
 -0.19999999999999993       0.10000000000000009      -0.28655170710670741     
  -9.9999999999999978E-002  0.10000000000000009       0.31847104581620322     
   2.7755575615628914E-017  0.10000000000000009       0.80905709067731779     
  0.10000000000000009       0.10000000000000009       0.99367893700752485     
  0.20000000000000009       0.10000000000000009       0.79380159846081910     
  0.30000000000000016       0.10000000000000009       0.29507873877128715     
  0.40000000000000013       0.10000000000000009      -0.32259291624324715     
  0.50000000000000011       0.10000000000000009      -0.81131266948854441     
  0.60000000000000009       0.10000000000000009      -0.99796625950005924     
  0.70000000000000007       0.10000000000000009      -0.79657466042003544     
  0.80000000000000004       0.10000000000000009      -0.29990327887310075     
  0.90000000000000002       0.10000000000000009       0.31804309923173479     
   1.0000000000000000       0.10000000000000009       0.79369236645363872     
  -1.0000000000000000       0.20000000000000009       0.63856201088537623     
 -0.90000000000000002       0.20000000000000009       0.76614889694467203     
 -0.80000000000000004       0.20000000000000009       0.60967091850408162     
 -0.69999999999999996       0.20000000000000009       0.22710001540999808     
 -0.59999999999999998       0.20000000000000009      -0.24633792899413001     
 -0.49999999999999994       0.20000000000000009      -0.62541481416947486     
 -0.39999999999999991       0.20000000000000009      -0.76662281282908706     
 -0.29999999999999993       0.20000000000000009      -0.61387587644129205     
 -0.19999999999999993       0.20000000000000009      -0.22867504602466848     
  -9.9999999999999978E-002  0.20000000000000009       0.25465700914968159     
   2.7755575615628914E-017  0.20000000000000009       0.64646892574399406     
  0.10000000000000009       0.20000000000000009       0.79380159846081777     
  0.20000000000000009       0.20000000000000009       0.63397901048990479     
  0.30000000000000016       0.20000000000000009       0.23547846235286030     
  0.40000000000000013       0.20000000000000009      -0.25794809091545634     
  0.50000000000000011       0.20000000000000009      -0.64826996632960454     
  0.60000000000000009       0.20000000000000009      -0.79722593532367336     
  0.70000000000000007       0.20000000000000009      -0.63619284355746752     
  0.80000000000000004       0.20000000000000009      -0.23933223325900826     
  0.90000000000000002       0.20000000000000009       0.25431472726768373     
   1.0000000000000000       0.20000000000000009       0.63419194451483407     
  -1.0000000000000000       0.30000000000000016       0.23755901691030842     
 -0.90000000000000002       0.30000000000000016       0.28479958702146518     
 -0.80000000000000004       0.30000000000000016       0.22644702585775564     
 -0.69999999999999996       0.30000000000000016        8.4120536963180115E-002
 -0.59999999999999998       0.30000000000000016       -9.1868343337153574E-002
 -0.49999999999999994       0.30000000000000016      -0.23266913907161441     
 -0.39999999999999991       0.30000000000000016      -0.28497367646703781     
 -0.29999999999999993       0.30000000000000016      -0.22801092706782605     
 -0.19999999999999993       0.30000000000000016       -8.4705914564060750E-002
  -9.9999999999999978E-002  0.30000000000000016        9.4973663595141949E-002
   2.7755575615628914E-017  0.30000000000000016       0.24050361642950832     
  0.10000000000000009       0.30000000000000016       0.29507873877128815     
  0.20000000000000009       0.30000000000000016       0.23547846235285882     
  0.30000000000000016       0.30000000000000016        8.7224325761768362E-002
  0.40000000000000013       0.30000000000000016       -9.6194934232048834E-002
  0.50000000000000011       0.30000000000000016      -0.24117206607979036     
  0.60000000000000009       0.30000000000000016      -0.29635091102924715     
  0.70000000000000007       0.30000000000000016      -0.23629960245293319     
  0.80000000000000004       0.30000000000000016       -8.8656480501672436E-002
  0.90000000000000002       0.30000000000000016        9.4845902521913134E-002
   1.0000000000000000       0.30000000000000016       0.23593631253371899     
  -1.0000000000000000       0.40000000000000013      -0.25920350953182075     
 -0.90000000000000002       0.40000000000000013      -0.31135490110419478     
 -0.80000000000000004       0.40000000000000013      -0.24806215897370945     
 -0.69999999999999996       0.40000000000000013       -9.2772753930025223E-002
 -0.59999999999999998       0.40000000000000013        9.9630092788827840E-002
 -0.49999999999999994       0.40000000000000013       0.25386495321436681     
 -0.39999999999999991       0.40000000000000013       0.31155084352955192     
 -0.29999999999999993       0.40000000000000013       0.24976972568323288     
 -0.19999999999999993       0.40000000000000013        9.3413001579785784E-002
  -9.9999999999999978E-002  0.40000000000000013      -0.10299013751182425     
   2.7755575615628914E-017  0.40000000000000013      -0.26240814533090873     
  0.10000000000000009       0.40000000000000013      -0.32259291624324798     
  0.20000000000000009       0.40000000000000013      -0.25794809091547310     
  0.30000000000000016       0.40000000000000013       -9.6194934232047322E-002
  0.40000000000000013       0.40000000000000013       0.10433101179231423     
  0.50000000000000011       0.40000000000000013       0.26314175882121599     
  0.60000000000000009       0.40000000000000013       0.32398574253996343     
  0.70000000000000007       0.40000000000000013       0.25885067718820914     
  0.80000000000000004       0.40000000000000013        9.7761715145031416E-002
  0.90000000000000002       0.40000000000000013      -0.10285188337469288     
   1.0000000000000000       0.40000000000000013      -0.25742470142766982     
  -1.0000000000000000       0.50000000000000011      -0.65234684251348574     
 -0.90000000000000002       0.50000000000000011      -0.78304971823807690     
 -0.80000000000000004       0.50000000000000011      -0.62341827186160925     
 -0.69999999999999996       0.50000000000000011      -0.23259152366464111     
 -0.59999999999999998       0.50000000000000011       0.25129281709576606     
 -0.49999999999999994       0.50000000000000011       0.63891395398133399     
 -0.39999999999999991       0.50000000000000011       0.78353743728154857     
 -0.29999999999999993       0.50000000000000011       0.62771470425146014     
 -0.19999999999999993       0.50000000000000011       0.23420147028362287     
  -9.9999999999999978E-002  0.50000000000000011      -0.25977466371093649     
   2.7755575615628914E-017  0.50000000000000011      -0.66041952556218086     
  0.10000000000000009       0.50000000000000011      -0.81131266948854208     
  0.20000000000000009       0.50000000000000011      -0.64826996632960499     
  0.30000000000000016       0.50000000000000011      -0.24117206607978886     
  0.40000000000000013       0.50000000000000011       0.26314175882121832     
  0.50000000000000011       0.50000000000000011       0.66226198596296193     
  0.60000000000000009       0.50000000000000011       0.81481375723531735     
  0.70000000000000007       0.50000000000000011       0.65053554376000844     
  0.80000000000000004       0.50000000000000011       0.24511149789858205     
  0.90000000000000002       0.50000000000000011      -0.25942567711211484     
   1.0000000000000000       0.50000000000000011      -0.64787751531898852     
  -1.0000000000000000       0.60000000000000009      -0.80261322558595682     
 -0.90000000000000002       0.60000000000000009      -0.96320117515622228     
 -0.80000000000000004       0.60000000000000009      -0.76666129012560602     
 -0.69999999999999996       0.60000000000000009      -0.28580689015590327     
 -0.59999999999999998       0.60000000000000009       0.30940015459284043     
 -0.49999999999999994       0.60000000000000009       0.78608725973789917     
 -0.39999999999999991       0.60000000000000009       0.96379904654977056     
 -0.29999999999999993       0.60000000000000009       0.77194696440781641     
 -0.19999999999999993       0.60000000000000009       0.28778712202618356     
  -9.9999999999999978E-002  0.60000000000000009      -0.31984609454202417     
   2.7755575615628914E-017  0.60000000000000009      -0.81254844980345931     
  0.10000000000000009       0.60000000000000009      -0.99796625950005824     
  0.20000000000000009       0.60000000000000009      -0.79722593532367336     
  0.30000000000000016       0.60000000000000009      -0.29635091102924888     
  0.40000000000000013       0.60000000000000009       0.32398574253995482     
  0.50000000000000011       0.60000000000000009       0.81481375723531535     
  0.60000000000000009       0.60000000000000009        1.0022720776969505     
  0.70000000000000007       0.60000000000000009       0.80001095624744412     
  0.80000000000000004       0.60000000000000009       0.30119626581625564     
  0.90000000000000002       0.60000000000000009      -0.31941629990534021     
   1.0000000000000000       0.60000000000000009      -0.79711742170726907     
  -1.0000000000000000       0.70000000000000007      -0.64079365395913301     
 -0.90000000000000002       0.70000000000000007      -0.76882535782782591     
 -0.80000000000000004       0.70000000000000007      -0.61179985568810480     
 -0.69999999999999996       0.70000000000000007      -0.22789193747221234     
 -0.59999999999999998       0.70000000000000007       0.24719990502695924     
 -0.49999999999999994       0.70000000000000007       0.62760051605453737     
 -0.39999999999999991       0.70000000000000007       0.76930091936276290     
 -0.29999999999999993       0.70000000000000007       0.61601950699498309     
 -0.19999999999999993       0.70000000000000007       0.22947246977003669     
  -9.9999999999999978E-002  0.70000000000000007      -0.25554810851899790     
   2.7755575615628914E-017  0.70000000000000007      -0.64872821644307332     
  0.10000000000000009       0.70000000000000007      -0.79657466042003200     
  0.20000000000000009       0.70000000000000007      -0.63619284355746653     
  0.30000000000000016       0.70000000000000007      -0.23629960245293252     
  0.40000000000000013       0.70000000000000007       0.25885067718821370     
  0.50000000000000011       0.70000000000000007       0.65053554376000911     
  0.60000000000000009       0.70000000000000007       0.80001095624744678     
  0.70000000000000007       0.70000000000000007       0.63841440180470943     
  0.80000000000000004       0.70000000000000007       0.24016683416760715     
  0.90000000000000002       0.70000000000000007      -0.25520462838858116     
   1.0000000000000000       0.70000000000000007      -0.63640832969085936     
  -1.0000000000000000       0.80000000000000004      -0.24143945960079699     
 -0.90000000000000002       0.80000000000000004      -0.28945606000355451     
 -0.80000000000000004       0.80000000000000004      -0.23015304348770926     
 -0.69999999999999996       0.80000000000000004       -8.5501735840449511E-002
 -0.59999999999999998       0.80000000000000004        9.3364594132027620E-002
 -0.49999999999999994       0.80000000000000004       0.23646968463222545     
 -0.39999999999999991       0.80000000000000004       0.28963303632017195     
 -0.29999999999999993       0.80000000000000004       0.23174249897708329     
 -0.19999999999999993       0.80000000000000004        8.6096686464063751E-002
  -9.9999999999999978E-002  0.80000000000000004       -9.6520435381156608E-002
   2.7755575615628914E-017  0.80000000000000004      -0.24443209864276919     
  0.10000000000000009       0.80000000000000004      -0.29990327887309759     
  0.20000000000000009       0.80000000000000004      -0.23933223325898351     
  0.30000000000000016       0.80000000000000004       -8.8656480501673990E-002
  0.40000000000000013       0.80000000000000004        9.7761715145026365E-002
  0.50000000000000011       0.80000000000000004       0.24511149789858031     
  0.60000000000000009       0.80000000000000004       0.30119626581623521     
  0.70000000000000007       0.80000000000000004       0.24016683416760812     
  0.80000000000000004       0.80000000000000004        9.0112058844824941E-002
  0.90000000000000002       0.80000000000000004       -9.6390595679347088E-002
   1.0000000000000000       0.80000000000000004      -0.23979018942795327     
  -1.0000000000000000       0.90000000000000002       0.25554307988993880     
 -0.90000000000000002       0.90000000000000002       0.30696358024068604     
 -0.80000000000000004       0.90000000000000002       0.24456811188362898     
 -0.69999999999999996       0.90000000000000002        9.1471722107032721E-002
 -0.59999999999999998       0.90000000000000002       -9.8217532921540909E-002
 -0.49999999999999994       0.90000000000000002      -0.25027988478023228     
 -0.39999999999999991       0.90000000000000002      -0.30715681073173040     
 -0.29999999999999993       0.90000000000000002      -0.24625157539729281     
 -0.19999999999999993       0.90000000000000002       -9.2102942388152823E-002
  -9.9999999999999978E-002  0.90000000000000002       0.10152986808962346     
   2.7755575615628914E-017  0.90000000000000002       0.25870238440323706     
  0.10000000000000009       0.90000000000000002       0.31804309923173424     
  0.20000000000000009       0.90000000000000002       0.25431472726768861     
  0.30000000000000016       0.90000000000000002        9.4845902521912356E-002
  0.40000000000000013       0.90000000000000002      -0.10285188337469266     
  0.50000000000000011       0.90000000000000002      -0.25942567711211417     
  0.60000000000000009       0.90000000000000002      -0.31941629990534620     
  0.70000000000000007       0.90000000000000002      -0.25520462838857966     
  0.80000000000000004       0.90000000000000002       -9.6390595679350474E-002
  0.90000000000000002       0.90000000000000002       0.10139357688512449     
   1.0000000000000000       0.90000000000000002       0.25378931584604020     
  -1.0000000000000000        1.0000000000000000       0.63817774069597877     
 -0.90000000000000002        1.0000000000000000       0.76604323646243744     
 -0.80000000000000004        1.0000000000000000       0.60987995492506641     
 -0.69999999999999996        1.0000000000000000       0.22754205244481857     
 -0.59999999999999998        1.0000000000000000      -0.24583317061200410     
 -0.49999999999999994        1.0000000000000000      -0.62503660928502935     
 -0.39999999999999991        1.0000000000000000      -0.76652037708729215     
 -0.29999999999999993        1.0000000000000000      -0.61408307087455072     
 -0.19999999999999993        1.0000000000000000      -0.22911703452529550     
  -9.9999999999999978E-002   1.0000000000000000       0.25413071953946026     
   2.7755575615628914E-017   1.0000000000000000       0.64607506290601791     
  0.10000000000000009        1.0000000000000000       0.79369236645363883     
  0.20000000000000009        1.0000000000000000       0.63419194451483807     
  0.30000000000000016        1.0000000000000000       0.23593631253371775     
  0.40000000000000013        1.0000000000000000      -0.25742470142766810     
  0.50000000000000011        1.0000000000000000      -0.64787751531898496     
  0.60000000000000009        1.0000000000000000      -0.79711742170727351     
  0.70000000000000007        1.0000000000000000      -0.63640832969085859     
  0.80000000000000004        1.0000000000000000      -0.23979018942796929     
  0.90000000000000002        1.0000000000000000       0.25378931584603864     
   1.0000000000000000        1.0000000000000000       0.63380546758371936     
