  -1.0000000000000000       -1.0000000000000000       0.29286529188032046     
 -0.90000000000000002       -1.0000000000000000       0.48733861394151701     
 -0.80000000000000004       -1.0000000000000000       0.49928294843641380     
 -0.69999999999999996       -1.0000000000000000       0.32734293431707062     
 -0.59999999999999998       -1.0000000000000000        2.3458931635546160E-002
 -0.49999999999999994       -1.0000000000000000      -0.29532150868763546     
 -0.39999999999999991       -1.0000000000000000      -0.50800077895190054     
 -0.29999999999999993       -1.0000000000000000      -0.52185778722374432     
 -0.19999999999999993       -1.0000000000000000      -0.34277031024852211     
  -9.9999999999999978E-002  -1.0000000000000000       -2.7362795156558869E-002
   2.7755575615628914E-017  -1.0000000000000000       0.29153571250467702     
  0.10000000000000009       -1.0000000000000000       0.50490464414902625     
  0.20000000000000009       -1.0000000000000000       0.51800096643261007     
  0.30000000000000016       -1.0000000000000000       0.33934871512821346     
  0.40000000000000013       -1.0000000000000000        2.3206253885199469E-002
  0.50000000000000011       -1.0000000000000000      -0.29521783440543126     
  0.60000000000000009       -1.0000000000000000      -0.50923987334147669     
  0.70000000000000007       -1.0000000000000000      -0.52178909918691663     
  0.80000000000000004       -1.0000000000000000      -0.34359156941144481     
  0.90000000000000002       -1.0000000000000000       -2.7554341139361012E-002
   1.0000000000000000       -1.0000000000000000       0.28639206692826402     
  -1.0000000000000000      -0.90000000000000002       0.48733861394151384     
 -0.90000000000000002      -0.90000000000000002       0.81072281202463625     
 -0.80000000000000004      -0.90000000000000002       0.83045965838601665     
 -0.69999999999999996      -0.90000000000000002       0.54434176349040864     
 -0.59999999999999998      -0.90000000000000002        3.8807519942395369E-002
 -0.49999999999999994      -0.90000000000000002      -0.49142702830555007     
 -0.39999999999999991      -0.90000000000000002      -0.84509419575335132     
 -0.29999999999999993      -0.90000000000000002      -0.86800907290201335     
 -0.19999999999999993      -0.90000000000000002      -0.56999760634563224     
  -9.9999999999999978E-002 -0.90000000000000002       -4.5295742616682504E-002
   2.7755575615628914E-017 -0.90000000000000002       0.48513028310228640     
  0.10000000000000009      -0.90000000000000002       0.83994496563182541     
  0.20000000000000009      -0.90000000000000002       0.86159462986032809     
  0.30000000000000016      -0.90000000000000002       0.56430660307610725     
  0.40000000000000013      -0.90000000000000002        3.8381781890657801E-002
  0.50000000000000011      -0.90000000000000002      -0.49125460723899805     
  0.60000000000000009      -0.90000000000000002      -0.84715671689090000     
  0.70000000000000007      -0.90000000000000002      -0.86789498894410144     
  0.80000000000000004      -0.90000000000000002      -0.57136498720933515     
  0.90000000000000002      -0.90000000000000002       -4.5614486629238532E-002
   1.0000000000000000      -0.90000000000000002       0.47657069236408489     
  -1.0000000000000000      -0.80000000000000004       0.49928294843639370     
 -0.90000000000000002      -0.80000000000000004       0.83045965838601765     
 -0.80000000000000004      -0.80000000000000004       0.85059841000546688     
 -0.69999999999999996      -0.80000000000000004       0.55746596624317246     
 -0.59999999999999998      -0.80000000000000004        3.9623813467375604E-002
 -0.49999999999999994      -0.80000000000000004      -0.50347226141454615     
 -0.39999999999999991      -0.80000000000000004      -0.86566685488510453     
 -0.29999999999999993      -0.80000000000000004      -0.88905874409753571     
 -0.19999999999999993      -0.80000000000000004      -0.58374126625304235     
  -9.9999999999999978E-002 -0.80000000000000004       -4.6266376807427081E-002
   2.7755575615628914E-017 -0.80000000000000004       0.49702292970996215     
  0.10000000000000009      -0.80000000000000004       0.86039310015313741     
  0.20000000000000009      -0.80000000000000004       0.88248911816684406     
  0.30000000000000016      -0.80000000000000004       0.57791234491134247     
  0.40000000000000013      -0.80000000000000004        3.9184535901282666E-002
  0.50000000000000011      -0.80000000000000004      -0.50329567141791498     
  0.60000000000000009      -0.80000000000000004      -0.86778029358808595     
  0.70000000000000007      -0.80000000000000004      -0.88894199090025516     
  0.80000000000000004      -0.80000000000000004      -0.58514261730633332     
  0.90000000000000002      -0.80000000000000004       -4.6592935647080946E-002
   1.0000000000000000      -0.80000000000000004       0.48825332819924500     
  -1.0000000000000000      -0.69999999999999996       0.32734293431707390     
 -0.90000000000000002      -0.69999999999999996       0.54434176349040997     
 -0.80000000000000004      -0.69999999999999996       0.55746596624317146     
 -0.69999999999999996      -0.69999999999999996       0.36527875029057572     
 -0.59999999999999998      -0.69999999999999996        2.5847744770023821E-002
 -0.49999999999999994      -0.69999999999999996      -0.33009023011835664     
 -0.39999999999999991      -0.69999999999999996      -0.56741811966620914     
 -0.29999999999999993      -0.69999999999999996      -0.58267246632168412     
 -0.19999999999999993      -0.69999999999999996      -0.38249646350589450     
  -9.9999999999999978E-002 -0.69999999999999996       -3.0198246856649683E-002
   2.7755575615628914E-017 -0.69999999999999996       0.32586356810759981     
  0.10000000000000009      -0.69999999999999996       0.56396213566162623     
  0.20000000000000009      -0.69999999999999996       0.57836721568988370     
  0.30000000000000016      -0.69999999999999996       0.37867638639787921     
  0.40000000000000013      -0.69999999999999996        2.5556734364678244E-002
  0.50000000000000011      -0.69999999999999996      -0.32997450831013675     
  0.60000000000000009      -0.69999999999999996      -0.56880410043296725     
  0.70000000000000007      -0.69999999999999996      -0.58259604281198285     
  0.80000000000000004      -0.69999999999999996      -0.38341566826388007     
  0.90000000000000002      -0.69999999999999996       -3.0412349898221783E-002
   1.0000000000000000      -0.69999999999999996       0.32011377425832999     
  -1.0000000000000000      -0.59999999999999998        2.3458931635559656E-002
 -0.90000000000000002      -0.59999999999999998        3.8807519942402842E-002
 -0.80000000000000004      -0.59999999999999998        3.9623813467401688E-002
 -0.69999999999999996      -0.59999999999999998        2.5847744770024991E-002
 -0.59999999999999998      -0.59999999999999998        1.6476185592276650E-003
 -0.49999999999999994      -0.59999999999999998       -2.3656870212543330E-002
 -0.39999999999999991      -0.59999999999999998       -4.0451249563543103E-002
 -0.29999999999999993      -0.59999999999999998       -4.1415971279164299E-002
 -0.19999999999999993      -0.59999999999999998       -2.7067450571828380E-002
  -9.9999999999999978E-002 -0.59999999999999998       -1.9522879805424682E-003
   2.7755575615628914E-017 -0.59999999999999998        2.3356613189948014E-002
  0.10000000000000009      -0.59999999999999998        4.0206127468106957E-002
  0.20000000000000009      -0.59999999999999998        4.1110520186207866E-002
  0.30000000000000016      -0.59999999999999998        2.6796061346006692E-002
  0.40000000000000013      -0.59999999999999998        1.6220487081489532E-003
  0.50000000000000011      -0.59999999999999998       -2.3648663522417870E-002
  0.60000000000000009      -0.59999999999999998       -4.0551132017557910E-002
  0.70000000000000007      -0.59999999999999998       -4.1410687049496936E-002
  0.80000000000000004      -0.59999999999999998       -2.7134018387726895E-002
  0.90000000000000002      -0.59999999999999998       -1.9676355818922494E-003
   1.0000000000000000      -0.59999999999999998        2.2944220405717908E-002
  -1.0000000000000000      -0.49999999999999994      -0.29532150868763313     
 -0.90000000000000002      -0.49999999999999994      -0.49142702830555030     
 -0.80000000000000004      -0.49999999999999994      -0.50347226141454249     
 -0.69999999999999996      -0.49999999999999994      -0.33009023011835620     
 -0.59999999999999998      -0.49999999999999994       -2.3656870212541977E-002
 -0.49999999999999994      -0.49999999999999994       0.29779831932111966     
 -0.39999999999999991      -0.49999999999999994       0.51226254219973466     
 -0.29999999999999993      -0.49999999999999994       0.52623651499941992     
 -0.19999999999999993      -0.49999999999999994       0.34564707578120246     
  -9.9999999999999978E-002 -0.49999999999999994        2.7593516131440086E-002
   2.7755575615628914E-017 -0.49999999999999994      -0.29398075679057023     
  0.10000000000000009      -0.49999999999999994      -0.50914042570796314     
  0.20000000000000009      -0.49999999999999994      -0.52234732971073261     
  0.30000000000000016      -0.49999999999999994      -0.34219677042230845     
  0.40000000000000013      -0.49999999999999994       -2.3402100651340820E-002
  0.50000000000000011      -0.49999999999999994       0.29769377501612782     
  0.60000000000000009      -0.49999999999999994       0.51351202543030594     
  0.70000000000000007      -0.49999999999999994       0.52616724976149110     
  0.80000000000000004      -0.49999999999999994       0.34647521867447306     
  0.90000000000000002      -0.49999999999999994        2.7786668550776553E-002
   1.0000000000000000      -0.49999999999999994      -0.28879397423482706     
  -1.0000000000000000      -0.39999999999999991      -0.50800077895185958     
 -0.90000000000000002      -0.39999999999999991      -0.84509419575334166     
 -0.80000000000000004      -0.39999999999999991      -0.86566685488507844     
 -0.69999999999999996      -0.39999999999999991      -0.56741811966620870     
 -0.59999999999999998      -0.39999999999999991       -4.0451249563526075E-002
 -0.49999999999999994      -0.39999999999999991       0.51226254219973499     
 -0.39999999999999991      -0.39999999999999991       0.88092277634843563     
 -0.29999999999999993      -0.39999999999999991       0.90480817463421404     
 -0.19999999999999993      -0.39999999999999991       0.59416160500836235     
  -9.9999999999999978E-002 -0.39999999999999991        4.7214502987553891E-002
   2.7755575615628914E-017 -0.39999999999999991      -0.50569884883940330     
  0.10000000000000009      -0.39999999999999991      -0.87555524962860964     
  0.20000000000000009      -0.39999999999999991      -0.89812179684007132     
  0.30000000000000016      -0.39999999999999991      -0.58822933369174624     
  0.40000000000000013      -0.39999999999999991       -4.0007423464797798E-002
  0.50000000000000011      -0.39999999999999991       0.51208281150227275     
  0.60000000000000009      -0.39999999999999991       0.88307274860026375     
  0.70000000000000007      -0.39999999999999991       0.90468925527940947     
  0.80000000000000004      -0.39999999999999991       0.59558696554820634     
  0.90000000000000002      -0.39999999999999991        4.7546761122076550E-002
   1.0000000000000000      -0.39999999999999991      -0.49677634624857131     
  -1.0000000000000000      -0.29999999999999993      -0.52185778722374110     
 -0.90000000000000002      -0.29999999999999993      -0.86800907290201246     
 -0.80000000000000004      -0.29999999999999993      -0.88905874409753016     
 -0.69999999999999996      -0.29999999999999993      -0.58267246632168235     
 -0.59999999999999998      -0.29999999999999993       -4.1415971279159608E-002
 -0.49999999999999994      -0.29999999999999993       0.52623651499942092     
 -0.39999999999999991      -0.29999999999999993       0.90480817463421925     
 -0.29999999999999993      -0.29999999999999993       0.92925808457367998     
 -0.19999999999999993      -0.29999999999999993       0.61013583205742716     
  -9.9999999999999978E-002 -0.29999999999999993        4.8358895194850315E-002
   2.7755575615628914E-017 -0.29999999999999993      -0.51949557224521414     
  0.10000000000000009      -0.29999999999999993      -0.89929596228889730     
  0.20000000000000009      -0.29999999999999993      -0.92239140735630909     
  0.30000000000000016      -0.29999999999999993      -0.60404335202832471     
  0.40000000000000013      -0.29999999999999993       -4.0956845407273582E-002
  0.50000000000000011      -0.29999999999999993       0.52605194030709168     
  0.60000000000000009      -0.29999999999999993       0.90701716984671765     
  0.70000000000000007      -0.29999999999999993       0.92913605188229098     
  0.80000000000000004      -0.29999999999999993       0.61160054253323548     
  0.90000000000000002      -0.29999999999999993        4.8700219217874291E-002
   1.0000000000000000      -0.29999999999999993      -0.51032945841024591     
  -1.0000000000000000      -0.19999999999999993      -0.34277031024852322     
 -0.90000000000000002      -0.19999999999999993      -0.56999760634562990     
 -0.80000000000000004      -0.19999999999999993      -0.58374126625304412     
 -0.69999999999999996      -0.19999999999999993      -0.38249646350589478     
 -0.59999999999999998      -0.19999999999999993       -2.7067450571838955E-002
 -0.49999999999999994      -0.19999999999999993       0.34564707578120185     
 -0.39999999999999991      -0.19999999999999993       0.59416160500836546     
 -0.29999999999999993      -0.19999999999999993       0.61013583205742494     
 -0.19999999999999993      -0.19999999999999993       0.40052573768943417     
  -9.9999999999999978E-002 -0.19999999999999993        3.1623040774540929E-002
   2.7755575615628914E-017 -0.19999999999999993      -0.34122119529302203     
  0.10000000000000009      -0.19999999999999993      -0.59054272460202695     
  0.20000000000000009      -0.19999999999999993      -0.60562765591003154     
  0.30000000000000016      -0.19999999999999993      -0.39652560611157223     
  0.40000000000000013      -0.19999999999999993       -2.6762760181659819E-002
  0.50000000000000011      -0.19999999999999993       0.34552589945582546     
  0.60000000000000009      -0.19999999999999993       0.59561290164026415     
  0.70000000000000007      -0.19999999999999993       0.61005580534054749     
  0.80000000000000004      -0.19999999999999993       0.40148825856706577     
  0.90000000000000002      -0.19999999999999993        3.1847234265362255E-002
   1.0000000000000000      -0.19999999999999993      -0.33520042138866996     
  -1.0000000000000000       -9.9999999999999978E-002  -2.7362795156560597E-002
 -0.90000000000000002       -9.9999999999999978E-002  -4.5295742616684058E-002
 -0.80000000000000004       -9.9999999999999978E-002  -4.6266376807426290E-002
 -0.69999999999999996       -9.9999999999999978E-002  -3.0198246856650360E-002
 -0.59999999999999998       -9.9999999999999978E-002  -1.9522879805440746E-003
 -0.49999999999999994       -9.9999999999999978E-002   2.7593516131439701E-002
 -0.39999999999999991       -9.9999999999999978E-002   4.7214502987551775E-002
 -0.29999999999999993       -9.9999999999999978E-002   4.8358895194852244E-002
 -0.19999999999999993       -9.9999999999999978E-002   3.1623040774541061E-002
  -9.9999999999999978E-002  -9.9999999999999978E-002   2.3087167306480348E-003
   2.7755575615628914E-017  -9.9999999999999978E-002  -2.7242898761953634E-002
  0.10000000000000009       -9.9999999999999978E-002  -4.6928209877135994E-002
  0.20000000000000009       -9.9999999999999978E-002  -4.8002154044966702E-002
  0.30000000000000016       -9.9999999999999978E-002  -3.1306135290390433E-002
  0.40000000000000013       -9.9999999999999978E-002  -1.9231651141755363E-003
  0.50000000000000011       -9.9999999999999978E-002   2.7583930906401464E-002
  0.60000000000000009       -9.9999999999999978E-002   4.7330924313765281E-002
  0.70000000000000007       -9.9999999999999978E-002   4.8352702928035576E-002
  0.80000000000000004       -9.9999999999999978E-002   3.1700583115894895E-002
  0.90000000000000002       -9.9999999999999978E-002   2.3266177908398949E-003
   1.0000000000000000       -9.9999999999999978E-002  -2.6761928466914522E-002
  -1.0000000000000000        2.7755575615628914E-017  0.29153571250464472     
 -0.90000000000000002        2.7755575615628914E-017  0.48513028310228345     
 -0.80000000000000004        2.7755575615628914E-017  0.49702292970993905     
 -0.69999999999999996        2.7755575615628914E-017  0.32586356810760103     
 -0.59999999999999998        2.7755575615628914E-017   2.3356613189928307E-002
 -0.49999999999999994        2.7755575615628914E-017 -0.29398075679057245     
 -0.39999999999999991        2.7755575615628914E-017 -0.50569884883939786     
 -0.29999999999999993        2.7755575615628914E-017 -0.51949557224521259     
 -0.19999999999999993        2.7755575615628914E-017 -0.34122119529302386     
  -9.9999999999999978E-002   2.7755575615628914E-017  -2.7242898761954772E-002
   2.7755575615628914E-017   2.7755575615628914E-017  0.29021209370387113     
  0.10000000000000009        2.7755575615628914E-017  0.50261671808971931     
  0.20000000000000009        2.7755575615628914E-017  0.51565619804897866     
  0.30000000000000016        2.7755575615628914E-017  0.33781508534853755     
  0.40000000000000013        2.7755575615628914E-017   2.3105178884288521E-002
  0.50000000000000011        2.7755575615628914E-017 -0.29387755141244259     
  0.60000000000000009        2.7755575615628914E-017 -0.50693230649335019     
  0.70000000000000007        2.7755575615628914E-017 -0.51942719210988619     
  0.80000000000000004        2.7755575615628914E-017 -0.34203871185772156     
  0.90000000000000002        2.7755575615628914E-017  -2.7433575063721974E-002
   1.0000000000000000        2.7755575615628914E-017  0.28509180662381445     
  -1.0000000000000000       0.10000000000000009       0.50490464414902236     
 -0.90000000000000002       0.10000000000000009       0.83994496563182319     
 -0.80000000000000004       0.10000000000000009       0.86039310015313542     
 -0.69999999999999996       0.10000000000000009       0.56396213566162423     
 -0.59999999999999998       0.10000000000000009        4.0206127468105701E-002
 -0.49999999999999994       0.10000000000000009      -0.50914042570796203     
 -0.39999999999999991       0.10000000000000009      -0.87555524962861131     
 -0.29999999999999993       0.10000000000000009      -0.89929596228889508     
 -0.19999999999999993       0.10000000000000009      -0.59054272460202817     
  -9.9999999999999978E-002  0.10000000000000009       -4.6928209877134530E-002
   2.7755575615628914E-017  0.10000000000000009       0.50261671808971808     
  0.10000000000000009       0.10000000000000009       0.87022041897140501     
  0.20000000000000009       0.10000000000000009       0.89265031488820834     
  0.30000000000000016       0.10000000000000009       0.58464659251729711     
  0.40000000000000013       0.10000000000000009        3.9765039082612946E-002
  0.50000000000000011       0.10000000000000009      -0.50896178983618223     
  0.60000000000000009       0.10000000000000009      -0.87769211450483542     
  0.70000000000000007       0.10000000000000009      -0.89917776638525937     
  0.80000000000000004       0.10000000000000009      -0.59195939313872870     
  0.90000000000000002       0.10000000000000009       -4.7258442960539340E-002
   1.0000000000000000       0.10000000000000009       0.49374859816669092     
  -1.0000000000000000       0.20000000000000009       0.51800096643258398     
 -0.90000000000000002       0.20000000000000009       0.86159462986032687     
 -0.80000000000000004       0.20000000000000009       0.88248911816682529     
 -0.69999999999999996       0.20000000000000009       0.57836721568988814     
 -0.59999999999999998       0.20000000000000009        4.1110520186219829E-002
 -0.49999999999999994       0.20000000000000009      -0.52234732971073516     
 -0.39999999999999991       0.20000000000000009      -0.89812179684005966     
 -0.29999999999999993       0.20000000000000009      -0.92239140735631209     
 -0.19999999999999993       0.20000000000000009      -0.60562765591003143     
  -9.9999999999999978E-002  0.20000000000000009       -4.8002154044969339E-002
   2.7755575615628914E-017  0.20000000000000009       0.51565619804896534     
  0.10000000000000009       0.20000000000000009       0.89265031488820845     
  0.20000000000000009       0.20000000000000009       0.91557546915435017     
  0.30000000000000016       0.20000000000000009       0.59958019533046081     
  0.40000000000000013       0.20000000000000009        4.0654802112053093E-002
  0.50000000000000011       0.20000000000000009      -0.52216411885018199     
  0.60000000000000009       0.20000000000000009      -0.90031446460588738     
  0.70000000000000007       0.20000000000000009      -0.92227027595450883     
  0.80000000000000004       0.20000000000000009      -0.60708153919862895     
  0.90000000000000002       0.20000000000000009       -4.8340955476575909E-002
   1.0000000000000000       0.20000000000000009       0.50655782798411619     
  -1.0000000000000000       0.30000000000000016       0.33934871512821230     
 -0.90000000000000002       0.30000000000000016       0.56430660307610547     
 -0.80000000000000004       0.30000000000000016       0.57791234491134147     
 -0.69999999999999996       0.30000000000000016       0.37867638639787793     
 -0.59999999999999998       0.30000000000000016        2.6796061346007434E-002
 -0.49999999999999994       0.30000000000000016      -0.34219677042230701     
 -0.39999999999999991       0.30000000000000016      -0.58822933369174635     
 -0.29999999999999993       0.30000000000000016      -0.60404335202832526     
 -0.19999999999999993       0.30000000000000016      -0.39652560611157334     
  -9.9999999999999978E-002  0.30000000000000016       -3.1306135290389191E-002
   2.7755575615628914E-017  0.30000000000000016       0.33781508534853572     
  0.10000000000000009       0.30000000000000016       0.58464659251729845     
  0.20000000000000009       0.30000000000000016       0.59958019533046014     
  0.30000000000000016       0.30000000000000016       0.39256541845875015     
  0.40000000000000013       0.30000000000000016        2.6494384886413685E-002
  0.50000000000000011       0.30000000000000016      -0.34207680421057096     
  0.60000000000000009       0.30000000000000016      -0.58966614647580595     
  0.70000000000000007       0.30000000000000016      -0.60396412527953813     
  0.80000000000000004       0.30000000000000016      -0.39747852298704434     
  0.90000000000000002       0.30000000000000016       -3.1528090866129260E-002
   1.0000000000000000       0.30000000000000016       0.33185440992516768     
  -1.0000000000000000       0.40000000000000013        2.3206253885221108E-002
 -0.90000000000000002       0.40000000000000013        3.8381781890663179E-002
 -0.80000000000000004       0.40000000000000013        3.9184535901301061E-002
 -0.69999999999999996       0.40000000000000013        2.5556734364680343E-002
 -0.59999999999999998       0.40000000000000013        1.6220487081667603E-003
 -0.49999999999999994       0.40000000000000013       -2.3402100651340341E-002
 -0.39999999999999991       0.40000000000000013       -4.0007423464796743E-002
 -0.29999999999999993       0.40000000000000013       -4.0956845407278016E-002
 -0.19999999999999993       0.40000000000000013       -2.6762760181654417E-002
  -9.9999999999999978E-002  0.40000000000000013       -1.9231651141766101E-003
   2.7755575615628914E-017  0.40000000000000013        2.3105178884285430E-002
  0.10000000000000009       0.40000000000000013        3.9765039082613911E-002
  0.20000000000000009       0.40000000000000013        4.0654802112040353E-002
  0.30000000000000016       0.40000000000000013        2.6494384886413532E-002
  0.40000000000000013       0.40000000000000013        1.5965743029793399E-003
  0.50000000000000011       0.40000000000000013       -2.3393985696056822E-002
  0.60000000000000009       0.40000000000000013       -4.0106251372959062E-002
  0.70000000000000007       0.40000000000000013       -4.0951625461243354E-002
  0.80000000000000004       0.40000000000000013       -2.6828637497728548E-002
  0.90000000000000002       0.40000000000000013       -1.9383475713553424E-003
   1.0000000000000000       0.40000000000000013        2.2697215108329043E-002
  -1.0000000000000000       0.50000000000000011      -0.29521783440542759     
 -0.90000000000000002       0.50000000000000011      -0.49125460723899711     
 -0.80000000000000004       0.50000000000000011      -0.50329567141791520     
 -0.69999999999999996       0.50000000000000011      -0.32997450831013531     
 -0.59999999999999998       0.50000000000000011       -2.3648663522417686E-002
 -0.49999999999999994       0.50000000000000011       0.29769377501612659     
 -0.39999999999999991       0.50000000000000011       0.51208281150227486     
 -0.29999999999999993       0.50000000000000011       0.52605194030709024     
 -0.19999999999999993       0.50000000000000011       0.34552589945582857     
  -9.9999999999999978E-002  0.50000000000000011        2.7583930906401183E-002
   2.7755575615628914E-017  0.50000000000000011      -0.29387755141244221     
  0.10000000000000009       0.50000000000000011      -0.50896178983618212     
  0.20000000000000009       0.50000000000000011      -0.52216411885018188     
  0.30000000000000016       0.50000000000000011      -0.34207680421057063     
  0.40000000000000013       0.50000000000000011       -2.3393985696056854E-002
  0.50000000000000011       0.50000000000000011       0.29758926737799091     
  0.60000000000000009       0.50000000000000011       0.51333185583391960     
  0.70000000000000007       0.50000000000000011       0.52598269929407915     
  0.80000000000000004       0.50000000000000011       0.34635375129603224     
  0.90000000000000002       0.50000000000000011        2.7777015519529817E-002
   1.0000000000000000       0.50000000000000011      -0.28869258985002250     
  -1.0000000000000000       0.60000000000000009      -0.50923987334143461     
 -0.90000000000000002       0.60000000000000009      -0.84715671689089367     
 -0.80000000000000004       0.60000000000000009      -0.86778029358805120     
 -0.69999999999999996       0.60000000000000009      -0.56880410043296592     
 -0.59999999999999998       0.60000000000000009       -4.0551132017549889E-002
 -0.49999999999999994       0.60000000000000009       0.51351202543030572     
 -0.39999999999999991       0.60000000000000009       0.88307274860025231     
 -0.29999999999999993       0.60000000000000009       0.90701716984671454     
 -0.19999999999999993       0.60000000000000009       0.59561290164025948     
  -9.9999999999999978E-002  0.60000000000000009        4.7330924313767023E-002
   2.7755575615628914E-017  0.60000000000000009      -0.50693230649334331     
  0.10000000000000009       0.60000000000000009      -0.87769211450483298     
  0.20000000000000009       0.60000000000000009      -0.90031446460588782     
  0.30000000000000016       0.60000000000000009      -0.58966614647580751     
  0.40000000000000013       0.60000000000000009       -4.0106251372967076E-002
  0.50000000000000011       0.60000000000000009       0.51333185583391783     
  0.60000000000000009       0.60000000000000009       0.88522796167609352     
  0.70000000000000007       0.60000000000000009       0.90689795928630978     
  0.80000000000000004       0.60000000000000009       0.59704173474783717     
  0.90000000000000002       0.60000000000000009        4.7663992857354044E-002
   1.0000000000000000       0.60000000000000009      -0.49798804248319417     
  -1.0000000000000000       0.70000000000000007      -0.52178909918691430     
 -0.90000000000000002       0.70000000000000007      -0.86789498894409922     
 -0.80000000000000004       0.70000000000000007      -0.88894199090025372     
 -0.69999999999999996       0.70000000000000007      -0.58259604281198041     
 -0.59999999999999998       0.70000000000000007       -4.1410687049494695E-002
 -0.49999999999999994       0.70000000000000007       0.52616724976148921     
 -0.39999999999999991       0.70000000000000007       0.90468925527941335     
 -0.29999999999999993       0.70000000000000007       0.92913605188228854     
 -0.19999999999999993       0.70000000000000007       0.61005580534054893     
  -9.9999999999999978E-002  0.70000000000000007        4.8352702928034001E-002
   2.7755575615628914E-017  0.70000000000000007      -0.51942719210988697     
  0.10000000000000009       0.70000000000000007      -0.89917776638525782     
  0.20000000000000009       0.70000000000000007      -0.92227027595450817     
  0.30000000000000016       0.70000000000000007      -0.60396412527953680     
  0.40000000000000013       0.70000000000000007       -4.0951625461241120E-002
  0.50000000000000011       0.70000000000000007       0.52598269929407937     
  0.60000000000000009       0.70000000000000007       0.90689795928631334     
  0.70000000000000007       0.70000000000000007       0.92901403509618874     
  0.80000000000000004       0.70000000000000007       0.61152032246313182     
  0.90000000000000002       0.70000000000000007        4.8693982022556724E-002
   1.0000000000000000       0.70000000000000007      -0.51026228500908422     
  -1.0000000000000000       0.80000000000000004      -0.34359156941144797     
 -0.90000000000000002       0.80000000000000004      -0.57136498720933504     
 -0.80000000000000004       0.80000000000000004      -0.58514261730632877     
 -0.69999999999999996       0.80000000000000004      -0.38341566826388190     
 -0.59999999999999998       0.80000000000000004       -2.7134018387733595E-002
 -0.49999999999999994       0.80000000000000004       0.34647521867447284     
 -0.39999999999999991       0.80000000000000004       0.59558696554819812     
 -0.29999999999999993       0.80000000000000004       0.61160054253323681     
 -0.19999999999999993       0.80000000000000004       0.40148825856705095     
  -9.9999999999999978E-002  0.80000000000000004        3.1700583115894479E-002
   2.7755575615628914E-017  0.80000000000000004      -0.34203871185771945     
  0.10000000000000009       0.80000000000000004      -0.59195939313872681     
  0.20000000000000009       0.80000000000000004      -0.60708153919861352     
  0.30000000000000016       0.80000000000000004      -0.39747852298704406     
  0.40000000000000013       0.80000000000000004       -2.6828637497728243E-002
  0.50000000000000011       0.80000000000000004       0.34635375129603108     
  0.60000000000000009       0.80000000000000004       0.59704173474783062     
  0.70000000000000007       0.80000000000000004       0.61152032246313104     
  0.80000000000000004       0.80000000000000004       0.40245307978509343     
  0.90000000000000002       0.80000000000000004        3.1925313730288375E-002
   1.0000000000000000       0.80000000000000004      -0.33600351530784656     
  -1.0000000000000000       0.90000000000000002       -2.7554341139362632E-002
 -0.90000000000000002       0.90000000000000002       -4.5614486629239004E-002
 -0.80000000000000004       0.90000000000000002       -4.6592935647079260E-002
 -0.69999999999999996       0.90000000000000002       -3.0412349898222335E-002
 -0.59999999999999998       0.90000000000000002       -1.9676355818942100E-003
 -0.49999999999999994       0.90000000000000002        2.7786668550775637E-002
 -0.39999999999999991       0.90000000000000002        4.7546761122071353E-002
 -0.29999999999999993       0.90000000000000002        4.8700219217875255E-002
 -0.19999999999999993       0.90000000000000002        3.1847234265361804E-002
  -9.9999999999999978E-002  0.90000000000000002        2.3266177908394851E-003
   2.7755575615628914E-017  0.90000000000000002       -2.7433575063719896E-002
  0.10000000000000009       0.90000000000000002       -4.7258442960539687E-002
  0.20000000000000009       0.90000000000000002       -4.8340955476571225E-002
  0.30000000000000016       0.90000000000000002       -3.1528090866128955E-002
  0.40000000000000013       0.90000000000000002       -1.9383475713545177E-003
  0.50000000000000011       0.90000000000000002        2.7777015519529904E-002
  0.60000000000000009       0.90000000000000002        4.7663992857348833E-002
  0.70000000000000007       0.90000000000000002        4.8693982022556703E-002
  0.80000000000000004       0.90000000000000002        3.1925313730286016E-002
  0.90000000000000002       0.90000000000000002        2.3446441310730091E-003
   1.0000000000000000       0.90000000000000002       -2.6949240612951501E-002
  -1.0000000000000000        1.0000000000000000       0.28639206692821195     
 -0.90000000000000002        1.0000000000000000       0.47657069236407956     
 -0.80000000000000004        1.0000000000000000       0.48825332819921885     
 -0.69999999999999996        1.0000000000000000       0.32011377425832899     
 -0.59999999999999998        1.0000000000000000        2.2944220405690649E-002
 -0.49999999999999994        1.0000000000000000      -0.28879397423482978     
 -0.39999999999999991        1.0000000000000000      -0.49677634624857586     
 -0.29999999999999993        1.0000000000000000      -0.51032945841024313     
 -0.19999999999999993        1.0000000000000000      -0.33520042138867068     
  -9.9999999999999978E-002   1.0000000000000000       -2.6761928466915934E-002
   2.7755575615628914E-017   1.0000000000000000       0.28509180662382250     
  0.10000000000000009        1.0000000000000000       0.49374859816668937     
  0.20000000000000009        1.0000000000000000       0.50655782798412741     
  0.30000000000000016        1.0000000000000000       0.33185440992516757     
  0.40000000000000013        1.0000000000000000        2.2697215108325938E-002
  0.50000000000000011        1.0000000000000000      -0.28869258985002205     
  0.60000000000000009        1.0000000000000000      -0.49798804248320805     
  0.70000000000000007        1.0000000000000000      -0.51026228500908288     
  0.80000000000000004        1.0000000000000000      -0.33600351530784967     
  0.90000000000000002        1.0000000000000000       -2.6949240612955169E-002
   1.0000000000000000        1.0000000000000000       0.28006185772883202     
