  -1.0000000000000000       -1.0000000000000000        3.8971241897615083E-002
 -0.90000000000000002       -1.0000000000000000       0.14051472356212572     
 -0.80000000000000004       -1.0000000000000000       0.18880216765808341     
 -0.69999999999999996       -1.0000000000000000       0.16635283204084528     
 -0.59999999999999998       -1.0000000000000000        7.8877795915937937E-002
 -0.49999999999999994       -1.0000000000000000       -3.7669588553412015E-002
 -0.39999999999999991       -1.0000000000000000      -0.14126099823301641     
 -0.29999999999999993       -1.0000000000000000      -0.18966080090153442     
 -0.19999999999999993       -1.0000000000000000      -0.16720733437378080     
  -9.9999999999999978E-002  -1.0000000000000000       -7.9545356144087892E-002
   2.7755575615628914E-017  -1.0000000000000000        3.8133241194427098E-002
  0.10000000000000009       -1.0000000000000000       0.14563267715682932     
  0.20000000000000009       -1.0000000000000000       0.19572056034546434     
  0.30000000000000016       -1.0000000000000000       0.17242057264158209     
  0.40000000000000013       -1.0000000000000000        8.1527699278404989E-002
  0.50000000000000011       -1.0000000000000000       -3.9048400538931112E-002
  0.60000000000000009       -1.0000000000000000      -0.14656231799883757     
  0.70000000000000007       -1.0000000000000000      -0.19654912145209125     
  0.80000000000000004       -1.0000000000000000      -0.17338494661674780     
  0.90000000000000002       -1.0000000000000000       -8.2467001226082207E-002
   1.0000000000000000       -1.0000000000000000        3.7410994975082934E-002
  -1.0000000000000000      -0.90000000000000002       0.14051472356212499     
 -0.90000000000000002      -0.90000000000000002       0.50266814689924977     
 -0.80000000000000004      -0.90000000000000002       0.67432278767354759     
 -0.69999999999999996      -0.90000000000000002       0.59334188722719872     
 -0.59999999999999998      -0.90000000000000002       0.28042372718009656     
 -0.49999999999999994      -0.90000000000000002      -0.13584059632508513     
 -0.39999999999999991      -0.90000000000000002      -0.50532579658711319     
 -0.29999999999999993      -0.90000000000000002      -0.67739327679865269     
 -0.19999999999999993      -0.90000000000000002      -0.59639530599616775     
  -9.9999999999999978E-002 -0.90000000000000002      -0.28280471512115019     
   2.7755575615628914E-017 -0.90000000000000002       0.13754081418128233     
  0.10000000000000009      -0.90000000000000002       0.52097373678663095     
  0.20000000000000009      -0.90000000000000002       0.69903633175464430     
  0.30000000000000016      -0.90000000000000002       0.61498421771795198     
  0.40000000000000013      -0.90000000000000002       0.28983655961534360     
  0.50000000000000011      -0.90000000000000002      -0.14081554155552328     
  0.60000000000000009      -0.90000000000000002      -0.52429741601621216     
  0.70000000000000007      -0.90000000000000002      -0.70199628702753170     
  0.80000000000000004      -0.90000000000000002      -0.61842996639770764     
  0.90000000000000002      -0.90000000000000002      -0.29319153408834275     
   1.0000000000000000      -0.90000000000000002       0.13494451570546667     
  -1.0000000000000000      -0.80000000000000004       0.18880216765806970     
 -0.90000000000000002      -0.80000000000000004       0.67432278767354736     
 -0.80000000000000004      -0.80000000000000004       0.90429613849012935     
 -0.69999999999999996      -0.80000000000000004       0.79547613632568703     
 -0.59999999999999998      -0.80000000000000004       0.37570305034470819     
 -0.49999999999999994      -0.80000000000000004      -0.18252701616600459     
 -0.39999999999999991      -0.80000000000000004      -0.67788467732437441     
 -0.29999999999999993      -0.80000000000000004      -0.90841484864246003     
 -0.19999999999999993      -0.80000000000000004      -0.79957131518562063     
  -9.9999999999999978E-002 -0.80000000000000004      -0.37889515913048438     
   2.7755575615628914E-017 -0.80000000000000004       0.18481929147034126     
  0.10000000000000009      -0.80000000000000004       0.69887866073685845     
  0.20000000000000009      -0.80000000000000004       0.93743915700392577     
  0.30000000000000016      -0.80000000000000004       0.82449140706804747     
  0.40000000000000013      -0.80000000000000004       0.38831185027177834     
  0.50000000000000011      -0.80000000000000004      -0.18921254250428207     
  0.60000000000000009      -0.80000000000000004      -0.70333679406969418     
  0.70000000000000007      -0.80000000000000004      -0.94140877314387128     
  0.80000000000000004      -0.80000000000000004      -0.82911269366639873     
  0.90000000000000002      -0.80000000000000004      -0.39281106603024679     
   1.0000000000000000      -0.80000000000000004       0.18133292414129648     
  -1.0000000000000000      -0.69999999999999996       0.16635283204084761     
 -0.90000000000000002      -0.69999999999999996       0.59334188722719816     
 -0.80000000000000004      -0.69999999999999996       0.79547613632568459     
 -0.69999999999999996      -0.69999999999999996       0.69958769078773508     
 -0.59999999999999998      -0.69999999999999996       0.33022796620631284     
 -0.49999999999999994      -0.69999999999999996      -0.16082767714114107     
 -0.39999999999999991      -0.69999999999999996      -0.59647357301774862     
 -0.29999999999999993      -0.69999999999999996      -0.79909999161484568     
 -0.19999999999999993      -0.69999999999999996      -0.70319037381115190     
  -9.9999999999999978E-002 -0.69999999999999996      -0.33303528213248040     
   2.7755575615628914E-017 -0.69999999999999996       0.16285313523194406     
  0.10000000000000009      -0.69999999999999996       0.61494817235957144     
  0.20000000000000009      -0.69999999999999996       0.82463163441281528     
  0.30000000000000016      -0.69999999999999996       0.72510541938702600     
  0.40000000000000013      -0.69999999999999996       0.34130895266383626     
  0.50000000000000011      -0.69999999999999996      -0.16671897364982369     
  0.60000000000000009      -0.69999999999999996      -0.61887052017635846     
  0.70000000000000007      -0.69999999999999996      -0.82812369879313363     
  0.80000000000000004      -0.69999999999999996      -0.72917088256153773     
  0.90000000000000002      -0.69999999999999996      -0.34526678416734796     
   1.0000000000000000      -0.69999999999999996       0.15978289102324258     
  -1.0000000000000000      -0.59999999999999998        7.8877795915949428E-002
 -0.90000000000000002      -0.59999999999999998       0.28042372718010061     
 -0.80000000000000004      -0.59999999999999998       0.37570305034473389     
 -0.69999999999999996      -0.59999999999999998       0.33022796620631512     
 -0.59999999999999998      -0.59999999999999998       0.15566428048309322     
 -0.49999999999999994      -0.59999999999999998       -7.6262394203488446E-002
 -0.39999999999999991      -0.59999999999999998      -0.28190101611319340     
 -0.29999999999999993      -0.59999999999999998      -0.37741548459343993     
 -0.19999999999999993      -0.59999999999999998      -0.33192986014231912     
  -9.9999999999999978E-002 -0.59999999999999998      -0.15698941386864149     
   2.7755575615628914E-017 -0.59999999999999998        7.7229344185392582E-002
  0.10000000000000009      -0.59999999999999998       0.29063452616991198     
  0.20000000000000009      -0.59999999999999998       0.38947409590277099     
  0.30000000000000016      -0.59999999999999998       0.34227318333489226     
  0.40000000000000013      -0.59999999999999998       0.16088580060504140     
  0.50000000000000011      -0.59999999999999998       -7.9056615519228504E-002
  0.60000000000000009      -0.59999999999999998      -0.29248784041455339     
  0.70000000000000007      -0.59999999999999998      -0.39112355513468627     
  0.80000000000000004      -0.59999999999999998      -0.34419362809384751     
  0.90000000000000002      -0.59999999999999998      -0.16275512449872728     
   1.0000000000000000      -0.59999999999999998        7.5775362816126152E-002
  -1.0000000000000000      -0.49999999999999994       -3.7669588553409315E-002
 -0.90000000000000002      -0.49999999999999994      -0.13584059632508508     
 -0.80000000000000004      -0.49999999999999994      -0.18252701616600350     
 -0.69999999999999996      -0.49999999999999994      -0.16082767714114174     
 -0.59999999999999998      -0.49999999999999994       -7.6262394203487183E-002
 -0.49999999999999994      -0.49999999999999994        3.6411318949336587E-002
 -0.39999999999999991      -0.49999999999999994       0.13656210457841095     
 -0.29999999999999993      -0.49999999999999994       0.18335709302480938     
 -0.19999999999999993      -0.49999999999999994       0.16165377150709884     
  -9.9999999999999978E-002 -0.49999999999999994        7.6907782630735985E-002
   2.7755575615628914E-017 -0.49999999999999994       -3.6859348282536675E-002
  0.10000000000000009      -0.49999999999999994      -0.14078831929895380     
  0.20000000000000009      -0.49999999999999994      -0.18921544580197319     
  0.30000000000000016      -0.49999999999999994      -0.16669388646740158     
  0.40000000000000013      -0.49999999999999994       -7.8824471583396574E-002
  0.50000000000000011      -0.49999999999999994        3.7744061291011960E-002
  0.60000000000000009      -0.49999999999999994       0.14168704570639734     
  0.70000000000000007      -0.49999999999999994       0.19001646502943004     
  0.80000000000000004      -0.49999999999999994       0.16762620113034593     
  0.90000000000000002      -0.49999999999999994        7.9732553429589792E-002
   1.0000000000000000      -0.49999999999999994       -3.6161187740459497E-002
  -1.0000000000000000      -0.39999999999999991      -0.14126099823297744     
 -0.90000000000000002      -0.39999999999999991      -0.50532579658710586     
 -0.80000000000000004      -0.39999999999999991      -0.67788467732434987     
 -0.69999999999999996      -0.39999999999999991      -0.59647357301774862     
 -0.59999999999999998      -0.39999999999999991      -0.28190101611316898     
 -0.49999999999999994      -0.39999999999999991       0.13656210457840962     
 -0.39999999999999991      -0.39999999999999991       0.50799746083655573     
 -0.29999999999999993      -0.39999999999999991       0.68097139697343145     
 -0.19999999999999993      -0.39999999999999991       0.59954312503947627     
  -9.9999999999999978E-002 -0.39999999999999991       0.28429457086510818     
   2.7755575615628914E-017 -0.39999999999999991      -0.13827143839942954     
  0.10000000000000009      -0.39999999999999991      -0.52372816042709758     
  0.20000000000000009      -0.39999999999999991      -0.70272877463615324     
  0.30000000000000016      -0.39999999999999991      -0.61823013304497632     
  0.40000000000000013      -0.39999999999999991      -0.29136341128694038     
  0.50000000000000011      -0.39999999999999991       0.14156348238432984     
  0.60000000000000009      -0.39999999999999991       0.52706940628140475     
  0.70000000000000007      -0.39999999999999991       0.70570436697201666     
  0.80000000000000004      -0.39999999999999991       0.62169408707503926     
  0.90000000000000002      -0.39999999999999991       0.29473610786872756     
   1.0000000000000000      -0.39999999999999991      -0.13566137475286091     
  -1.0000000000000000      -0.29999999999999993      -0.18966080090152851     
 -0.90000000000000002      -0.29999999999999993      -0.67739327679865236     
 -0.80000000000000004      -0.29999999999999993      -0.90841484864245525     
 -0.69999999999999996      -0.29999999999999993      -0.79909999161484624     
 -0.59999999999999998      -0.29999999999999993      -0.37741548459343227     
 -0.49999999999999994      -0.29999999999999993       0.18335709302480885     
 -0.39999999999999991      -0.29999999999999993       0.68097139697343378     
 -0.29999999999999993      -0.29999999999999993       0.91255231421830019     
 -0.19999999999999993      -0.29999999999999993       0.80321382094797100     
  -9.9999999999999978E-002 -0.29999999999999993       0.38062213531245426     
   2.7755575615628914E-017 -0.29999999999999993      -0.18565976573075268     
  0.10000000000000009      -0.29999999999999993      -0.70206096653472583     
  0.20000000000000009      -0.29999999999999993      -0.94170881667120576     
  0.30000000000000016      -0.29999999999999993      -0.82824744362573344     
  0.40000000000000013      -0.29999999999999993      -0.39008176255766924     
  0.50000000000000011      -0.29999999999999993       0.19007302040768168     
  0.60000000000000009      -0.29999999999999993       0.70653940162459816     
  0.70000000000000007      -0.29999999999999993       0.94569651216836903     
  0.80000000000000004      -0.29999999999999993       0.83288977699835998     
  0.90000000000000002      -0.29999999999999993       0.39460147029255693     
   1.0000000000000000      -0.29999999999999993      -0.18215753568292375     
  -1.0000000000000000      -0.19999999999999993      -0.16720733437377738     
 -0.90000000000000002      -0.19999999999999993      -0.59639530599616608     
 -0.80000000000000004      -0.19999999999999993      -0.79957131518562230     
 -0.69999999999999996      -0.19999999999999993      -0.70319037381114924     
 -0.59999999999999998      -0.19999999999999993      -0.33192986014231934     
 -0.49999999999999994      -0.19999999999999993       0.16165377150709856     
 -0.39999999999999991      -0.19999999999999993       0.59954312503948493     
 -0.29999999999999993      -0.19999999999999993       0.80321382094797300     
 -0.19999999999999993      -0.19999999999999993       0.70681160161986845     
  -9.9999999999999978E-002 -0.19999999999999993       0.33475163302829736     
   2.7755575615628914E-017 -0.19999999999999993      -0.16368959352485130     
  0.10000000000000009      -0.19999999999999993      -0.61811278437869654     
  0.20000000000000009      -0.19999999999999993      -0.82887690265011393     
  0.30000000000000016      -0.19999999999999993      -0.72883951149070281     
  0.40000000000000013      -0.19999999999999993      -0.34306796615175067     
  0.50000000000000011      -0.19999999999999993       0.16757532481814466     
  0.60000000000000009      -0.19999999999999993       0.62205531993084118     
  0.70000000000000007      -0.19999999999999993       0.83238694350051712     
  0.80000000000000004      -0.19999999999999993       0.73292590200657370     
  0.90000000000000002      -0.19999999999999993       0.34704617265484494     
   1.0000000000000000      -0.19999999999999993      -0.16060356738994594     
  -1.0000000000000000       -9.9999999999999978E-002  -7.9545356144092055E-002
 -0.90000000000000002       -9.9999999999999978E-002 -0.28280471512115130     
 -0.80000000000000004       -9.9999999999999978E-002 -0.37889515913048449     
 -0.69999999999999996       -9.9999999999999978E-002 -0.33303528213248318     
 -0.59999999999999998       -9.9999999999999978E-002 -0.15698941386864290     
 -0.49999999999999994       -9.9999999999999978E-002   7.6907782630735083E-002
 -0.39999999999999991       -9.9999999999999978E-002  0.28429457086510423     
 -0.29999999999999993       -9.9999999999999978E-002  0.38062213531245653     
 -0.19999999999999993       -9.9999999999999978E-002  0.33475163302829836     
  -9.9999999999999978E-002  -9.9999999999999978E-002  0.15832581250349032     
   2.7755575615628914E-017  -9.9999999999999978E-002  -7.7882860985032026E-002
  0.10000000000000009       -9.9999999999999978E-002 -0.29310221670696190     
  0.20000000000000009       -9.9999999999999978E-002 -0.39278320071449607     
  0.30000000000000016       -9.9999999999999978E-002 -0.34518289719436129     
  0.40000000000000013       -9.9999999999999978E-002 -0.16225539950793125     
  0.50000000000000011       -9.9999999999999978E-002   7.9725645267789483E-002
  0.60000000000000009       -9.9999999999999978E-002  0.29497127068570250     
  0.70000000000000007       -9.9999999999999978E-002  0.39444667301346853     
  0.80000000000000004       -9.9999999999999978E-002  0.34711965596577327     
  0.90000000000000002       -9.9999999999999978E-002  0.16414060549599874     
   1.0000000000000000       -9.9999999999999978E-002  -7.6416559021408287E-002
  -1.0000000000000000        2.7755575615628914E-017   3.8133241194406330E-002
 -0.90000000000000002        2.7755575615628914E-017  0.13754081418127967     
 -0.80000000000000004        2.7755575615628914E-017  0.18481929147032303     
 -0.69999999999999996        2.7755575615628914E-017  0.16285313523194381     
 -0.59999999999999998        2.7755575615628914E-017   7.7229344185373888E-002
 -0.49999999999999994        2.7755575615628914E-017  -3.6859348282538694E-002
 -0.39999999999999991        2.7755575615628914E-017 -0.13827143839942604     
 -0.29999999999999993        2.7755575615628914E-017 -0.18565976573074996     
 -0.19999999999999993        2.7755575615628914E-017 -0.16368959352485155     
  -9.9999999999999978E-002   2.7755575615628914E-017  -7.7882860985036662E-002
   2.7755575615628914E-017   2.7755575615628914E-017   3.7312690050082524E-002
  0.10000000000000009        2.7755575615628914E-017  0.14255048579946594     
  0.20000000000000009        2.7755575615628914E-017  0.19159169014647157     
  0.30000000000000016        2.7755575615628914E-017  0.16879322266352387     
  0.40000000000000013        2.7755575615628914E-017   7.9823963799560013E-002
  0.50000000000000011        2.7755575615628914E-017  -3.8208469645360198E-002
  0.60000000000000009        2.7755575615628914E-017 -0.14346047476775869     
  0.70000000000000007        2.7755575615628914E-017 -0.19240276422007827     
  0.80000000000000004        2.7755575615628914E-017 -0.16973723581724448     
  0.90000000000000002        2.7755575615628914E-017  -8.0743448546041888E-002
   1.0000000000000000        2.7755575615628914E-017   3.6605880336543814E-002
  -1.0000000000000000       0.10000000000000009       0.14563267715682859     
 -0.90000000000000002       0.10000000000000009       0.52097373678663161     
 -0.80000000000000004       0.10000000000000009       0.69887866073685656     
 -0.69999999999999996       0.10000000000000009       0.61494817235957044     
 -0.59999999999999998       0.10000000000000009       0.29063452616991048     
 -0.49999999999999994       0.10000000000000009      -0.14078831929895277     
 -0.39999999999999991       0.10000000000000009      -0.52372816042709902     
 -0.29999999999999993       0.10000000000000009      -0.70206096653472549     
 -0.19999999999999993       0.10000000000000009      -0.61811278437869654     
  -9.9999999999999978E-002  0.10000000000000009      -0.29310221670696124     
   2.7755575615628914E-017  0.10000000000000009       0.14255048579946430     
  0.10000000000000009       0.10000000000000009       0.53994595622655206     
  0.20000000000000009       0.10000000000000009       0.72449216654381843     
  0.30000000000000016       0.10000000000000009       0.63737859892460103     
  0.40000000000000013       0.10000000000000009       0.30039009277572876     
  0.50000000000000011       0.10000000000000009      -0.14594446913979825     
  0.60000000000000009       0.10000000000000009      -0.54339067187362788     
  0.70000000000000007       0.10000000000000009      -0.72755991090554795     
  0.80000000000000004       0.10000000000000009      -0.64094982772067877     
  0.90000000000000002       0.10000000000000009      -0.30386724081728500     
   1.0000000000000000       0.10000000000000009       0.13985962861943288     
  -1.0000000000000000       0.20000000000000009       0.19572056034544438     
 -0.90000000000000002       0.20000000000000009       0.69903633175464286     
 -0.80000000000000004       0.20000000000000009       0.93743915700390268     
 -0.69999999999999996       0.20000000000000009       0.82463163441281728     
 -0.59999999999999998       0.20000000000000009       0.38947409590276616     
 -0.49999999999999994       0.20000000000000009      -0.18921544580197328     
 -0.39999999999999991       0.20000000000000009      -0.70272877463614103     
 -0.29999999999999993       0.20000000000000009      -0.94170881667120765     
 -0.19999999999999993       0.20000000000000009      -0.82887690265010228     
  -9.9999999999999978E-002  0.20000000000000009      -0.39278320071449990     
   2.7755575615628914E-017  0.20000000000000009       0.19159169014646113     
  0.10000000000000009       0.20000000000000009       0.72449216654382032     
  0.20000000000000009       0.20000000000000009       0.97179688394923847     
  0.30000000000000016       0.20000000000000009       0.85471036203962791     
  0.40000000000000013       0.20000000000000009       0.40254506770014836     
  0.50000000000000011       0.20000000000000009      -0.19614595049762279     
  0.60000000000000009       0.20000000000000009      -0.72911368987438652     
  0.70000000000000007       0.20000000000000009      -0.97591198831416726     
  0.80000000000000004       0.20000000000000009      -0.85950102028268849     
  0.90000000000000002       0.20000000000000009      -0.40720918235384651     
   1.0000000000000000       0.20000000000000009       0.18797756205269370     
  -1.0000000000000000       0.30000000000000016       0.17242057264157909     
 -0.90000000000000002       0.30000000000000016       0.61498421771795164     
 -0.80000000000000004       0.30000000000000016       0.82449140706804569     
 -0.69999999999999996       0.30000000000000016       0.72510541938702522     
 -0.59999999999999998       0.30000000000000016       0.34227318333489093     
 -0.49999999999999994       0.30000000000000016      -0.16669388646739983     
 -0.39999999999999991       0.30000000000000016      -0.61823013304497765     
 -0.29999999999999993       0.30000000000000016      -0.82824744362573155     
 -0.19999999999999993       0.30000000000000016      -0.72883951149070225     
  -9.9999999999999978E-002  0.30000000000000016      -0.34518289719435913     
   2.7755575615628914E-017  0.30000000000000016       0.16879322266352584     
  0.10000000000000009       0.30000000000000016       0.63737859892460247     
  0.20000000000000009       0.30000000000000016       0.85471036203962658     
  0.30000000000000016       0.30000000000000016       0.75155391690307038     
  0.40000000000000013       0.30000000000000016       0.35375835410900180     
  0.50000000000000011       0.30000000000000016      -0.17280006865957423     
  0.60000000000000009       0.30000000000000016      -0.64144401564760500     
  0.70000000000000007       0.30000000000000016      -0.85832980067831566     
  0.80000000000000004       0.30000000000000016      -0.75576766922508987     
  0.90000000000000002       0.30000000000000016      -0.35786054889415159     
   1.0000000000000000       0.30000000000000016       0.16561099065075657     
  -1.0000000000000000       0.40000000000000013        8.1527699278412399E-002
 -0.90000000000000002       0.40000000000000013       0.28983655961534666     
 -0.80000000000000004       0.40000000000000013       0.38831185027180476     
 -0.69999999999999996       0.40000000000000013       0.34130895266383682     
 -0.59999999999999998       0.40000000000000013       0.16088580060505575     
 -0.49999999999999994       0.40000000000000013       -7.8824471583396394E-002
 -0.39999999999999991       0.40000000000000013      -0.29136341128694682     
 -0.29999999999999993       0.40000000000000013      -0.39008176255767446     
 -0.19999999999999993       0.40000000000000013      -0.34306796615175450     
  -9.9999999999999978E-002  0.40000000000000013      -0.16225539950793047     
   2.7755575615628914E-017  0.40000000000000013        7.9823963799561207E-002
  0.10000000000000009       0.40000000000000013       0.30039009277572909     
  0.20000000000000009       0.40000000000000013       0.40254506770015158     
  0.30000000000000016       0.40000000000000013       0.35375835410900264     
  0.40000000000000013       0.40000000000000013       0.16628245204201431     
  0.50000000000000011       0.40000000000000013       -8.1712571959837305E-002
  0.60000000000000009       0.40000000000000013      -0.30230561221042823     
  0.70000000000000007       0.40000000000000013      -0.40424988508589665     
  0.80000000000000004       0.40000000000000013      -0.35574325292652970     
  0.90000000000000002       0.40000000000000013      -0.16821451183257466     
   1.0000000000000000       0.40000000000000013        7.8321151635500727E-002
  -1.0000000000000000       0.50000000000000011       -3.9048400538929648E-002
 -0.90000000000000002       0.50000000000000011      -0.14081554155552156     
 -0.80000000000000004       0.50000000000000011      -0.18921254250428099     
 -0.69999999999999996       0.50000000000000011      -0.16671897364982113     
 -0.59999999999999998       0.50000000000000011       -7.9056615519226603E-002
 -0.49999999999999994       0.50000000000000011        3.7744061291012210E-002
 -0.39999999999999991       0.50000000000000011       0.14156348238433117     
 -0.29999999999999993       0.50000000000000011       0.19007302040767859     
 -0.19999999999999993       0.50000000000000011       0.16757532481814486     
  -9.9999999999999978E-002  0.50000000000000011        7.9725645267788775E-002
   2.7755575615628914E-017  0.50000000000000011       -3.8208469645359469E-002
  0.10000000000000009       0.50000000000000011      -0.14594446913979764     
  0.20000000000000009       0.50000000000000011      -0.19614595049762351     
  0.30000000000000016       0.50000000000000011      -0.17280006865957231     
  0.40000000000000013       0.50000000000000011       -8.1712571959837207E-002
  0.50000000000000011       0.50000000000000011        3.9125583252927892E-002
  0.60000000000000009       0.50000000000000011       0.14687611135217557     
  0.70000000000000007       0.50000000000000011       0.19697630865383989     
  0.80000000000000004       0.50000000000000011       0.17376653078175305     
  0.90000000000000002       0.50000000000000011        8.2653914539824111E-002
   1.0000000000000000       0.50000000000000011       -3.7484748977167456E-002
  -1.0000000000000000       0.60000000000000009      -0.14656231799881353     
 -0.90000000000000002       0.60000000000000009      -0.52429741601620716     
 -0.80000000000000004       0.60000000000000009      -0.70333679406965433     
 -0.69999999999999996       0.60000000000000009      -0.61887052017635780     
 -0.59999999999999998       0.60000000000000009      -0.29248784041453701     
 -0.49999999999999994       0.60000000000000009       0.14168704570639840     
 -0.39999999999999991       0.60000000000000009       0.52706940628138832     
 -0.29999999999999993       0.60000000000000009       0.70653940162459328     
 -0.19999999999999993       0.60000000000000009       0.62205531993082386     
  -9.9999999999999978E-002  0.60000000000000009       0.29497127068570422     
   2.7755575615628914E-017  0.60000000000000009      -0.14346047476774926     
  0.10000000000000009       0.60000000000000009      -0.54339067187362833     
  0.20000000000000009       0.60000000000000009      -0.72911368987437819     
  0.30000000000000016       0.60000000000000009      -0.64144401564760312     
  0.40000000000000013       0.60000000000000009      -0.30230561221042235     
  0.50000000000000011       0.60000000000000009       0.14687611135217551     
  0.60000000000000009       0.60000000000000009       0.54685736297129162     
  0.70000000000000007       0.60000000000000009       0.73220100364594376     
  0.80000000000000004       0.60000000000000009       0.64503802594117998     
  0.90000000000000002       0.60000000000000009       0.30580494100389521     
   1.0000000000000000       0.60000000000000009      -0.14075244446103766     
  -1.0000000000000000       0.70000000000000007      -0.19654912145208864     
 -0.90000000000000002       0.70000000000000007      -0.70199628702753014     
 -0.80000000000000004       0.70000000000000007      -0.94140877314387161     
 -0.69999999999999996       0.70000000000000007      -0.82812369879313119     
 -0.59999999999999998       0.70000000000000007      -0.39112355513468511     
 -0.49999999999999994       0.70000000000000007       0.19001646502942790     
 -0.39999999999999991       0.70000000000000007       0.70570436697202232     
 -0.29999999999999993       0.70000000000000007       0.94569651216836403     
 -0.19999999999999993       0.70000000000000007       0.83238694350051989     
  -9.9999999999999978E-002  0.70000000000000007       0.39444667301346564     
   2.7755575615628914E-017  0.70000000000000007      -0.19240276422008021     
  0.10000000000000009       0.70000000000000007      -0.72755991090554695     
  0.20000000000000009       0.70000000000000007      -0.97591198831416881     
  0.30000000000000016       0.70000000000000007      -0.85832980067831255     
  0.40000000000000013       0.70000000000000007      -0.40424988508589521     
  0.50000000000000011       0.70000000000000007       0.19697630865384216     
  0.60000000000000009       0.70000000000000007       0.73220100364594964     
  0.70000000000000007       0.70000000000000007       0.98004451810936644     
  0.80000000000000004       0.70000000000000007       0.86314074487537107     
  0.90000000000000002       0.70000000000000007       0.40893375004991123     
   1.0000000000000000       0.70000000000000007      -0.18877333478505451     
  -1.0000000000000000       0.80000000000000004      -0.17338494661673912     
 -0.90000000000000002       0.80000000000000004      -0.61842996639770698     
 -0.80000000000000004       0.80000000000000004      -0.82911269366640150     
 -0.69999999999999996       0.80000000000000004      -0.72917088256154095     
 -0.59999999999999998       0.80000000000000004      -0.34419362809384407     
 -0.49999999999999994       0.80000000000000004       0.16762620113034618     
 -0.39999999999999991       0.80000000000000004       0.62169408707504481     
 -0.29999999999999993       0.80000000000000004       0.83288977699836597     
 -0.19999999999999993       0.80000000000000004       0.73292590200656493     
  -9.9999999999999978E-002  0.80000000000000004       0.34711965596577515     
   2.7755575615628914E-017  0.80000000000000004      -0.16973723581724495     
  0.10000000000000009       0.80000000000000004      -0.64094982772068076     
  0.20000000000000009       0.80000000000000004      -0.85950102028269160     
  0.30000000000000016       0.80000000000000004      -0.75576766922509298     
  0.40000000000000013       0.80000000000000004      -0.35574325292652009     
  0.50000000000000011       0.80000000000000004       0.17376653078175400     
  0.60000000000000009       0.80000000000000004       0.64503802594119153     
  0.70000000000000007       0.80000000000000004       0.86314074487537173     
  0.80000000000000004       0.80000000000000004       0.76000503752626081     
  0.90000000000000002       0.80000000000000004       0.35986844030151194     
   1.0000000000000000       0.80000000000000004      -0.16653719320376753     
  -1.0000000000000000       0.90000000000000002       -8.2467001226083761E-002
 -0.90000000000000002       0.90000000000000002      -0.29319153408834175     
 -0.80000000000000004       0.90000000000000002      -0.39281106603024218     
 -0.69999999999999996       0.90000000000000002      -0.34526678416734868     
 -0.59999999999999998       0.90000000000000002      -0.16275512449872878     
 -0.49999999999999994       0.90000000000000002        7.9732553429587710E-002
 -0.39999999999999991       0.90000000000000002       0.29473610786872301     
 -0.29999999999999993       0.90000000000000002       0.39460147029255732     
 -0.19999999999999993       0.90000000000000002       0.34704617265484650     
  -9.9999999999999978E-002  0.90000000000000002       0.16414060549599735     
   2.7755575615628914E-017  0.90000000000000002       -8.0743448546041527E-002
  0.10000000000000009       0.90000000000000002      -0.30386724081728467     
  0.20000000000000009       0.90000000000000002      -0.40720918235384107     
  0.30000000000000016       0.90000000000000002      -0.35786054889415086     
  0.40000000000000013       0.90000000000000002      -0.16821451183257402     
  0.50000000000000011       0.90000000000000002        8.2653914539824402E-002
  0.60000000000000009       0.90000000000000002       0.30580494100389161     
  0.70000000000000007       0.90000000000000002       0.40893375004991211     
  0.80000000000000004       0.90000000000000002       0.35986844030150905     
  0.90000000000000002       0.90000000000000002       0.17016895691874490     
   1.0000000000000000       0.90000000000000002       -7.9223291163613582E-002
  -1.0000000000000000        1.0000000000000000        3.7410994975053347E-002
 -0.90000000000000002        1.0000000000000000       0.13494451570546370     
 -0.80000000000000004        1.0000000000000000       0.18133292414127725     
 -0.69999999999999996        1.0000000000000000       0.15978289102324239     
 -0.59999999999999998        1.0000000000000000        7.5775362816099714E-002
 -0.49999999999999994        1.0000000000000000       -3.6161187740461544E-002
 -0.39999999999999991        1.0000000000000000      -0.13566137475286616     
 -0.29999999999999993        1.0000000000000000      -0.18215753568291906     
 -0.19999999999999993        1.0000000000000000      -0.16060356738994544     
  -9.9999999999999978E-002   1.0000000000000000       -7.6416559021410230E-002
   2.7755575615628914E-017   1.0000000000000000        3.6605880336550975E-002
  0.10000000000000009        1.0000000000000000       0.13985962861943213     
  0.20000000000000009        1.0000000000000000       0.18797756205270477     
  0.30000000000000016        1.0000000000000000       0.16561099065075574     
  0.40000000000000013        1.0000000000000000        7.8321151635495703E-002
  0.50000000000000011        1.0000000000000000       -3.7484748977165853E-002
  0.60000000000000009        1.0000000000000000      -0.14075244446105273     
  0.70000000000000007        1.0000000000000000      -0.18877333478505331     
  0.80000000000000004        1.0000000000000000      -0.16653719320376317     
  0.90000000000000002        1.0000000000000000       -7.9223291163615692E-002
   1.0000000000000000        1.0000000000000000        3.5912440603014420E-002
