  -1.0000000000000000       -1.0000000000000000       0.67393979650929436     
 -0.90000000000000002       -1.0000000000000000       0.79102886888951629     
 -0.80000000000000004       -1.0000000000000000       0.61543679369820925     
 -0.69999999999999996       -1.0000000000000000       0.21622247696753813     
 -0.59999999999999998       -1.0000000000000000      -0.28537275665000517     
 -0.49999999999999994       -1.0000000000000000      -0.68093293846216552     
 -0.39999999999999991       -1.0000000000000000      -0.82254544497673365     
 -0.29999999999999993       -1.0000000000000000      -0.64481478087504385     
 -0.19999999999999993       -1.0000000000000000      -0.22766402849425144     
  -9.9999999999999978E-002  -1.0000000000000000       0.28242470791755164     
   2.7755575615628914E-017  -1.0000000000000000       0.67665364086190805     
  0.10000000000000009       -1.0000000000000000       0.81930030327337344     
  0.20000000000000009       -1.0000000000000000       0.63988080975724471     
  0.30000000000000016       -1.0000000000000000       0.22386705652781180     
  0.40000000000000013       -1.0000000000000000      -0.28797577206003627     
  0.50000000000000011       -1.0000000000000000      -0.68101236831399325     
  0.60000000000000009       -1.0000000000000000      -0.82540880254531668     
  0.70000000000000007       -1.0000000000000000      -0.64488781204450529     
  0.80000000000000004       -1.0000000000000000      -0.23071881724526636     
  0.90000000000000002       -1.0000000000000000       0.28164969747925800     
   1.0000000000000000       -1.0000000000000000       0.66316717851047702     
  -1.0000000000000000      -0.90000000000000002       0.79102886888951196     
 -0.90000000000000002      -0.90000000000000002       0.92837782280218928     
 -0.80000000000000004      -0.90000000000000002       0.72222719963218074     
 -0.69999999999999996      -0.90000000000000002       0.25365369767961088     
 -0.59999999999999998      -0.90000000000000002      -0.33503971934398558     
 -0.49999999999999994      -0.90000000000000002      -0.79923760505054553     
 -0.39999999999999991      -0.90000000000000002      -0.96536656126226228     
 -0.29999999999999993      -0.90000000000000002      -0.75670411525794534     
 -0.19999999999999993      -0.90000000000000002      -0.26707699109442029     
  -9.9999999999999978E-002 -0.90000000000000002       0.33157964198970979     
   2.7755575615628914E-017 -0.90000000000000002       0.79421632304895073     
  0.10000000000000009      -0.90000000000000002       0.96155821041970080     
  0.20000000000000009      -0.90000000000000002       0.75091401313686634     
  0.30000000000000016      -0.90000000000000002       0.26262133177414393     
  0.40000000000000013      -0.90000000000000002      -0.33809409531199114     
  0.50000000000000011      -0.90000000000000002      -0.79933081806792383     
  0.60000000000000009      -0.90000000000000002      -0.96872686246384021     
  0.70000000000000007      -0.90000000000000002      -0.75678980166646770     
  0.80000000000000004      -0.90000000000000002      -0.27066231938497204     
  0.90000000000000002      -0.90000000000000002       0.33066986061288894     
   1.0000000000000000      -0.90000000000000002       0.77838591053435047     
  -1.0000000000000000      -0.80000000000000004       0.61543679369818949     
 -0.90000000000000002      -0.80000000000000004       0.72222719963218329     
 -0.80000000000000004      -0.80000000000000004       0.56179435503794539     
 -0.69999999999999996      -0.80000000000000004       0.19723414352956767     
 -0.59999999999999998      -0.80000000000000004      -0.26074098855027728     
 -0.49999999999999994      -0.80000000000000004      -0.62182388114215892     
 -0.39999999999999991      -0.80000000000000004      -0.75100227740682535     
 -0.29999999999999993      -0.80000000000000004      -0.58861376746129845     
 -0.19999999999999993      -0.80000000000000004      -0.20767260849426095     
  -9.9999999999999978E-002 -0.80000000000000004       0.25804911174641981     
   2.7755575615628914E-017 -0.80000000000000004       0.61791847828857926     
  0.10000000000000009      -0.80000000000000004       0.74803980399793257     
  0.20000000000000009      -0.80000000000000004       0.58410986552070854     
  0.30000000000000016      -0.80000000000000004       0.20420684924858826     
  0.40000000000000013      -0.80000000000000004      -0.26311661228978062     
  0.50000000000000011      -0.80000000000000004      -0.62189638860994534     
  0.60000000000000009      -0.80000000000000004      -0.75361621371685994     
  0.70000000000000007      -0.80000000000000004      -0.58868040539199107     
  0.80000000000000004      -0.80000000000000004      -0.21046190452785993     
  0.90000000000000002      -0.80000000000000004       0.25734118019745550     
   1.0000000000000000      -0.80000000000000004       0.60560138525489038     
  -1.0000000000000000      -0.69999999999999996       0.21622247696754160     
 -0.90000000000000002      -0.69999999999999996       0.25365369767961193     
 -0.80000000000000004      -0.69999999999999996       0.19723414352956647     
 -0.69999999999999996      -0.69999999999999996        6.9152130971533943E-002
 -0.59999999999999998      -0.69999999999999996       -9.1698298947687912E-002
 -0.49999999999999994      -0.69999999999999996      -0.21846711680055664     
 -0.39999999999999991      -0.69999999999999996      -0.26375962990240281     
 -0.29999999999999993      -0.69999999999999996      -0.20665121439261350     
 -0.19999999999999993      -0.69999999999999996       -7.2813059064042979E-002
  -9.9999999999999978E-002 -0.69999999999999996        9.0752726185338958E-002
   2.7755575615628914E-017 -0.69999999999999996       0.21709660199004777     
  0.10000000000000009      -0.69999999999999996       0.26271944845580786     
  0.20000000000000009      -0.69999999999999996       0.20507000023267538     
  0.30000000000000016      -0.69999999999999996        7.1596475381968200E-002
  0.40000000000000013      -0.69999999999999996       -9.2531998579852268E-002
  0.50000000000000011      -0.69999999999999996      -0.21849257319607560     
  0.60000000000000009      -0.69999999999999996      -0.26467742787374016     
  0.70000000000000007      -0.69999999999999996      -0.20667459148529516     
  0.80000000000000004      -0.69999999999999996       -7.3792822450650067E-002
  0.90000000000000002      -0.69999999999999996        9.0503878440978930E-002
   1.0000000000000000      -0.69999999999999996       0.21276833232582074     
  -1.0000000000000000      -0.59999999999999998      -0.28537275664998635     
 -0.90000000000000002      -0.59999999999999998      -0.33503971934397769     
 -0.80000000000000004      -0.59999999999999998      -0.26074098855025402     
 -0.69999999999999996      -0.59999999999999998       -9.1698298947685913E-002
 -0.59999999999999998      -0.59999999999999998       0.12074724975877167     
 -0.49999999999999994      -0.59999999999999998       0.28833328221563248     
 -0.39999999999999991      -0.59999999999999998       0.34838871535350718     
 -0.29999999999999993      -0.59999999999999998       0.27318617896634395     
 -0.19999999999999993      -0.59999999999999998        9.6549480096870394E-002
  -9.9999999999999978E-002 -0.59999999999999998      -0.11949876192525491     
   2.7755575615628914E-017 -0.59999999999999998      -0.28651969599365895     
  0.10000000000000009      -0.59999999999999998      -0.34701397046040361     
  0.20000000000000009      -0.59999999999999998      -0.27109580174239839     
  0.30000000000000016      -0.59999999999999998       -9.4940654269096286E-002
  0.40000000000000013      -0.59999999999999998       0.12185039305768794     
  0.50000000000000011      -0.59999999999999998       0.28836693357072291     
  0.60000000000000009      -0.59999999999999998       0.34960172975368087     
  0.70000000000000007      -0.59999999999999998       0.27321713785237023     
  0.80000000000000004      -0.59999999999999998        9.7843201348533831E-002
  0.90000000000000002      -0.59999999999999998      -0.11917071957655825     
   1.0000000000000000      -0.59999999999999998      -0.28080987028467119     
  -1.0000000000000000      -0.49999999999999994      -0.68093293846216552     
 -0.90000000000000002      -0.49999999999999994      -0.79923760505054597     
 -0.80000000000000004      -0.49999999999999994      -0.62182388114215736     
 -0.69999999999999996      -0.49999999999999994      -0.21846711680055855     
 -0.59999999999999998      -0.49999999999999994       0.28833328221563231     
 -0.49999999999999994      -0.49999999999999994       0.68799864021315849     
 -0.39999999999999991      -0.49999999999999994       0.83108123903117570     
 -0.29999999999999993      -0.49999999999999994       0.65150674764005478     
 -0.19999999999999993      -0.49999999999999994       0.23002743709969523     
  -9.9999999999999978E-002 -0.49999999999999994      -0.28535464185421922     
   2.7755575615628914E-017 -0.49999999999999994      -0.68367492730873836     
  0.10000000000000009      -0.49999999999999994      -0.82780241963676482     
  0.20000000000000009      -0.49999999999999994      -0.64652157100169505     
  0.30000000000000016      -0.49999999999999994      -0.22619105843987269     
  0.40000000000000013      -0.49999999999999994       0.29096331442937878     
  0.50000000000000011      -0.49999999999999994       0.68807889439365866     
  0.60000000000000009      -0.49999999999999994       0.83397431220125107     
  0.70000000000000007      -0.49999999999999994       0.65158053686440798     
  0.80000000000000004      -0.49999999999999994       0.23311392534085307     
  0.90000000000000002      -0.49999999999999994      -0.28457159042758123     
   1.0000000000000000      -0.49999999999999994      -0.67004852883362087     
  -1.0000000000000000      -0.39999999999999991      -0.82254544497670323     
 -0.90000000000000002      -0.39999999999999991      -0.96536656126225262     
 -0.80000000000000004      -0.39999999999999991      -0.75100227740680181     
 -0.69999999999999996      -0.39999999999999991      -0.26375962990240348     
 -0.59999999999999998      -0.39999999999999991       0.34838871535351823     
 -0.49999999999999994      -0.39999999999999991       0.83108123903117326     
 -0.39999999999999991      -0.39999999999999991        1.0038290170379960     
 -0.29999999999999993      -0.39999999999999991       0.78685282968107073     
 -0.19999999999999993      -0.39999999999999991       0.27771772892548330     
  -9.9999999999999978E-002 -0.39999999999999991      -0.34479078015829895     
   2.7755575615628914E-017 -0.39999999999999991      -0.82585989950912853     
  0.10000000000000009      -0.39999999999999991      -0.99986893311516045     
  0.20000000000000009      -0.39999999999999991      -0.78083203750680519     
  0.30000000000000016      -0.39999999999999991      -0.27308454692751943     
  0.40000000000000013      -0.39999999999999991       0.35156478358339416     
  0.50000000000000011      -0.39999999999999991       0.83117816585499082     
  0.60000000000000009      -0.39999999999999991        1.0073232000156302     
  0.70000000000000007      -0.39999999999999991       0.78694192998551571     
  0.80000000000000004      -0.39999999999999991       0.28144590531368890     
  0.90000000000000002      -0.39999999999999991      -0.34384475056749586     
   1.0000000000000000      -0.39999999999999991      -0.80939876197135874     
  -1.0000000000000000      -0.29999999999999993      -0.64481478087504118     
 -0.90000000000000002      -0.29999999999999993      -0.75670411525794634     
 -0.80000000000000004      -0.29999999999999993      -0.58861376746129623     
 -0.69999999999999996      -0.29999999999999993      -0.20665121439261308     
 -0.59999999999999998      -0.29999999999999993       0.27318617896634589     
 -0.49999999999999994      -0.29999999999999993       0.65150674764005556     
 -0.39999999999999991      -0.29999999999999993       0.78685282968107462     
 -0.29999999999999993      -0.29999999999999993       0.61671348818045091     
 -0.19999999999999993      -0.29999999999999993       0.21758805457263442     
  -9.9999999999999978E-002 -0.29999999999999993      -0.27036580248868725     
   2.7755575615628914E-017 -0.29999999999999993      -0.64741489683324938     
  0.10000000000000009      -0.29999999999999993      -0.78374893294990955     
  0.20000000000000009      -0.29999999999999993      -0.61199457501542076     
  0.30000000000000016      -0.29999999999999993      -0.21395684151213909     
  0.40000000000000013      -0.29999999999999993       0.27567521703895659     
  0.50000000000000011      -0.29999999999999993       0.65158271652230071     
  0.60000000000000009      -0.29999999999999993       0.78959155083544719     
  0.70000000000000007      -0.29999999999999993       0.61678330759062261     
  0.80000000000000004      -0.29999999999999993       0.22051050112556358     
  0.90000000000000002      -0.29999999999999993      -0.26962407956585627     
   1.0000000000000000      -0.29999999999999993      -0.63450985792864367     
  -1.0000000000000000      -0.19999999999999993      -0.22766402849426023     
 -0.90000000000000002      -0.19999999999999993      -0.26707699109441879     
 -0.80000000000000004      -0.19999999999999993      -0.20767260849427119     
 -0.69999999999999996      -0.19999999999999993       -7.2813059064045227E-002
 -0.59999999999999998      -0.19999999999999993        9.6549480096851978E-002
 -0.49999999999999994      -0.19999999999999993       0.23002743709968948     
 -0.39999999999999991      -0.19999999999999993       0.27771772892547991     
 -0.29999999999999993      -0.19999999999999993       0.21758805457263139     
 -0.19999999999999993      -0.19999999999999993        7.6667784246675794E-002
  -9.9999999999999978E-002 -0.19999999999999993       -9.5553869727885821E-002
   2.7755575615628914E-017 -0.19999999999999993      -0.22858438181520171     
  0.10000000000000009      -0.19999999999999993      -0.27662249810432415     
  0.20000000000000009      -0.19999999999999993      -0.21592315574458856     
  0.30000000000000016      -0.19999999999999993       -7.5386811767883824E-002
  0.40000000000000013      -0.19999999999999993        9.7427306595948990E-002
  0.50000000000000011      -0.19999999999999993       0.23005424074876735     
  0.60000000000000009      -0.19999999999999993       0.27868409945298894     
  0.70000000000000007      -0.19999999999999993       0.21761266909559071     
  0.80000000000000004      -0.19999999999999993        7.7699394885083706E-002
  0.90000000000000002      -0.19999999999999993       -9.5291855581660409E-002
   1.0000000000000000      -0.19999999999999993      -0.22402708951251796     
  -1.0000000000000000       -9.9999999999999978E-002  0.28242470791754876     
 -0.90000000000000002       -9.9999999999999978E-002  0.33157964198970763     
 -0.80000000000000004       -9.9999999999999978E-002  0.25804911174642037     
 -0.69999999999999996       -9.9999999999999978E-002   9.0752726185339000E-002
 -0.59999999999999998       -9.9999999999999978E-002 -0.11949876192525578     
 -0.49999999999999994       -9.9999999999999978E-002 -0.28535464185421933     
 -0.39999999999999991       -9.9999999999999978E-002 -0.34479078015830150     
 -0.29999999999999993       -9.9999999999999978E-002 -0.27036580248868614     
 -0.19999999999999993       -9.9999999999999978E-002  -9.5553869727887042E-002
  -9.9999999999999978E-002  -9.9999999999999978E-002  0.11826316960163427     
   2.7755575615628914E-017  -9.9999999999999978E-002  0.28355977189122306     
  0.10000000000000009       -9.9999999999999978E-002  0.34343022949105517     
  0.20000000000000009       -9.9999999999999978E-002  0.26829700606417606     
  0.30000000000000016       -9.9999999999999978E-002   9.3961651286679646E-002
  0.40000000000000013       -9.9999999999999978E-002 -0.12059052044159588     
  0.50000000000000011       -9.9999999999999978E-002 -0.28538794578610710     
  0.60000000000000009       -9.9999999999999978E-002 -0.34599127024050985     
  0.70000000000000007       -9.9999999999999978E-002 -0.27039644197443430     
  0.80000000000000004       -9.9999999999999978E-002  -9.6834228642395506E-002
  0.90000000000000002       -9.9999999999999978E-002  0.11793851766072806     
   1.0000000000000000       -9.9999999999999978E-002  0.27790894234202385     
  -1.0000000000000000        2.7755575615628914E-017  0.67665364086187063     
 -0.90000000000000002        2.7755575615628914E-017  0.79421632304894885     
 -0.80000000000000004        2.7755575615628914E-017  0.61791847828855506     
 -0.69999999999999996        2.7755575615628914E-017  0.21709660199004702     
 -0.59999999999999998        2.7755575615628914E-017 -0.28651969599367505     
 -0.49999999999999994        2.7755575615628914E-017 -0.68367492730874280     
 -0.39999999999999991        2.7755575615628914E-017 -0.82585989950912753     
 -0.29999999999999993        2.7755575615628914E-017 -0.64741489683325015     
 -0.19999999999999993        2.7755575615628914E-017 -0.22858438181520629     
  -9.9999999999999978E-002   2.7755575615628914E-017  0.28355977189122344     
   2.7755575615628914E-017   2.7755575615628914E-017  0.67937835968136140     
  0.10000000000000009        2.7755575615628914E-017  0.82260167498648107     
  0.20000000000000009        2.7755575615628914E-017  0.64246102972613839     
  0.30000000000000016        2.7755575615628914E-017  0.22477209483571267     
  0.40000000000000013        2.7755575615628914E-017 -0.28913321578665852     
  0.50000000000000011        2.7755575615628914E-017 -0.68375467743926999     
  0.60000000000000009        2.7755575615628914E-017 -0.82873480085369999     
  0.70000000000000007        2.7755575615628914E-017 -0.64748822292862329     
  0.80000000000000004        2.7755575615628914E-017 -0.23165147663286140     
  0.90000000000000002        2.7755575615628914E-017  0.28278164372182701     
   1.0000000000000000        2.7755575615628914E-017  0.66583761088196891     
  -1.0000000000000000       0.10000000000000009       0.81930030327337067     
 -0.90000000000000002       0.10000000000000009       0.96155821041969913     
 -0.80000000000000004       0.10000000000000009       0.74803980399793113     
 -0.69999999999999996       0.10000000000000009       0.26271944845580830     
 -0.59999999999999998       0.10000000000000009      -0.34701397046040483     
 -0.49999999999999994       0.10000000000000009      -0.82780241963676238     
 -0.39999999999999991       0.10000000000000009      -0.99986893311516356     
 -0.29999999999999993       0.10000000000000009      -0.78374893294990777     
 -0.19999999999999993       0.10000000000000009      -0.27662249810432804     
  -9.9999999999999978E-002  0.10000000000000009       0.34343022949105628     
   2.7755575615628914E-017  0.10000000000000009       0.82260167498647974     
  0.10000000000000009       0.10000000000000009       0.99592447086111890     
  0.20000000000000009       0.10000000000000009       0.77775189093193020     
  0.30000000000000016       0.10000000000000009       0.27200759208149755     
  0.40000000000000013       0.10000000000000009      -0.35017751103147293     
  0.50000000000000011       0.10000000000000009      -0.82789896411330266     
  0.60000000000000009       0.10000000000000009       -1.0033493323293698     
  0.70000000000000007       0.10000000000000009      -0.78383768183363078     
  0.80000000000000004       0.10000000000000009      -0.28033596652348408     
  0.90000000000000002       0.10000000000000009       0.34248793258890931     
   1.0000000000000000       0.10000000000000009       0.80620548318825958     
  -1.0000000000000000       0.20000000000000009       0.63988080975722017     
 -0.90000000000000002       0.20000000000000009       0.75091401313686701     
 -0.80000000000000004       0.20000000000000009       0.58410986552070199     
 -0.69999999999999996       0.20000000000000009       0.20507000023267988     
 -0.59999999999999998       0.20000000000000009      -0.27109580174237885     
 -0.49999999999999994       0.20000000000000009      -0.64652157100169494     
 -0.39999999999999991       0.20000000000000009      -0.78083203750679742     
 -0.29999999999999993       0.20000000000000009      -0.61199457501542365     
 -0.19999999999999993       0.20000000000000009      -0.21592315574459575     
  -9.9999999999999978E-002  0.20000000000000009       0.26829700606417378     
   2.7755575615628914E-017  0.20000000000000009       0.64246102972612495     
  0.10000000000000009       0.20000000000000009       0.77775189093193065     
  0.20000000000000009       0.20000000000000009       0.60731176962313027     
  0.30000000000000016       0.20000000000000009       0.21231972762201262     
  0.40000000000000013       0.20000000000000009      -0.27356579447627910     
  0.50000000000000011       0.20000000000000009      -0.64659695859357380     
  0.60000000000000009       0.20000000000000009      -0.78354980275031971     
  0.70000000000000007       0.20000000000000009      -0.61206386019192716     
  0.80000000000000004       0.20000000000000009      -0.21882324046524343     
  0.90000000000000002       0.20000000000000009       0.26756095865483281     
   1.0000000000000000       0.20000000000000009       0.62965473731096777     
  -1.0000000000000000       0.30000000000000016       0.22386705652781166     
 -0.90000000000000002       0.30000000000000016       0.26262133177414387     
 -0.80000000000000004       0.30000000000000016       0.20420684924858781     
 -0.69999999999999996       0.30000000000000016        7.1596475381968228E-002
 -0.59999999999999998       0.30000000000000016       -9.4940654269094260E-002
 -0.49999999999999994       0.30000000000000016      -0.22619105843987058     
 -0.39999999999999991       0.30000000000000016      -0.27308454692751771     
 -0.29999999999999993       0.30000000000000016      -0.21395684151213842     
 -0.19999999999999993       0.30000000000000016       -7.5386811767882755E-002
  -9.9999999999999978E-002  0.30000000000000016        9.3961651286679729E-002
   2.7755575615628914E-017  0.30000000000000016       0.22477209483571181     
  0.10000000000000009       0.30000000000000016       0.27200759208149766     
  0.20000000000000009       0.30000000000000016       0.21231972762201071     
  0.30000000000000016       0.30000000000000016        7.4127219557592591E-002
  0.40000000000000013       0.30000000000000016       -9.5803825958854186E-002
  0.50000000000000011       0.30000000000000016      -0.22621741478182786     
  0.60000000000000009       0.30000000000000016      -0.27403479165660621     
  0.70000000000000007       0.30000000000000016      -0.21398104497313242     
  0.80000000000000004       0.30000000000000016       -7.6401214069287710E-002
  0.90000000000000002       0.30000000000000016        9.3704005005965887E-002
   1.0000000000000000       0.30000000000000016       0.22029079519077899     
  -1.0000000000000000       0.40000000000000013      -0.28797577205999669     
 -0.90000000000000002       0.40000000000000013      -0.33809409531198537     
 -0.80000000000000004       0.40000000000000013      -0.26311661228976302     
 -0.69999999999999996       0.40000000000000013       -9.2531998579848437E-002
 -0.59999999999999998       0.40000000000000013       0.12185039305770987     
 -0.49999999999999994       0.40000000000000013       0.29096331442938100     
 -0.39999999999999991       0.40000000000000013       0.35156478358340199     
 -0.29999999999999993       0.40000000000000013       0.27567521703895526     
 -0.19999999999999993       0.40000000000000013        9.7427306595960037E-002
  -9.9999999999999978E-002  0.40000000000000013      -0.12059052044159620     
   2.7755575615628914E-017  0.40000000000000013      -0.28913321578666679     
  0.10000000000000009       0.40000000000000013      -0.35017751103147193     
  0.20000000000000009       0.40000000000000013      -0.27356579447630169     
  0.30000000000000016       0.40000000000000013       -9.5803825958853894E-002
  0.40000000000000013       0.40000000000000013       0.12296358082941536     
  0.50000000000000011       0.40000000000000013       0.29099727239277917     
  0.60000000000000009       0.40000000000000013       0.35278885171643359     
  0.70000000000000007       0.40000000000000013       0.27570645764765128     
  0.80000000000000004       0.40000000000000013        9.8732824561026167E-002
  0.90000000000000002       0.40000000000000013      -0.12025948340960789     
   1.0000000000000000       0.40000000000000013      -0.28337129128504562     
  -1.0000000000000000       0.50000000000000011      -0.68101236831399081     
 -0.90000000000000002       0.50000000000000011      -0.79933081806792217     
 -0.80000000000000004       0.50000000000000011      -0.62189638860994512     
 -0.69999999999999996       0.50000000000000011      -0.21849257319607598     
 -0.59999999999999998       0.50000000000000011       0.28836693357072285     
 -0.49999999999999994       0.50000000000000011       0.68807889439365688     
 -0.39999999999999991       0.50000000000000011       0.83117816585499449     
 -0.29999999999999993       0.50000000000000011       0.65158271652229927     
 -0.19999999999999993       0.50000000000000011       0.23005424074876968     
  -9.9999999999999978E-002  0.50000000000000011      -0.28538794578610654     
   2.7755575615628914E-017  0.50000000000000011      -0.68375467743926910     
  0.10000000000000009       0.50000000000000011      -0.82789896411330266     
  0.20000000000000009       0.50000000000000011      -0.64659695859357613     
  0.30000000000000016       0.50000000000000011      -0.22621741478182844     
  0.40000000000000013       0.50000000000000011       0.29099727239277967     
  0.50000000000000011       0.50000000000000011       0.68815915793239535     
  0.60000000000000009       0.50000000000000011       0.83407157639074758     
  0.70000000000000007       0.50000000000000011       0.65165651434733118     
  0.80000000000000004       0.50000000000000011       0.23314108898445210     
  0.90000000000000002       0.50000000000000011      -0.28460480299233942     
   1.0000000000000000       0.50000000000000011      -0.67012668929085983     
  -1.0000000000000000       0.60000000000000009      -0.82540880254526761     
 -0.90000000000000002       0.60000000000000009      -0.96872686246383433     
 -0.80000000000000004       0.60000000000000009      -0.75361621371683463     
 -0.69999999999999996       0.60000000000000009      -0.26467742787373899     
 -0.59999999999999998       0.60000000000000009       0.34960172975368592     
 -0.49999999999999994       0.60000000000000009       0.83397431220125062     
 -0.39999999999999991       0.60000000000000009        1.0073232000156263     
 -0.29999999999999993       0.60000000000000009       0.78959155083544463     
 -0.19999999999999993       0.60000000000000009       0.27868409945298939     
  -9.9999999999999978E-002  0.60000000000000009      -0.34599127024050869     
   2.7755575615628914E-017  0.60000000000000009      -0.82873480085369444     
  0.10000000000000009       0.60000000000000009       -1.0033493323293667     
  0.20000000000000009       0.60000000000000009      -0.78354980275032315     
  0.30000000000000016       0.60000000000000009      -0.27403479165660788     
  0.40000000000000013       0.60000000000000009       0.35278885171642071     
  0.50000000000000011       0.60000000000000009       0.83407157639074503     
  0.60000000000000009       0.60000000000000009        1.0108295451064562     
  0.70000000000000007       0.60000000000000009       0.78968096121476306     
  0.80000000000000004       0.60000000000000009       0.28242525343096792     
  0.90000000000000002       0.60000000000000009      -0.34504194709058528     
   1.0000000000000000       0.60000000000000009      -0.81221635821516236     
  -1.0000000000000000       0.70000000000000007      -0.64488781204450452     
 -0.90000000000000002       0.70000000000000007      -0.75678980166646603     
 -0.80000000000000004       0.70000000000000007      -0.58868040539198963     
 -0.69999999999999996       0.70000000000000007      -0.20667459148529468     
 -0.59999999999999998       0.70000000000000007       0.27321713785237151     
 -0.49999999999999994       0.70000000000000007       0.65158053686440620     
 -0.39999999999999991       0.70000000000000007       0.78694192998551826     
 -0.29999999999999993       0.70000000000000007       0.61678330759062050     
 -0.19999999999999993       0.70000000000000007       0.21761266909559093     
  -9.9999999999999978E-002  0.70000000000000007      -0.27039644197443563     
   2.7755575615628914E-017  0.70000000000000007      -0.64748822292862218     
  0.10000000000000009       0.70000000000000007      -0.78383768183362967     
  0.20000000000000009       0.70000000000000007      -0.61206386019192516     
  0.30000000000000016       0.70000000000000007      -0.21398104497313200     
  0.40000000000000013       0.70000000000000007       0.27570645764765378     
  0.50000000000000011       0.70000000000000007       0.65165651434733096     
  0.60000000000000009       0.70000000000000007       0.78968096121476516     
  0.70000000000000007       0.70000000000000007       0.61685313490159577     
  0.80000000000000004       0.70000000000000007       0.22053544660195890     
  0.90000000000000002       0.70000000000000007      -0.26965463501928549     
   1.0000000000000000       0.70000000000000007      -0.63458172223610976     
  -1.0000000000000000       0.80000000000000004      -0.23071881724528517     
 -0.90000000000000002       0.80000000000000004      -0.27066231938497270     
 -0.80000000000000004       0.80000000000000004      -0.21046190452785909     
 -0.69999999999999996       0.80000000000000004       -7.3792822450653967E-002
 -0.59999999999999998       0.80000000000000004        9.7843201348513667E-002
 -0.49999999999999994       0.80000000000000004       0.23311392534084902     
 -0.39999999999999991       0.80000000000000004       0.28144590531367092     
 -0.29999999999999993       0.80000000000000004       0.22051050112556272     
 -0.19999999999999993       0.80000000000000004        7.7699394885070175E-002
  -9.9999999999999978E-002  0.80000000000000004       -9.6834228642396283E-002
   2.7755575615628914E-017  0.80000000000000004      -0.23165147663284688     
  0.10000000000000009       0.80000000000000004      -0.28033596652348197     
  0.20000000000000009       0.80000000000000004      -0.21882324046521781     
  0.30000000000000016       0.80000000000000004       -7.6401214069286918E-002
  0.40000000000000013       0.80000000000000004        9.8732824561018562E-002
  0.50000000000000011       0.80000000000000004       0.23314108898444905     
  0.60000000000000009       0.80000000000000004       0.28242525343094821     
  0.70000000000000007       0.80000000000000004       0.22053544660195837     
  0.80000000000000004       0.80000000000000004        7.8744851611397160E-002
  0.90000000000000002       0.80000000000000004       -9.6568701297289949E-002
   1.0000000000000000       0.80000000000000004      -0.22703305185808589     
  -1.0000000000000000       0.90000000000000002       0.28164969747925578     
 -0.90000000000000002       0.90000000000000002       0.33066986061288750     
 -0.80000000000000004       0.90000000000000002       0.25734118019745800     
 -0.69999999999999996       0.90000000000000002        9.0503878440978597E-002
 -0.59999999999999998       0.90000000000000002      -0.11917071957655989     
 -0.49999999999999994       0.90000000000000002      -0.28457159042758162     
 -0.39999999999999991       0.90000000000000002      -0.34384475056750141     
 -0.29999999999999993       0.90000000000000002      -0.26962407956585477     
 -0.19999999999999993       0.90000000000000002       -9.5291855581663240E-002
  -9.9999999999999978E-002  0.90000000000000002       0.11793851766072759     
   2.7755575615628914E-017  0.90000000000000002       0.28278164372182779     
  0.10000000000000009       0.90000000000000002       0.34248793258890919     
  0.20000000000000009       0.90000000000000002       0.26756095865483703     
  0.30000000000000016       0.90000000000000002        9.3704005005966165E-002
  0.40000000000000013       0.90000000000000002      -0.12025948340960771     
  0.50000000000000011       0.90000000000000002      -0.28460480299233898     
  0.60000000000000009       0.90000000000000002      -0.34504194709059055     
  0.70000000000000007       0.90000000000000002      -0.26965463501928483     
  0.80000000000000004       0.90000000000000002       -9.6568701297292961E-002
  0.90000000000000002       0.90000000000000002       0.11761475678029766     
   1.0000000000000000       0.90000000000000002       0.27714632197583233     
  -1.0000000000000000        1.0000000000000000       0.66316717851040718     
 -0.90000000000000002        1.0000000000000000       0.77838591053434325     
 -0.80000000000000004        1.0000000000000000       0.60560138525485929     
 -0.69999999999999996        1.0000000000000000       0.21276833232581732     
 -0.59999999999999998        1.0000000000000000      -0.28080987028469179     
 -0.49999999999999994        1.0000000000000000      -0.67004852883362276     
 -0.39999999999999991        1.0000000000000000      -0.80939876197136174     
 -0.29999999999999993        1.0000000000000000      -0.63450985792864134     
 -0.19999999999999993        1.0000000000000000      -0.22402708951252381     
  -9.9999999999999978E-002   1.0000000000000000       0.27790894234202235     
   2.7755575615628914E-017   1.0000000000000000       0.66583761088197191     
  0.10000000000000009        1.0000000000000000       0.80620548318825713     
  0.20000000000000009        1.0000000000000000       0.62965473731097710     
  0.30000000000000016        1.0000000000000000       0.22029079519077871     
  0.40000000000000013        1.0000000000000000      -0.28337129128503913     
  0.50000000000000011        1.0000000000000000      -0.67012668929085528     
  0.60000000000000009        1.0000000000000000      -0.81221635821516691     
  0.70000000000000007        1.0000000000000000      -0.63458172223610676     
  0.80000000000000004        1.0000000000000000      -0.22703305185810116     
  0.90000000000000002        1.0000000000000000       0.27714632197583017     
   1.0000000000000000        1.0000000000000000       0.65256673636687335     
