  -1.0000000000000000       -1.0000000000000000        2.2576711183097619E-003
 -0.90000000000000002       -1.0000000000000000        3.1287510569901110E-002
 -0.80000000000000004       -1.0000000000000000        4.8382323176822305E-002
 -0.69999999999999996       -1.0000000000000000        4.7304163754783024E-002
 -0.59999999999999998       -1.0000000000000000        2.7774625313252751E-002
 -0.49999999999999994       -1.0000000000000000       -2.0546411697282842E-003
 -0.39999999999999991       -1.0000000000000000       -3.1506766203642823E-002
 -0.29999999999999993       -1.0000000000000000       -4.8573462366280309E-002
 -0.19999999999999993       -1.0000000000000000       -4.7515131337948706E-002
  -9.9999999999999978E-002  -1.0000000000000000       -2.7973428341741779E-002
   2.7755575615628914E-017  -1.0000000000000000        1.9533537888928071E-003
  0.10000000000000009       -1.0000000000000000        3.2439545617544530E-002
  0.20000000000000009       -1.0000000000000000        5.0122591074207759E-002
  0.30000000000000016       -1.0000000000000000        4.9035245804240409E-002
  0.40000000000000013       -1.0000000000000000        2.8759637077109153E-002
  0.50000000000000011       -1.0000000000000000       -2.1146682930507600E-003
  0.60000000000000009       -1.0000000000000000       -3.2662083764267331E-002
  0.70000000000000007       -1.0000000000000000       -5.0339609963268826E-002
  0.80000000000000004       -1.0000000000000000       -4.9272538718509062E-002
  0.90000000000000002       -1.0000000000000000       -2.8995297128953712E-002
   1.0000000000000000       -1.0000000000000000        1.8314868643703362E-003
  -1.0000000000000000      -0.90000000000000002        3.1287510569901186E-002
 -0.90000000000000002      -0.90000000000000002       0.36382226005919810     
 -0.80000000000000004      -0.90000000000000002       0.55762665847198123     
 -0.69999999999999996      -0.90000000000000002       0.54201293985944665     
 -0.59999999999999998      -0.90000000000000002       0.31495624293745356     
 -0.49999999999999994      -0.90000000000000002       -2.8866176066170715E-002
 -0.39999999999999991      -0.90000000000000002      -0.36634060008969377     
 -0.29999999999999993      -0.90000000000000002      -0.55985083671055014     
 -0.19999999999999993      -0.90000000000000002      -0.54444868202943053     
  -9.9999999999999978E-002 -0.90000000000000002      -0.31722378364595627     
   2.7755575615628914E-017 -0.90000000000000002        2.7823730421234382E-002
  0.10000000000000009      -0.90000000000000002       0.37721294562626223     
  0.20000000000000009      -0.90000000000000002       0.57771218771528376     
  0.30000000000000016      -0.90000000000000002       0.56184087196831078     
  0.40000000000000013      -0.90000000000000002       0.32609813543183008     
  0.50000000000000011      -0.90000000000000002       -2.9755773931539189E-002
  0.60000000000000009      -0.90000000000000002      -0.37978179216783770     
  0.70000000000000007      -0.90000000000000002      -0.58020295487891915     
  0.80000000000000004      -0.90000000000000002      -0.56458178108335488     
  0.90000000000000002      -0.90000000000000002      -0.32881937972430209     
   1.0000000000000000      -0.90000000000000002        2.6401364540162293E-002
  -1.0000000000000000      -0.80000000000000004        4.8382323176810481E-002
 -0.90000000000000002      -0.80000000000000004       0.55762665847198167     
 -0.80000000000000004      -0.80000000000000004       0.85424502815395098     
 -0.69999999999999996      -0.80000000000000004       0.83005232976704191     
 -0.59999999999999998      -0.80000000000000004       0.48204822861151070     
 -0.49999999999999994      -0.80000000000000004       -4.4666027853735260E-002
 -0.39999999999999991      -0.80000000000000004      -0.56148383477994934     
 -0.29999999999999993      -0.80000000000000004      -0.85765413474925067     
 -0.19999999999999993      -0.80000000000000004      -0.83378408129441950     
  -9.9999999999999978E-002 -0.80000000000000004      -0.48551990410334894     
   2.7755575615628914E-017 -0.80000000000000004        4.3079796880999957E-002
  0.10000000000000009      -0.80000000000000004       0.57814995013194670     
  0.20000000000000009      -0.80000000000000004       0.88501707480601877     
  0.30000000000000016      -0.80000000000000004       0.86041673330695811     
  0.40000000000000013      -0.80000000000000004       0.49909873737517102     
  0.50000000000000011      -0.80000000000000004       -4.6045802832893945E-002
  0.60000000000000009      -0.80000000000000004      -0.58208558668351129     
  0.70000000000000007      -0.80000000000000004      -0.88883185748969396     
  0.80000000000000004      -0.80000000000000004      -0.86461612999289461     
  0.90000000000000002      -0.80000000000000004      -0.50326793636956257     
   1.0000000000000000      -0.80000000000000004        4.0899304263830004E-002
  -1.0000000000000000      -0.69999999999999996        4.7304163754785633E-002
 -0.90000000000000002      -0.69999999999999996       0.54201293985944576     
 -0.80000000000000004      -0.69999999999999996       0.83005232976703813     
 -0.69999999999999996      -0.69999999999999996       0.80636803322855766     
 -0.59999999999999998      -0.69999999999999996       0.46811033501171362     
 -0.49999999999999994      -0.69999999999999996       -4.3688606228961542E-002
 -0.39999999999999991      -0.69999999999999996      -0.54576039780558894     
 -0.29999999999999993      -0.69999999999999996      -0.83336606514375922     
 -0.19999999999999993      -0.69999999999999996      -0.80999433523423003     
  -9.9999999999999978E-002 -0.69999999999999996      -0.47148237386059100     
   2.7755575615628914E-017 -0.69999999999999996        4.2154225969095530E-002
  0.10000000000000009      -0.69999999999999996       0.56196126614364006     
  0.20000000000000009      -0.69999999999999996       0.85995445898401246     
  0.30000000000000016      -0.69999999999999996       0.83586565063731944     
  0.40000000000000013      -0.69999999999999996       0.48466627565941972     
  0.50000000000000011      -0.69999999999999996       -4.5040271209134980E-002
  0.60000000000000009      -0.69999999999999996      -0.56578566511145101     
  0.70000000000000007      -0.69999999999999996      -0.86366062448737024     
  0.80000000000000004      -0.69999999999999996      -0.83994645122326872     
  0.90000000000000002      -0.69999999999999996      -0.48871768688856088     
   1.0000000000000000      -0.69999999999999996        4.0034499158945878E-002
  -1.0000000000000000      -0.59999999999999998        2.7774625313262781E-002
 -0.90000000000000002      -0.59999999999999998       0.31495624293745783     
 -0.80000000000000004      -0.59999999999999998       0.48204822861153473     
 -0.69999999999999996      -0.59999999999999998       0.46811033501171700     
 -0.59999999999999998      -0.59999999999999998       0.27155571405081658     
 -0.49999999999999994      -0.59999999999999998       -2.5670231840132274E-002
 -0.39999999999999991      -0.59999999999999998      -0.31713205910036840     
 -0.29999999999999993      -0.59999999999999998      -0.48397388249906698     
 -0.19999999999999993      -0.59999999999999998      -0.47021653414548736     
  -9.9999999999999978E-002 -0.59999999999999998      -0.27351264049023594     
   2.7755575615628914E-017 -0.59999999999999998        2.4786336477349749E-002
  0.10000000000000009      -0.59999999999999998       0.32654762190902176     
  0.20000000000000009      -0.59999999999999998       0.49941534500410806     
  0.30000000000000016      -0.59999999999999998       0.48523380483681705     
  0.40000000000000013      -0.59999999999999998       0.28115835751968254     
  0.50000000000000011      -0.59999999999999998       -2.6466580567497233E-002
  0.60000000000000009      -0.59999999999999998      -0.32876885030093217     
  0.70000000000000007      -0.59999999999999998      -0.50156707766976427     
  0.80000000000000004      -0.59999999999999998      -0.48760405251274791     
  0.90000000000000002      -0.59999999999999998      -0.28351148885267230     
   1.0000000000000000      -0.59999999999999998        2.3554293067151611E-002
  -1.0000000000000000      -0.49999999999999994       -2.0546411697259818E-003
 -0.90000000000000002      -0.49999999999999994       -2.8866176066170375E-002
 -0.80000000000000004      -0.49999999999999994       -4.4666027853733484E-002
 -0.69999999999999996      -0.49999999999999994       -4.3688606228962021E-002
 -0.59999999999999998      -0.49999999999999994       -2.5670231840131407E-002
 -0.49999999999999994      -0.49999999999999994        1.8676634813489851E-003
 -0.39999999999999991      -0.49999999999999994        2.9068639250154713E-002
 -0.29999999999999993      -0.49999999999999994        4.4842366129997716E-002
 -0.19999999999999993      -0.49999999999999994        4.3883345260933931E-002
  -9.9999999999999978E-002 -0.49999999999999994        2.5853898132715609E-002
   2.7755575615628914E-017 -0.49999999999999994       -1.7734534763571245E-003
  0.10000000000000009      -0.49999999999999994       -2.9929086767670265E-002
  0.20000000000000009      -0.49999999999999994       -4.6272465405424838E-002
  0.30000000000000016      -0.49999999999999994       -4.5287416645797295E-002
  0.40000000000000013      -0.49999999999999994       -2.6580769093509204E-002
  0.50000000000000011      -0.49999999999999994        1.9219678374570370E-003
  0.60000000000000009      -0.49999999999999994        3.0134509005742924E-002
  0.70000000000000007      -0.49999999999999994        4.6472873682624247E-002
  0.80000000000000004      -0.49999999999999994        4.5506449057160100E-002
  0.90000000000000002      -0.49999999999999994        2.6798298825458172E-002
   1.0000000000000000      -0.49999999999999994       -1.6610474589578619E-003
  -1.0000000000000000      -0.39999999999999991       -3.1506766203606922E-002
 -0.90000000000000002      -0.39999999999999991      -0.36634060008968894     
 -0.80000000000000004      -0.39999999999999991      -0.56148383477992769     
 -0.69999999999999996      -0.39999999999999991      -0.54576039780558883     
 -0.59999999999999998      -0.39999999999999991      -0.31713205910034348     
 -0.49999999999999994      -0.39999999999999991        2.9068639250153051E-002
 -0.39999999999999991      -0.39999999999999991       0.36887635520394829     
 -0.29999999999999993      -0.39999999999999991       0.56372340936198362     
 -0.19999999999999993      -0.39999999999999991       0.54821299059148987     
  -9.9999999999999978E-002 -0.39999999999999991       0.31941527187275576     
   2.7755575615628914E-017 -0.39999999999999991       -2.8019049894378815E-002
  0.10000000000000009      -0.39999999999999991      -0.37982397165456655     
  0.20000000000000009      -0.39999999999999991      -0.58170831347359298     
  0.30000000000000016      -0.39999999999999991      -0.56572541577840840     
  0.40000000000000013      -0.39999999999999991      -0.32835090803027794     
  0.50000000000000011      -0.39999999999999991        2.9964497029429740E-002
  0.60000000000000009      -0.39999999999999991       0.38241058931913846     
  0.70000000000000007      -0.39999999999999991       0.58421630389569446     
  0.80000000000000004      -0.39999999999999991       0.56848528733456416     
  0.90000000000000002      -0.39999999999999991       0.33109097830316464     
   1.0000000000000000      -0.39999999999999991       -2.6586835993745426E-002
  -1.0000000000000000      -0.29999999999999993       -4.8573462366275383E-002
 -0.90000000000000002      -0.29999999999999993      -0.55985083671054936     
 -0.80000000000000004      -0.29999999999999993      -0.85765413474924568     
 -0.69999999999999996      -0.29999999999999993      -0.83336606514376088     
 -0.59999999999999998      -0.29999999999999993      -0.48397388249905998     
 -0.49999999999999994      -0.29999999999999993        4.4842366129997500E-002
 -0.39999999999999991      -0.29999999999999993       0.56372340936198795     
 -0.29999999999999993      -0.29999999999999993       0.86107683851805406     
 -0.19999999999999993      -0.29999999999999993       0.83711270771519697     
  -9.9999999999999978E-002 -0.29999999999999993       0.48745942146558224     
   2.7755575615628914E-017 -0.29999999999999993       -4.3249758775809728E-002
  0.10000000000000009      -0.29999999999999993      -0.58045599065866227     
  0.20000000000000009      -0.29999999999999993      -0.88854897554435530     
  0.30000000000000016      -0.29999999999999993      -0.86385169202923795     
  0.40000000000000013      -0.29999999999999993      -0.50109251395106869     
  0.50000000000000011      -0.29999999999999993        4.6227574497434289E-002
  0.60000000000000009      -0.29999999999999993       0.58440733201774009     
  0.70000000000000007      -0.29999999999999993       0.89237898607319999     
  0.80000000000000004      -0.29999999999999993       0.86806784538143622     
  0.90000000000000002      -0.29999999999999993       0.50527834940794414     
   1.0000000000000000      -0.29999999999999993       -4.1060570814909138E-002
  -1.0000000000000000      -0.19999999999999993       -4.7515131337946118E-002
 -0.90000000000000002      -0.19999999999999993      -0.54444868202942931     
 -0.80000000000000004      -0.19999999999999993      -0.83378408129442005     
 -0.69999999999999996      -0.19999999999999993      -0.80999433523422770     
 -0.59999999999999998      -0.19999999999999993      -0.47021653414548786     
 -0.49999999999999994      -0.19999999999999993        4.3883345260934875E-002
 -0.39999999999999991      -0.19999999999999993       0.54821299059150030     
 -0.29999999999999993      -0.19999999999999993       0.83711270771519852     
 -0.19999999999999993      -0.19999999999999993       0.81363693900872214     
  -9.9999999999999978E-002 -0.19999999999999993       0.47360374070014949     
   2.7755575615628914E-017 -0.19999999999999993       -4.2342026409856494E-002
  0.10000000000000009      -0.19999999999999993      -0.56448665551471477     
  0.20000000000000009      -0.19999999999999993      -0.86382063545577226     
  0.30000000000000016      -0.19999999999999993      -0.83962460804722461     
  0.40000000000000013      -0.19999999999999993      -0.48684697517495762     
  0.50000000000000011      -0.19999999999999993        4.5241023139274514E-002
  0.60000000000000009      -0.19999999999999993       0.56832824695384432     
  0.70000000000000007      -0.19999999999999993       0.86754346655040915     
  0.80000000000000004      -0.19999999999999993       0.84372375317047865     
  0.90000000000000002      -0.19999999999999993       0.49091659908056567     
   1.0000000000000000      -0.19999999999999993       -4.0212775410651734E-002
  -1.0000000000000000       -9.9999999999999978E-002  -2.7973428341745345E-002
 -0.90000000000000002       -9.9999999999999978E-002 -0.31722378364595744     
 -0.80000000000000004       -9.9999999999999978E-002 -0.48551990410334711     
 -0.69999999999999996       -9.9999999999999978E-002 -0.47148237386059355     
 -0.59999999999999998       -9.9999999999999978E-002 -0.27351264049023671     
 -0.49999999999999994       -9.9999999999999978E-002   2.5853898132714326E-002
 -0.39999999999999991       -9.9999999999999978E-002  0.31941527187275193     
 -0.29999999999999993       -9.9999999999999978E-002  0.48745942146558519     
 -0.19999999999999993       -9.9999999999999978E-002  0.47360374070015054     
  -9.9999999999999978E-002  -9.9999999999999978E-002  0.27548366611275205     
   2.7755575615628914E-017  -9.9999999999999978E-002  -2.4963607988775956E-002
  0.10000000000000009       -9.9999999999999978E-002 -0.32889861651206659     
  0.20000000000000009       -9.9999999999999978E-002 -0.50301209058768426     
  0.30000000000000016       -9.9999999999999978E-002 -0.48872919444301455     
  0.40000000000000013       -9.9999999999999978E-002 -0.28318449061669460     
  0.50000000000000011       -9.9999999999999978E-002   2.6655936015979403E-002
  0.60000000000000009       -9.9999999999999978E-002  0.33113584112140287     
  0.70000000000000007       -9.9999999999999978E-002  0.50517932233632812     
  0.80000000000000004       -9.9999999999999978E-002  0.49111651107304344     
  0.90000000000000002       -9.9999999999999978E-002  0.28555456782368693     
   1.0000000000000000       -9.9999999999999978E-002  -2.3722695549247934E-002
  -1.0000000000000000        2.7755575615628914E-017   1.9533537888767102E-003
 -0.90000000000000002        2.7755575615628914E-017   2.7823730421232630E-002
 -0.80000000000000004        2.7755575615628914E-017   4.3079796880983387E-002
 -0.69999999999999996        2.7755575615628914E-017   4.2154225969095203E-002
 -0.59999999999999998        2.7755575615628914E-017   2.4786336477334456E-002
 -0.49999999999999994        2.7755575615628914E-017  -1.7734534763589739E-003
 -0.39999999999999991        2.7755575615628914E-017  -2.8019049894371949E-002
 -0.29999999999999993        2.7755575615628914E-017  -4.3249758775805253E-002
 -0.19999999999999993        2.7755575615628914E-017  -4.2342026409855092E-002
  -9.9999999999999978E-002   2.7755575615628914E-017  -2.4963607988780268E-002
   2.7755575615628914E-017   2.7755575615628914E-017   1.6819182481657353E-003
  0.10000000000000009        2.7755575615628914E-017   2.8848286092935507E-002
  0.20000000000000009        2.7755575615628914E-017   4.4629032971777394E-002
  0.30000000000000016        2.7755575615628914E-017   4.3696921853587881E-002
  0.40000000000000013        2.7755575615628914E-017   2.5665671085287514E-002
  0.50000000000000011        2.7755575615628914E-017  -1.8247660446075486E-003
  0.60000000000000009        2.7755575615628914E-017  -2.9046391904233484E-002
  0.70000000000000007        2.7755575615628914E-017  -4.4822380643177041E-002
  0.80000000000000004        2.7755575615628914E-017  -4.3908143496584472E-002
  0.90000000000000002        2.7755575615628914E-017  -2.5875447891878896E-002
   1.0000000000000000        2.7755575615628914E-017   1.5735989295131950E-003
  -1.0000000000000000       0.10000000000000009        3.2439545617543586E-002
 -0.90000000000000002       0.10000000000000009       0.37721294562626301     
 -0.80000000000000004       0.10000000000000009       0.57814995013194492     
 -0.69999999999999996       0.10000000000000009       0.56196126614364061     
 -0.59999999999999998       0.10000000000000009       0.32654762190902059     
 -0.49999999999999994       0.10000000000000009       -2.9929086767669966E-002
 -0.39999999999999991       0.10000000000000009      -0.37982397165456594     
 -0.29999999999999993       0.10000000000000009      -0.58045599065866216     
 -0.19999999999999993       0.10000000000000009      -0.56448665551471378     
  -9.9999999999999978E-002  0.10000000000000009      -0.32889861651206531     
   2.7755575615628914E-017  0.10000000000000009        2.8848286092934595E-002
  0.10000000000000009       0.10000000000000009       0.39109648249435275     
  0.20000000000000009       0.10000000000000009       0.59897472434333121     
  0.30000000000000016       0.10000000000000009       0.58251894778880442     
  0.40000000000000013       0.10000000000000009       0.33809956831837279     
  0.50000000000000011       0.10000000000000009       -3.0851445053149854E-002
  0.60000000000000009       0.10000000000000009      -0.39375987504818055     
  0.70000000000000007       0.10000000000000009      -0.60155716244258950     
  0.80000000000000004       0.10000000000000009      -0.58536073585704984     
  0.90000000000000002       0.10000000000000009      -0.34092096773523173     
   1.0000000000000000       0.10000000000000009        2.7373568868454698E-002
  -1.0000000000000000       0.20000000000000009        5.0122591074190245E-002
 -0.90000000000000002       0.20000000000000009       0.57771218771528254     
 -0.80000000000000004       0.20000000000000009       0.88501707480599701     
 -0.69999999999999996       0.20000000000000009       0.85995445898401546     
 -0.59999999999999998       0.20000000000000009       0.49941534500409945     
 -0.49999999999999994       0.20000000000000009       -4.6272465405423756E-002
 -0.39999999999999991       0.20000000000000009      -0.58170831347357921     
 -0.29999999999999993       0.20000000000000009      -0.88854897554435819     
 -0.19999999999999993       0.20000000000000009      -0.86382063545575771     
  -9.9999999999999978E-002  0.20000000000000009      -0.50301209058768737     
   2.7755575615628914E-017  0.20000000000000009        4.4629032971768560E-002
  0.10000000000000009       0.20000000000000009       0.59897472434333343     
  0.20000000000000009       0.20000000000000009       0.91689759387084868     
  0.30000000000000016       0.20000000000000009       0.89141272503419955     
  0.40000000000000013       0.20000000000000009       0.51708015926210726     
  0.50000000000000011       0.20000000000000009       -4.7701846273450657E-002
  0.60000000000000009       0.20000000000000009      -0.60305213037988104     
  0.70000000000000007       0.20000000000000009      -0.92084979968577418     
  0.80000000000000004       0.20000000000000009      -0.89576339155310991     
  0.90000000000000002       0.20000000000000009      -0.52139954071783579     
   1.0000000000000000       0.20000000000000009        4.2370002421658018E-002
  -1.0000000000000000       0.30000000000000016        4.9035245804237071E-002
 -0.90000000000000002       0.30000000000000016       0.56184087196830945     
 -0.80000000000000004       0.30000000000000016       0.86041673330695512     
 -0.69999999999999996       0.30000000000000016       0.83586565063731877     
 -0.59999999999999998       0.30000000000000016       0.48523380483681461     
 -0.49999999999999994       0.30000000000000016       -4.5287416645795595E-002
 -0.39999999999999991       0.30000000000000016      -0.56572541577841073     
 -0.29999999999999993       0.30000000000000016      -0.86385169202923495     
 -0.19999999999999993       0.30000000000000016      -0.83962460804722394     
  -9.9999999999999978E-002  0.30000000000000016      -0.48872919444301177     
   2.7755575615628914E-017  0.30000000000000016        4.3696921853589671E-002
  0.10000000000000009       0.30000000000000016       0.58251894778880564     
  0.20000000000000009       0.30000000000000016       0.89141272503419988     
  0.30000000000000016       0.30000000000000016       0.86644231474899069     
  0.40000000000000013       0.30000000000000016       0.50239535816016867     
  0.50000000000000011       0.30000000000000016       -4.6688551107019395E-002
  0.60000000000000009       0.30000000000000016      -0.58648324879645941     
  0.70000000000000007       0.30000000000000016      -0.89525446569811529     
  0.80000000000000004       0.30000000000000016      -0.87067239710504196     
  0.90000000000000002       0.30000000000000016      -0.50659497595037450     
   1.0000000000000000       0.30000000000000016        4.1499650430705755E-002
  -1.0000000000000000       0.40000000000000013        2.8759637077111558E-002
 -0.90000000000000002       0.40000000000000013       0.32609813543183075     
 -0.80000000000000004       0.40000000000000013       0.49909873737519594     
 -0.69999999999999996       0.40000000000000013       0.48466627565942011     
 -0.59999999999999998       0.40000000000000013       0.28115835751969481     
 -0.49999999999999994       0.40000000000000013       -2.6580769093509423E-002
 -0.39999999999999991       0.40000000000000013      -0.32835090803028688     
 -0.29999999999999993       0.40000000000000013      -0.50109251395107302     
 -0.19999999999999993       0.40000000000000013      -0.48684697517496328     
  -9.9999999999999978E-002  0.40000000000000013      -0.28318449061669460     
   2.7755575615628914E-017  0.40000000000000013        2.5665671085287986E-002
  0.10000000000000009       0.40000000000000013       0.33809956831837340     
  0.20000000000000009       0.40000000000000013       0.51708015926211426     
  0.30000000000000016       0.40000000000000013       0.50239535816016878     
  0.40000000000000013       0.40000000000000013       0.29110055179212779     
  0.50000000000000011       0.40000000000000013       -2.7405382935100669E-002
  0.60000000000000009       0.40000000000000013      -0.34039936566031087     
  0.70000000000000007       0.40000000000000013      -0.51930799561463059     
  0.80000000000000004       0.40000000000000013      -0.50484944673402288     
  0.90000000000000002       0.40000000000000013      -0.29353691818610672     
   1.0000000000000000       0.40000000000000013        2.4390040353179921E-002
  -1.0000000000000000       0.50000000000000011       -2.1146682930499594E-003
 -0.90000000000000002       0.50000000000000011       -2.9755773931537680E-002
 -0.80000000000000004       0.50000000000000011       -4.6045802832893147E-002
 -0.69999999999999996       0.50000000000000011       -4.5040271209132662E-002
 -0.59999999999999998       0.50000000000000011       -2.6466580567495301E-002
 -0.49999999999999994       0.50000000000000011        1.9219678374573868E-003
 -0.39999999999999991       0.50000000000000011        2.9964497029431540E-002
 -0.29999999999999993       0.50000000000000011        4.6227574497431832E-002
 -0.19999999999999993       0.50000000000000011        4.5241023139274215E-002
  -9.9999999999999978E-002  0.50000000000000011        2.6655936015978595E-002
   2.7755575615628914E-017  0.50000000000000011       -1.8247660446075694E-003
  0.10000000000000009       0.50000000000000011       -3.0851445053149223E-002
  0.20000000000000009       0.50000000000000011       -4.7701846273450657E-002
  0.30000000000000016       0.50000000000000011       -4.6688551107017646E-002
  0.40000000000000013       0.50000000000000011       -2.7405382935100017E-002
  0.50000000000000011       0.50000000000000011        1.9778204550449413E-003
  0.60000000000000009       0.50000000000000011        3.1063210393738567E-002
  0.70000000000000007       0.50000000000000011        4.7908452219613880E-002
  0.80000000000000004       0.50000000000000011        4.6914345713706188E-002
  0.90000000000000002       0.50000000000000011        2.7629628987312291E-002
   1.0000000000000000       0.50000000000000011       -1.7088992230195955E-003
  -1.0000000000000000       0.60000000000000009       -3.2662083764251178E-002
 -0.90000000000000002       0.60000000000000009      -0.37978179216783342     
 -0.80000000000000004       0.60000000000000009      -0.58208558668347288     
 -0.69999999999999996       0.60000000000000009      -0.56578566511145212     
 -0.59999999999999998       0.60000000000000009      -0.32876885030091291     
 -0.49999999999999994       0.60000000000000009        3.0134509005743729E-002
 -0.39999999999999991       0.60000000000000009       0.38241058931912048     
 -0.29999999999999993       0.60000000000000009       0.58440733201773498     
 -0.19999999999999993       0.60000000000000009       0.56832824695382178     
  -9.9999999999999978E-002  0.60000000000000009       0.33113584112140476     
   2.7755575615628914E-017  0.60000000000000009       -2.9046391904226483E-002
  0.10000000000000009       0.60000000000000009      -0.39375987504817972     
  0.20000000000000009       0.60000000000000009      -0.60305213037986705     
  0.30000000000000016       0.60000000000000009      -0.58648324879645741     
  0.40000000000000013       0.60000000000000009      -0.34039936566030055     
  0.50000000000000011       0.60000000000000009        3.1063210393739070E-002
  0.60000000000000009       0.60000000000000009       0.39644139948588109     
  0.70000000000000007       0.60000000000000009       0.60565214456661298     
  0.80000000000000004       0.60000000000000009       0.58934438372648523     
  0.90000000000000002       0.60000000000000009       0.34323997285084318     
   1.0000000000000000       0.60000000000000009       -2.7561629773431393E-002
  -1.0000000000000000       0.70000000000000007       -5.0339609963265461E-002
 -0.90000000000000002       0.70000000000000007      -0.58020295487891738     
 -0.80000000000000004       0.70000000000000007      -0.88883185748969540     
 -0.69999999999999996       0.70000000000000007      -0.86366062448736769     
 -0.59999999999999998       0.70000000000000007      -0.50156707766976305     
 -0.49999999999999994       0.70000000000000007        4.6472873682622817E-002
 -0.39999999999999991       0.70000000000000007       0.58421630389569579     
 -0.29999999999999993       0.70000000000000007       0.89237898607319588     
 -0.19999999999999993       0.70000000000000007       0.86754346655041237     
  -9.9999999999999978E-002  0.70000000000000007       0.50517932233632401     
   2.7755575615628914E-017  0.70000000000000007       -4.4822380643178963E-002
  0.10000000000000009       0.70000000000000007      -0.60155716244258861     
  0.20000000000000009       0.70000000000000007      -0.92084979968577629     
  0.30000000000000016       0.70000000000000007      -0.89525446569811151     
  0.40000000000000013       0.70000000000000007      -0.51930799561462970     
  0.50000000000000011       0.70000000000000007        4.7908452219616530E-002
  0.60000000000000009       0.70000000000000007       0.60565214456661720     
  0.70000000000000007       0.70000000000000007       0.92481903924974407     
  0.80000000000000004       0.70000000000000007       0.89962388648074065     
  0.90000000000000002       0.70000000000000007       0.52364599630864750     
   1.0000000000000000       0.70000000000000007       -4.2553609227248802E-002
  -1.0000000000000000       0.80000000000000004       -4.9272538718495247E-002
 -0.90000000000000002       0.80000000000000004      -0.56458178108335488     
 -0.80000000000000004       0.80000000000000004      -0.86461612999289905     
 -0.69999999999999996       0.80000000000000004      -0.83994645122327105     
 -0.59999999999999998       0.80000000000000004      -0.48760405251274347     
 -0.49999999999999994       0.80000000000000004        4.5506449057159150E-002
 -0.39999999999999991       0.80000000000000004       0.56848528733456805     
 -0.29999999999999993       0.80000000000000004       0.86806784538144244     
 -0.19999999999999993       0.80000000000000004       0.84372375317047310     
  -9.9999999999999978E-002  0.80000000000000004       0.49111651107304577     
   2.7755575615628914E-017  0.80000000000000004       -4.3908143496586081E-002
  0.10000000000000009       0.80000000000000004      -0.58536073585705317     
  0.20000000000000009       0.80000000000000004      -0.89576339155312212     
  0.30000000000000016       0.80000000000000004      -0.87067239710504507     
  0.40000000000000013       0.80000000000000004      -0.50484944673401277     
  0.50000000000000011       0.80000000000000004        4.6914345713707194E-002
  0.60000000000000009       0.80000000000000004       0.58934438372650433     
  0.70000000000000007       0.80000000000000004       0.89962388648074165     
  0.80000000000000004       0.80000000000000004       0.87492312271937811     
  0.90000000000000002       0.80000000000000004       0.50906955941589960     
   1.0000000000000000       0.80000000000000004       -4.1700154745072091E-002
  -1.0000000000000000       0.90000000000000002       -2.8995297128955631E-002
 -0.90000000000000002       0.90000000000000002      -0.32881937972430109     
 -0.80000000000000004       0.90000000000000002      -0.50326793636955747     
 -0.69999999999999996       0.90000000000000002      -0.48871768688856032     
 -0.59999999999999998       0.90000000000000002      -0.28351148885267385     
 -0.49999999999999994       0.90000000000000002        2.6798298825455948E-002
 -0.39999999999999991       0.90000000000000002       0.33109097830315898     
 -0.29999999999999993       0.90000000000000002       0.50527834940794258     
 -0.19999999999999993       0.90000000000000002       0.49091659908056556     
  -9.9999999999999978E-002  0.90000000000000002       0.28555456782368438     
   2.7755575615628914E-017  0.90000000000000002       -2.5875447891876603E-002
  0.10000000000000009       0.90000000000000002      -0.34092096773523084     
  0.20000000000000009       0.90000000000000002      -0.52139954071783179     
  0.30000000000000016       0.90000000000000002      -0.50659497595037339     
  0.40000000000000013       0.90000000000000002      -0.29353691818610528     
  0.50000000000000011       0.90000000000000002        2.7629628987312752E-002
  0.60000000000000009       0.90000000000000002       0.34323997285084074     
  0.70000000000000007       0.90000000000000002       0.52364599630864939     
  0.80000000000000004       0.90000000000000002       0.50906955941589616     
  0.90000000000000002       0.90000000000000002       0.29599363216555197     
   1.0000000000000000       0.90000000000000002       -2.4589176720243994E-002
  -1.0000000000000000        1.0000000000000000        1.8314868643481922E-003
 -0.90000000000000002        1.0000000000000000        2.6401364540161582E-002
 -0.80000000000000004        1.0000000000000000        4.0899304263817347E-002
 -0.69999999999999996        1.0000000000000000        4.0034499158946260E-002
 -0.59999999999999998        1.0000000000000000        2.3554293067129663E-002
 -0.49999999999999994        1.0000000000000000       -1.6610474589600639E-003
 -0.39999999999999991        1.0000000000000000       -2.6586835993748580E-002
 -0.29999999999999993        1.0000000000000000       -4.1060570814904149E-002
 -0.19999999999999993        1.0000000000000000       -4.0212775410649666E-002
  -9.9999999999999978E-002   1.0000000000000000       -2.3722695549248930E-002
   2.7755575615628914E-017   1.0000000000000000        1.5735989295195853E-003
  0.10000000000000009        1.0000000000000000        2.7373568868454275E-002
  0.20000000000000009        1.0000000000000000        4.2370002421669460E-002
  0.30000000000000016        1.0000000000000000        4.1499650430704887E-002
  0.40000000000000013        1.0000000000000000        2.4390040353178048E-002
  0.50000000000000011        1.0000000000000000       -1.7088992230183033E-003
  0.60000000000000009        1.0000000000000000       -2.7561629773444077E-002
  0.70000000000000007        1.0000000000000000       -4.2553609227248622E-002
  0.80000000000000004        1.0000000000000000       -4.1700154745069377E-002
  0.90000000000000002        1.0000000000000000       -2.4589176720245909E-002
   1.0000000000000000        1.0000000000000000        1.4708408178890405E-003
