  -1.0000000000000000       -1.0000000000000000       0.14880839978671756     
 -0.90000000000000002       -1.0000000000000000       0.31836594570940174     
 -0.80000000000000004       -1.0000000000000000       0.36819682444082114     
 -0.69999999999999996       -1.0000000000000000       0.28035421358549739     
 -0.59999999999999998       -1.0000000000000000        8.2661444891960548E-002
 -0.49999999999999994       -1.0000000000000000      -0.14489878946184626     
 -0.39999999999999991       -1.0000000000000000      -0.31939823517795940     
 -0.29999999999999993       -1.0000000000000000      -0.36996601054076750     
 -0.19999999999999993       -1.0000000000000000      -0.28196636051403023     
  -9.9999999999999978E-002  -1.0000000000000000       -8.3774671474334914E-002
   2.7755575615628914E-017  -1.0000000000000000       0.14854033317150744     
  0.10000000000000009       -1.0000000000000000       0.32980977025896263     
  0.20000000000000009       -1.0000000000000000       0.38181175025976594     
  0.30000000000000016       -1.0000000000000000       0.29062293236731007     
  0.40000000000000013       -1.0000000000000000        8.5022987335329175E-002
  0.50000000000000011       -1.0000000000000000      -0.15028877203475566     
  0.60000000000000009       -1.0000000000000000      -0.33172044016252367     
  0.70000000000000007       -1.0000000000000000      -0.38351439827146894     
  0.80000000000000004       -1.0000000000000000      -0.29254958689808724     
  0.90000000000000002       -1.0000000000000000       -8.6896850833386857E-002
   1.0000000000000000       -1.0000000000000000       0.14593146037715723     
  -1.0000000000000000      -0.90000000000000002       0.31836594570939991     
 -0.90000000000000002      -0.90000000000000002       0.68011810436798792     
 -0.80000000000000004      -0.90000000000000002       0.78610808150559186     
 -0.69999999999999996      -0.90000000000000002       0.59816397165040314     
 -0.59999999999999998      -0.90000000000000002       0.17584075346927810     
 -0.49999999999999994      -0.90000000000000002      -0.31000743116692847     
 -0.39999999999999991      -0.90000000000000002      -0.68231883220018896     
 -0.29999999999999993      -0.90000000000000002      -0.78988529897658555     
 -0.19999999999999993      -0.90000000000000002      -0.60160318277067981     
  -9.9999999999999978E-002 -0.90000000000000002      -0.17821476835487066     
   2.7755575615628914E-017 -0.90000000000000002       0.31780850131897165     
  0.10000000000000009      -0.90000000000000002       0.70456451472969883     
  0.20000000000000009      -0.90000000000000002       0.81517635169361391     
  0.30000000000000016      -0.90000000000000002       0.62007383719634002     
  0.40000000000000013      -0.90000000000000002       0.18085744129223807     
  0.50000000000000011      -0.90000000000000002      -0.32153877757472599     
  0.60000000000000009      -0.90000000000000002      -0.70864433542469585     
  0.70000000000000007      -0.90000000000000002      -0.81881300791143008     
  0.80000000000000004      -0.90000000000000002      -0.62418779993215034     
  0.90000000000000002      -0.90000000000000002      -0.18485933298392371     
   1.0000000000000000      -0.90000000000000002       0.31222516567248848     
  -1.0000000000000000      -0.80000000000000004       0.36819682444080071     
 -0.90000000000000002      -0.80000000000000004       0.78610808150559208     
 -0.80000000000000004      -0.80000000000000004       0.90840237596962725     
 -0.69999999999999996      -0.80000000000000004       0.69103626764422377     
 -0.59999999999999998      -0.80000000000000004       0.20289956123484196     
 -0.49999999999999994      -0.80000000000000004      -0.35853271827918876     
 -0.39999999999999991      -0.80000000000000004      -0.78864968447741024     
 -0.29999999999999993      -0.80000000000000004      -0.91276719752286140     
 -0.19999999999999993      -0.80000000000000004      -0.69500924305952105     
  -9.9999999999999978E-002 -0.80000000000000004      -0.20564163288452841     
   2.7755575615628914E-017 -0.80000000000000004       0.36755952253679713     
  0.10000000000000009      -0.80000000000000004       0.81436387522297871     
  0.20000000000000009      -0.80000000000000004       0.94199282904469595     
  0.30000000000000016      -0.80000000000000004       0.71634814816770076     
  0.40000000000000013      -0.80000000000000004       0.20868504476879704     
  0.50000000000000011      -0.80000000000000004      -0.37186888029455695     
  0.60000000000000009      -0.80000000000000004      -0.81907862124435915     
  0.70000000000000007      -0.80000000000000004      -0.94619591360179656     
  0.80000000000000004      -0.80000000000000004      -0.72110235437945724     
  0.90000000000000002      -0.80000000000000004      -0.21331003977447394     
   1.0000000000000000      -0.80000000000000004       0.36110144090161067     
  -1.0000000000000000      -0.69999999999999996       0.28035421358549945     
 -0.90000000000000002      -0.69999999999999996       0.59816397165040369     
 -0.80000000000000004      -0.69999999999999996       0.69103626764422299     
 -0.69999999999999996      -0.69999999999999996       0.52552413995000147     
 -0.59999999999999998      -0.69999999999999996       0.15409339239118941     
 -0.49999999999999994      -0.69999999999999996      -0.27299803818755825     
 -0.39999999999999991      -0.69999999999999996      -0.60009612556679126     
 -0.29999999999999993      -0.69999999999999996      -0.69435664449426826     
 -0.19999999999999993      -0.69999999999999996      -0.52854535069643438     
  -9.9999999999999978E-002 -0.69999999999999996      -0.15617823860621258     
   2.7755575615628914E-017 -0.69999999999999996       0.27987532146539695     
  0.10000000000000009      -0.69999999999999996       0.61966401136212845     
  0.20000000000000009      -0.69999999999999996       0.71658910929014108     
  0.30000000000000016      -0.69999999999999996       0.54477370398997760     
  0.40000000000000013      -0.69999999999999996       0.15848446775188177     
  0.50000000000000011      -0.69999999999999996      -0.28315245501339370     
  0.60000000000000009      -0.69999999999999996      -0.62325079286011387     
  0.70000000000000007      -0.69999999999999996      -0.71978704579841624     
  0.80000000000000004      -0.69999999999999996      -0.54839050925517407     
  0.90000000000000002      -0.69999999999999996      -0.16200323384577092     
   1.0000000000000000      -0.69999999999999996       0.27495725613004485     
  -1.0000000000000000      -0.59999999999999998        8.2661444891972996E-002
 -0.90000000000000002      -0.59999999999999998       0.17584075346928293     
 -0.80000000000000004      -0.59999999999999998       0.20289956123486871     
 -0.69999999999999996      -0.59999999999999998       0.15409339239119124     
 -0.59999999999999998      -0.59999999999999998        4.4906645366447305E-002
 -0.49999999999999994      -0.59999999999999998       -8.0495559173564282E-002
 -0.39999999999999991      -0.59999999999999998      -0.17640636846822239     
 -0.29999999999999993      -0.59999999999999998      -0.20387446111067825     
 -0.19999999999999993      -0.59999999999999998      -0.15497902186419121     
  -9.9999999999999978E-002 -0.59999999999999998       -4.5517347796536878E-002
   2.7755575615628914E-017 -0.59999999999999998        8.2528648632753832E-002
  0.10000000000000009      -0.59999999999999998       0.18216065782931529     
  0.20000000000000009      -0.59999999999999998       0.21040235314370245     
  0.30000000000000016      -0.59999999999999998       0.15973799325497320     
  0.40000000000000013      -0.59999999999999998        4.6182676976747557E-002
  0.50000000000000011      -0.59999999999999998       -8.3489462643062617E-002
  0.60000000000000009      -0.59999999999999998      -0.18321405792585210     
  0.70000000000000007      -0.59999999999999998      -0.21134208952979783     
  0.80000000000000004      -0.59999999999999998      -0.16080021643809736     
  0.90000000000000002      -0.59999999999999998       -4.7216449710324147E-002
   1.0000000000000000      -0.59999999999999998        8.1077622085076614E-002
  -1.0000000000000000      -0.49999999999999994      -0.14489878946184331     
 -0.90000000000000002      -0.49999999999999994      -0.31000743116692903     
 -0.80000000000000004      -0.49999999999999994      -0.35853271827918654     
 -0.69999999999999996      -0.49999999999999994      -0.27299803818755891     
 -0.59999999999999998      -0.49999999999999994       -8.0495559173563824E-002
 -0.49999999999999994      -0.49999999999999994       0.14109186151074365     
 -0.39999999999999991      -0.49999999999999994       0.31101264481039065     
 -0.29999999999999993      -0.49999999999999994       0.36025546852374968     
 -0.19999999999999993      -0.49999999999999994       0.27456788688048822     
  -9.9999999999999978E-002 -0.49999999999999994        8.1579582689575950E-002
   2.7755575615628914E-017 -0.49999999999999994      -0.14463767230924776     
  0.10000000000000009      -0.49999999999999994      -0.32115080922799416     
  0.20000000000000009      -0.49999999999999994      -0.37179029084007964     
  0.30000000000000016      -0.49999999999999994      -0.28299731445766196     
  0.40000000000000013      -0.49999999999999994       -8.2795264744705319E-002
  0.50000000000000011      -0.49999999999999994       0.14634023524838199     
  0.60000000000000009      -0.49999999999999994       0.32301132665152815     
  0.70000000000000007      -0.49999999999999994       0.37344824073262650     
  0.80000000000000004      -0.49999999999999994       0.28487339688127084     
  0.90000000000000002      -0.49999999999999994        8.4619938040470050E-002
   1.0000000000000000      -0.49999999999999994      -0.14209735240892626     
  -1.0000000000000000      -0.39999999999999991      -0.31939823517791932     
 -0.90000000000000002      -0.39999999999999991      -0.68231883220017864     
 -0.80000000000000004      -0.39999999999999991      -0.78864968447738470     
 -0.69999999999999996      -0.39999999999999991      -0.60009612556679026     
 -0.59999999999999998      -0.39999999999999991      -0.17640636846820082     
 -0.49999999999999994      -0.39999999999999991       0.31101264481038998     
 -0.39999999999999991      -0.39999999999999991       0.68452666072241453     
 -0.29999999999999993      -0.39999999999999991       0.79243911409639167     
 -0.19999999999999993      -0.39999999999999991       0.60354644368132959     
  -9.9999999999999978E-002 -0.39999999999999991       0.17878804645612736     
   2.7755575615628914E-017 -0.39999999999999991      -0.31883905569351734     
  0.10000000000000009      -0.39999999999999991      -0.70684434281298447     
  0.20000000000000009      -0.39999999999999991      -0.81781193715632727     
  0.30000000000000016      -0.39999999999999991      -0.62207676540830059     
  0.40000000000000013      -0.39999999999999991      -0.18143916194844714     
  0.50000000000000011      -0.39999999999999991       0.32258138038330186     
  0.60000000000000009      -0.39999999999999991       0.71093735642823819     
  0.70000000000000007      -0.39999999999999991       0.82146035784664173     
  0.80000000000000004      -0.39999999999999991       0.62620403152115267     
  0.90000000000000002      -0.39999999999999991       0.18545399756439224     
   1.0000000000000000      -0.39999999999999991      -0.31323760806607071     
  -1.0000000000000000      -0.29999999999999993      -0.36996601054075984     
 -0.90000000000000002      -0.29999999999999993      -0.78988529897658544     
 -0.80000000000000004      -0.29999999999999993      -0.91276719752285496     
 -0.69999999999999996      -0.29999999999999993      -0.69435664449426826     
 -0.59999999999999998      -0.29999999999999993      -0.20387446111067239     
 -0.49999999999999994      -0.29999999999999993       0.36025546852374879     
 -0.39999999999999991      -0.29999999999999993       0.79243911409639423     
 -0.29999999999999993      -0.29999999999999993       0.91715299179532284     
 -0.19999999999999993      -0.29999999999999993       0.69834870975985042     
  -9.9999999999999978E-002 -0.29999999999999993       0.20662970818912704     
   2.7755575615628914E-017 -0.29999999999999993      -0.36932564691921127     
  0.10000000000000009      -0.29999999999999993      -0.81827686060778693     
  0.20000000000000009      -0.29999999999999993      -0.94651905081566112     
  0.30000000000000016      -0.29999999999999993      -0.71979014670230723     
  0.40000000000000013      -0.29999999999999993      -0.20968774274341750     
  0.50000000000000011      -0.29999999999999993       0.37365571081047805     
  0.60000000000000009      -0.29999999999999993       0.82301426072784778     
  0.70000000000000007      -0.29999999999999993       0.95074233099737204     
  0.80000000000000004      -0.29999999999999993       0.72456719661395785     
  0.90000000000000002      -0.29999999999999993       0.21433496061489618     
   1.0000000000000000      -0.29999999999999993      -0.36283653414942335     
  -1.0000000000000000      -0.19999999999999993      -0.28196636051402835     
 -0.90000000000000002      -0.19999999999999993      -0.60160318277067726     
 -0.80000000000000004      -0.19999999999999993      -0.69500924305952150     
 -0.69999999999999996      -0.19999999999999993      -0.52854535069643249     
 -0.59999999999999998      -0.19999999999999993      -0.15497902186419907     
 -0.49999999999999994      -0.19999999999999993       0.27456788688048739     
 -0.39999999999999991      -0.19999999999999993       0.60354644368133625     
 -0.29999999999999993      -0.19999999999999993       0.69834870975985242     
 -0.19999999999999993      -0.19999999999999993       0.53158393016367866     
  -9.9999999999999978E-002 -0.19999999999999993       0.15707585335268959     
   2.7755575615628914E-017 -0.19999999999999993      -0.28148472200020475     
  0.10000000000000009      -0.19999999999999993      -0.62322683898579068     
  0.20000000000000009      -0.19999999999999993      -0.72070899577526493     
  0.30000000000000016      -0.19999999999999993      -0.54790557972533926     
  0.40000000000000013      -0.19999999999999993      -0.15939533108124093     
  0.50000000000000011      -0.19999999999999993       0.28478069555703067     
  0.60000000000000009      -0.19999999999999993       0.62683424218238337     
  0.70000000000000007      -0.19999999999999993       0.72392531882874078     
  0.80000000000000004      -0.19999999999999993       0.55154317928809404     
  0.90000000000000002      -0.19999999999999993       0.16293432809215258     
   1.0000000000000000      -0.19999999999999993      -0.27653837511702051     
  -1.0000000000000000       -9.9999999999999978E-002  -8.3774671474337065E-002
 -0.90000000000000002       -9.9999999999999978E-002 -0.17821476835487238     
 -0.80000000000000004       -9.9999999999999978E-002 -0.20564163288452858     
 -0.69999999999999996       -9.9999999999999978E-002 -0.15617823860621496     
 -0.59999999999999998       -9.9999999999999978E-002  -4.5517347796539362E-002
 -0.49999999999999994       -9.9999999999999978E-002   8.1579582689574978E-002
 -0.39999999999999991       -9.9999999999999978E-002  0.17878804645612298     
 -0.29999999999999993       -9.9999999999999978E-002  0.20662970818912946     
 -0.19999999999999993       -9.9999999999999978E-002  0.15707585335268992     
  -9.9999999999999978E-002  -9.9999999999999978E-002   4.6136319947444132E-002
   2.7755575615628914E-017  -9.9999999999999978E-002  -8.3639992236310315E-002
  0.10000000000000009       -9.9999999999999978E-002 -0.18462000191671940     
  0.20000000000000009       -9.9999999999999978E-002 -0.21324582011133045     
  0.30000000000000016       -9.9999999999999978E-002 -0.16189920647407827     
  0.40000000000000013       -9.9999999999999978E-002  -4.6810774047859056E-002
  0.50000000000000011       -9.9999999999999978E-002   8.4613807014513737E-002
  0.60000000000000009       -9.9999999999999978E-002  0.18568763513243686     
  0.70000000000000007       -9.9999999999999978E-002  0.21419824776501598     
  0.80000000000000004       -9.9999999999999978E-002  0.16297578190820355     
  0.90000000000000002       -9.9999999999999978E-002   4.7858510730258673E-002
   1.0000000000000000       -9.9999999999999978E-002  -8.2169435092795409E-002
  -1.0000000000000000        2.7755575615628914E-017  0.14854033317148133     
 -0.90000000000000002        2.7755575615628914E-017  0.31780850131896921     
 -0.80000000000000004        2.7755575615628914E-017  0.36755952253677482     
 -0.69999999999999996        2.7755575615628914E-017  0.27987532146539695     
 -0.59999999999999998        2.7755575615628914E-017   8.2528648632732793E-002
 -0.49999999999999994        2.7755575615628914E-017 -0.14463767230925068     
 -0.39999999999999991        2.7755575615628914E-017 -0.31883905569351401     
 -0.29999999999999993        2.7755575615628914E-017 -0.36932564691920822     
 -0.19999999999999993        2.7755575615628914E-017 -0.28148472200020613     
  -9.9999999999999978E-002   2.7755575615628914E-017  -8.3639992236314076E-002
   2.7755575615628914E-017   2.7755575615628914E-017  0.14827249266455733     
  0.10000000000000009        2.7755575615628914E-017  0.32923230069291320     
  0.20000000000000009        2.7755575615628914E-017  0.38115088083730481     
  0.30000000000000016        2.7755575615628914E-017  0.29012649125038759     
  0.40000000000000013        2.7755575615628914E-017   8.4886507202521611E-002
  0.50000000000000011        2.7755575615628914E-017 -0.15001794800215648     
  0.60000000000000009        2.7755575615628914E-017 -0.33113965548940516     
  0.70000000000000007        2.7755575615628914E-017 -0.38285055835291898     
  0.80000000000000004        2.7755575615628914E-017 -0.29204980278111070     
  0.90000000000000002        2.7755575615628914E-017  -8.6757108867293944E-002
   1.0000000000000000        2.7755575615628914E-017  0.14566834863163131     
  -1.0000000000000000       0.10000000000000009       0.32980977025895974     
 -0.90000000000000002       0.10000000000000009       0.70456451472969928     
 -0.80000000000000004       0.10000000000000009       0.81436387522297804     
 -0.69999999999999996       0.10000000000000009       0.61966401136212734     
 -0.59999999999999998       0.10000000000000009       0.18216065782931540     
 -0.49999999999999994       0.10000000000000009      -0.32115080922799227     
 -0.39999999999999991       0.10000000000000009      -0.70684434281298769     
 -0.29999999999999993       0.10000000000000009      -0.81827686060778593     
 -0.19999999999999993       0.10000000000000009      -0.62322683898579223     
  -9.9999999999999978E-002  0.10000000000000009      -0.18462000191671912     
   2.7755575615628914E-017  0.10000000000000009       0.32923230069291359     
  0.10000000000000009       0.10000000000000009       0.72988963508389126     
  0.20000000000000009       0.10000000000000009       0.84447697261342880     
  0.30000000000000016       0.10000000000000009       0.64236139210646370     
  0.40000000000000013       0.10000000000000009       0.18735764540804467     
  0.50000000000000011       0.10000000000000009      -0.33309665555765700     
  0.60000000000000009       0.10000000000000009      -0.73411610085568069     
  0.70000000000000007       0.10000000000000009      -0.84824434560016471     
  0.80000000000000004       0.10000000000000009      -0.64662322713361142     
  0.90000000000000002       0.10000000000000009      -0.19150338162053412     
   1.0000000000000000       0.10000000000000009       0.32344826779668734     
  -1.0000000000000000       0.20000000000000009       0.38181175025974146     
 -0.90000000000000002       0.20000000000000009       0.81517635169361036     
 -0.80000000000000004       0.20000000000000009       0.94199282904467641     
 -0.69999999999999996       0.20000000000000009       0.71658910929014230     
 -0.59999999999999998       0.20000000000000009       0.21040235314370542     
 -0.49999999999999994       0.20000000000000009      -0.37179029084008047     
 -0.39999999999999991       0.20000000000000009      -0.81781193715631517     
 -0.29999999999999993       0.20000000000000009      -0.94651905081566345     
 -0.19999999999999993       0.20000000000000009      -0.72070899577525804     
  -9.9999999999999978E-002  0.20000000000000009      -0.21324582011133369     
   2.7755575615628914E-017  0.20000000000000009       0.38115088083729259     
  0.10000000000000009       0.20000000000000009       0.84447697261342780     
  0.20000000000000009       0.20000000000000009       0.97682537325257912     
  0.30000000000000016       0.20000000000000009       0.74283696158084689     
  0.40000000000000013       0.20000000000000009       0.21640177227105947     
  0.50000000000000011       0.20000000000000009      -0.38561958820022507     
  0.60000000000000009       0.20000000000000009      -0.84936605811557930     
  0.70000000000000007       0.20000000000000009      -0.98118387721334388     
  0.80000000000000004       0.20000000000000009      -0.74776696640451512     
  0.90000000000000002       0.20000000000000009      -0.22119778790309985     
   1.0000000000000000       0.20000000000000009       0.37445399698860676     
  -1.0000000000000000       0.30000000000000016       0.29062293236730607     
 -0.90000000000000002       0.30000000000000016       0.62007383719633957     
 -0.80000000000000004       0.30000000000000016       0.71634814816770020     
 -0.69999999999999996       0.30000000000000016       0.54477370398997726     
 -0.59999999999999998       0.30000000000000016       0.15973799325497326     
 -0.49999999999999994       0.30000000000000016      -0.28299731445766091     
 -0.39999999999999991       0.30000000000000016      -0.62207676540830070     
 -0.29999999999999993       0.30000000000000016      -0.71979014670230657     
 -0.19999999999999993       0.30000000000000016      -0.54790557972534004     
  -9.9999999999999978E-002  0.30000000000000016      -0.16189920647407624     
   2.7755575615628914E-017  0.30000000000000016       0.29012649125038853     
  0.10000000000000009       0.30000000000000016       0.64236139210646537     
  0.20000000000000009       0.30000000000000016       0.74283696158084533     
  0.30000000000000016       0.30000000000000016       0.56472836518234248     
  0.40000000000000013       0.30000000000000016       0.16428992185397304     
  0.50000000000000011       0.30000000000000016      -0.29352366390158507     
  0.60000000000000009       0.30000000000000016      -0.64607955311241705     
  0.70000000000000007       0.30000000000000016      -0.74615203414030551     
  0.80000000000000004       0.30000000000000016      -0.56847764968311409     
  0.90000000000000002       0.30000000000000016      -0.16793757578610286     
   1.0000000000000000       0.30000000000000016       0.28502828963902349     
  -1.0000000000000000       0.40000000000000013        8.5022987335344094E-002
 -0.90000000000000002       0.40000000000000013       0.18085744129224110     
 -0.80000000000000004       0.40000000000000013       0.20868504476882266     
 -0.69999999999999996       0.40000000000000013       0.15848446775188382     
 -0.59999999999999998       0.40000000000000013        4.6182676976763912E-002
 -0.49999999999999994       0.40000000000000013       -8.2795264744705846E-002
 -0.39999999999999991       0.40000000000000013      -0.18143916194845283     
 -0.29999999999999993       0.40000000000000013      -0.20968774274342278     
 -0.19999999999999993       0.40000000000000013      -0.15939533108124018     
  -9.9999999999999978E-002  0.40000000000000013       -4.6810774047858404E-002
   2.7755575615628914E-017  0.40000000000000013        8.4886507202522055E-002
  0.10000000000000009       0.40000000000000013       0.18735764540804486     
  0.20000000000000009       0.40000000000000013       0.21640177227105684     
  0.30000000000000016       0.40000000000000013       0.16428992185397354     
  0.40000000000000013       0.40000000000000013        4.7494919137728860E-002
  0.50000000000000011       0.40000000000000013       -8.5874699416634448E-002
  0.60000000000000009       0.40000000000000013      -0.18844108562885717     
  0.70000000000000007       0.40000000000000013      -0.21736831443872237     
  0.80000000000000004       0.40000000000000013      -0.16538243684122225     
  0.90000000000000002       0.40000000000000013       -4.8558176844456451E-002
   1.0000000000000000       0.40000000000000013        8.3394014041779388E-002
  -1.0000000000000000       0.50000000000000011      -0.15028877203475319     
 -0.90000000000000002       0.50000000000000011      -0.32153877757472488     
 -0.80000000000000004       0.50000000000000011      -0.37186888029455717     
 -0.69999999999999996       0.50000000000000011      -0.28315245501339181     
 -0.59999999999999998       0.50000000000000011       -8.3489462643061299E-002
 -0.49999999999999994       0.50000000000000011       0.14634023524838177     
 -0.39999999999999991       0.50000000000000011       0.32258138038330397     
 -0.29999999999999993       0.50000000000000011       0.37365571081047488     
 -0.19999999999999993       0.50000000000000011       0.28478069555703284     
  -9.9999999999999978E-002  0.50000000000000011        8.4613807014513515E-002
   2.7755575615628914E-017  0.50000000000000011      -0.15001794800215512     
  0.10000000000000009       0.50000000000000011      -0.33309665555765589     
  0.20000000000000009       0.50000000000000011      -0.38561958820022679     
  0.30000000000000016       0.50000000000000011      -0.29352366390158330     
  0.40000000000000013       0.50000000000000011       -8.5874699416633352E-002
  0.50000000000000011       0.50000000000000011       0.15178383929221942     
  0.60000000000000009       0.50000000000000011       0.33502637790437534     
  0.70000000000000007       0.50000000000000011       0.38733920858308013     
  0.80000000000000004       0.50000000000000011       0.29546953021087097     
  0.90000000000000002       0.50000000000000011        8.7767244600172656E-002
   1.0000000000000000       0.50000000000000011      -0.14738313195029640     
  -1.0000000000000000       0.60000000000000009      -0.33172044016248825     
 -0.90000000000000002       0.60000000000000009      -0.70864433542468963     
 -0.80000000000000004       0.60000000000000009      -0.81907862124432151     
 -0.69999999999999996       0.60000000000000009      -0.62325079286011476     
 -0.59999999999999998       0.60000000000000009      -0.18321405792583970     
 -0.49999999999999994       0.60000000000000009       0.32301132665152854     
 -0.39999999999999991       0.60000000000000009       0.71093735642822353     
 -0.29999999999999993       0.60000000000000009       0.82301426072784556     
 -0.19999999999999993       0.60000000000000009       0.62683424218237249     
  -9.9999999999999978E-002  0.60000000000000009       0.18568763513244044     
   2.7755575615628914E-017  0.60000000000000009      -0.33113965548939445     
  0.10000000000000009       0.60000000000000009      -0.73411610085567902     
  0.20000000000000009       0.60000000000000009      -0.84936605811557397     
  0.30000000000000016       0.60000000000000009      -0.64607955311241561     
  0.40000000000000013       0.60000000000000009      -0.18844108562885789     
  0.50000000000000011       0.60000000000000009       0.33502637790437340     
  0.60000000000000009       0.60000000000000009       0.73836703662745229     
  0.70000000000000007       0.60000000000000009       0.85315524502228035     
  0.80000000000000004       0.60000000000000009       0.65036606293954935     
  0.90000000000000002       0.60000000000000009       0.19261082569995305     
   1.0000000000000000       0.60000000000000009      -0.32532211080430445     
  -1.0000000000000000       0.70000000000000007      -0.38351439827146527     
 -0.90000000000000002       0.70000000000000007      -0.81881300791142819     
 -0.80000000000000004       0.70000000000000007      -0.94619591360179722     
 -0.69999999999999996       0.70000000000000007      -0.71978704579841490     
 -0.59999999999999998       0.70000000000000007      -0.21134208952979766     
 -0.49999999999999994       0.70000000000000007       0.37344824073262312     
 -0.39999999999999991       0.70000000000000007       0.82146035784664673     
 -0.29999999999999993       0.70000000000000007       0.95074233099736616     
 -0.19999999999999993       0.70000000000000007       0.72392531882874112     
  -9.9999999999999978E-002  0.70000000000000007       0.21419824776501367     
   2.7755575615628914E-017  0.70000000000000007      -0.38285055835292270     
  0.10000000000000009       0.70000000000000007      -0.84824434560016171     
  0.20000000000000009       0.70000000000000007      -0.98118387721334499     
  0.30000000000000016       0.70000000000000007      -0.74615203414030273     
  0.40000000000000013       0.70000000000000007      -0.21736831443872068     
  0.50000000000000011       0.70000000000000007       0.38733920858308107     
  0.60000000000000009       0.70000000000000007       0.85315524502228546     
  0.70000000000000007       0.70000000000000007       0.98556182627866495     
  0.80000000000000004       0.70000000000000007       0.75110403544676030     
  0.90000000000000002       0.70000000000000007       0.22218572777689938     
   1.0000000000000000       0.70000000000000007      -0.37612381310861520     
  -1.0000000000000000       0.80000000000000004      -0.29254958689808258     
 -0.90000000000000002       0.80000000000000004      -0.62418779993214857     
 -0.80000000000000004       0.80000000000000004      -0.72110235437945680     
 -0.69999999999999996       0.80000000000000004      -0.54839050925517752     
 -0.59999999999999998       0.80000000000000004      -0.16080021643809955     
 -0.49999999999999994       0.80000000000000004       0.28487339688127072     
 -0.39999999999999991       0.80000000000000004       0.62620403152115056     
 -0.29999999999999993       0.80000000000000004       0.72456719661396218     
 -0.19999999999999993       0.80000000000000004       0.55154317928807872     
  -9.9999999999999978E-002  0.80000000000000004       0.16297578190820561     
   2.7755575615628914E-017  0.80000000000000004      -0.29204980278110870     
  0.10000000000000009       0.80000000000000004      -0.64662322713361098     
  0.20000000000000009       0.80000000000000004      -0.74776696640451001     
  0.30000000000000016       0.80000000000000004      -0.56847764968311543     
  0.40000000000000013       0.80000000000000004      -0.16538243684121640     
  0.50000000000000011       0.80000000000000004       0.29546953021087002     
  0.60000000000000009       0.80000000000000004       0.65036606293955368     
  0.70000000000000007       0.80000000000000004       0.75110403544676263     
  0.80000000000000004       0.80000000000000004       0.57225181550118509     
  0.90000000000000002       0.80000000000000004       0.16905429553062601     
   1.0000000000000000       0.80000000000000004      -0.28691780902449499     
  -1.0000000000000000       0.90000000000000002       -8.6896850833389105E-002
 -0.90000000000000002       0.90000000000000002      -0.18485933298392371     
 -0.80000000000000004       0.90000000000000002      -0.21331003977447016     
 -0.69999999999999996       0.90000000000000002      -0.16200323384577231     
 -0.59999999999999998       0.90000000000000002       -4.7216449710326139E-002
 -0.49999999999999994       0.90000000000000002        8.4619938040468537E-002
 -0.39999999999999991       0.90000000000000002       0.18545399756438657     
 -0.29999999999999993       0.90000000000000002       0.21433496061489785     
 -0.19999999999999993       0.90000000000000002       0.16293432809215339     
  -9.9999999999999978E-002  0.90000000000000002        4.7858510730258146E-002
   2.7755575615628914E-017  0.90000000000000002       -8.6757108867291238E-002
  0.10000000000000009       0.90000000000000002      -0.19150338162053387     
  0.20000000000000009       0.90000000000000002      -0.22119778790309486     
  0.30000000000000016       0.90000000000000002      -0.16793757578610261     
  0.40000000000000013       0.90000000000000002       -4.8558176844455667E-002
  0.50000000000000011       0.90000000000000002        8.7767244600173211E-002
  0.60000000000000009       0.90000000000000002       0.19261082569994945     
  0.70000000000000007       0.90000000000000002       0.22218572777689921     
  0.80000000000000004       0.90000000000000002       0.16905429553062307     
  0.90000000000000002       0.90000000000000002        4.9644980723087935E-002
   1.0000000000000000       0.90000000000000002       -8.5231750646065113E-002
  -1.0000000000000000        1.0000000000000000       0.14593146037711741     
 -0.90000000000000002        1.0000000000000000       0.31222516567248543     
 -0.80000000000000004        1.0000000000000000       0.36110144090158774     
 -0.69999999999999996        1.0000000000000000       0.27495725613004346     
 -0.59999999999999998        1.0000000000000000        8.1077622085048373E-002
 -0.49999999999999994        1.0000000000000000      -0.14209735240892743     
 -0.39999999999999991        1.0000000000000000      -0.31323760806607515     
 -0.29999999999999993        1.0000000000000000      -0.36283653414941985     
 -0.19999999999999993        1.0000000000000000      -0.27653837511702029     
  -9.9999999999999978E-002   1.0000000000000000       -8.2169435092798795E-002
   2.7755575615628914E-017   1.0000000000000000       0.14566834863163744     
  0.10000000000000009        1.0000000000000000       0.32344826779668756     
  0.20000000000000009        1.0000000000000000       0.37445399698861803     
  0.30000000000000016        1.0000000000000000       0.28502828963902332     
  0.40000000000000013        1.0000000000000000        8.3394014041774975E-002
  0.50000000000000011        1.0000000000000000      -0.14738313195029482     
  0.60000000000000009        1.0000000000000000      -0.32532211080432177     
  0.70000000000000007        1.0000000000000000      -0.37612381310861348     
  0.80000000000000004        1.0000000000000000      -0.28691780902449326     
  0.90000000000000002        1.0000000000000000       -8.5231750646066112E-002
   1.0000000000000000        1.0000000000000000       0.14310993949736248     
