  -1.0000000000000000       -1.0000000000000000       0.50108686386797818     
 -0.90000000000000002       -1.0000000000000000       0.67463882816976284     
 -0.80000000000000004       -1.0000000000000000       0.59740341930366914     
 -0.69999999999999996       -1.0000000000000000       0.29778137145967304     
 -0.59999999999999998       -1.0000000000000000      -0.11964122050598278     
 -0.49999999999999994       -1.0000000000000000      -0.49032306673918702     
 -0.39999999999999991       -1.0000000000000000      -0.67563255905754838     
 -0.29999999999999993       -1.0000000000000000      -0.60080807613976428     
 -0.19999999999999993       -1.0000000000000000      -0.29926380107956535     
  -9.9999999999999978E-002  -1.0000000000000000       0.12300372744315310     
   2.7755575615628914E-017  -1.0000000000000000       0.50623458231897800     
  0.10000000000000009       -1.0000000000000000       0.69896601988192431     
  0.20000000000000009       -1.0000000000000000       0.62026104665653581     
  0.30000000000000016       -1.0000000000000000       0.30869769352143478     
  0.40000000000000013       -1.0000000000000000      -0.12624286228741613     
  0.50000000000000011       -1.0000000000000000      -0.50817418010755933     
  0.60000000000000009       -1.0000000000000000      -0.70222764220505063     
  0.70000000000000007       -1.0000000000000000      -0.62286076432684978     
  0.80000000000000004       -1.0000000000000000      -0.31222103249099087     
  0.90000000000000002       -1.0000000000000000       0.12260971245705667     
   1.0000000000000000       -1.0000000000000000       0.49660719449499130     
  -1.0000000000000000      -0.90000000000000002       0.67463882816975773     
 -0.90000000000000002      -0.90000000000000002       0.90802269681482273     
 -0.80000000000000004      -0.90000000000000002       0.80386465258327577     
 -0.69999999999999996      -0.90000000000000002       0.40046572610235720     
 -0.59999999999999998      -0.90000000000000002      -0.16135789639362924     
 -0.49999999999999994      -0.90000000000000002      -0.66014883770588428     
 -0.39999999999999991      -0.90000000000000002      -0.90935890254345197     
 -0.29999999999999993      -0.90000000000000002      -0.80844782071115828     
 -0.19999999999999993      -0.90000000000000002      -0.40246010498133250     
  -9.9999999999999978E-002 -0.90000000000000002       0.16589570143292651     
   2.7755575615628914E-017 -0.90000000000000002       0.68157372697133989     
  0.10000000000000009      -0.90000000000000002       0.94076586813285368     
  0.20000000000000009      -0.90000000000000002       0.83462445185580525     
  0.30000000000000016      -0.90000000000000002       0.41514638531540587     
  0.40000000000000013      -0.90000000000000002      -0.17025569509348767     
  0.50000000000000011      -0.90000000000000002      -0.68418281264169090     
  0.60000000000000009      -0.90000000000000002      -0.94515488260754810     
  0.70000000000000007      -0.90000000000000002      -0.83812120235650356     
  0.80000000000000004      -0.90000000000000002      -0.41988782016872106     
  0.90000000000000002      -0.90000000000000002       0.16536692308814960     
   1.0000000000000000      -0.90000000000000002       0.66861167793135068     
  -1.0000000000000000      -0.80000000000000004       0.59740341930364560     
 -0.90000000000000002      -0.80000000000000004       0.80386465258327777     
 -0.80000000000000004      -0.80000000000000004       0.71150484430582173     
 -0.69999999999999996      -0.80000000000000004       0.35428686603981446     
 -0.59999999999999998      -0.80000000000000004      -0.14308947692851706     
 -0.49999999999999994      -0.80000000000000004      -0.58457366572514347     
 -0.39999999999999991      -0.80000000000000004      -0.80504663365563822     
 -0.29999999999999993      -0.80000000000000004      -0.71556280268922889     
 -0.19999999999999993      -0.80000000000000004      -0.35605182607214619     
  -9.9999999999999978E-002 -0.80000000000000004       0.14711561600705539     
   2.7755575615628914E-017 -0.80000000000000004       0.60354750895757525     
  0.10000000000000009      -0.80000000000000004       0.83285208701540836     
  0.20000000000000009      -0.80000000000000004       0.73873243414836998     
  0.30000000000000016      -0.80000000000000004       0.36727469051229938     
  0.40000000000000013      -0.80000000000000004      -0.15097571260999196     
  0.50000000000000011      -0.80000000000000004      -0.60585621339593487     
  0.60000000000000009      -0.80000000000000004      -0.83673696120252017     
  0.70000000000000007      -0.80000000000000004      -0.74182638179155691     
  0.80000000000000004      -0.80000000000000004      -0.37147168098802941     
  0.90000000000000002      -0.80000000000000004       0.14664862439447174     
   1.0000000000000000      -0.80000000000000004       0.59206925765078211     
  -1.0000000000000000      -0.69999999999999996       0.29778137145967498     
 -0.90000000000000002      -0.69999999999999996       0.40046572610235748     
 -0.80000000000000004      -0.69999999999999996       0.35428686603981363     
 -0.69999999999999996      -0.69999999999999996       0.17622616982147191     
 -0.59999999999999998      -0.69999999999999996       -7.1553161050222538E-002
 -0.49999999999999994      -0.69999999999999996      -0.29138778580510394     
 -0.39999999999999991      -0.69999999999999996      -0.40105349626600306     
 -0.29999999999999993      -0.69999999999999996      -0.35630902304152456     
 -0.19999999999999993      -0.69999999999999996      -0.17710470627069202     
  -9.9999999999999978E-002 -0.69999999999999996        7.3568803087122742E-002
   2.7755575615628914E-017 -0.69999999999999996       0.30084744986596096     
  0.10000000000000009      -0.69999999999999996       0.41490676758379968     
  0.20000000000000009      -0.69999999999999996       0.36784673785940109     
  0.30000000000000016      -0.69999999999999996       0.18268649470216725     
  0.40000000000000013      -0.69999999999999996       -7.5492068255691422E-002
  0.50000000000000011      -0.69999999999999996      -0.30199636248472678     
  0.60000000000000009      -0.69999999999999996      -0.41684135303726239     
  0.70000000000000007      -0.69999999999999996      -0.36938616906532984     
  0.80000000000000004      -0.69999999999999996      -0.18477670498847046     
  0.90000000000000002      -0.69999999999999996        7.3337425541141130E-002
   1.0000000000000000      -0.69999999999999996       0.29512583869217079     
  -1.0000000000000000      -0.59999999999999998      -0.11964122050596651     
 -0.90000000000000002      -0.59999999999999998      -0.16135789639362400     
 -0.80000000000000004      -0.59999999999999998      -0.14308947692849311     
 -0.69999999999999996      -0.59999999999999998       -7.1553161050221192E-002
 -0.59999999999999998      -0.59999999999999998        2.8286322328446332E-002
 -0.49999999999999994      -0.59999999999999998       0.11706935474524496     
 -0.39999999999999991      -0.59999999999999998       0.16159687284011381     
 -0.29999999999999993      -0.59999999999999998       0.14390308173414249     
 -0.19999999999999993      -0.59999999999999998        7.1908607219311999E-002
  -9.9999999999999978E-002 -0.59999999999999998       -2.9078444623648919E-002
   2.7755575615628914E-017 -0.59999999999999998      -0.12086603236381026     
  0.10000000000000009      -0.59999999999999998      -0.16717613765940778     
  0.20000000000000009      -0.59999999999999998      -0.14856167657617714     
  0.30000000000000016      -0.59999999999999998       -7.4176170386235474E-002
  0.40000000000000013      -0.59999999999999998        2.9852853447723406E-002
  0.50000000000000011      -0.59999999999999998       0.12133143796384713     
  0.60000000000000009      -0.59999999999999998       0.16795717463002174     
  0.70000000000000007      -0.59999999999999998       0.14918578609258432     
  0.80000000000000004      -0.59999999999999998        7.5019637669340805E-002
  0.90000000000000002      -0.59999999999999998       -2.8982659076812217E-002
   1.0000000000000000      -0.59999999999999998      -0.11856757007361647     
  -1.0000000000000000      -0.49999999999999994      -0.49032306673918397     
 -0.90000000000000002      -0.49999999999999994      -0.66014883770588662     
 -0.80000000000000004      -0.49999999999999994      -0.58457366572514036     
 -0.69999999999999996      -0.49999999999999994      -0.29138778580510533     
 -0.59999999999999998      -0.49999999999999994       0.11706935474524453     
 -0.49999999999999994      -0.49999999999999994       0.47979047323441326     
 -0.39999999999999991      -0.49999999999999994       0.66112123377061882     
 -0.29999999999999993      -0.49999999999999994       0.58790519210820436     
 -0.19999999999999993      -0.49999999999999994       0.29283838146988261     
  -9.9999999999999978E-002 -0.49999999999999994      -0.12035956049207186     
   2.7755575615628914E-017 -0.49999999999999994      -0.49536017905787455     
  0.10000000000000009      -0.49999999999999994      -0.68395352476232507     
  0.20000000000000009      -0.49999999999999994      -0.60694038823046081     
  0.30000000000000016      -0.49999999999999994      -0.30206972606583632     
  0.40000000000000013      -0.49999999999999994       0.12352912264070123     
  0.50000000000000011      -0.49999999999999994       0.49725812787341556     
  0.60000000000000009      -0.49999999999999994       0.68714509970737758     
  0.70000000000000007      -0.49999999999999994       0.60948428424274304     
  0.80000000000000004      -0.49999999999999994       0.30551739535714334     
  0.90000000000000002      -0.49999999999999994      -0.11997399792636405     
   1.0000000000000000      -0.49999999999999994      -0.48593959756376692     
  -1.0000000000000000      -0.39999999999999991      -0.67563255905751085     
 -0.90000000000000002      -0.39999999999999991      -0.90935890254344065     
 -0.80000000000000004      -0.39999999999999991      -0.80504663365561491     
 -0.69999999999999996      -0.39999999999999991      -0.40105349626600256     
 -0.59999999999999998      -0.39999999999999991       0.16159687284012811     
 -0.49999999999999994      -0.39999999999999991       0.66112123377061660     
 -0.39999999999999991      -0.39999999999999991       0.91069706862679045     
 -0.29999999999999993      -0.39999999999999991       0.80963654940172680     
 -0.19999999999999993      -0.39999999999999991       0.40305080579907782     
  -9.9999999999999978E-002 -0.39999999999999991      -0.16614141160872192     
   2.7755575615628914E-017 -0.39999999999999991      -0.68257769273435276     
  0.10000000000000009      -0.39999999999999991      -0.94215025845782963     
  0.20000000000000009      -0.39999999999999991      -0.83585167349880796     
  0.30000000000000016      -0.39999999999999991      -0.41575570273064427     
  0.40000000000000013      -0.39999999999999991       0.17050782293054492     
  0.50000000000000011      -0.39999999999999991       0.68519061079442545     
  0.60000000000000009      -0.39999999999999991       0.94654572725943031     
  0.70000000000000007      -0.39999999999999991       0.83935355889388474     
  0.80000000000000004      -0.39999999999999991       0.42050411125345294     
  0.90000000000000002      -0.39999999999999991      -0.16561186250860016     
   1.0000000000000000      -0.39999999999999991      -0.66959654983365868     
  -1.0000000000000000      -0.29999999999999993      -0.60080807613975917     
 -0.90000000000000002      -0.29999999999999993      -0.80844782071115961     
 -0.80000000000000004      -0.29999999999999993      -0.71556280268922490     
 -0.69999999999999996      -0.29999999999999993      -0.35630902304152412     
 -0.59999999999999998      -0.29999999999999993       0.14390308173414595     
 -0.49999999999999994      -0.29999999999999993       0.58790519210820369     
 -0.39999999999999991      -0.29999999999999993       0.80963654940173091     
 -0.29999999999999993      -0.29999999999999993       0.71964389247377103     
 -0.19999999999999993      -0.29999999999999993       0.35808405183392272     
  -9.9999999999999978E-002 -0.29999999999999993      -0.14795209438468510     
   2.7755575615628914E-017 -0.29999999999999993      -0.60698715283109916     
  0.10000000000000009      -0.29999999999999993      -0.83760052288362630     
  0.20000000000000009      -0.29999999999999993      -0.74294566325220468     
  0.30000000000000016      -0.29999999999999993      -0.36937097758782333     
  0.40000000000000013      -0.29999999999999993       0.15183419672809109     
  0.50000000000000011      -0.29999999999999993       0.60930903025795669     
  0.60000000000000009      -0.29999999999999993       0.84150755263185217     
  0.70000000000000007      -0.29999999999999993       0.74605726633215441     
  0.80000000000000004      -0.29999999999999993       0.37359190204111337     
  0.90000000000000002      -0.29999999999999993      -0.14748242974822642     
   1.0000000000000000      -0.29999999999999993      -0.59544348732676966     
  -1.0000000000000000      -0.19999999999999993      -0.29926380107957040     
 -0.90000000000000002      -0.19999999999999993      -0.40246010498133217     
 -0.80000000000000004      -0.19999999999999993      -0.35605182607215846     
 -0.69999999999999996      -0.19999999999999993      -0.17710470627069222     
 -0.59999999999999998      -0.19999999999999993        7.1908607219295442E-002
 -0.49999999999999994      -0.19999999999999993       0.29283838146988100     
 -0.39999999999999991      -0.19999999999999993       0.40305080579907882     
 -0.29999999999999993      -0.19999999999999993       0.35808405183392161     
 -0.19999999999999993      -0.19999999999999993       0.17798762044379940     
  -9.9999999999999978E-002 -0.19999999999999993       -7.3934254520290454E-002
   2.7755575615628914E-017 -0.19999999999999993      -0.30234513148975356     
  0.10000000000000009      -0.19999999999999993      -0.41697306428532371     
  0.20000000000000009      -0.19999999999999993      -0.36967924230541516     
  0.30000000000000016      -0.19999999999999993      -0.18359723754952734     
  0.40000000000000013      -0.19999999999999993        7.5867096784395502E-002
  0.50000000000000011      -0.19999999999999993       0.30349977001003009     
  0.60000000000000009      -0.19999999999999993       0.41891728682463020     
  0.70000000000000007      -0.19999999999999993       0.37122634643811758     
  0.80000000000000004      -0.19999999999999993       0.18569785953314069     
  0.90000000000000002      -0.19999999999999993       -7.3701720296118822E-002
   1.0000000000000000      -0.19999999999999993      -0.29659503730947401     
  -1.0000000000000000       -9.9999999999999978E-002  0.12300372744314865     
 -0.90000000000000002       -9.9999999999999978E-002  0.16589570143292595     
 -0.80000000000000004       -9.9999999999999978E-002  0.14711561600705533     
 -0.69999999999999996       -9.9999999999999978E-002   7.3568803087121895E-002
 -0.59999999999999998       -9.9999999999999978E-002  -2.9078444623651528E-002
 -0.49999999999999994       -9.9999999999999978E-002 -0.12035956049207341     
 -0.39999999999999991       -9.9999999999999978E-002 -0.16614141160872686     
 -0.29999999999999993       -9.9999999999999978E-002 -0.14795209438468290     
 -0.19999999999999993       -9.9999999999999978E-002  -7.3934254520290371E-002
  -9.9999999999999978E-002  -9.9999999999999978E-002   2.9892720082510496E-002
   2.7755575615628914E-017  -9.9999999999999978E-002  0.12426291871121903     
  0.10000000000000009       -9.9999999999999978E-002  0.17187756417564015     
  0.20000000000000009       -9.9999999999999978E-002  0.15274176134153250     
  0.30000000000000016       -9.9999999999999978E-002   7.6265701759534371E-002
  0.40000000000000013       -9.9999999999999978E-002  -3.0688903624389807E-002
  0.50000000000000011       -9.9999999999999978E-002 -0.12474142816803385     
  0.60000000000000009       -9.9999999999999978E-002 -0.17268057550904325     
  0.70000000000000007       -9.9999999999999978E-002 -0.15338344612442237     
  0.80000000000000004       -9.9999999999999978E-002  -7.7132897484257987E-002
  0.90000000000000002       -9.9999999999999978E-002   2.9794224617065362E-002
   1.0000000000000000       -9.9999999999999978E-002  0.12189986050824456     
  -1.0000000000000000        2.7755575615628914E-017  0.50623458231894147     
 -0.90000000000000002        2.7755575615628914E-017  0.68157372697133756     
 -0.80000000000000004        2.7755575615628914E-017  0.60354750895754927     
 -0.69999999999999996        2.7755575615628914E-017  0.30084744986595841     
 -0.59999999999999998        2.7755575615628914E-017 -0.12086603236382958     
 -0.49999999999999994        2.7755575615628914E-017 -0.49536017905787982     
 -0.39999999999999991        2.7755575615628914E-017 -0.68257769273435287     
 -0.29999999999999993        2.7755575615628914E-017 -0.60698715283109816     
 -0.19999999999999993        2.7755575615628914E-017 -0.30234513148975656     
  -9.9999999999999978E-002   2.7755575615628914E-017  0.12426291871121790     
   2.7755575615628914E-017   2.7755575615628914E-017  0.51143511847778222     
  0.10000000000000009        2.7755575615628914E-017  0.70615098429422885     
  0.20000000000000009        2.7755575615628914E-017  0.62664017884695200     
  0.30000000000000016        2.7755575615628914E-017  0.31187617010506730     
  0.40000000000000013        2.7755575615628914E-017 -0.12753534522871626     
  0.50000000000000011        2.7755575615628914E-017 -0.51339467711241937     
  0.60000000000000009        2.7755575615628914E-017 -0.70944614847394982     
  0.70000000000000007        2.7755575615628914E-017 -0.62926665555222072     
  0.80000000000000004        2.7755575615628914E-017 -0.31543573867411723     
  0.90000000000000002        2.7755575615628914E-017  0.12386482990063792     
   1.0000000000000000        2.7755575615628914E-017  0.50170883061297533     
  -1.0000000000000000       0.10000000000000009       0.69896601988192131     
 -0.90000000000000002       0.10000000000000009       0.94076586813285379     
 -0.80000000000000004       0.10000000000000009       0.83285208701540603     
 -0.69999999999999996       0.10000000000000009       0.41490676758380035     
 -0.59999999999999998       0.10000000000000009      -0.16717613765940501     
 -0.49999999999999994       0.10000000000000009      -0.68395352476232207     
 -0.39999999999999991       0.10000000000000009      -0.94215025845783329     
 -0.29999999999999993       0.10000000000000009      -0.83760052288362485     
 -0.19999999999999993       0.10000000000000009      -0.41697306428532643     
  -9.9999999999999978E-002  0.10000000000000009       0.17187756417564010     
   2.7755575615628914E-017  0.10000000000000009       0.70615098429422773     
  0.10000000000000009       0.10000000000000009       0.97468975339091346     
  0.20000000000000009       0.10000000000000009       0.86472108509207324     
  0.30000000000000016       0.10000000000000009       0.43011682039221533     
  0.40000000000000013       0.10000000000000009      -0.17639477833754869     
  0.50000000000000011       0.10000000000000009      -0.70885415459544310     
  0.60000000000000009       0.10000000000000009      -0.97923703596665246     
  0.70000000000000007       0.10000000000000009      -0.86834393005293598     
  0.80000000000000004       0.10000000000000009      -0.43502923141857563     
  0.90000000000000002       0.10000000000000009       0.17132971676559386     
   1.0000000000000000       0.10000000000000009       0.69272152941406495     
  -1.0000000000000000       0.20000000000000009       0.62026104665650883     
 -0.90000000000000002       0.20000000000000009       0.83462445185580258     
 -0.80000000000000004       0.20000000000000009       0.73873243414836165     
 -0.69999999999999996       0.20000000000000009       0.36784673785940292     
 -0.59999999999999998       0.20000000000000009      -0.14856167657616057     
 -0.49999999999999994       0.20000000000000009      -0.60694038823046215     
 -0.39999999999999991       0.20000000000000009      -0.83585167349879941     
 -0.29999999999999993       0.20000000000000009      -0.74294566325220612     
 -0.19999999999999993       0.20000000000000009      -0.36967924230541638     
  -9.9999999999999978E-002  0.20000000000000009       0.15274176134152986     
   2.7755575615628914E-017  0.20000000000000009       0.62664017884694045     
  0.10000000000000009       0.20000000000000009       0.86472108509207157     
  0.20000000000000009       0.20000000000000009       0.76700193394670269     
  0.30000000000000016       0.20000000000000009       0.38133165408995934     
  0.40000000000000013       0.20000000000000009      -0.15674956099187873     
  0.50000000000000011       0.20000000000000009      -0.62903723981358928     
  0.60000000000000009       0.20000000000000009      -0.86875462240874557     
  0.70000000000000007       0.20000000000000009      -0.77021429304568878     
  0.80000000000000004       0.20000000000000009      -0.38568924925363002     
  0.90000000000000002       0.20000000000000009       0.15225688560976000     
   1.0000000000000000       0.20000000000000009       0.61472275293063627     
  -1.0000000000000000       0.30000000000000016       0.30869769352143278     
 -0.90000000000000002       0.30000000000000016       0.41514638531540604     
 -0.80000000000000004       0.30000000000000016       0.36727469051229850     
 -0.69999999999999996       0.30000000000000016       0.18268649470216811     
 -0.59999999999999998       0.30000000000000016       -7.4176170386235071E-002
 -0.49999999999999994       0.30000000000000016      -0.30206972606583454     
 -0.39999999999999991       0.30000000000000016      -0.41575570273064227     
 -0.29999999999999993       0.30000000000000016      -0.36937097758782428     
 -0.19999999999999993       0.30000000000000016      -0.18359723754952681     
  -9.9999999999999978E-002  0.30000000000000016        7.6265701759535301E-002
   2.7755575615628914E-017  0.30000000000000016       0.31187617010506863     
  0.10000000000000009       0.30000000000000016       0.43011682039221683     
  0.20000000000000009       0.30000000000000016       0.38133165408995812     
  0.30000000000000016       0.30000000000000016       0.18938365044948072     
  0.40000000000000013       0.30000000000000016       -7.8259471753813120E-002
  0.50000000000000011       0.30000000000000016      -0.31306720093336499     
  0.60000000000000009       0.30000000000000016      -0.43212232590668054     
  0.70000000000000007       0.30000000000000016      -0.38292751964186772     
  0.80000000000000004       0.30000000000000016      -0.19155048581949741     
  0.90000000000000002       0.30000000000000016        7.6025841863718538E-002
   1.0000000000000000       0.30000000000000016       0.30594481129681389     
  -1.0000000000000000       0.40000000000000013      -0.12624286228738055     
 -0.90000000000000002       0.40000000000000013      -0.17025569509348101     
 -0.80000000000000004       0.40000000000000013      -0.15097571260996839     
 -0.69999999999999996       0.40000000000000013       -7.5492068255687134E-002
 -0.59999999999999998       0.40000000000000013        2.9852853447744025E-002
 -0.49999999999999994       0.40000000000000013       0.12352912264070157     
 -0.39999999999999991       0.40000000000000013       0.17050782293054775     
 -0.29999999999999993       0.40000000000000013       0.15183419672808721     
 -0.19999999999999993       0.40000000000000013        7.5867096784405466E-002
  -9.9999999999999978E-002  0.40000000000000013       -3.0688903624389710E-002
   2.7755575615628914E-017  0.40000000000000013      -0.12753534522871868     
  0.10000000000000009       0.40000000000000013      -0.17639477833754807     
  0.20000000000000009       0.40000000000000013      -0.15674956099189380     
  0.30000000000000016       0.40000000000000013       -7.8259471753812454E-002
  0.40000000000000013       0.40000000000000013        3.1506022411639752E-002
  0.50000000000000011       0.40000000000000013       0.12802638412561645     
  0.60000000000000009       0.40000000000000013       0.17721886513738791     
  0.70000000000000007       0.40000000000000013       0.15740803852717122     
  0.80000000000000004       0.40000000000000013        7.9149434865135662E-002
  0.90000000000000002       0.40000000000000013       -3.0587867837535695E-002
   1.0000000000000000       0.40000000000000013      -0.12511005264754349     
  -1.0000000000000000       0.50000000000000011      -0.50817418010755466     
 -0.90000000000000002       0.50000000000000011      -0.68418281264169079     
 -0.80000000000000004       0.50000000000000011      -0.60585621339593587     
 -0.69999999999999996       0.50000000000000011      -0.30199636248472689     
 -0.59999999999999998       0.50000000000000011       0.12133143796384785     
 -0.49999999999999994       0.50000000000000011       0.49725812787341300     
 -0.39999999999999991       0.50000000000000011       0.68519061079442911     
 -0.29999999999999993       0.50000000000000011       0.60930903025795369     
 -0.19999999999999993       0.50000000000000011       0.30349977001003126     
  -9.9999999999999978E-002  0.50000000000000011      -0.12474142816803306     
   2.7755575615628914E-017  0.50000000000000011      -0.51339467711241871     
  0.10000000000000009       0.50000000000000011      -0.70885415459544177     
  0.20000000000000009       0.50000000000000011      -0.62903723981359039     
  0.30000000000000016       0.50000000000000011      -0.31306720093336327     
  0.40000000000000013       0.50000000000000011       0.12802638412561856     
  0.50000000000000011       0.50000000000000011       0.51536172461554564     
  0.60000000000000009       0.50000000000000011       0.71216192504758613     
  0.70000000000000007       0.50000000000000011       0.63167375154940220     
  0.80000000000000004       0.50000000000000011       0.31664038932338229     
  0.90000000000000002       0.50000000000000011      -0.12434182815721324     
   1.0000000000000000       0.50000000000000011      -0.50363112206277250     
  -1.0000000000000000       0.60000000000000009      -0.70222764220500056     
 -0.90000000000000002       0.60000000000000009      -0.94515488260754144     
 -0.80000000000000004       0.60000000000000009      -0.83673696120249030     
 -0.69999999999999996       0.60000000000000009      -0.41684135303726177     
 -0.59999999999999998       0.60000000000000009       0.16795717463002438     
 -0.49999999999999994       0.60000000000000009       0.68714509970737925     
 -0.39999999999999991       0.60000000000000009       0.94654572725942054     
 -0.29999999999999993       0.60000000000000009       0.84150755263185106     
 -0.19999999999999993       0.60000000000000009       0.41891728682462825     
  -9.9999999999999978E-002  0.60000000000000009      -0.17268057550904095     
   2.7755575615628914E-017  0.60000000000000009      -0.70944614847394094     
  0.10000000000000009       0.60000000000000009      -0.97923703596665135     
  0.20000000000000009       0.60000000000000009      -0.86875462240874557     
  0.30000000000000016       0.60000000000000009      -0.43212232590668154     
  0.40000000000000013       0.60000000000000009       0.17721886513737886     
  0.50000000000000011       0.60000000000000009       0.71216192504758402     
  0.60000000000000009       0.60000000000000009       0.98380553015296057     
  0.70000000000000007       0.60000000000000009       0.87239436151255956     
  0.80000000000000004       0.60000000000000009       0.43705765256190782     
  0.90000000000000002       0.60000000000000009      -0.17213017732729005     
   1.0000000000000000       0.60000000000000009      -0.69595402633277303     
  -1.0000000000000000       0.70000000000000007      -0.62286076432684523     
 -0.90000000000000002       0.70000000000000007      -0.83812120235650200     
 -0.80000000000000004       0.70000000000000007      -0.74182638179155658     
 -0.69999999999999996       0.70000000000000007      -0.36938616906532995     
 -0.59999999999999998       0.70000000000000007       0.14918578609258468     
 -0.49999999999999994       0.70000000000000007       0.60948428424273937     
 -0.39999999999999991       0.70000000000000007       0.83935355889388730     
 -0.29999999999999993       0.70000000000000007       0.74605726633215053     
 -0.19999999999999993       0.70000000000000007       0.37122634643811725     
  -9.9999999999999978E-002  0.70000000000000007      -0.15338344612442259     
   2.7755575615628914E-017  0.70000000000000007      -0.62926665555222383     
  0.10000000000000009       0.70000000000000007      -0.86834393005293231     
  0.20000000000000009       0.70000000000000007      -0.77021429304568856     
  0.30000000000000016       0.70000000000000007      -0.38292751964186689     
  0.40000000000000013       0.70000000000000007       0.15740803852717503     
  0.50000000000000011       0.70000000000000007       0.63167375154940175     
  0.60000000000000009       0.70000000000000007       0.87239436151256278     
  0.70000000000000007       0.70000000000000007       0.77344009874316177     
  0.80000000000000004       0.70000000000000007       0.38730336747862582     
  0.90000000000000002       0.70000000000000007      -0.15289654691889532     
   1.0000000000000000       0.70000000000000007      -0.61729927873107437     
  -1.0000000000000000       0.80000000000000004      -0.31222103249099969     
 -0.90000000000000002       0.80000000000000004      -0.41988782016872228     
 -0.80000000000000004       0.80000000000000004      -0.37147168098803091     
 -0.69999999999999996       0.80000000000000004      -0.18477670498847418     
 -0.59999999999999998       0.80000000000000004        7.5019637669325664E-002
 -0.49999999999999994       0.80000000000000004       0.30551739535714240     
 -0.39999999999999991       0.80000000000000004       0.42050411125343973     
 -0.29999999999999993       0.80000000000000004       0.37359190204111647     
 -0.19999999999999993       0.80000000000000004       0.18569785953312540     
  -9.9999999999999978E-002  0.80000000000000004       -7.7132897484258223E-002
   2.7755575615628914E-017  0.80000000000000004      -0.31543573867410685     
  0.10000000000000009       0.80000000000000004      -0.43502923141857169     
  0.20000000000000009       0.80000000000000004      -0.38568924925360704     
  0.30000000000000016       0.80000000000000004      -0.19155048581949746     
  0.40000000000000013       0.80000000000000004        7.9149434865132900E-002
  0.50000000000000011       0.80000000000000004       0.31664038932338018     
  0.60000000000000009       0.80000000000000004       0.43705765256189194     
  0.70000000000000007       0.80000000000000004       0.38730336747862648     
  0.80000000000000004       0.80000000000000004       0.19374207753277706     
  0.90000000000000002       0.80000000000000004       -7.6890280595812585E-002
   1.0000000000000000       0.80000000000000004      -0.30943668429780496     
  -1.0000000000000000       0.90000000000000002       0.12260971245705495     
 -0.90000000000000002       0.90000000000000002       0.16536692308814832     
 -0.80000000000000004       0.90000000000000002       0.14664862439447440     
 -0.69999999999999996       0.90000000000000002        7.3337425541140144E-002
 -0.59999999999999998       0.90000000000000002       -2.8982659076813654E-002
 -0.49999999999999994       0.90000000000000002      -0.11997399792636458     
 -0.39999999999999991       0.90000000000000002      -0.16561186250860602     
 -0.29999999999999993       0.90000000000000002      -0.14748242974822395     
 -0.19999999999999993       0.90000000000000002       -7.3701720296119544E-002
  -9.9999999999999978E-002  0.90000000000000002        2.9794224617064418E-002
   2.7755575615628914E-017  0.90000000000000002       0.12386482990063857     
  0.10000000000000009       0.90000000000000002       0.17132971676559408     
  0.20000000000000009       0.90000000000000002       0.15225688560976622     
  0.30000000000000016       0.90000000000000002        7.6025841863717580E-002
  0.40000000000000013       0.90000000000000002       -3.0587867837534404E-002
  0.50000000000000011       0.90000000000000002      -0.12434182815721267     
  0.60000000000000009       0.90000000000000002      -0.17213017732729607     
  0.70000000000000007       0.90000000000000002      -0.15289654691889371     
  0.80000000000000004       0.90000000000000002       -7.6890280595816582E-002
  0.90000000000000002       0.90000000000000002        2.9696028895179003E-002
   1.0000000000000000       0.90000000000000002       0.12150934309402572     
  -1.0000000000000000        1.0000000000000000       0.49660719449493040     
 -0.90000000000000002        1.0000000000000000       0.66861167793134579     
 -0.80000000000000004        1.0000000000000000       0.59206925765075080     
 -0.69999999999999996        1.0000000000000000       0.29512583869216752     
 -0.59999999999999998        1.0000000000000000      -0.11856757007364337     
 -0.49999999999999994        1.0000000000000000      -0.48593959756376981     
 -0.39999999999999991        1.0000000000000000      -0.66959654983366235     
 -0.29999999999999993        1.0000000000000000      -0.59544348732676522     
 -0.19999999999999993        1.0000000000000000      -0.29659503730947656     
  -9.9999999999999978E-002   1.0000000000000000       0.12189986050824175     
   2.7755575615628914E-017   1.0000000000000000       0.50170883061297677     
  0.10000000000000009        1.0000000000000000       0.69272152941406473     
  0.20000000000000009        1.0000000000000000       0.61472275293064327     
  0.30000000000000016        1.0000000000000000       0.30594481129681400     
  0.40000000000000013        1.0000000000000000      -0.12511005264754541     
  0.50000000000000011        1.0000000000000000      -0.50363112206276961     
  0.60000000000000009        1.0000000000000000      -0.69595402633278114     
  0.70000000000000007        1.0000000000000000      -0.61729927873107282     
  0.80000000000000004        1.0000000000000000      -0.30943668429781529     
  0.90000000000000002        1.0000000000000000       0.12150934309402349     
   1.0000000000000000        1.0000000000000000       0.49216751372831802     
