  -1.0000000000000000       -1.0000000000000000        9.7994474293833459E-003
 -0.90000000000000002       -1.0000000000000000        6.4587189353944571E-002
 -0.80000000000000004       -1.0000000000000000        9.4793433304388497E-002
 -0.69999999999999996       -1.0000000000000000        8.9427888728158572E-002
 -0.59999999999999998       -1.0000000000000000        4.9153654237671124E-002
 -0.49999999999999994       -1.0000000000000000       -9.3173084358921712E-003
 -0.39999999999999991       -1.0000000000000000       -6.5005365856524111E-002
 -0.29999999999999993       -1.0000000000000000       -9.5189708795054576E-002
 -0.19999999999999993       -1.0000000000000000       -8.9846059472750608E-002
  -9.9999999999999978E-002  -1.0000000000000000       -4.9519974279388854E-002
   2.7755575615628914E-017  -1.0000000000000000        9.2540101912595325E-003
  0.10000000000000009       -1.0000000000000000        6.6958369381678595E-002
  0.20000000000000009       -1.0000000000000000        9.8230387263225277E-002
  0.30000000000000016       -1.0000000000000000        9.2694272109241568E-002
  0.40000000000000013       -1.0000000000000000        5.0868595738303241E-002
  0.50000000000000011       -1.0000000000000000       -9.6376553981097277E-003
  0.60000000000000009       -1.0000000000000000       -6.7400909604883874E-002
  0.70000000000000007       -1.0000000000000000       -9.8647160135627285E-002
  0.80000000000000004       -1.0000000000000000       -9.3165848113240843E-002
  0.90000000000000002       -1.0000000000000000       -5.1335411225303822E-002
   1.0000000000000000       -1.0000000000000000        8.9891273832031320E-003
  -1.0000000000000000      -0.90000000000000002        6.4587189353944488E-002
 -0.90000000000000002      -0.90000000000000002       0.40972335035456781     
 -0.80000000000000004      -0.90000000000000002       0.59894876808621100     
 -0.69999999999999996      -0.90000000000000002       0.56343171375876722     
 -0.59999999999999998      -0.90000000000000002       0.30796255129076378     
 -0.49999999999999994      -0.90000000000000002       -6.1497325898704998E-002
 -0.39999999999999991      -0.90000000000000002      -0.41235741868360531     
 -0.29999999999999993      -0.90000000000000002      -0.60146329421129718     
 -0.19999999999999993      -0.90000000000000002      -0.56607664294687554     
  -9.9999999999999978E-002 -0.90000000000000002      -0.31026674097718854     
   2.7755575615628914E-017 -0.90000000000000002        6.1170824179320689E-002
  0.10000000000000009      -0.90000000000000002       0.42476107490211179     
  0.20000000000000009      -0.90000000000000002       0.62067713651915180     
  0.30000000000000016      -0.90000000000000002       0.58400883758988753     
  0.40000000000000013      -0.90000000000000002       0.31869204519441224     
  0.50000000000000011      -0.90000000000000002       -6.3622770815957713E-002
  0.60000000000000009      -0.90000000000000002      -0.42756248739478575     
  0.70000000000000007      -0.90000000000000002      -0.62330828410051475     
  0.80000000000000004      -0.90000000000000002      -0.58699210827385195     
  0.90000000000000002      -0.90000000000000002      -0.32164379964320716     
   1.0000000000000000      -0.90000000000000002        5.9477602681639638E-002
  -1.0000000000000000      -0.80000000000000004        9.4793433304376867E-002
 -0.90000000000000002      -0.80000000000000004       0.59894876808621156     
 -0.80000000000000004      -0.80000000000000004       0.87519229190974013     
 -0.69999999999999996      -0.80000000000000004       0.82304157046157711     
 -0.59999999999999998      -0.80000000000000004       0.44959032538758620     
 -0.49999999999999994      -0.80000000000000004       -9.0271677453470811E-002
 -0.39999999999999991      -0.80000000000000004      -0.60279642793291133     
 -0.29999999999999993      -0.80000000000000004      -0.87886822271973619     
 -0.19999999999999993      -0.80000000000000004      -0.82690680550168982     
  -9.9999999999999978E-002 -0.80000000000000004      -0.45295561384187755     
   2.7755575615628914E-017 -0.80000000000000004        8.9806080719927503E-002
  0.10000000000000009      -0.80000000000000004       0.62093078675977698     
  0.20000000000000009      -0.80000000000000004       0.90694398058278847     
  0.30000000000000016      -0.80000000000000004       0.85309954396878140     
  0.40000000000000013      -0.80000000000000004       0.46525177891220781     
  0.50000000000000011      -0.80000000000000004       -9.3393264468788581E-002
  0.60000000000000009      -0.80000000000000004      -0.62502506948506165     
  0.70000000000000007      -0.80000000000000004      -0.91078830339495187     
  0.80000000000000004      -0.80000000000000004      -0.85745930950979865     
  0.90000000000000002      -0.80000000000000004      -0.46956526761370743     
   1.0000000000000000      -0.80000000000000004        8.7328859702082776E-002
  -1.0000000000000000      -0.69999999999999996        8.9427888728161306E-002
 -0.90000000000000002      -0.69999999999999996       0.56343171375876611     
 -0.80000000000000004      -0.69999999999999996       0.82304157046157367     
 -0.69999999999999996      -0.69999999999999996       0.77382720302577102     
 -0.59999999999999998      -0.69999999999999996       0.42252329518841719     
 -0.49999999999999994      -0.69999999999999996       -8.5170964679879835E-002
 -0.39999999999999991      -0.69999999999999996      -0.56704923488710945     
 -0.29999999999999993      -0.69999999999999996      -0.82649959231662173     
 -0.19999999999999993      -0.69999999999999996      -0.77746240716976855     
  -9.9999999999999978E-002 -0.69999999999999996      -0.42568695248570382     
   2.7755575615628914E-017 -0.69999999999999996        8.4740896784703409E-002
  0.10000000000000009      -0.69999999999999996       0.58410975786817498     
  0.20000000000000009      -0.69999999999999996       0.85290253096987367     
  0.30000000000000016      -0.69999999999999996       0.80208758229057930     
  0.40000000000000013      -0.69999999999999996       0.43724025096336017     
  0.50000000000000011      -0.69999999999999996       -8.8117285479879723E-002
  0.60000000000000009      -0.69999999999999996      -0.58796062687033224     
  0.70000000000000007      -0.69999999999999996      -0.85651754442183758     
  0.80000000000000004      -0.69999999999999996      -0.80618794463088483     
  0.90000000000000002      -0.69999999999999996      -0.44129694166415223     
   1.0000000000000000      -0.69999999999999996        8.2409213416415467E-002
  -1.0000000000000000      -0.59999999999999998        4.9153654237682268E-002
 -0.90000000000000002      -0.59999999999999998       0.30796255129076777     
 -0.80000000000000004      -0.59999999999999998       0.44959032538761046     
 -0.69999999999999996      -0.59999999999999998       0.42252329518841969     
 -0.59999999999999998      -0.59999999999999998       0.23050853399618171     
 -0.49999999999999994      -0.59999999999999998       -4.6823349941472837E-002
 -0.39999999999999991      -0.59999999999999998      -0.30993771179176272     
 -0.29999999999999993      -0.59999999999999998      -0.45148049852666050     
 -0.19999999999999993      -0.59999999999999998      -0.42450935296868519     
  -9.9999999999999978E-002 -0.59999999999999998      -0.23223551653367516     
   2.7755575615628914E-017 -0.59999999999999998        4.6596765981583244E-002
  0.10000000000000009      -0.59999999999999998       0.31926433551050354     
  0.20000000000000009      -0.59999999999999998       0.46590339012468363     
  0.30000000000000016      -0.59999999999999998       0.43795368618105807     
  0.40000000000000013      -0.59999999999999998       0.23853566591825529     
  0.50000000000000011      -0.59999999999999998       -4.8444303011339035E-002
  0.60000000000000009      -0.59999999999999998      -0.32136848587523825     
  0.70000000000000007      -0.59999999999999998      -0.46787785650901864     
  0.80000000000000004      -0.59999999999999998      -0.44019394130720224     
  0.90000000000000002      -0.59999999999999998      -0.24075190195733412     
   1.0000000000000000      -0.59999999999999998        4.5320850028709420E-002
  -1.0000000000000000      -0.49999999999999994       -9.3173084358894685E-003
 -0.90000000000000002      -0.49999999999999994       -6.1497325898704679E-002
 -0.80000000000000004      -0.49999999999999994       -9.0271677453468924E-002
 -0.69999999999999996      -0.49999999999999994       -8.5170964679880390E-002
 -0.59999999999999998      -0.49999999999999994       -4.6823349941471706E-002
 -0.49999999999999994      -0.49999999999999994        8.8584074395008632E-003
 -0.39999999999999991      -0.49999999999999994        6.1895599927053520E-002
 -0.29999999999999993      -0.49999999999999994        9.0648991411174357E-002
 -0.19999999999999993      -0.49999999999999994        8.5569173148375949E-002
  -9.9999999999999978E-002 -0.49999999999999994        4.7172253237139652E-002
   2.7755575615628914E-017 -0.49999999999999994       -8.7977241569012904E-003
  0.10000000000000009      -0.49999999999999994       -6.3755092412555225E-002
  0.20000000000000009      -0.49999999999999994       -9.3544618191316015E-002
  0.30000000000000016      -0.49999999999999994       -8.8281875713263930E-002
  0.40000000000000013      -0.49999999999999994       -4.8457071802185114E-002
  0.50000000000000011      -0.49999999999999994        9.1629156725488384E-003
  0.60000000000000009      -0.49999999999999994        6.4176494066085554E-002
  0.70000000000000007      -0.49999999999999994        9.3941522653899240E-002
  0.80000000000000004      -0.49999999999999994        8.8730936984854042E-002
  0.90000000000000002      -0.49999999999999994        4.8901607571463147E-002
   1.0000000000000000      -0.49999999999999994       -8.5455844751975100E-003
  -1.0000000000000000      -0.39999999999999991       -6.5005365856487501E-002
 -0.90000000000000002      -0.39999999999999991      -0.41235741868359960     
 -0.80000000000000004      -0.39999999999999991      -0.60279642793288879     
 -0.69999999999999996      -0.39999999999999991      -0.56704923488710945     
 -0.59999999999999998      -0.39999999999999991      -0.30993771179173690     
 -0.49999999999999994      -0.39999999999999991        6.1895599927052021E-002
 -0.39999999999999991      -0.39999999999999991       0.41500839845384641     
 -0.29999999999999993      -0.39999999999999991       0.60532712050969451     
 -0.19999999999999993      -0.39999999999999991       0.56971115849097453     
  -9.9999999999999978E-002 -0.39999999999999991       0.31225669087102015     
   2.7755575615628914E-017 -0.39999999999999991       -6.1567090372006340E-002
  0.10000000000000009      -0.39999999999999991      -0.42749181387744706     
  0.20000000000000009      -0.39999999999999991      -0.62466439475571545     
  0.30000000000000016      -0.39999999999999991      -0.58775847143556315     
  0.40000000000000013      -0.39999999999999991      -0.32073600208463893     
  0.50000000000000011      -0.39999999999999991        6.4034822742022976E-002
  0.60000000000000009      -0.39999999999999991       0.43031122903889735     
  0.70000000000000007      -0.39999999999999991       0.62731244209223391     
  0.80000000000000004      -0.39999999999999991       0.59076091115660367     
  0.90000000000000002      -0.39999999999999991       0.32370672138088197     
   1.0000000000000000      -0.39999999999999991       -5.9862967901742968E-002
  -1.0000000000000000      -0.29999999999999993       -9.5189708795049399E-002
 -0.90000000000000002      -0.29999999999999993      -0.60146329421129652     
 -0.80000000000000004      -0.29999999999999993      -0.87886822271973120     
 -0.69999999999999996      -0.29999999999999993      -0.82649959231662329     
 -0.59999999999999998      -0.29999999999999993      -0.45148049852665356     
 -0.49999999999999994      -0.29999999999999993        9.0648991411173968E-002
 -0.39999999999999991      -0.29999999999999993       0.60532712050969839     
 -0.29999999999999993      -0.29999999999999993       0.88255958548118996     
 -0.19999999999999993      -0.29999999999999993       0.83038105997161005     
  -9.9999999999999978E-002 -0.29999999999999993       0.45485992893553512     
   2.7755575615628914E-017 -0.29999999999999993       -9.0181387611186145E-002
  0.10000000000000009      -0.29999999999999993      -0.62353760157654037     
  0.20000000000000009      -0.29999999999999993      -0.91075326448663219     
  0.30000000000000016      -0.29999999999999993      -0.85668385654871004     
  0.40000000000000013      -0.29999999999999993      -0.46720780682340796     
  0.50000000000000011      -0.29999999999999993        9.3783618531081109E-002
  0.60000000000000009      -0.29999999999999993       0.62764907718257001     
  0.70000000000000007      -0.29999999999999993       0.91461373553460501     
  0.80000000000000004      -0.29999999999999993       0.86106193117045038     
  0.90000000000000002      -0.29999999999999993       0.47153941124803816     
   1.0000000000000000      -0.29999999999999993       -8.7693775670060772E-002
  -1.0000000000000000      -0.19999999999999993       -8.9846059472748166E-002
 -0.90000000000000002      -0.19999999999999993      -0.56607664294687454     
 -0.80000000000000004      -0.19999999999999993      -0.82690680550169016     
 -0.69999999999999996      -0.19999999999999993      -0.77746240716976645     
 -0.59999999999999998      -0.19999999999999993      -0.42450935296868553     
 -0.49999999999999994      -0.19999999999999993        8.5569173148376310E-002
 -0.39999999999999991      -0.19999999999999993       0.56971115849098475     
 -0.29999999999999993      -0.19999999999999993       0.83038105997161227     
 -0.19999999999999993      -0.19999999999999993       0.78111468140662288     
  -9.9999999999999978E-002 -0.19999999999999993       0.42768787473236969     
   2.7755575615628914E-017 -0.19999999999999993       -8.5137035822427334E-002
  0.10000000000000009      -0.19999999999999993      -0.58685175938175893     
  0.20000000000000009      -0.19999999999999993      -0.85690799328967771     
  0.30000000000000016      -0.19999999999999993      -0.80585554671430260     
  0.40000000000000013      -0.19999999999999993      -0.43929549569672455     
  0.50000000000000011      -0.19999999999999993        8.8529262077551532E-002
  0.60000000000000009      -0.19999999999999993       0.59072070960881495     
  0.70000000000000007      -0.19999999999999993       0.86053998537093546     
  0.80000000000000004      -0.19999999999999993       0.80997516305003692     
  0.90000000000000002      -0.19999999999999993       0.44337123626912017     
   1.0000000000000000      -0.19999999999999993       -8.2794415440084965E-002
  -1.0000000000000000       -9.9999999999999978E-002  -4.9519974279392386E-002
 -0.90000000000000002       -9.9999999999999978E-002 -0.31026674097718965     
 -0.80000000000000004       -9.9999999999999978E-002 -0.45295561384187660     
 -0.69999999999999996       -9.9999999999999978E-002 -0.42568695248570659     
 -0.59999999999999998       -9.9999999999999978E-002 -0.23223551653367625     
 -0.49999999999999994       -9.9999999999999978E-002   4.7172253237138549E-002
 -0.39999999999999991       -9.9999999999999978E-002  0.31225669087101648     
 -0.29999999999999993       -9.9999999999999978E-002  0.45485992893553773     
 -0.19999999999999993       -9.9999999999999978E-002  0.42768787473237052     
  -9.9999999999999978E-002  -9.9999999999999978E-002  0.23397543221776029     
   2.7755575615628914E-017  -9.9999999999999978E-002  -4.6943929170320732E-002
  0.10000000000000009       -9.9999999999999978E-002 -0.32165308826078254     
  0.20000000000000009       -9.9999999999999978E-002 -0.46939077835714793     
  0.30000000000000016       -9.9999999999999978E-002 -0.44123288051857101     
  0.40000000000000013       -9.9999999999999978E-002 -0.24032279739162971     
  0.50000000000000011       -9.9999999999999978E-002   4.8805278545513753E-002
  0.60000000000000009       -9.9999999999999978E-002  0.32377298556580864     
  0.70000000000000007       -9.9999999999999978E-002  0.47138002545562846     
  0.80000000000000004       -9.9999999999999978E-002  0.44348990229256258     
  0.90000000000000002       -9.9999999999999978E-002  0.24255562114073001     
   1.0000000000000000       -9.9999999999999978E-002  -4.5658474337801021E-002
  -1.0000000000000000        2.7755575615628914E-017   9.2540101912417568E-003
 -0.90000000000000002        2.7755575615628914E-017   6.1170824179318961E-002
 -0.80000000000000004        2.7755575615628914E-017   8.9806080719910183E-002
 -0.69999999999999996        2.7755575615628914E-017   8.4740896784703035E-002
 -0.59999999999999998        2.7755575615628914E-017   4.6596765981566535E-002
 -0.49999999999999994        2.7755575615628914E-017  -8.7977241569029800E-003
 -0.39999999999999991        2.7755575615628914E-017  -6.1567090371999811E-002
 -0.29999999999999993        2.7755575615628914E-017  -9.0181387611181815E-002
 -0.19999999999999993        2.7755575615628914E-017  -8.5137035822425627E-002
  -9.9999999999999978E-002   2.7755575615628914E-017  -4.6943929170325041E-002
   2.7755575615628914E-017   2.7755575615628914E-017   8.7369350966861551E-003
  0.10000000000000009        2.7755575615628914E-017   6.3416628717116730E-002
  0.20000000000000009        2.7755575615628914E-017   9.3062071270938768E-002
  0.30000000000000016        2.7755575615628914E-017   8.7836113199593391E-002
  0.40000000000000013        2.7755575615628914E-017   4.8222668504903046E-002
  0.50000000000000011        2.7755575615628914E-017  -9.1000832717441534E-003
  0.60000000000000009        2.7755575615628914E-017  -6.3835827148876645E-002
  0.70000000000000007        2.7755575615628914E-017  -9.3456941435713023E-002
  0.80000000000000004        2.7755575615628914E-017  -8.8282837594404903E-002
  0.90000000000000002        2.7755575615628914E-017  -4.8664898879529801E-002
   1.0000000000000000        2.7755575615628914E-017   8.4862070401100394E-003
  -1.0000000000000000       0.10000000000000009        6.6958369381677360E-002
 -0.90000000000000002       0.10000000000000009       0.42476107490211257     
 -0.80000000000000004       0.10000000000000009       0.62093078675977520     
 -0.69999999999999996       0.10000000000000009       0.58410975786817509     
 -0.59999999999999998       0.10000000000000009       0.31926433551050232     
 -0.49999999999999994       0.10000000000000009       -6.3755092412554656E-002
 -0.39999999999999991       0.10000000000000009      -0.42749181387744600     
 -0.29999999999999993       0.10000000000000009      -0.62353760157654026     
 -0.19999999999999993       0.10000000000000009      -0.58685175938175804     
  -9.9999999999999978E-002  0.10000000000000009      -0.32165308826078148     
   2.7755575615628914E-017  0.10000000000000009        6.3416628717115509E-002
  0.10000000000000009       0.10000000000000009       0.44035071491393923     
  0.20000000000000009       0.10000000000000009       0.64345661153789091     
  0.30000000000000016       0.10000000000000009       0.60544206509716469     
  0.40000000000000013       0.10000000000000009       0.33038758207316060     
  0.50000000000000011       0.10000000000000009       -6.5958572337238286E-002
  0.60000000000000009       0.10000000000000009      -0.44325494351961525     
  0.70000000000000007       0.10000000000000009      -0.64618432419966954     
  0.80000000000000004       0.10000000000000009      -0.60853482583822904     
  0.90000000000000002       0.10000000000000009      -0.33344766950097704     
   1.0000000000000000       0.10000000000000009        6.1661258786941522E-002
  -1.0000000000000000       0.20000000000000009        9.8230387263207028E-002
 -0.90000000000000002       0.20000000000000009       0.62067713651915057     
 -0.80000000000000004       0.20000000000000009       0.90694398058276537     
 -0.69999999999999996       0.20000000000000009       0.85290253096987612     
 -0.59999999999999998       0.20000000000000009       0.46590339012467641     
 -0.49999999999999994       0.20000000000000009       -9.3544618191315335E-002
 -0.39999999999999991       0.20000000000000009      -0.62466439475570079     
 -0.29999999999999993       0.20000000000000009      -0.91075326448663452     
 -0.19999999999999993       0.20000000000000009      -0.85690799328966338     
  -9.9999999999999978E-002  0.20000000000000009      -0.46939077835715132     
   2.7755575615628914E-017  0.20000000000000009        9.3062071270929428E-002
  0.10000000000000009       0.20000000000000009       0.64345661153789324     
  0.20000000000000009       0.20000000000000009       0.93984760051107108     
  0.30000000000000016       0.20000000000000009       0.88405104662283651     
  0.40000000000000013       0.20000000000000009       0.48213312045341838     
  0.50000000000000011       0.20000000000000009       -9.6779374843690591E-002
  0.60000000000000009       0.20000000000000009      -0.64769942928910185     
  0.70000000000000007       0.20000000000000009      -0.94383139580377784     
  0.80000000000000004       0.20000000000000009      -0.88856898013313479     
  0.90000000000000002       0.20000000000000009      -0.48660309937444707     
   1.0000000000000000       0.20000000000000009        9.0494993188615980E-002
  -1.0000000000000000       0.30000000000000016        9.2694272109238002E-002
 -0.90000000000000002       0.30000000000000016       0.58400883758988664     
 -0.80000000000000004       0.30000000000000016       0.85309954396877929     
 -0.69999999999999996       0.30000000000000016       0.80208758229057842     
 -0.59999999999999998       0.30000000000000016       0.43795368618105623     
 -0.49999999999999994       0.30000000000000016       -8.8281875713262140E-002
 -0.39999999999999991       0.30000000000000016      -0.58775847143556570     
 -0.29999999999999993       0.30000000000000016      -0.85668385654870738     
 -0.19999999999999993       0.30000000000000016      -0.80585554671430193     
  -9.9999999999999978E-002  0.30000000000000016      -0.44123288051856863     
   2.7755575615628914E-017  0.30000000000000016        8.7836113199595320E-002
  0.10000000000000009       0.30000000000000016       0.60544206509716603     
  0.20000000000000009       0.30000000000000016       0.88405104662283629     
  0.30000000000000016       0.30000000000000016       0.83138003789759674     
  0.40000000000000013       0.30000000000000016       0.45320809720341115     
  0.50000000000000011       0.30000000000000016       -9.1335813988982120E-002
  0.60000000000000009       0.30000000000000016      -0.60943357100712459     
  0.70000000000000007       0.30000000000000016      -0.88779808221632706     
  0.80000000000000004       0.30000000000000016      -0.83563014851665240     
  0.90000000000000002       0.30000000000000016      -0.45741294103128599     
   1.0000000000000000       0.30000000000000016        8.5419272166435592E-002
  -1.0000000000000000       0.40000000000000013        5.0868595738307334E-002
 -0.90000000000000002       0.40000000000000013       0.31869204519441341     
 -0.80000000000000004       0.40000000000000013       0.46525177891223313     
 -0.69999999999999996       0.40000000000000013       0.43724025096336089     
 -0.59999999999999998       0.40000000000000013       0.23853566591826936     
 -0.49999999999999994       0.40000000000000013       -4.8457071802185316E-002
 -0.39999999999999991       0.40000000000000013      -0.32073600208464736     
 -0.29999999999999993       0.40000000000000013      -0.46720780682341240     
 -0.19999999999999993       0.40000000000000013      -0.43929549569673015     
  -9.9999999999999978E-002  0.40000000000000013      -0.24032279739162951     
   2.7755575615628914E-017  0.40000000000000013        4.8222668504902956E-002
  0.10000000000000009       0.40000000000000013       0.33038758207316121     
  0.20000000000000009       0.40000000000000013       0.48213312045342449     
  0.30000000000000016       0.40000000000000013       0.45320809720341154     
  0.40000000000000013       0.40000000000000013       0.24684231595540279     
  0.50000000000000011       0.40000000000000013       -5.0134592296302169E-002
  0.60000000000000009       0.40000000000000013      -0.33256503566816065     
  0.70000000000000007       0.40000000000000013      -0.48417636506070499     
  0.80000000000000004       0.40000000000000013      -0.45552639513671139     
  0.90000000000000002       0.40000000000000013      -0.24913575664997015     
   1.0000000000000000       0.40000000000000013        4.6902286405427054E-002
  -1.0000000000000000       0.50000000000000011       -9.6376553981085689E-003
 -0.90000000000000002       0.50000000000000011       -6.3622770815956020E-002
 -0.80000000000000004       0.50000000000000011       -9.3393264468787512E-002
 -0.69999999999999996       0.50000000000000011       -8.8117285479877280E-002
 -0.59999999999999998       0.50000000000000011       -4.8444303011336898E-002
 -0.49999999999999994       0.50000000000000011        9.1629156725491785E-003
 -0.39999999999999991       0.50000000000000011        6.4034822742024294E-002
 -0.29999999999999993       0.50000000000000011        9.3783618531078403E-002
 -0.19999999999999993       0.50000000000000011        8.8529262077552115E-002
  -9.9999999999999978E-002  0.50000000000000011        4.8805278545512913E-002
   2.7755575615628914E-017  0.50000000000000011       -9.1000832717441256E-003
  0.10000000000000009       0.50000000000000011       -6.5958572337237675E-002
  0.20000000000000009       0.50000000000000011       -9.6779374843691118E-002
  0.30000000000000016       0.50000000000000011       -9.1335813988980330E-002
  0.40000000000000013       0.50000000000000011       -5.0134592296301829E-002
  0.50000000000000011       0.50000000000000011        9.4778837509035836E-003
  0.60000000000000009       0.50000000000000011        6.6394542420684197E-002
  0.70000000000000007       0.50000000000000011        9.7190005778086105E-002
  0.80000000000000004       0.50000000000000011        9.1800401250847374E-002
  0.90000000000000002       0.50000000000000011        5.0594498550957261E-002
   1.0000000000000000       0.50000000000000011       -8.8392380865264242E-003
  -1.0000000000000000       0.60000000000000009       -6.7400909604864542E-002
 -0.90000000000000002       0.60000000000000009      -0.42756248739478114     
 -0.80000000000000004       0.60000000000000009      -0.62502506948502190     
 -0.69999999999999996       0.60000000000000009      -0.58796062687033290     
 -0.59999999999999998       0.60000000000000009      -0.32136848587521882     
 -0.49999999999999994       0.60000000000000009        6.4176494066086623E-002
 -0.39999999999999991       0.60000000000000009       0.43031122903887908     
 -0.29999999999999993       0.60000000000000009       0.62764907718256502     
 -0.19999999999999993       0.60000000000000009       0.59072070960879441     
  -9.9999999999999978E-002  0.60000000000000009       0.32377298556581036     
   2.7755575615628914E-017  0.60000000000000009       -6.3835827148869262E-002
  0.10000000000000009       0.60000000000000009      -0.44325494351961475     
  0.20000000000000009       0.60000000000000009      -0.64769942928908952     
  0.30000000000000016       0.60000000000000009      -0.60943357100712237     
  0.40000000000000013       0.60000000000000009      -0.33256503566815115     
  0.50000000000000011       0.60000000000000009        6.6394542420684599E-002
  0.60000000000000009       0.60000000000000009       0.44617832404903135     
  0.70000000000000007       0.60000000000000009       0.65044512709103108     
  0.80000000000000004       0.60000000000000009       0.61254672614884309     
  0.90000000000000002       0.60000000000000009       0.33564530148161159     
   1.0000000000000000       0.60000000000000009       -6.2068874963176396E-002
  -1.0000000000000000       0.70000000000000007       -9.8647160135624246E-002
 -0.90000000000000002       0.70000000000000007      -0.62330828410051331     
 -0.80000000000000004       0.70000000000000007      -0.91078830339495320     
 -0.69999999999999996       0.70000000000000007      -0.85651754442183492     
 -0.59999999999999998       0.70000000000000007      -0.46787785650901775     
 -0.49999999999999994       0.70000000000000007        9.3941522653897463E-002
 -0.39999999999999991       0.70000000000000007       0.62731244209223591     
 -0.29999999999999993       0.70000000000000007       0.91461373553460057     
 -0.19999999999999993       0.70000000000000007       0.86053998537093879     
  -9.9999999999999978E-002  0.70000000000000007       0.47138002545562474     
   2.7755575615628914E-017  0.70000000000000007       -9.3456941435714688E-002
  0.10000000000000009       0.70000000000000007      -0.64618432419966865     
  0.20000000000000009       0.70000000000000007      -0.94383139580378006     
  0.30000000000000016       0.70000000000000007      -0.88779808221632339     
  0.40000000000000013       0.70000000000000007      -0.48417636506070411     
  0.50000000000000011       0.70000000000000007        9.7190005778088756E-002
  0.60000000000000009       0.70000000000000007       0.65044512709103641     
  0.70000000000000007       0.70000000000000007       0.94783207719614182     
  0.80000000000000004       0.70000000000000007       0.89233516673230018     
  0.90000000000000002       0.70000000000000007       0.48866529148508880     
   1.0000000000000000       0.70000000000000007       -9.0878979018646042E-002
  -1.0000000000000000       0.80000000000000004       -9.3165848113228020E-002
 -0.90000000000000002       0.80000000000000004      -0.58699210827385162     
 -0.80000000000000004       0.80000000000000004      -0.85745930950980176     
 -0.69999999999999996       0.80000000000000004      -0.80618794463088683     
 -0.59999999999999998       0.80000000000000004      -0.44019394130719858     
 -0.49999999999999994       0.80000000000000004        8.8730936984853223E-002
 -0.39999999999999991       0.80000000000000004       0.59076091115660745     
 -0.29999999999999993       0.80000000000000004       0.86106193117045560     
 -0.19999999999999993       0.80000000000000004       0.80997516305002926     
  -9.9999999999999978E-002  0.80000000000000004       0.44348990229256413     
   2.7755575615628914E-017  0.80000000000000004       -8.8282837594406458E-002
  0.10000000000000009       0.80000000000000004      -0.60853482583823171     
  0.20000000000000009       0.80000000000000004      -0.88856898013314511     
  0.30000000000000016       0.80000000000000004      -0.83563014851665585     
  0.40000000000000013       0.80000000000000004      -0.45552639513670179     
  0.50000000000000011       0.80000000000000004        9.1800401250848235E-002
  0.60000000000000009       0.80000000000000004       0.61254672614886063     
  0.70000000000000007       0.80000000000000004       0.89233516673230118     
  0.80000000000000004       0.80000000000000004       0.83990197641649167     
  0.90000000000000002       0.80000000000000004       0.45975272605857048     
   1.0000000000000000       0.80000000000000004       -8.5853660953357794E-002
  -1.0000000000000000       0.90000000000000002       -5.1335411225305674E-002
 -0.90000000000000002       0.90000000000000002      -0.32164379964320616     
 -0.80000000000000004       0.90000000000000002      -0.46956526761370221     
 -0.69999999999999996       0.90000000000000002      -0.44129694166415195     
 -0.59999999999999998       0.90000000000000002      -0.24075190195733570     
 -0.49999999999999994       0.90000000000000002        4.8901607571460906E-002
 -0.39999999999999991       0.90000000000000002       0.32370672138087669     
 -0.29999999999999993       0.90000000000000002       0.47153941124803750     
 -0.19999999999999993       0.90000000000000002       0.44337123626912062     
  -9.9999999999999978E-002  0.90000000000000002       0.24255562114072807     
   2.7755575615628914E-017  0.90000000000000002       -4.8664898879527574E-002
  0.10000000000000009       0.90000000000000002      -0.33344766950097632     
  0.20000000000000009       0.90000000000000002      -0.48660309937444307     
  0.30000000000000016       0.90000000000000002      -0.45741294103128488     
  0.40000000000000013       0.90000000000000002      -0.24913575664996862     
  0.50000000000000011       0.90000000000000002        5.0594498550957670E-002
  0.60000000000000009       0.90000000000000002       0.33564530148160904     
  0.70000000000000007       0.90000000000000002       0.48866529148509036     
  0.80000000000000004       0.90000000000000002       0.45975272605856715     
  0.90000000000000002       0.90000000000000002       0.25145045657075349     
   1.0000000000000000       0.90000000000000002       -4.7332310378540216E-002
  -1.0000000000000000        1.0000000000000000        8.9891273831792986E-003
 -0.90000000000000002        1.0000000000000000        5.9477602681638070E-002
 -0.80000000000000004        1.0000000000000000        8.7328859702068357E-002
 -0.69999999999999996        1.0000000000000000        8.2409213416415730E-002
 -0.59999999999999998        1.0000000000000000        4.5320850028685758E-002
 -0.49999999999999994        1.0000000000000000       -8.5455844751996454E-003
 -0.39999999999999991        1.0000000000000000       -5.9862967901747104E-002
 -0.29999999999999993        1.0000000000000000       -8.7693775670055443E-002
 -0.19999999999999993        1.0000000000000000       -8.2794415440083133E-002
  -9.9999999999999978E-002   1.0000000000000000       -4.5658474337802395E-002
   2.7755575615628914E-017   1.0000000000000000        8.4862070401160953E-003
  0.10000000000000009        1.0000000000000000        6.1661258786941293E-002
  0.20000000000000009        1.0000000000000000        9.0494993188626763E-002
  0.30000000000000016        1.0000000000000000        8.5419272166435176E-002
  0.40000000000000013        1.0000000000000000        4.6902286405425216E-002
  0.50000000000000011        1.0000000000000000       -8.8392380865247276E-003
  0.60000000000000009        1.0000000000000000       -6.2068874963190142E-002
  0.70000000000000007        1.0000000000000000       -9.0878979018645972E-002
  0.80000000000000004        1.0000000000000000       -8.5853660953354685E-002
  0.90000000000000002        1.0000000000000000       -4.7332310378542075E-002
   1.0000000000000000        1.0000000000000000        8.2424661800865745E-003
