  -1.0000000000000000       -1.0000000000000000        1.6438519502416822E-002
 -0.90000000000000002       -1.0000000000000000        8.4985977566962675E-002
 -0.80000000000000004       -1.0000000000000000       0.12129182744450399     
 -0.69999999999999996       -1.0000000000000000       0.11260718221142249     
 -0.59999999999999998       -1.0000000000000000        5.9280712332759028E-002
 -0.49999999999999994       -1.0000000000000000       -1.5918053647746021E-002
 -0.39999999999999991       -1.0000000000000000       -8.8892182186225799E-002
 -0.29999999999999993       -1.0000000000000000      -0.12659655908735992     
 -0.19999999999999993       -1.0000000000000000      -0.11760983111472159     
  -9.9999999999999978E-002  -1.0000000000000000       -6.2323418894591677E-002
   2.7755575615628914E-017  -1.0000000000000000        1.5025742633529061E-002
  0.10000000000000009       -1.0000000000000000        8.8072314554365871E-002
  0.20000000000000009       -1.0000000000000000       0.12569647325222105     
  0.30000000000000016       -1.0000000000000000       0.11676532080471176     
  0.40000000000000013       -1.0000000000000000        6.1465881475685623E-002
  0.50000000000000011       -1.0000000000000000       -1.5896100294230608E-002
  0.60000000000000009       -1.0000000000000000       -8.8941334564347718E-002
  0.70000000000000007       -1.0000000000000000      -0.12658014100576395     
  0.80000000000000004       -1.0000000000000000      -0.11770114700777713     
  0.90000000000000002       -1.0000000000000000       -6.2338196707931517E-002
   1.0000000000000000       -1.0000000000000000        1.4645580482797618E-002
  -1.0000000000000000      -0.90000000000000002        8.4985977566961607E-002
 -0.90000000000000002      -0.90000000000000002       0.43472013177009255     
 -0.80000000000000004      -0.90000000000000002       0.61954193061010687     
 -0.69999999999999996      -0.90000000000000002       0.57456591681688740     
 -0.59999999999999998      -0.90000000000000002       0.30179889159548834     
 -0.49999999999999994      -0.90000000000000002       -8.2340087160000894E-002
 -0.39999999999999991      -0.90000000000000002      -0.45469291801922934     
 -0.29999999999999993      -0.90000000000000002      -0.64664119381010865     
 -0.19999999999999993      -0.90000000000000002      -0.60009401801366669     
  -9.9999999999999978E-002 -0.90000000000000002      -0.31730081697330037     
   2.7755575615628914E-017 -0.90000000000000002        7.7789865584260445E-002
  0.10000000000000009      -0.90000000000000002       0.45050601226681608     
  0.20000000000000009      -0.90000000000000002       0.64204170626810453     
  0.30000000000000016      -0.90000000000000002       0.59578106983273516     
  0.40000000000000013      -0.90000000000000002       0.31292202135130548     
  0.50000000000000011      -0.90000000000000002       -8.2235390135899492E-002
  0.60000000000000009      -0.90000000000000002      -0.45494319554567808     
  0.70000000000000007      -0.90000000000000002      -0.64655673283223414     
  0.80000000000000004      -0.90000000000000002      -0.60055996745766627     
  0.90000000000000002      -0.90000000000000002      -0.31737752151739862     
   1.0000000000000000      -0.90000000000000002        7.5830294335344009E-002
  -1.0000000000000000      -0.80000000000000004       0.12129182744449234     
 -0.90000000000000002      -0.80000000000000004       0.61954193061010721     
 -0.80000000000000004      -0.80000000000000004       0.88276889515430979     
 -0.69999999999999996      -0.80000000000000004       0.81856447940214494     
 -0.59999999999999998      -0.80000000000000004       0.42983185073468594     
 -0.49999999999999994      -0.80000000000000004      -0.11752420360809350     
 -0.39999999999999991      -0.80000000000000004      -0.64800458115266180     
 -0.29999999999999993      -0.80000000000000004      -0.92138258111999993     
 -0.19999999999999993      -0.80000000000000004      -0.85493400463766056     
  -9.9999999999999978E-002 -0.80000000000000004      -0.45191242730276571     
   2.7755575615628914E-017 -0.80000000000000004       0.11104218107644663     
  0.10000000000000009      -0.80000000000000004       0.64203893749333629     
  0.20000000000000009      -0.80000000000000004       0.91482851101473328     
  0.30000000000000016      -0.80000000000000004       0.84878873334141292     
  0.40000000000000013      -0.80000000000000004       0.44567346596388907     
  0.50000000000000011      -0.80000000000000004      -0.11737646375222295     
  0.60000000000000009      -0.80000000000000004      -0.64836104277124151     
  0.70000000000000007      -0.80000000000000004      -0.92126211879225473     
  0.80000000000000004      -0.80000000000000004      -0.85559783081068896     
  0.90000000000000002      -0.80000000000000004      -0.45202195809809836     
   1.0000000000000000      -0.80000000000000004       0.10824660190454020     
  -1.0000000000000000      -0.69999999999999996       0.11260718221142453     
 -0.90000000000000002      -0.69999999999999996       0.57456591681688707     
 -0.80000000000000004      -0.69999999999999996       0.81856447940214105     
 -0.69999999999999996      -0.69999999999999996       0.75894697919646770     
 -0.59999999999999998      -0.69999999999999996       0.39843575832557970     
 -0.49999999999999994      -0.69999999999999996      -0.10911526919735538     
 -0.39999999999999991      -0.69999999999999996      -0.60096120175855572     
 -0.29999999999999993      -0.69999999999999996      -0.85437022419124642     
 -0.19999999999999993      -0.69999999999999996      -0.79266800087742606     
  -9.9999999999999978E-002 -0.69999999999999996      -0.41890505460558120     
   2.7755575615628914E-017 -0.69999999999999996       0.10310570658900615     
  0.10000000000000009      -0.69999999999999996       0.59542955980009094     
  0.20000000000000009      -0.69999999999999996       0.84829257138205172     
  0.30000000000000016      -0.69999999999999996       0.78696977277240510     
  0.40000000000000013      -0.69999999999999996       0.41312004367103089     
  0.50000000000000011      -0.69999999999999996      -0.10897927321547686     
  0.60000000000000009      -0.69999999999999996      -0.60129163213407921     
  0.70000000000000007      -0.69999999999999996      -0.85425844265601658     
  0.80000000000000004      -0.69999999999999996      -0.79328348210512145     
  0.90000000000000002      -0.69999999999999996      -0.41900678316221479     
   1.0000000000000000      -0.69999999999999996       0.10051106784262991     
  -1.0000000000000000      -0.59999999999999998        5.9280712332768021E-002
 -0.90000000000000002      -0.59999999999999998       0.30179889159549417     
 -0.80000000000000004      -0.59999999999999998       0.42983185073470981     
 -0.69999999999999996      -0.59999999999999998       0.39843575832558303     
 -0.59999999999999998      -0.59999999999999998       0.20907337066707182     
 -0.49999999999999994      -0.59999999999999998       -5.7448944682065961E-002
 -0.39999999999999991      -0.59999999999999998      -0.31566218060414081     
 -0.29999999999999993      -0.59999999999999998      -0.44863411085541360     
 -0.19999999999999993      -0.59999999999999998      -0.41613917531779687     
  -9.9999999999999978E-002 -0.59999999999999998      -0.21981603082986237     
   2.7755575615628914E-017 -0.59999999999999998        5.4294412280314362E-002
  0.10000000000000009      -0.59999999999999998       0.31275761812315972     
  0.20000000000000009      -0.59999999999999998       0.44544241792542111     
  0.30000000000000016      -0.59999999999999998       0.41314711255874292     
  0.40000000000000013      -0.59999999999999998       0.21677850002392052     
  0.50000000000000011      -0.59999999999999998       -5.7378627284436698E-002
  0.60000000000000009      -0.59999999999999998      -0.31583557539391505     
  0.70000000000000007      -0.59999999999999998      -0.44857532560913760     
  0.80000000000000004      -0.59999999999999998      -0.41646229666037643     
  0.90000000000000002      -0.59999999999999998      -0.21986962874455104     
   1.0000000000000000      -0.59999999999999998        5.2929342465082525E-002
  -1.0000000000000000      -0.49999999999999994       -1.5918053647743964E-002
 -0.90000000000000002      -0.49999999999999994       -8.2340087160001213E-002
 -0.80000000000000004      -0.49999999999999994      -0.11752420360808988     
 -0.69999999999999996      -0.49999999999999994      -0.10911526919735558     
 -0.59999999999999998      -0.49999999999999994       -5.7448944682065253E-002
 -0.49999999999999994      -0.49999999999999994        1.5413633574775890E-002
 -0.39999999999999991      -0.49999999999999994        8.6124758295621787E-002
 -0.29999999999999993      -0.49999999999999994       0.12266412412831204     
 -0.19999999999999993      -0.49999999999999994       0.11396276211856407     
  -9.9999999999999978E-002 -0.49999999999999994        6.0397521180410356E-002
   2.7755575615628914E-017 -0.49999999999999994       -1.4548966664793094E-002
  0.10000000000000009      -0.49999999999999994       -8.5330349420681864E-002
  0.20000000000000009      -0.49999999999999994      -0.12179201631834426     
  0.30000000000000016      -0.49999999999999994      -0.11314447772367088     
  0.40000000000000013      -0.49999999999999994       -5.9566607569557714E-002
  0.50000000000000011      -0.49999999999999994        1.5392290215776816E-002
  0.60000000000000009      -0.49999999999999994        8.6172391522506664E-002
  0.70000000000000007      -0.49999999999999994       0.12264822182834748     
  0.80000000000000004      -0.49999999999999994       0.11405124613577204     
  0.90000000000000002      -0.49999999999999994        6.0411828168017302E-002
   1.0000000000000000      -0.49999999999999994       -1.4180784655643049E-002
  -1.0000000000000000      -0.39999999999999991       -8.8892182186191104E-002
 -0.90000000000000002      -0.39999999999999991      -0.45469291801922368     
 -0.80000000000000004      -0.39999999999999991      -0.64800458115263693     
 -0.69999999999999996      -0.39999999999999991      -0.60096120175855716     
 -0.59999999999999998      -0.39999999999999991      -0.31566218060411849     
 -0.49999999999999994      -0.39999999999999991        8.6124758295621856E-002
 -0.39999999999999991      -0.39999999999999991       0.47558331947104393     
 -0.29999999999999993      -0.39999999999999991       0.67634882975020505     
 -0.19999999999999993      -0.39999999999999991       0.62766205648225315     
  -9.9999999999999978E-002 -0.39999999999999991       0.33187621555555225     
   2.7755575615628914E-017 -0.39999999999999991       -8.1365506518102246E-002
  0.10000000000000009      -0.39999999999999991      -0.47120406277193078     
  0.20000000000000009      -0.39999999999999991      -0.67153803159501868     
  0.30000000000000016      -0.39999999999999991      -0.62315096648430279     
  0.40000000000000013      -0.39999999999999991      -0.32729625421877534     
  0.50000000000000011      -0.39999999999999991        8.6015264625741994E-002
  0.60000000000000009      -0.39999999999999991       0.47584509371099670     
  0.70000000000000007      -0.39999999999999991       0.67626048744119094     
  0.80000000000000004      -0.39999999999999991       0.62814941145706849     
  0.90000000000000002      -0.39999999999999991       0.33195644620275383     
   1.0000000000000000      -0.39999999999999991       -7.9315877965155546E-002
  -1.0000000000000000      -0.29999999999999993      -0.12659655908735537     
 -0.90000000000000002      -0.29999999999999993      -0.64664119381010710     
 -0.80000000000000004      -0.29999999999999993      -0.92138258111999560     
 -0.69999999999999996      -0.29999999999999993      -0.85437022419124420     
 -0.59999999999999998      -0.29999999999999993      -0.44863411085540583     
 -0.49999999999999994      -0.29999999999999993       0.12266412412831108     
 -0.39999999999999991      -0.29999999999999993       0.67634882975021016     
 -0.29999999999999993      -0.29999999999999993       0.96168528727459313     
 -0.19999999999999993      -0.29999999999999993       0.89233062755933101     
  -9.9999999999999978E-002 -0.29999999999999993       0.47168055593709496     
   2.7755575615628914E-017 -0.29999999999999993      -0.11589856217925791     
  0.10000000000000009      -0.29999999999999993      -0.67012223890272571     
  0.20000000000000009      -0.29999999999999993      -0.95484453341147946     
  0.30000000000000016      -0.29999999999999993      -0.88591655200998798     
  0.40000000000000013      -0.29999999999999993      -0.46516869167884894     
  0.50000000000000011      -0.29999999999999993       0.12250991634816560     
  0.60000000000000009      -0.29999999999999993       0.67672088414193110     
  0.70000000000000007      -0.29999999999999993       0.96155955618480671     
  0.80000000000000004      -0.29999999999999993       0.89302349088065647     
  0.90000000000000002      -0.29999999999999993       0.47179487686796312     
   1.0000000000000000      -0.29999999999999993      -0.11298071327800731     
  -1.0000000000000000      -0.19999999999999993      -0.11760983111471765     
 -0.90000000000000002      -0.19999999999999993      -0.60009401801366624     
 -0.80000000000000004      -0.19999999999999993      -0.85493400463765901     
 -0.69999999999999996      -0.19999999999999993      -0.79266800087742595     
 -0.59999999999999998      -0.19999999999999993      -0.41613917531779698     
 -0.49999999999999994      -0.19999999999999993       0.11396276211856543     
 -0.39999999999999991      -0.19999999999999993       0.62766205648226248     
 -0.29999999999999993      -0.19999999999999993       0.89233062755933246     
 -0.19999999999999993      -0.19999999999999993       0.82788729082300638     
  -9.9999999999999978E-002 -0.19999999999999993       0.43751796294006468     
   2.7755575615628914E-017 -0.19999999999999993      -0.10768618516377110     
  0.10000000000000009      -0.19999999999999993      -0.62188463841186881     
  0.20000000000000009      -0.19999999999999993      -0.88598294049772042     
  0.30000000000000016      -0.19999999999999993      -0.82193588512286186     
  0.40000000000000013      -0.19999999999999993      -0.43147591820128833     
  0.50000000000000011      -0.19999999999999993       0.11382071950694272     
  0.60000000000000009      -0.19999999999999993       0.62800716859531291     
  0.70000000000000007      -0.19999999999999993       0.89221387981508915     
  0.80000000000000004      -0.19999999999999993       0.82853011868916360     
  0.90000000000000002      -0.19999999999999993       0.43762421068479201     
   1.0000000000000000      -0.19999999999999993      -0.10497627455201257     
  -1.0000000000000000       -9.9999999999999978E-002  -6.2323418894593828E-002
 -0.90000000000000002       -9.9999999999999978E-002 -0.31730081697330120     
 -0.80000000000000004       -9.9999999999999978E-002 -0.45191242730276349     
 -0.69999999999999996       -9.9999999999999978E-002 -0.41890505460558231     
 -0.59999999999999998       -9.9999999999999978E-002 -0.21981603082986231     
 -0.49999999999999994       -9.9999999999999978E-002   6.0397521180409752E-002
 -0.39999999999999991       -9.9999999999999978E-002  0.33187621555554980     
 -0.29999999999999993       -9.9999999999999978E-002  0.47168055593709757     
 -0.19999999999999993       -9.9999999999999978E-002  0.43751796294006468     
  -9.9999999999999978E-002  -9.9999999999999978E-002  0.23111064421875641     
   2.7755575615628914E-017  -9.9999999999999978E-002  -5.7080920685555522E-002
  0.10000000000000009       -9.9999999999999978E-002 -0.32882244276360129     
  0.20000000000000009       -9.9999999999999978E-002 -0.46832490977939695     
  0.30000000000000016       -9.9999999999999978E-002 -0.43437219535699328     
  0.40000000000000013       -9.9999999999999978E-002 -0.22791707119093554     
  0.50000000000000011       -9.9999999999999978E-002   6.0323573008193652E-002
  0.60000000000000009       -9.9999999999999978E-002  0.33205851961549970     
  0.70000000000000007       -9.9999999999999978E-002  0.47161875237548029     
  0.80000000000000004       -9.9999999999999978E-002  0.43785768431850008     
  0.90000000000000002       -9.9999999999999978E-002  0.23116699241090335     
   1.0000000000000000       -9.9999999999999978E-002  -5.5645771382773428E-002
  -1.0000000000000000        2.7755575615628914E-017   1.5025742633511457E-002
 -0.90000000000000002        2.7755575615628914E-017   7.7789865584257212E-002
 -0.80000000000000004        2.7755575615628914E-017  0.11104218107642524     
 -0.69999999999999996        2.7755575615628914E-017  0.10310570658900703     
 -0.59999999999999998        2.7755575615628914E-017   5.4294412280298125E-002
 -0.49999999999999994        2.7755575615628914E-017  -1.4548966664794064E-002
 -0.39999999999999991        2.7755575615628914E-017  -8.1365506518093114E-002
 -0.29999999999999993        2.7755575615628914E-017 -0.11589856217925285     
 -0.19999999999999993        2.7755575615628914E-017 -0.10768618516376921     
  -9.9999999999999978E-002   2.7755575615628914E-017  -5.7080920685558027E-002
   2.7755575615628914E-017   2.7755575615628914E-017   1.3731883729562326E-002
  0.10000000000000009        2.7755575615628914E-017   8.0614900932830996E-002
  0.20000000000000009        2.7755575615628914E-017  0.11507458298457687     
  0.30000000000000016        2.7755575615628914E-017  0.10691302328272236     
  0.40000000000000013        2.7755575615628914E-017   5.6295816448026864E-002
  0.50000000000000011        2.7755575615628914E-017  -1.4528695968728680E-002
  0.60000000000000009        2.7755575615628914E-017  -8.1410523562190806E-002
  0.70000000000000007        2.7755575615628914E-017 -0.11588354539771165     
  0.80000000000000004        2.7755575615628914E-017 -0.10776979561425407     
  0.90000000000000002        2.7755575615628914E-017  -5.7094421391885114E-002
   1.0000000000000000        2.7755575615628914E-017   1.3384258487386138E-002
  -1.0000000000000000       0.10000000000000009        8.8072314554363859E-002
 -0.90000000000000002       0.10000000000000009       0.45050601226681475     
 -0.80000000000000004       0.10000000000000009       0.64203893749333441     
 -0.69999999999999996       0.10000000000000009       0.59542955980009016     
 -0.59999999999999998       0.10000000000000009       0.31275761812315805     
 -0.49999999999999994       0.10000000000000009       -8.5330349420681295E-002
 -0.39999999999999991       0.10000000000000009      -0.47120406277193050     
 -0.29999999999999993       0.10000000000000009      -0.67012223890272571     
 -0.19999999999999993       0.10000000000000009      -0.62188463841186836     
  -9.9999999999999978E-002  0.10000000000000009      -0.32882244276359995     
   2.7755575615628914E-017  0.10000000000000009        8.0614900932831704E-002
  0.10000000000000009       0.10000000000000009       0.46686512099641131     
  0.20000000000000009       0.10000000000000009       0.66535573271419290     
  0.30000000000000016       0.10000000000000009       0.61741507726897726     
  0.40000000000000013       0.10000000000000009       0.32428464330163514     
  0.50000000000000011       0.10000000000000009       -8.5221852765083983E-002
  0.60000000000000009       0.10000000000000009      -0.47146342823269732     
  0.70000000000000007       0.10000000000000009      -0.67003471077588461     
  0.80000000000000004       0.10000000000000009      -0.62236750742175950     
  0.90000000000000002       0.10000000000000009      -0.32890193298510567     
   1.0000000000000000       0.10000000000000009        7.8584167905558194E-002
  -1.0000000000000000       0.20000000000000009       0.12569647325220390     
 -0.90000000000000002       0.20000000000000009       0.64204170626810309     
 -0.80000000000000004       0.20000000000000009       0.91482851101470741     
 -0.69999999999999996       0.20000000000000009       0.84829257138205705     
 -0.59999999999999998       0.20000000000000009       0.44544241792541617     
 -0.49999999999999994       0.20000000000000009      -0.12179201631834537     
 -0.39999999999999991       0.20000000000000009      -0.67153803159500569     
 -0.29999999999999993       0.20000000000000009      -0.95484453341147912     
 -0.19999999999999993       0.20000000000000009      -0.88598294049770776     
  -9.9999999999999978E-002  0.20000000000000009      -0.46832490977940039     
   2.7755575615628914E-017  0.20000000000000009       0.11507458298457185     
  0.10000000000000009       0.20000000000000009       0.66535573271419290     
  0.20000000000000009       0.20000000000000009       0.94805243908944692     
  0.30000000000000016       0.20000000000000009       0.87961449050059159     
  0.40000000000000013       0.20000000000000009       0.46185936693128882     
  0.50000000000000011       0.20000000000000009      -0.12163890853928470     
  0.60000000000000009       0.20000000000000009      -0.67190743914876450     
  0.70000000000000007       0.20000000000000009      -0.95471969643450960     
  0.80000000000000004       0.20000000000000009      -0.88667087506837328     
  0.90000000000000002       0.20000000000000009      -0.46843841802813385     
   1.0000000000000000       0.20000000000000009       0.11217748209577116     
  -1.0000000000000000       0.30000000000000016       0.11676532080471022     
 -0.90000000000000002       0.30000000000000016       0.59578106983273349     
 -0.80000000000000004       0.30000000000000016       0.84878873334141192     
 -0.69999999999999996       0.30000000000000016       0.78696977277240243     
 -0.59999999999999998       0.30000000000000016       0.41314711255874215     
 -0.49999999999999994       0.30000000000000016      -0.11314447772366937     
 -0.39999999999999991       0.30000000000000016      -0.62315096648430390     
 -0.29999999999999993       0.30000000000000016      -0.88591655200998720     
 -0.19999999999999993       0.30000000000000016      -0.82193588512286464     
  -9.9999999999999978E-002  0.30000000000000016      -0.43437219535699179     
   2.7755575615628914E-017  0.30000000000000016       0.10691302328272310     
  0.10000000000000009       0.30000000000000016       0.61741507726897804     
  0.20000000000000009       0.30000000000000016       0.87961449050059226     
  0.30000000000000016       0.30000000000000016       0.81602725876458515     
  0.40000000000000013       0.30000000000000016       0.42837358205156151     
  0.50000000000000011       0.30000000000000016      -0.11300346242645322     
  0.60000000000000009       0.30000000000000016      -0.62349359726985132     
  0.70000000000000007       0.30000000000000016      -0.88580064293968264     
  0.80000000000000004       0.30000000000000016      -0.82257409192798436     
  0.90000000000000002       0.30000000000000016      -0.43447768043299273     
   1.0000000000000000       0.30000000000000016       0.10422257639557565     
  -1.0000000000000000       0.40000000000000013        6.1465881475688863E-002
 -0.90000000000000002       0.40000000000000013       0.31292202135130803     
 -0.80000000000000004       0.40000000000000013       0.44567346596390917     
 -0.69999999999999996       0.40000000000000013       0.41312004367103311     
 -0.59999999999999998       0.40000000000000013       0.21677850002393281     
 -0.49999999999999994       0.40000000000000013       -5.9566607569556236E-002
 -0.39999999999999991       0.40000000000000013      -0.32729625421878106     
 -0.29999999999999993       0.40000000000000013      -0.46516869167885438     
 -0.19999999999999993       0.40000000000000013      -0.43147591820129022     
  -9.9999999999999978E-002  0.40000000000000013      -0.22791707119093693     
   2.7755575615628914E-017  0.40000000000000013        5.6295816448027766E-002
  0.10000000000000009       0.40000000000000013       0.32428464330163609     
  0.20000000000000009       0.40000000000000013       0.46185936693129270     
  0.30000000000000016       0.40000000000000013       0.42837358205156190     
  0.40000000000000013       0.40000000000000013       0.22476759155311840     
  0.50000000000000011       0.40000000000000013       -5.9493701332002470E-002
  0.60000000000000009       0.40000000000000013      -0.32747603921629137     
  0.70000000000000007       0.40000000000000013      -0.46510773966320407     
  0.80000000000000004       0.40000000000000013      -0.43181094814025439     
  0.90000000000000002       0.40000000000000013      -0.22797264490648317     
   1.0000000000000000       0.40000000000000013        5.4880430236861358E-002
  -1.0000000000000000       0.50000000000000011       -1.5896100294229058E-002
 -0.90000000000000002       0.50000000000000011       -8.2235390135898867E-002
 -0.80000000000000004       0.50000000000000011      -0.11737646375222088     
 -0.69999999999999996       0.50000000000000011      -0.10897927321547662     
 -0.59999999999999998       0.50000000000000011       -5.7378627284436289E-002
 -0.49999999999999994       0.50000000000000011        1.5392290215777288E-002
 -0.39999999999999991       0.50000000000000011        8.6015264625741925E-002
 -0.29999999999999993       0.50000000000000011       0.12250991634816469     
 -0.19999999999999993       0.50000000000000011       0.11382071950694352     
  -9.9999999999999978E-002  0.50000000000000011        6.0323573008192972E-002
   2.7755575615628914E-017  0.50000000000000011       -1.4528695968727879E-002
  0.10000000000000009       0.50000000000000011       -8.5221852765083567E-002
  0.20000000000000009       0.50000000000000011      -0.12163890853928516     
  0.30000000000000016       0.50000000000000011      -0.11300346242645166     
  0.40000000000000013       0.50000000000000011       -5.9493701332002491E-002
  0.50000000000000011       0.50000000000000011        1.5370959668736322E-002
  0.60000000000000009       0.50000000000000011        8.6062839417830828E-002
  0.70000000000000007       0.50000000000000011       0.12249403517290010     
  0.80000000000000004       0.50000000000000011       0.11390909320883309     
  0.90000000000000002       0.50000000000000011        6.0337859688014660E-002
   1.0000000000000000       0.50000000000000011       -1.4161010572545664E-002
  -1.0000000000000000       0.60000000000000009       -8.8941334564328470E-002
 -0.90000000000000002       0.60000000000000009      -0.45494319554567419     
 -0.80000000000000004       0.60000000000000009      -0.64836104277120166     
 -0.69999999999999996       0.60000000000000009      -0.60129163213408010     
 -0.59999999999999998       0.60000000000000009      -0.31583557539389717     
 -0.49999999999999994       0.60000000000000009        8.6172391522507052E-002
 -0.39999999999999991       0.60000000000000009       0.47584509371097544     
 -0.29999999999999993       0.60000000000000009       0.67672088414192633     
 -0.19999999999999993       0.60000000000000009       0.62800716859529360     
  -9.9999999999999978E-002  0.60000000000000009       0.33205851961550198     
   2.7755575615628914E-017  0.60000000000000009       -8.1410523562185991E-002
  0.10000000000000009       0.60000000000000009      -0.47146342823269649     
  0.20000000000000009       0.60000000000000009      -0.67190743914875417     
  0.30000000000000016       0.60000000000000009      -0.62349359726985076     
  0.40000000000000013       0.60000000000000009      -0.32747603921628610     
  0.50000000000000011       0.60000000000000009        8.6062839417831966E-002
  0.60000000000000009       0.60000000000000009       0.47610701177333237     
  0.70000000000000007       0.60000000000000009       0.67663249309039653     
  0.80000000000000004       0.60000000000000009       0.62849479153889087     
  0.90000000000000002       0.60000000000000009       0.33213879469928392     
   1.0000000000000000       0.60000000000000009       -7.9359763127052119E-002
  -1.0000000000000000       0.70000000000000007      -0.12658014100576084     
 -0.90000000000000002       0.70000000000000007      -0.64655673283223269     
 -0.80000000000000004       0.70000000000000007      -0.92126211879225561     
 -0.69999999999999996       0.70000000000000007      -0.85425844265601392     
 -0.59999999999999998       0.70000000000000007      -0.44857532560913571     
 -0.49999999999999994       0.70000000000000007       0.12264822182834659     
 -0.39999999999999991       0.70000000000000007       0.67626048744119371     
 -0.29999999999999993       0.70000000000000007       0.96155955618480482     
 -0.19999999999999993       0.70000000000000007       0.89221387981509193     
  -9.9999999999999978E-002  0.70000000000000007       0.47161875237547873     
   2.7755575615628914E-017  0.70000000000000007      -0.11588354539771384     
  0.10000000000000009       0.70000000000000007      -0.67003471077588295     
  0.20000000000000009       0.70000000000000007      -0.95471969643451216     
  0.30000000000000016       0.70000000000000007      -0.88580064293968075     
  0.40000000000000013       0.70000000000000007      -0.46510773966320312     
  0.50000000000000011       0.70000000000000007       0.12249403517290137     
  0.60000000000000009       0.70000000000000007       0.67663249309040163     
  0.70000000000000007       0.70000000000000007       0.96143384145531441     
  0.80000000000000004       0.70000000000000007       0.89290665248797429     
  0.90000000000000002       0.70000000000000007       0.47173305851928554     
   1.0000000000000000       0.70000000000000007      -0.11296607566152576     
  -1.0000000000000000       0.80000000000000004      -0.11770114700776668     
 -0.90000000000000002       0.80000000000000004      -0.60055996745766882     
 -0.80000000000000004       0.80000000000000004      -0.85559783081069118     
 -0.69999999999999996       0.80000000000000004      -0.79328348210512578     
 -0.59999999999999998       0.80000000000000004      -0.41646229666037499     
 -0.49999999999999994       0.80000000000000004       0.11405124613577279     
 -0.39999999999999991       0.80000000000000004       0.62814941145707148     
 -0.29999999999999993       0.80000000000000004       0.89302349088066169     
 -0.19999999999999993       0.80000000000000004       0.82853011868915971     
  -9.9999999999999978E-002  0.80000000000000004       0.43785768431850369     
   2.7755575615628914E-017  0.80000000000000004      -0.10776979561425776     
  0.10000000000000009       0.80000000000000004      -0.62236750742176050     
  0.20000000000000009       0.80000000000000004      -0.88667087506838183     
  0.30000000000000016       0.80000000000000004      -0.82257409192798636     
  0.40000000000000013       0.80000000000000004      -0.43181094814024690     
  0.50000000000000011       0.80000000000000004       0.11390909320883469     
  0.60000000000000009       0.80000000000000004       0.62849479153890675     
  0.70000000000000007       0.80000000000000004       0.89290665248797496     
  0.80000000000000004       0.80000000000000004       0.82917344569054041     
  0.90000000000000002       0.80000000000000004       0.43796401455618261     
   1.0000000000000000       0.80000000000000004      -0.10505778092065446     
  -1.0000000000000000       0.90000000000000002       -6.2338196707932676E-002
 -0.90000000000000002       0.90000000000000002      -0.31737752151739762     
 -0.80000000000000004       0.90000000000000002      -0.45202195809809498     
 -0.69999999999999996       0.90000000000000002      -0.41900678316221318     
 -0.59999999999999998       0.90000000000000002      -0.21986962874455176     
 -0.49999999999999994       0.90000000000000002        6.0411828168015262E-002
 -0.39999999999999991       0.90000000000000002       0.33195644620274928     
 -0.29999999999999993       0.90000000000000002       0.47179487686796301     
 -0.19999999999999993       0.90000000000000002       0.43762421068479235     
  -9.9999999999999978E-002  0.90000000000000002       0.23116699241090163     
   2.7755575615628914E-017  0.90000000000000002       -5.7094421391883331E-002
  0.10000000000000009       0.90000000000000002      -0.32890193298510573     
  0.20000000000000009       0.90000000000000002      -0.46843841802812958     
  0.30000000000000016       0.90000000000000002      -0.43447768043299168     
  0.40000000000000013       0.90000000000000002      -0.22797264490648106     
  0.50000000000000011       0.90000000000000002        6.0337859688014833E-002
  0.60000000000000009       0.90000000000000002       0.33213879469928070     
  0.70000000000000007       0.90000000000000002       0.47173305851928532     
  0.80000000000000004       0.90000000000000002       0.43796401455617873     
  0.90000000000000002       0.90000000000000002       0.23122335386809426     
   1.0000000000000000       0.90000000000000002       -5.5658929950013973E-002
  -1.0000000000000000        1.0000000000000000        1.4645580482773849E-002
 -0.90000000000000002        1.0000000000000000        7.5830294335341442E-002
 -0.80000000000000004        1.0000000000000000       0.10824660190452466     
 -0.69999999999999996        1.0000000000000000       0.10051106784263113     
 -0.59999999999999998        1.0000000000000000        5.2929342465058989E-002
 -0.49999999999999994        1.0000000000000000       -1.4180784655645132E-002
 -0.39999999999999991        1.0000000000000000       -7.9315877965160236E-002
 -0.29999999999999993        1.0000000000000000      -0.11298071327800305     
 -0.19999999999999993        1.0000000000000000      -0.10497627455201135     
  -9.9999999999999978E-002   1.0000000000000000       -5.5645771382773920E-002
   2.7755575615628914E-017   1.0000000000000000        1.3384258487395060E-002
  0.10000000000000009        1.0000000000000000        7.8584167905556723E-002
  0.20000000000000009        1.0000000000000000       0.11217748209578199     
  0.30000000000000016        1.0000000000000000       0.10422257639557619     
  0.40000000000000013        1.0000000000000000        5.4880430236859332E-002
  0.50000000000000011        1.0000000000000000       -1.4161010572545315E-002
  0.60000000000000009        1.0000000000000000       -7.9359763127067023E-002
  0.70000000000000007        1.0000000000000000      -0.11296607566152506     
  0.80000000000000004        1.0000000000000000      -0.10505778092065299     
  0.90000000000000002        1.0000000000000000       -5.5658929950016568E-002
   1.0000000000000000        1.0000000000000000        1.3045417666606069E-002
