  -1.0000000000000000       -1.0000000000000000       0.24904772387641622     
 -0.90000000000000002       -1.0000000000000000       0.44019311124779659     
 -0.80000000000000004       -1.0000000000000000       0.46618603256824764     
 -0.69999999999999996       -1.0000000000000000       0.32034836276259437     
 -0.59999999999999998       -1.0000000000000000        4.5956063185392415E-002
 -0.49999999999999994       -1.0000000000000000      -0.25097064484719572     
 -0.39999999999999991       -1.0000000000000000      -0.45901187251955328     
 -0.29999999999999993       -1.0000000000000000      -0.48717372083094240     
 -0.19999999999999993       -1.0000000000000000      -0.33526379779444765     
  -9.9999999999999978E-002  -1.0000000000000000       -5.0240607017328728E-002
   2.7755575615628914E-017  -1.0000000000000000       0.24744739055558709     
  0.10000000000000009       -1.0000000000000000       0.45607523685616297     
  0.20000000000000009       -1.0000000000000000       0.48349925142148070     
  0.30000000000000016       -1.0000000000000000       0.33205652105588918     
  0.40000000000000013       -1.0000000000000000        4.6396304502851309E-002
  0.50000000000000011       -1.0000000000000000      -0.25088389128217653     
  0.60000000000000009       -1.0000000000000000      -0.46000593220149294     
  0.70000000000000007       -1.0000000000000000      -0.48709319162073300     
  0.80000000000000004       -1.0000000000000000      -0.33587829002589392     
  0.90000000000000002       -1.0000000000000000       -5.0407152758321465E-002
   1.0000000000000000       -1.0000000000000000       0.24308796478128697     
  -1.0000000000000000      -0.90000000000000002       0.44019311124779376     
 -0.90000000000000002      -0.90000000000000002       0.77777291279164207     
 -0.80000000000000004      -0.90000000000000002       0.82354894672195222     
 -0.69999999999999996      -0.90000000000000002       0.56577622337161571     
 -0.59999999999999998      -0.90000000000000002        8.0954783970445782E-002
 -0.49999999999999994      -0.90000000000000002      -0.44359393519106471     
 -0.39999999999999991      -0.90000000000000002      -0.81102231001717862     
 -0.29999999999999993      -0.90000000000000002      -0.86062618380190237     
 -0.19999999999999993      -0.90000000000000002      -0.59212052570814322     
  -9.9999999999999978E-002 -0.90000000000000002       -8.8517034005691650E-002
   2.7755575615628914E-017 -0.90000000000000002       0.43736944683181911     
  0.10000000000000009      -0.90000000000000002       0.80583479018731785     
  0.20000000000000009      -0.90000000000000002       0.85413559855002708     
  0.30000000000000016      -0.90000000000000002       0.58645474153656074     
  0.40000000000000013      -0.90000000000000002        8.1725515196397452E-002
  0.50000000000000011      -0.90000000000000002      -0.44344046529832520     
  0.60000000000000009      -0.90000000000000002      -0.81277983513653063     
  0.70000000000000007      -0.90000000000000002      -0.86048405636138026     
  0.80000000000000004      -0.90000000000000002      -0.59320749007574369     
  0.90000000000000002      -0.90000000000000002       -8.8811332717749436E-002
   1.0000000000000000      -0.90000000000000002       0.42966424363632311     
  -1.0000000000000000      -0.80000000000000004       0.46618603256822755     
 -0.90000000000000002      -0.80000000000000004       0.82354894672195367     
 -0.80000000000000004      -0.80000000000000004       0.87193530306371669     
 -0.69999999999999996      -0.80000000000000004       0.59893920977298887     
 -0.59999999999999998      -0.80000000000000004        8.5583272102897873E-002
 -0.49999999999999994      -0.80000000000000004      -0.46978881295844149     
 -0.39999999999999991      -0.80000000000000004      -0.85875452888389614     
 -0.29999999999999993      -0.80000000000000004      -0.91119155530319418     
 -0.19999999999999993      -0.80000000000000004      -0.62682864992162846     
  -9.9999999999999978E-002 -0.80000000000000004       -9.3586108863275452E-002
   2.7755575615628914E-017 -0.80000000000000004       0.46319837888921156     
  0.10000000000000009      -0.80000000000000004       0.85326236036422565     
  0.20000000000000009      -0.80000000000000004       0.90431996634598955     
  0.30000000000000016      -0.80000000000000004       0.62083002898434891     
  0.40000000000000013      -0.80000000000000004        8.6395397652584860E-002
  0.50000000000000011      -0.80000000000000004      -0.46962620710745934     
  0.60000000000000009      -0.80000000000000004      -0.86061612310719182     
  0.70000000000000007      -0.80000000000000004      -0.91104115133831798     
  0.80000000000000004      -0.80000000000000004      -0.62798026927159589     
  0.90000000000000002      -0.80000000000000004       -9.3897745681820605E-002
   1.0000000000000000      -0.80000000000000004       0.45503824965848805     
  -1.0000000000000000      -0.69999999999999996       0.32034836276259754     
 -0.90000000000000002      -0.69999999999999996       0.56577622337161726     
 -0.80000000000000004      -0.69999999999999996       0.59893920977298809     
 -0.69999999999999996      -0.69999999999999996       0.41134286065156117     
 -0.59999999999999998      -0.69999999999999996        5.8668328985696294E-002
 -0.49999999999999994      -0.69999999999999996      -0.32282514634883508     
 -0.39999999999999991      -0.69999999999999996      -0.58996170685464577     
 -0.29999999999999993      -0.69999999999999996      -0.62590519746960271     
 -0.19999999999999993      -0.69999999999999996      -0.43049783087154675     
  -9.9999999999999978E-002 -0.69999999999999996       -6.4162062921267790E-002
   2.7755575615628914E-017 -0.69999999999999996       0.31829790538890868     
  0.10000000000000009      -0.69999999999999996       0.58618922028468923     
  0.20000000000000009      -0.69999999999999996       0.62118536733109442     
  0.30000000000000016      -0.69999999999999996       0.42637737559017330     
  0.40000000000000013      -0.69999999999999996        5.9222550751842157E-002
  0.50000000000000011      -0.69999999999999996      -0.32271333984199069     
  0.60000000000000009      -0.69999999999999996      -0.59124120589182294     
  0.70000000000000007      -0.69999999999999996      -0.62580195290318952     
  0.80000000000000004      -0.69999999999999996      -0.43128962731956322     
  0.90000000000000002      -0.69999999999999996       -6.4376172646454621E-002
   1.0000000000000000      -0.69999999999999996       0.31269057552194390     
  -1.0000000000000000      -0.59999999999999998        4.5956063185405467E-002
 -0.90000000000000002      -0.59999999999999998        8.0954783970453165E-002
 -0.80000000000000004      -0.59999999999999998        8.5583272102924227E-002
 -0.69999999999999996      -0.59999999999999998        5.8668328985697953E-002
 -0.59999999999999998      -0.59999999999999998        8.2051806464526374E-003
 -0.49999999999999994      -0.59999999999999998       -4.6312962081110062E-002
 -0.39999999999999991      -0.59999999999999998       -8.4414395371821715E-002
 -0.29999999999999993      -0.59999999999999998       -8.9437314067764881E-002
 -0.19999999999999993      -0.59999999999999998       -6.1401677408040402E-002
  -9.9999999999999978E-002 -0.59999999999999998       -8.9850071246374008E-003
   2.7755575615628914E-017 -0.59999999999999998        4.5665730328166926E-002
  0.10000000000000009      -0.59999999999999998        8.3875528770589042E-002
  0.20000000000000009      -0.59999999999999998        8.8763364999977681E-002
  0.30000000000000016      -0.59999999999999998        6.0812966103297672E-002
  0.40000000000000013      -0.59999999999999998        8.2789606206432314E-003
  0.50000000000000011      -0.59999999999999998       -4.6296820085562476E-002
  0.60000000000000009      -0.59999999999999998       -8.4598350073627329E-002
  0.70000000000000007      -0.59999999999999998       -8.9422664240633581E-002
  0.80000000000000004      -0.59999999999999998       -6.1515920864458853E-002
  0.90000000000000002      -0.59999999999999998       -9.0156670292605833E-003
   1.0000000000000000      -0.59999999999999998        4.4861402760879535E-002
  -1.0000000000000000      -0.49999999999999994      -0.25097064484719306     
 -0.90000000000000002      -0.49999999999999994      -0.44359393519106499     
 -0.80000000000000004      -0.49999999999999994      -0.46978881295843816     
 -0.69999999999999996      -0.49999999999999994      -0.32282514634883458     
 -0.59999999999999998      -0.49999999999999994       -4.6312962081109244E-002
 -0.49999999999999994      -0.49999999999999994       0.25290839739436216     
 -0.39999999999999991      -0.49999999999999994       0.46255809541010934     
 -0.29999999999999993      -0.49999999999999994       0.49093869022621389     
 -0.19999999999999993      -0.49999999999999994       0.33785588740574363     
  -9.9999999999999978E-002 -0.49999999999999994        5.0630668279426090E-002
   2.7755575615628914E-017 -0.49999999999999994      -0.24935791781575983     
  0.10000000000000009      -0.49999999999999994      -0.45959876293706342     
  0.20000000000000009      -0.49999999999999994      -0.48723581909094160     
  0.30000000000000016      -0.49999999999999994      -0.33462382352539288     
  0.40000000000000013      -0.49999999999999994       -4.6756658499601526E-002
  0.50000000000000011      -0.49999999999999994       0.25282097497529910     
  0.60000000000000009      -0.49999999999999994       0.46355982635928611     
  0.70000000000000007      -0.49999999999999994       0.49085753765745849     
  0.80000000000000004      -0.49999999999999994       0.33847511776650246     
  0.90000000000000002      -0.49999999999999994        5.0798500473359244E-002
   1.0000000000000000      -0.49999999999999994      -0.24496483177044126     
  -1.0000000000000000      -0.39999999999999991      -0.45901187251951353     
 -0.90000000000000002      -0.39999999999999991      -0.81102231001716962     
 -0.80000000000000004      -0.39999999999999991      -0.85875452888386794     
 -0.69999999999999996      -0.39999999999999991      -0.58996170685464544     
 -0.59999999999999998      -0.39999999999999991       -8.4414395371803494E-002
 -0.49999999999999994      -0.39999999999999991       0.46255809541010956     
 -0.39999999999999991      -0.39999999999999991       0.84569309599553355     
 -0.29999999999999993      -0.39999999999999991       0.89741677188696434     
 -0.19999999999999993      -0.39999999999999991       0.61743216886673891     
  -9.9999999999999978E-002 -0.39999999999999991        9.2299889242246316E-002
   2.7755575615628914E-017 -0.39999999999999991      -0.45606751669254353     
  0.10000000000000009      -0.39999999999999991      -0.84028381798024110     
  0.20000000000000009      -0.39999999999999991      -0.89064872594739086     
  0.30000000000000016      -0.39999999999999991      -0.61152418063632097     
  0.40000000000000013      -0.39999999999999991       -8.5218040943909626E-002
  0.50000000000000011      -0.39999999999999991       0.46239806385392535     
  0.60000000000000009      -0.39999999999999991       0.84752575979113720     
  0.70000000000000007      -0.39999999999999991       0.89726856932295873     
  0.80000000000000004      -0.39999999999999991       0.61856560623265888     
  0.90000000000000002      -0.39999999999999991        9.2606769216682164E-002
   1.0000000000000000      -0.39999999999999991      -0.44803290773969612     
  -1.0000000000000000      -0.29999999999999993      -0.48717372083093796     
 -0.90000000000000002      -0.29999999999999993      -0.86062618380190103     
 -0.80000000000000004      -0.29999999999999993      -0.91119155530318940     
 -0.69999999999999996      -0.29999999999999993      -0.62590519746960072     
 -0.59999999999999998      -0.29999999999999993       -8.9437314067760093E-002
 -0.49999999999999994      -0.29999999999999993       0.49093869022621511     
 -0.39999999999999991      -0.29999999999999993       0.89741677188696933     
 -0.29999999999999993      -0.29999999999999993       0.95221519741828520     
 -0.19999999999999993      -0.29999999999999993       0.65505029454770047     
  -9.9999999999999978E-002 -0.29999999999999993        9.7800480892774419E-002
   2.7755575615628914E-017 -0.29999999999999993      -0.48405154342371015     
  0.10000000000000009      -0.29999999999999993      -0.89167733408176442     
  0.20000000000000009      -0.29999999999999993      -0.94503423347511828     
  0.30000000000000016      -0.29999999999999993      -0.64878160348502867     
  0.40000000000000013      -0.29999999999999993       -9.0286030838064496E-002
  0.50000000000000011      -0.29999999999999993       0.49076876437482952     
  0.60000000000000009      -0.29999999999999993       0.89936217297680376     
  0.70000000000000007      -0.29999999999999993       0.95205802143792928     
  0.80000000000000004      -0.29999999999999993       0.65625375641524419     
  0.90000000000000002      -0.29999999999999993        9.8126147878116604E-002
   1.0000000000000000      -0.29999999999999993      -0.47552404491244449     
  -1.0000000000000000      -0.19999999999999993      -0.33526379779444759     
 -0.90000000000000002      -0.19999999999999993      -0.59212052570814067     
 -0.80000000000000004      -0.19999999999999993      -0.62682864992162934     
 -0.69999999999999996      -0.19999999999999993      -0.43049783087154769     
 -0.59999999999999998      -0.19999999999999993       -6.1401677408049686E-002
 -0.49999999999999994      -0.19999999999999993       0.33785588740574352     
 -0.39999999999999991      -0.19999999999999993       0.61743216886674335     
 -0.29999999999999993      -0.19999999999999993       0.65505029454769870     
 -0.19999999999999993      -0.19999999999999993       0.45054477793011627     
  -9.9999999999999978E-002 -0.19999999999999993        6.7151268430608452E-002
   2.7755575615628914E-017 -0.19999999999999993      -0.33311783941580092     
  0.10000000000000009      -0.19999999999999993      -0.61348401592026702     
  0.20000000000000009      -0.19999999999999993      -0.65011068288043894     
  0.30000000000000016      -0.19999999999999993      -0.44623245422745933     
  0.40000000000000013      -0.19999999999999993       -6.1981751157965857E-002
  0.50000000000000011      -0.19999999999999993       0.33773887602833219     
  0.60000000000000009      -0.19999999999999993       0.61877123810711909     
  0.70000000000000007      -0.19999999999999993       0.65494224157336223     
  0.80000000000000004      -0.19999999999999993       0.45137343503404781     
  0.90000000000000002      -0.19999999999999993        6.7375347573667976E-002
   1.0000000000000000      -0.19999999999999993      -0.32724943134457823     
  -1.0000000000000000       -9.9999999999999978E-002  -5.0240607017330303E-002
 -0.90000000000000002       -9.9999999999999978E-002  -8.8517034005693093E-002
 -0.80000000000000004       -9.9999999999999978E-002  -9.3586108863274439E-002
 -0.69999999999999996       -9.9999999999999978E-002  -6.4162062921268553E-002
 -0.59999999999999998       -9.9999999999999978E-002  -8.9850071246391407E-003
 -0.49999999999999994       -9.9999999999999978E-002   5.0630668279425597E-002
 -0.39999999999999991       -9.9999999999999978E-002   9.2299889242243791E-002
 -0.29999999999999993       -9.9999999999999978E-002   9.7800480892776390E-002
 -0.19999999999999993       -9.9999999999999978E-002   6.7151268430608715E-002
  -9.9999999999999978E-002  -9.9999999999999978E-002   9.8381205974542880E-003
   2.7755575615628914E-017  -9.9999999999999978E-002  -4.9922937565423674E-002
  0.10000000000000009       -9.9999999999999978E-002  -9.1710620278867380E-002
  0.20000000000000009       -9.9999999999999978E-002  -9.7063477888775562E-002
  0.30000000000000016       -9.9999999999999978E-002  -6.6507502435254898E-002
  0.40000000000000013       -9.9999999999999978E-002  -9.0660685388129266E-003
  0.50000000000000011       -9.9999999999999978E-002   5.0613028606340565E-002
  0.60000000000000009       -9.9999999999999978E-002   9.2500966043584126E-002
  0.70000000000000007       -9.9999999999999978E-002   9.7784453914251279E-002
  0.80000000000000004       -9.9999999999999978E-002   6.7276116912075870E-002
  0.90000000000000002       -9.9999999999999978E-002   9.8716428802457165E-003
   1.0000000000000000       -9.9999999999999978E-002  -4.9043615731688653E-002
  -1.0000000000000000        2.7755575615628914E-017  0.24744739055555687     
 -0.90000000000000002        2.7755575615628914E-017  0.43736944683181589     
 -0.80000000000000004        2.7755575615628914E-017  0.46319837888918708     
 -0.69999999999999996        2.7755575615628914E-017  0.31829790538890984     
 -0.59999999999999998        2.7755575615628914E-017   4.5665730328146796E-002
 -0.49999999999999994        2.7755575615628914E-017 -0.24935791781576222     
 -0.39999999999999991        2.7755575615628914E-017 -0.45606751669253903     
 -0.29999999999999993        2.7755575615628914E-017 -0.48405154342370799     
 -0.19999999999999993        2.7755575615628914E-017 -0.33311783941580281     
  -9.9999999999999978E-002   2.7755575615628914E-017  -4.9922937565425110E-002
   2.7755575615628914E-017   2.7755575615628914E-017  0.24585725076287970     
  0.10000000000000009        2.7755575615628914E-017  0.45314969663532612     
  0.20000000000000009        2.7755575615628914E-017  0.48040061148967655     
  0.30000000000000016        2.7755575615628914E-017  0.32993111563977617     
  0.40000000000000013        2.7755575615628914E-017   4.6103277563722289E-002
  0.50000000000000011        2.7755575615628914E-017 -0.24927172412646190     
  0.60000000000000009        2.7755575615628914E-017 -0.45705517926372191     
  0.70000000000000007        2.7755575615628914E-017 -0.48397152788104980     
  0.80000000000000004        2.7755575615628914E-017 -0.33372836761209951     
  0.90000000000000002        2.7755575615628914E-017  -5.0088414422018897E-002
   1.0000000000000000        2.7755575615628914E-017  0.24152583593964660     
  -1.0000000000000000       0.10000000000000009       0.45607523685615964     
 -0.90000000000000002       0.10000000000000009       0.80583479018731574     
 -0.80000000000000004       0.10000000000000009       0.85326236036422431     
 -0.69999999999999996       0.10000000000000009       0.58618922028468667     
 -0.59999999999999998       0.10000000000000009        8.3875528770587612E-002
 -0.49999999999999994       0.10000000000000009      -0.45959876293706237     
 -0.39999999999999991       0.10000000000000009      -0.84028381798024276     
 -0.29999999999999993       0.10000000000000009      -0.89167733408176275     
 -0.19999999999999993       0.10000000000000009      -0.61348401592026791     
  -9.9999999999999978E-002  0.10000000000000009       -9.1710620278865881E-002
   2.7755575615628914E-017  0.10000000000000009       0.45314969663532495     
  0.10000000000000009       0.10000000000000009       0.83490913397899702     
  0.20000000000000009       0.10000000000000009       0.88495257055475651     
  0.30000000000000016       0.10000000000000009       0.60761381188365737     
  0.40000000000000013       0.10000000000000009        8.4674065282745001E-002
  0.50000000000000011       0.10000000000000009      -0.45943975581477980     
  0.60000000000000009       0.10000000000000009      -0.84210475461872425     
  0.70000000000000007       0.10000000000000009      -0.89153007876930435     
  0.80000000000000004       0.10000000000000009      -0.61461019815586082     
  0.90000000000000002       0.10000000000000009       -9.2015537234355016E-002
   1.0000000000000000       0.10000000000000009       0.44516649048523865     
  -1.0000000000000000       0.20000000000000009       0.48349925142145522     
 -0.90000000000000002       0.20000000000000009       0.85413559855002597     
 -0.80000000000000004       0.20000000000000009       0.90431996634596834     
 -0.69999999999999996       0.20000000000000009       0.62118536733109797     
 -0.59999999999999998       0.20000000000000009        8.8763364999987576E-002
 -0.49999999999999994       0.20000000000000009      -0.48723581909094266     
 -0.39999999999999991       0.20000000000000009      -0.89064872594737943     
 -0.29999999999999993       0.20000000000000009      -0.94503423347512028     
 -0.19999999999999993       0.20000000000000009      -0.65011068288043650     
  -9.9999999999999978E-002  0.20000000000000009       -9.7063477888778504E-002
   2.7755575615628914E-017  0.20000000000000009       0.48040061148966384     
  0.10000000000000009       0.20000000000000009       0.88495257055475729     
  0.20000000000000009       0.20000000000000009       0.93790742211385869     
  0.30000000000000016       0.20000000000000009       0.64388926584306105     
  0.40000000000000013       0.20000000000000009        8.9605697403598333E-002
  0.50000000000000011       0.20000000000000009      -0.48706717521072113     
  0.60000000000000009       0.20000000000000009      -0.89257945282609441     
  0.70000000000000007       0.20000000000000009      -0.94487824250822949     
  0.80000000000000004       0.20000000000000009      -0.65130506579803815     
  0.90000000000000002       0.20000000000000009       -9.7386688724491327E-002
   1.0000000000000000       0.20000000000000009       0.47193743069415217     
  -1.0000000000000000       0.30000000000000016       0.33205652105588812     
 -0.90000000000000002       0.30000000000000016       0.58645474153655897     
 -0.80000000000000004       0.30000000000000016       0.62083002898434814     
 -0.69999999999999996       0.30000000000000016       0.42637737559017175     
 -0.59999999999999998       0.30000000000000016        6.0812966103298879E-002
 -0.49999999999999994       0.30000000000000016      -0.33462382352539133     
 -0.39999999999999991       0.30000000000000016      -0.61152418063632130     
 -0.29999999999999993       0.30000000000000016      -0.64878160348502911     
 -0.19999999999999993       0.30000000000000016      -0.44623245422746105     
  -9.9999999999999978E-002  0.30000000000000016       -6.6507502435253565E-002
   2.7755575615628914E-017  0.30000000000000016       0.32993111563977467     
  0.10000000000000009       0.30000000000000016       0.60761381188365915     
  0.20000000000000009       0.30000000000000016       0.64388926584306072     
  0.30000000000000016       0.30000000000000016       0.44196139898792491     
  0.40000000000000013       0.30000000000000016        6.1387454925829123E-002
  0.50000000000000011       0.30000000000000016      -0.33450793089137942     
  0.60000000000000009       0.30000000000000016      -0.61285044227785157     
  0.70000000000000007       0.30000000000000016      -0.64867458519766363     
  0.80000000000000004       0.30000000000000016      -0.44705318812849076     
  0.90000000000000002       0.30000000000000016       -6.6729437595805532E-002
   1.0000000000000000       0.30000000000000016       0.32411884776449473     
  -1.0000000000000000       0.40000000000000013        4.6396304502870842E-002
 -0.90000000000000002       0.40000000000000013        8.1725515196402129E-002
 -0.80000000000000004       0.40000000000000013        8.6395397652603872E-002
 -0.69999999999999996       0.40000000000000013        5.9222550751844336E-002
 -0.59999999999999998       0.40000000000000013        8.2789606206592030E-003
 -0.49999999999999994       0.40000000000000013       -4.6756658499600381E-002
 -0.39999999999999991       0.40000000000000013       -8.5218040943909154E-002
 -0.29999999999999993       0.40000000000000013       -9.0286030838069006E-002
 -0.19999999999999993       0.40000000000000013       -6.1981751157961860E-002
  -9.9999999999999978E-002  0.40000000000000013       -9.0660685388140178E-003
   2.7755575615628914E-017  0.40000000000000013        4.6103277563719895E-002
  0.10000000000000009       0.40000000000000013        8.4674065282746014E-002
  0.20000000000000009       0.40000000000000013        8.9605697403587065E-002
  0.30000000000000016       0.40000000000000013        6.1387454925828991E-002
  0.40000000000000013       0.40000000000000013        8.3533167956598344E-003
  0.50000000000000011       0.40000000000000013       -4.6740359569802103E-002
  0.60000000000000009       0.40000000000000013       -8.5403767083233939E-002
  0.70000000000000007       0.40000000000000013       -9.0271244363626976E-002
  0.80000000000000004       0.40000000000000013       -6.2097103996256300E-002
  0.90000000000000002       0.40000000000000013       -9.0970208954282428E-003
   1.0000000000000000       0.40000000000000013        4.5291246597797645E-002
  -1.0000000000000000       0.50000000000000011      -0.25088389128217287     
 -0.90000000000000002       0.50000000000000011      -0.44344046529832432     
 -0.80000000000000004       0.50000000000000011      -0.46962620710745984     
 -0.69999999999999996       0.50000000000000011      -0.32271333984198908     
 -0.59999999999999998       0.50000000000000011       -4.6296820085562428E-002
 -0.49999999999999994       0.50000000000000011       0.25282097497529799     
 -0.39999999999999991       0.50000000000000011       0.46239806385392690     
 -0.29999999999999993       0.50000000000000011       0.49076876437482825     
 -0.19999999999999993       0.50000000000000011       0.33773887602833552     
  -9.9999999999999978E-002  0.50000000000000011        5.0613028606340156E-002
   2.7755575615628914E-017  0.50000000000000011      -0.24927172412646204     
  0.10000000000000009       0.50000000000000011      -0.45943975581477969     
  0.20000000000000009       0.50000000000000011      -0.48706717521072124     
  0.30000000000000016       0.50000000000000011      -0.33450793089137898     
  0.40000000000000013       0.50000000000000011       -4.6740359569802173E-002
  0.50000000000000011       0.50000000000000011       0.25273358272068047     
  0.60000000000000009       0.50000000000000011       0.46339944879393141     
  0.70000000000000007       0.50000000000000011       0.49068763996179637     
  0.80000000000000004       0.50000000000000011       0.33835789275367956     
  0.90000000000000002       0.50000000000000011        5.0780802752628168E-002
   1.0000000000000000       0.50000000000000011      -0.24488015667966506     
  -1.0000000000000000       0.60000000000000009      -0.46000593220145281     
 -0.90000000000000002       0.60000000000000009      -0.81277983513652474     
 -0.80000000000000004       0.60000000000000009      -0.86061612310715518     
 -0.69999999999999996       0.60000000000000009      -0.59124120589182161     
 -0.59999999999999998       0.60000000000000009       -8.4598350073618947E-002
 -0.49999999999999994       0.60000000000000009       0.46355982635928600     
 -0.39999999999999991       0.60000000000000009       0.84752575979112588     
 -0.29999999999999993       0.60000000000000009       0.89936217297680066     
 -0.19999999999999993       0.60000000000000009       0.61877123810711332     
  -9.9999999999999978E-002  0.60000000000000009        9.2500966043585806E-002
   2.7755575615628914E-017  0.60000000000000009      -0.45705517926371420     
  0.10000000000000009       0.60000000000000009      -0.84210475461872214     
  0.20000000000000009       0.60000000000000009      -0.89257945282609474     
  0.30000000000000016       0.60000000000000009      -0.61285044227785312     
  0.40000000000000013       0.60000000000000009       -8.5403767083240503E-002
  0.50000000000000011       0.60000000000000009       0.46339944879393002     
  0.60000000000000009       0.60000000000000009       0.84936239032834393     
  0.70000000000000007       0.60000000000000009       0.89921364858685426     
  0.80000000000000004       0.60000000000000009       0.61990712656146640     
  0.90000000000000002       0.60000000000000009        9.2808510915395728E-002
   1.0000000000000000       0.60000000000000009      -0.44900316969682624     
  -1.0000000000000000       0.70000000000000007      -0.48709319162072995     
 -0.90000000000000002       0.70000000000000007      -0.86048405636137826     
 -0.80000000000000004       0.70000000000000007      -0.91104115133831731     
 -0.69999999999999996       0.70000000000000007      -0.62580195290318719     
 -0.59999999999999998       0.70000000000000007       -8.9422664240631750E-002
 -0.49999999999999994       0.70000000000000007       0.49085753765745649     
 -0.39999999999999991       0.70000000000000007       0.89726856932296317     
 -0.29999999999999993       0.70000000000000007       0.95205802143792684     
 -0.19999999999999993       0.70000000000000007       0.65494224157336423     
  -9.9999999999999978E-002  0.70000000000000007        9.7784453914249794E-002
   2.7755575615628914E-017  0.70000000000000007      -0.48397152788105113     
  0.10000000000000009       0.70000000000000007      -0.89153007876930312     
  0.20000000000000009       0.70000000000000007      -0.94487824250822960     
  0.30000000000000016       0.70000000000000007      -0.64867458519766241     
  0.40000000000000013       0.70000000000000007       -9.0271244363624908E-002
  0.50000000000000011       0.70000000000000007       0.49068763996179643     
  0.60000000000000009       0.70000000000000007       0.89921364858685804     
  0.70000000000000007       0.70000000000000007       0.95190087133661550     
  0.80000000000000004       0.70000000000000007       0.65614550409495964     
  0.90000000000000002       0.70000000000000007        9.8110067102978205E-002
   1.0000000000000000       0.70000000000000007      -0.47544543889934576     
  -1.0000000000000000       0.80000000000000004      -0.33587829002589592     
 -0.90000000000000002       0.80000000000000004      -0.59320749007574458     
 -0.80000000000000004       0.80000000000000004      -0.62798026927159079     
 -0.69999999999999996       0.80000000000000004      -0.43128962731956472     
 -0.59999999999999998       0.80000000000000004       -6.1515920864464009E-002
 -0.49999999999999994       0.80000000000000004       0.33847511776650213     
 -0.39999999999999991       0.80000000000000004       0.61856560623265189     
 -0.29999999999999993       0.80000000000000004       0.65625375641524608     
 -0.19999999999999993       0.80000000000000004       0.45137343503403443     
  -9.9999999999999978E-002  0.80000000000000004        6.7276116912075745E-002
   2.7755575615628914E-017  0.80000000000000004      -0.33372836761209729     
  0.10000000000000009       0.80000000000000004      -0.61461019815585916     
  0.20000000000000009       0.80000000000000004      -0.65130506579802472     
  0.30000000000000016       0.80000000000000004      -0.44705318812849060     
  0.40000000000000013       0.80000000000000004       -6.2097103996255024E-002
  0.50000000000000011       0.80000000000000004       0.33835789275367922     
  0.60000000000000009       0.80000000000000004       0.61990712656146252     
  0.70000000000000007       0.80000000000000004       0.65614550409495942     
  0.80000000000000004       0.80000000000000004       0.45220360567092971     
  0.90000000000000002       0.80000000000000004        6.7500607209683094E-002
   1.0000000000000000       0.80000000000000004      -0.32784920290451747     
  -1.0000000000000000       0.90000000000000002       -5.0407152758322422E-002
 -0.90000000000000002       0.90000000000000002       -8.8811332717749630E-002
 -0.80000000000000004       0.90000000000000002       -9.3897745681818939E-002
 -0.69999999999999996       0.90000000000000002       -6.4376172646455052E-002
 -0.59999999999999998       0.90000000000000002       -9.0156670292623770E-003
 -0.49999999999999994       0.90000000000000002        5.0798500473358182E-002
 -0.39999999999999991       0.90000000000000002        9.2606769216676862E-002
 -0.29999999999999993       0.90000000000000002        9.8126147878117465E-002
 -0.19999999999999993       0.90000000000000002        6.7375347573667754E-002
  -9.9999999999999978E-002  0.90000000000000002        9.8716428802452429E-003
   2.7755575615628914E-017  0.90000000000000002       -5.0088414422016822E-002
  0.10000000000000009       0.90000000000000002       -9.2015537234355432E-002
  0.20000000000000009       0.90000000000000002       -9.7386688724486969E-002
  0.30000000000000016       0.90000000000000002       -6.6729437595805227E-002
  0.40000000000000013       0.90000000000000002       -9.0970208954271672E-003
  0.50000000000000011       0.90000000000000002        5.0780802752628092E-002
  0.60000000000000009       0.90000000000000002        9.2808510915390649E-002
  0.70000000000000007       0.90000000000000002        9.8110067102978177E-002
  0.80000000000000004       0.90000000000000002        6.7500607209680694E-002
  0.90000000000000002       0.90000000000000002        9.9052765187010606E-003
   1.0000000000000000       0.90000000000000002       -4.9206177331476711E-002
  -1.0000000000000000        1.0000000000000000       0.24308796478123923     
 -0.90000000000000002        1.0000000000000000       0.42966424363631800     
 -0.80000000000000004        1.0000000000000000       0.45503824965846162     
 -0.69999999999999996        1.0000000000000000       0.31269057552194363     
 -0.59999999999999998        1.0000000000000000        4.4861402760852077E-002
 -0.49999999999999994        1.0000000000000000      -0.24496483177044384     
 -0.39999999999999991        1.0000000000000000      -0.44803290773969995     
 -0.29999999999999993        1.0000000000000000      -0.47552404491244132     
 -0.19999999999999993        1.0000000000000000      -0.32724943134457807     
  -9.9999999999999978E-002   1.0000000000000000       -4.9043615731689763E-002
   2.7755575615628914E-017   1.0000000000000000       0.24152583593965407     
  0.10000000000000009        1.0000000000000000       0.44516649048523749     
  0.20000000000000009        1.0000000000000000       0.47193743069416338     
  0.30000000000000016        1.0000000000000000       0.32411884776449501     
  0.40000000000000013        1.0000000000000000        4.5291246597793725E-002
  0.50000000000000011        1.0000000000000000      -0.24488015667966481     
  0.60000000000000009        1.0000000000000000      -0.44900316969684001     
  0.70000000000000007        1.0000000000000000      -0.47544543889934465     
  0.80000000000000004        1.0000000000000000      -0.32784920290451885     
  0.90000000000000002        1.0000000000000000       -4.9206177331480153E-002
   1.0000000000000000        1.0000000000000000       0.23727073015853925     
