  -1.0000000000000000       -1.0000000000000000       0.56554703185619015     
 -0.90000000000000002       -1.0000000000000000       0.18020517189900451     
 -0.80000000000000004       -1.0000000000000000      -0.26637270662489920     
 -0.69999999999999996       -1.0000000000000000      -0.61131018991518615     
 -0.59999999999999998       -1.0000000000000000      -0.71872276558262138     
 -0.49999999999999994       -1.0000000000000000      -0.55777029628856700     
 -0.39999999999999991       -1.0000000000000000      -0.17635989983205805     
 -0.29999999999999993       -1.0000000000000000       0.27617753730136213     
 -0.19999999999999993       -1.0000000000000000       0.63726568646254933     
  -9.9999999999999978E-002  -1.0000000000000000       0.74880899317506477     
   2.7755575615628914E-017  -1.0000000000000000       0.58134970166565225     
  0.10000000000000009       -1.0000000000000000       0.18630768992899766     
  0.20000000000000009       -1.0000000000000000      -0.27365118954350703     
  0.30000000000000016       -1.0000000000000000      -0.63372222708347670     
  0.40000000000000013       -1.0000000000000000      -0.74648251756487483     
  0.50000000000000011       -1.0000000000000000      -0.57806179049482442     
  0.60000000000000009       -1.0000000000000000      -0.18439646194774931     
  0.70000000000000007       -1.0000000000000000       0.27629851658916571     
  0.80000000000000004       -1.0000000000000000       0.63514705609457411     
  0.90000000000000002       -1.0000000000000000       0.74812978273774200     
   1.0000000000000000       -1.0000000000000000       0.57048184202612762     
  -1.0000000000000000      -0.90000000000000002       0.18020517189900265     
 -0.90000000000000002      -0.90000000000000002        5.7239570560051946E-002
 -0.80000000000000004      -0.90000000000000002       -8.5170101238596363E-002
 -0.69999999999999996      -0.90000000000000002      -0.19508242170580470     
 -0.59999999999999998      -0.90000000000000002      -0.22919511713541235     
 -0.49999999999999994      -0.90000000000000002      -0.17772933304977998     
 -0.39999999999999991      -0.90000000000000002       -5.6013573755895350E-002
 -0.29999999999999993      -0.90000000000000002        8.8306445772410966E-002
 -0.19999999999999993      -0.90000000000000002       0.20336575840382445     
  -9.9999999999999978E-002 -0.90000000000000002       0.23879009250439517     
   2.7755575615628914E-017 -0.90000000000000002       0.18524513930090949     
  0.10000000000000009      -0.90000000000000002        5.9177711803689650E-002
  0.20000000000000009      -0.90000000000000002       -8.7498293988843567E-002
  0.30000000000000016      -0.90000000000000002      -0.20223469792430551     
  0.40000000000000013      -0.90000000000000002      -0.23804660352719081     
  0.50000000000000011      -0.90000000000000002      -0.18419487158555300     
  0.60000000000000009      -0.90000000000000002       -5.8566465813443033E-002
  0.70000000000000007      -0.90000000000000002        8.8344589823283470E-002
  0.80000000000000004      -0.90000000000000002       0.20269128026854927     
  0.90000000000000002      -0.90000000000000002       0.23857368728601538     
   1.0000000000000000      -0.90000000000000002       0.18178134068994209     
  -1.0000000000000000      -0.80000000000000004      -0.26637270662489754     
 -0.90000000000000002      -0.80000000000000004       -8.5170101238594711E-002
 -0.80000000000000004      -0.80000000000000004       0.12498521400216116     
 -0.69999999999999996      -0.80000000000000004       0.28744773604883000     
 -0.59999999999999998      -0.80000000000000004       0.33822267912601928     
 -0.49999999999999994      -0.80000000000000004       0.26270640565049347     
 -0.39999999999999991      -0.80000000000000004        8.3360185948047255E-002
 -0.29999999999999993      -0.80000000000000004      -0.12958357346249544     
 -0.19999999999999993      -0.80000000000000004      -0.29965181892030351     
  -9.9999999999999978E-002 -0.80000000000000004      -0.35237975866361332     
   2.7755575615628914E-017 -0.80000000000000004      -0.27380825748298793     
  0.10000000000000009      -0.80000000000000004       -8.8054707483667977E-002
  0.20000000000000009      -0.80000000000000004       0.12839879244576166     
  0.30000000000000016      -0.80000000000000004       0.29798605879093365     
  0.40000000000000013      -0.80000000000000004       0.35128753341829178     
  0.50000000000000011      -0.80000000000000004       0.27226389103829546     
  0.60000000000000009      -0.80000000000000004        8.7158179128356578E-002
  0.70000000000000007      -0.80000000000000004      -0.12964121156037811     
  0.80000000000000004      -0.80000000000000004      -0.29865297064787333     
  0.90000000000000002      -0.80000000000000004      -0.35205982205321990     
   1.0000000000000000      -0.80000000000000004      -0.26869091969352860     
  -1.0000000000000000      -0.69999999999999996      -0.61131018991518249     
 -0.90000000000000002      -0.69999999999999996      -0.19508242170580606     
 -0.80000000000000004      -0.69999999999999996       0.28744773604882234     
 -0.69999999999999996      -0.69999999999999996       0.66029392120124353     
 -0.59999999999999998      -0.69999999999999996       0.77658294137875672     
 -0.49999999999999994      -0.69999999999999996       0.60290069336046881     
 -0.39999999999999991      -0.69999999999999996       0.19092721238026575     
 -0.29999999999999993      -0.69999999999999996      -0.29802611425524911     
 -0.19999999999999993      -0.69999999999999996      -0.68832860146686448     
  -9.9999999999999978E-002 -0.69999999999999996      -0.80909007453712323     
   2.7755575615628914E-017 -0.69999999999999996      -0.62838402993192577     
  0.10000000000000009      -0.69999999999999996      -0.20168913178352199     
  0.20000000000000009      -0.69999999999999996       0.29530050050725309     
  0.30000000000000016      -0.69999999999999996       0.68450164128008761     
  0.40000000000000013      -0.69999999999999996       0.80657891205247345     
  0.50000000000000011      -0.69999999999999996       0.62483433359240315     
  0.60000000000000009      -0.69999999999999996       0.19962693405309254     
  0.70000000000000007      -0.69999999999999996      -0.29815754405850570     
  0.80000000000000004      -0.69999999999999996      -0.68603755550678391     
  0.90000000000000002      -0.69999999999999996      -0.80835587487120231     
   1.0000000000000000      -0.69999999999999996      -0.61663819486153415     
  -1.0000000000000000      -0.59999999999999998      -0.71872276558261239     
 -0.90000000000000002      -0.59999999999999998      -0.22919511713540930     
 -0.80000000000000004      -0.59999999999999998       0.33822267912602905     
 -0.69999999999999996      -0.59999999999999998       0.77658294137876105     
 -0.59999999999999998      -0.59999999999999998       0.91320172398563493     
 -0.49999999999999994      -0.59999999999999998       0.70883759079588848     
 -0.39999999999999991      -0.59999999999999998       0.22430912165908395     
 -0.29999999999999993      -0.59999999999999998      -0.35067085782202317     
 -0.19999999999999993      -0.59999999999999998      -0.80955534614129721     
  -9.9999999999999978E-002 -0.59999999999999998      -0.95142825767435624     
   2.7755575615628914E-017 -0.59999999999999998      -0.73880085113884197     
  0.10000000000000009      -0.59999999999999998      -0.23695688166898776     
  0.20000000000000009      -0.59999999999999998       0.34746344583029604     
  0.30000000000000016      -0.59999999999999998       0.80505415069883146     
  0.40000000000000013      -0.59999999999999998       0.94847386858278937     
  0.50000000000000011      -0.59999999999999998       0.73462505782644172     
  0.60000000000000009      -0.59999999999999998       0.23453027961054435     
  0.70000000000000007      -0.59999999999999998      -0.35082501167133862     
  0.80000000000000004      -0.59999999999999998      -0.80686229044981805     
  0.90000000000000002      -0.59999999999999998      -0.95056506865338541     
   1.0000000000000000      -0.59999999999999998      -0.72499036821436935     
  -1.0000000000000000      -0.49999999999999994      -0.55777029628856767     
 -0.90000000000000002      -0.49999999999999994      -0.17772933304978172     
 -0.80000000000000004      -0.49999999999999994       0.26270640565049130     
 -0.69999999999999996      -0.49999999999999994       0.60290069336046948     
 -0.59999999999999998      -0.49999999999999994       0.70883759079588626     
 -0.49999999999999994      -0.49999999999999994       0.55010047211567281     
 -0.39999999999999991      -0.49999999999999994       0.17393694540748919     
 -0.29999999999999993      -0.49999999999999994      -0.27237626874053250     
 -0.19999999999999993      -0.49999999999999994      -0.62849912840770916     
  -9.9999999999999978E-002 -0.49999999999999994      -0.73851000981721482     
   2.7755575615628914E-017 -0.49999999999999994      -0.57335561192457507     
  0.10000000000000009      -0.49999999999999994      -0.18374801135870886     
  0.20000000000000009      -0.49999999999999994       0.26988469757769007     
  0.30000000000000016      -0.49999999999999994       0.62500441779907023     
  0.40000000000000013      -0.49999999999999994       0.73621555089378166     
  0.50000000000000011      -0.49999999999999994       0.57011294300538040     
  0.60000000000000009      -0.49999999999999994       0.18186309090762934     
  0.70000000000000007      -0.49999999999999994      -0.27249558923394723     
  0.80000000000000004      -0.49999999999999994      -0.62640962387823240     
  0.90000000000000002      -0.49999999999999994      -0.73784013887318423     
   1.0000000000000000      -0.49999999999999994      -0.56263720461137012     
  -1.0000000000000000      -0.39999999999999991      -0.17635989983204636     
 -0.90000000000000002      -0.39999999999999991       -5.6013573755893997E-002
 -0.80000000000000004      -0.39999999999999991        8.3360185948047769E-002
 -0.69999999999999996      -0.39999999999999991       0.19092721238026295     
 -0.59999999999999998      -0.39999999999999991       0.22430912165908887     
 -0.49999999999999994      -0.39999999999999991       0.17393694540748664     
 -0.39999999999999991      -0.39999999999999991        5.4813718768639698E-002
 -0.29999999999999993      -0.39999999999999991       -8.6429915383148398E-002
 -0.19999999999999993      -0.39999999999999991      -0.19903412541142615     
  -9.9999999999999978E-002 -0.39999999999999991      -0.23369956879782075     
   2.7755575615628914E-017 -0.39999999999999991      -0.18129244062215807     
  0.10000000000000009      -0.39999999999999991       -5.7910196527536519E-002
  0.20000000000000009      -0.39999999999999991        8.5638927830628694E-002
  0.30000000000000016      -0.39999999999999991       0.19792714950918575     
  0.40000000000000013      -0.39999999999999991       0.23297188906765320     
  0.50000000000000011      -0.39999999999999991       0.18026451733530066     
  0.60000000000000009      -0.39999999999999991        5.7311936157357850E-002
  0.70000000000000007      -0.39999999999999991       -8.6467235219865476E-002
  0.80000000000000004      -0.39999999999999991      -0.19837405473675146     
  0.90000000000000002      -0.39999999999999991      -0.23348778173771539     
   1.0000000000000000      -0.39999999999999991      -0.17790253121618368     
  -1.0000000000000000      -0.29999999999999993       0.27617753730136146     
 -0.90000000000000002      -0.29999999999999993        8.8306445772411202E-002
 -0.80000000000000004      -0.29999999999999993      -0.12958357346249630     
 -0.69999999999999996      -0.29999999999999993      -0.29802611425524922     
 -0.59999999999999998      -0.29999999999999993      -0.35067085782201984     
 -0.49999999999999994      -0.29999999999999993      -0.27237626874053084     
 -0.39999999999999991      -0.29999999999999993       -8.6429915383144817E-002
 -0.29999999999999993      -0.29999999999999993       0.13435110217957058     
 -0.19999999999999993      -0.29999999999999993       0.31067931741070715     
  -9.9999999999999978E-002 -0.29999999999999993       0.36534897891299750     
   2.7755575615628914E-017 -0.29999999999999993       0.28388674665521235     
  0.10000000000000009      -0.29999999999999993        9.1297277884454631E-002
  0.20000000000000009      -0.29999999999999993      -0.13312273440326897     
  0.30000000000000016      -0.29999999999999993      -0.30895225753764510     
  0.40000000000000013      -0.29999999999999993      -0.36421656651564244     
  0.50000000000000011      -0.29999999999999993      -0.28228555353389306     
  0.60000000000000009      -0.29999999999999993       -9.0367766245322861E-002
  0.70000000000000007      -0.29999999999999993       0.13441086486551765     
  0.80000000000000004      -0.29999999999999993       0.30964369838697958     
  0.90000000000000002      -0.29999999999999993       0.36501726572658089     
   1.0000000000000000      -0.29999999999999993       0.27858105289612506     
  -1.0000000000000000      -0.19999999999999993       0.63726568646253989     
 -0.90000000000000002      -0.19999999999999993       0.20336575840381954     
 -0.80000000000000004      -0.19999999999999993      -0.29965181892032000     
 -0.69999999999999996      -0.19999999999999993      -0.68832860146687003     
 -0.59999999999999998      -0.19999999999999993      -0.80955534614129898     
 -0.49999999999999994      -0.19999999999999993      -0.62849912840771016     
 -0.39999999999999991      -0.19999999999999993      -0.19903412541141627     
 -0.29999999999999993      -0.19999999999999993       0.31067931741070959     
 -0.19999999999999993      -0.19999999999999993       0.71755357406801601     
  -9.9999999999999978E-002 -0.19999999999999993       0.84344267600514500     
   2.7755575615628914E-017 -0.19999999999999993       0.65506445172108618     
  0.10000000000000009      -0.19999999999999993       0.21025299451640930     
  0.20000000000000009      -0.19999999999999993      -0.30783798386895278     
  0.30000000000000016      -0.19999999999999993      -0.71356412980901651     
  0.40000000000000013      -0.19999999999999993      -0.84082489706444941     
  0.50000000000000011      -0.19999999999999993      -0.65136404490309263     
  0.60000000000000009      -0.19999999999999993      -0.20810324298049127     
  0.70000000000000007      -0.19999999999999993       0.31081632839721657     
  0.80000000000000004      -0.19999999999999993       0.71516525181587665     
  0.90000000000000002      -0.19999999999999993       0.84267730306691613     
   1.0000000000000000      -0.19999999999999993       0.64281990440196646     
  -1.0000000000000000       -9.9999999999999978E-002  0.74880899317505845     
 -0.90000000000000002       -9.9999999999999978E-002  0.23879009250439626     
 -0.80000000000000004       -9.9999999999999978E-002 -0.35237975866361004     
 -0.69999999999999996       -9.9999999999999978E-002 -0.80909007453712167     
 -0.59999999999999998       -9.9999999999999978E-002 -0.95142825767435546     
 -0.49999999999999994       -9.9999999999999978E-002 -0.73851000981721349     
 -0.39999999999999991       -9.9999999999999978E-002 -0.23369956879782436     
 -0.29999999999999993       -9.9999999999999978E-002  0.36534897891300022     
 -0.19999999999999993       -9.9999999999999978E-002  0.84344267600514533     
  -9.9999999999999978E-002  -9.9999999999999978E-002  0.99125494749814069     
   2.7755575615628914E-017  -9.9999999999999978E-002  0.76972754297615864     
  0.10000000000000009       -9.9999999999999978E-002  0.24687679481597669     
  0.20000000000000009       -9.9999999999999978E-002 -0.36200731484412307     
  0.30000000000000016       -9.9999999999999978E-002 -0.83875306520929915     
  0.40000000000000013       -9.9999999999999978E-002 -0.98817689421834887     
  0.50000000000000011       -9.9999999999999978E-002 -0.76537695836670860     
  0.60000000000000009       -9.9999999999999978E-002 -0.24434862236583552     
  0.70000000000000007       -9.9999999999999978E-002  0.36550958733210059     
  0.80000000000000004       -9.9999999999999978E-002  0.84063688480600463     
  0.90000000000000002       -9.9999999999999978E-002  0.99035562472751570     
   1.0000000000000000       -9.9999999999999978E-002  0.75533894723249717     
  -1.0000000000000000        2.7755575615628914E-017  0.58134970166563826     
 -0.90000000000000002        2.7755575615628914E-017  0.18524513930090555     
 -0.80000000000000004        2.7755575615628914E-017 -0.27380825748299586     
 -0.69999999999999996        2.7755575615628914E-017 -0.62838402993192610     
 -0.59999999999999998        2.7755575615628914E-017 -0.73880085113883975     
 -0.49999999999999994        2.7755575615628914E-017 -0.57335561192457751     
 -0.39999999999999991        2.7755575615628914E-017 -0.18129244062215322     
 -0.29999999999999993        2.7755575615628914E-017  0.28388674665521768     
 -0.19999999999999993        2.7755575615628914E-017  0.65506445172109273     
  -9.9999999999999978E-002   2.7755575615628914E-017  0.76972754297615664     
   2.7755575615628914E-017   2.7755575615628914E-017  0.59759381565666048     
  0.10000000000000009        2.7755575615628914E-017  0.19151833821354841     
  0.20000000000000009        2.7755575615628914E-017 -0.28128988782995912     
  0.30000000000000016        2.7755575615628914E-017 -0.65142203061926107     
  0.40000000000000013        2.7755575615628914E-017 -0.76733611621731601     
  0.50000000000000011        2.7755575615628914E-017 -0.59421409960415117     
  0.60000000000000009        2.7755575615628914E-017 -0.18955376385931066     
  0.70000000000000007        2.7755575615628914E-017  0.28401111673045865     
  0.80000000000000004        2.7755575615628914E-017  0.65288660666662734     
  0.90000000000000002        2.7755575615628914E-017  0.76902935340793077     
   1.0000000000000000        2.7755575615628914E-017  0.58642230577753673     
  -1.0000000000000000       0.10000000000000009       0.18630768992899829     
 -0.90000000000000002       0.10000000000000009        5.9177711803690948E-002
 -0.80000000000000004       0.10000000000000009       -8.8054707483668476E-002
 -0.69999999999999996       0.10000000000000009      -0.20168913178352191     
 -0.59999999999999998       0.10000000000000009      -0.23695688166898668     
 -0.49999999999999994       0.10000000000000009      -0.18374801135870925     
 -0.39999999999999991       0.10000000000000009       -5.7910196527536560E-002
 -0.29999999999999993       0.10000000000000009        9.1297277884455075E-002
 -0.19999999999999993       0.10000000000000009       0.21025299451641208     
  -9.9999999999999978E-002  0.10000000000000009       0.24687679481597827     
   2.7755575615628914E-017  0.10000000000000009       0.19151833821354913     
  0.10000000000000009       0.10000000000000009        6.1181478520180778E-002
  0.20000000000000009       0.10000000000000009       -9.0461754503460445E-002
  0.30000000000000016       0.10000000000000009      -0.20908362891485038     
  0.40000000000000013       0.10000000000000009      -0.24610812527355405     
  0.50000000000000011       0.10000000000000009      -0.19043250053858995     
  0.60000000000000009       0.10000000000000009       -6.0549530184058911E-002
  0.70000000000000007       0.10000000000000009        9.1336713128029962E-002
  0.80000000000000004       0.10000000000000009       0.20955567644766601     
  0.90000000000000002       0.10000000000000009       0.24665306121442485     
   1.0000000000000000       0.10000000000000009       0.18793723942173257     
  -1.0000000000000000       0.20000000000000009      -0.27365118954351003     
 -0.90000000000000002       0.20000000000000009       -8.7498293988840722E-002
 -0.80000000000000004       0.20000000000000009       0.12839879244576746     
 -0.69999999999999996       0.20000000000000009       0.29530050050725687     
 -0.59999999999999998       0.20000000000000009       0.34746344583028849     
 -0.49999999999999994       0.20000000000000009       0.26988469757769107     
 -0.39999999999999991       0.20000000000000009        8.5638927830629041E-002
 -0.29999999999999993       0.20000000000000009      -0.13312273440326663     
 -0.19999999999999993       0.20000000000000009      -0.30783798386893713     
  -9.9999999999999978E-002  0.20000000000000009      -0.36200731484412341     
   2.7755575615628914E-017  0.20000000000000009      -0.28128988782995046     
  0.10000000000000009       0.20000000000000009       -9.0461754503460334E-002
  0.20000000000000009       0.20000000000000009       0.13190559688615280     
  0.30000000000000016       0.20000000000000009       0.30612671837839434     
  0.40000000000000013       0.20000000000000009       0.36088525688894540     
  0.50000000000000011       0.20000000000000009       0.27970333643053480     
  0.60000000000000009       0.20000000000000009        8.9540741138216848E-002
  0.70000000000000007       0.20000000000000009      -0.13318194960551380     
  0.80000000000000004       0.20000000000000009      -0.30681183941696827     
  0.90000000000000002       0.20000000000000009      -0.36167863604924422     
   1.0000000000000000       0.20000000000000009      -0.27603272637782034     
  -1.0000000000000000       0.30000000000000016      -0.63372222708347525     
 -0.90000000000000002       0.30000000000000016      -0.20223469792430521     
 -0.80000000000000004       0.30000000000000016       0.29798605879093282     
 -0.69999999999999996       0.30000000000000016       0.68450164128008584     
 -0.59999999999999998       0.30000000000000016       0.80505415069883313     
 -0.49999999999999994       0.30000000000000016       0.62500441779906812     
 -0.39999999999999991       0.30000000000000016       0.19792714950918699     
 -0.29999999999999993       0.30000000000000016      -0.30895225753764533     
 -0.19999999999999993       0.30000000000000016      -0.71356412980901607     
  -9.9999999999999978E-002  0.30000000000000016      -0.83875306520929716     
   2.7755575615628914E-017  0.30000000000000016      -0.65142203061925985     
  0.10000000000000009       0.30000000000000016      -0.20908362891484936     
  0.20000000000000009       0.30000000000000016       0.30612671837839578     
  0.30000000000000016       0.30000000000000016       0.70959686562254920     
  0.40000000000000013       0.30000000000000016       0.83614983901652717     
  0.50000000000000011       0.30000000000000016       0.64774219578249703     
  0.60000000000000009       0.30000000000000016       0.20694582759861035     
  0.70000000000000007       0.30000000000000016      -0.30908850609748306     
  0.80000000000000004       0.30000000000000016      -0.71118908848397666     
  0.90000000000000002       0.30000000000000016      -0.83799194808501642     
   1.0000000000000000       0.30000000000000016      -0.63924556674228517     
  -1.0000000000000000       0.40000000000000013      -0.74648251756485207     
 -0.90000000000000002       0.40000000000000013      -0.23804660352718587     
 -0.80000000000000004       0.40000000000000013       0.35128753341830959     
 -0.69999999999999996       0.40000000000000013       0.80657891205247789     
 -0.59999999999999998       0.40000000000000013       0.94847386858279981     
 -0.49999999999999994       0.40000000000000013       0.73621555089378565     
 -0.39999999999999991       0.40000000000000013       0.23297188906765612     
 -0.29999999999999993       0.40000000000000013      -0.36421656651564710     
 -0.19999999999999993       0.40000000000000013      -0.84082489706445418     
  -9.9999999999999978E-002  0.40000000000000013      -0.98817689421834742     
   2.7755575615628914E-017  0.40000000000000013      -0.76733611621732256     
  0.10000000000000009       0.40000000000000013      -0.24610812527355513     
  0.20000000000000009       0.40000000000000013       0.36088525688895445     
  0.30000000000000016       0.40000000000000013       0.83614983901652784     
  0.40000000000000013       0.40000000000000013       0.98510838494386721     
  0.50000000000000011       0.40000000000000013       0.76299902543973186     
  0.60000000000000009       0.40000000000000013       0.24358778779013468     
  0.70000000000000007       0.40000000000000013      -0.36437667238582910     
  0.80000000000000004       0.40000000000000013      -0.83802782845238266     
  0.90000000000000002       0.40000000000000013      -0.98728036570490785     
   1.0000000000000000       0.40000000000000013      -0.75299221667636373     
  -1.0000000000000000       0.50000000000000011      -0.57806179049482687     
 -0.90000000000000002       0.50000000000000011      -0.18419487158555509     
 -0.80000000000000004       0.50000000000000011       0.27226389103829435     
 -0.69999999999999996       0.50000000000000011       0.62483433359240159     
 -0.59999999999999998       0.50000000000000011       0.73462505782644383     
 -0.49999999999999994       0.50000000000000011       0.57011294300537829     
 -0.39999999999999991       0.50000000000000011       0.18026451733530369     
 -0.29999999999999993       0.50000000000000011      -0.28228555353389356     
 -0.19999999999999993       0.50000000000000011      -0.65136404490309707     
  -9.9999999999999978E-002  0.50000000000000011      -0.76537695836670794     
   2.7755575615628914E-017  0.50000000000000011      -0.59421409960415239     
  0.10000000000000009       0.50000000000000011      -0.19043250053858934     
  0.20000000000000009       0.50000000000000011       0.27970333643053719     
  0.30000000000000016       0.50000000000000011       0.64774219578249903     
  0.40000000000000013       0.50000000000000011       0.76299902543973619     
  0.50000000000000011       0.50000000000000011       0.59085346068579203     
  0.60000000000000009       0.50000000000000011       0.18847900487002359     
  0.70000000000000007       0.50000000000000011      -0.28240921442541778     
  0.80000000000000004       0.50000000000000011      -0.64919852555804092     
  0.90000000000000002       0.50000000000000011      -0.76468271776661823     
   1.0000000000000000       0.50000000000000011      -0.58310575933353759     
  -1.0000000000000000       0.60000000000000009      -0.18439646194774498     
 -0.90000000000000002       0.60000000000000009       -5.8566465813444393E-002
 -0.80000000000000004       0.60000000000000009        8.7158179128372898E-002
 -0.69999999999999996       0.60000000000000009       0.19962693405308976     
 -0.59999999999999998       0.60000000000000009       0.23453027961056461     
 -0.49999999999999994       0.60000000000000009       0.18186309090763053     
 -0.39999999999999991       0.60000000000000009        5.7311936157349148E-002
 -0.29999999999999993       0.60000000000000009       -9.0367766245326955E-002
 -0.19999999999999993       0.60000000000000009      -0.20810324298052435     
  -9.9999999999999978E-002  0.60000000000000009      -0.24434862236583427     
   2.7755575615628914E-017  0.60000000000000009      -0.18955376385931791     
  0.10000000000000009       0.60000000000000009       -6.0549530184058266E-002
  0.20000000000000009       0.60000000000000009        8.9540741138242341E-002
  0.30000000000000016       0.60000000000000009       0.20694582759861049     
  0.40000000000000013       0.60000000000000009       0.24358778779015164     
  0.50000000000000011       0.60000000000000009       0.18847900487002389     
  0.60000000000000009       0.60000000000000009        5.9924012645519067E-002
  0.70000000000000007       0.60000000000000009       -9.0406787612928668E-002
  0.80000000000000004       0.60000000000000009      -0.20741309214561165     
  0.90000000000000002       0.60000000000000009      -0.24412718432258140     
   1.0000000000000000       0.60000000000000009      -0.18600938129505262     
  -1.0000000000000000       0.70000000000000007       0.27629851658916432     
 -0.90000000000000002       0.70000000000000007        8.8344589823282804E-002
 -0.80000000000000004       0.70000000000000007      -0.12964121156037745     
 -0.69999999999999996       0.70000000000000007      -0.29815754405850492     
 -0.59999999999999998       0.70000000000000007      -0.35082501167134034     
 -0.49999999999999994       0.70000000000000007      -0.27249558923394612     
 -0.39999999999999991       0.70000000000000007       -8.6467235219867100E-002
 -0.29999999999999993       0.70000000000000007       0.13441086486551709     
 -0.19999999999999993       0.70000000000000007       0.31081632839721535     
  -9.9999999999999978E-002  0.70000000000000007       0.36550958733209887     
   2.7755575615628914E-017  0.70000000000000007       0.28401111673046092     
  0.10000000000000009       0.70000000000000007        9.1336713128028976E-002
  0.20000000000000009       0.70000000000000007      -0.13318194960551302     
  0.30000000000000016       0.70000000000000007      -0.30908850609748217     
  0.40000000000000013       0.70000000000000007      -0.36437667238582960     
  0.50000000000000011       0.70000000000000007      -0.28240921442541589     
  0.60000000000000009       0.70000000000000007       -9.0406787612929140E-002
  0.70000000000000007       0.70000000000000007       0.13447065252777679     
  0.80000000000000004       0.70000000000000007       0.30978025750514904     
  0.90000000000000002       0.70000000000000007       0.36517772888991956     
   1.0000000000000000       0.70000000000000007       0.27870309619794709     
  -1.0000000000000000       0.80000000000000004       0.63514705609457445     
 -0.90000000000000002       0.80000000000000004       0.20269128026854752     
 -0.80000000000000004       0.80000000000000004      -0.29865297064789498     
 -0.69999999999999996       0.80000000000000004      -0.68603755550679202     
 -0.59999999999999998       0.80000000000000004      -0.80686229044983793     
 -0.49999999999999994       0.80000000000000004      -0.62640962387823595     
 -0.39999999999999991       0.80000000000000004      -0.19837405473675548     
 -0.29999999999999993       0.80000000000000004       0.30964369838698153     
 -0.19999999999999993       0.80000000000000004       0.71516525181588841     
  -9.9999999999999978E-002  0.80000000000000004       0.84063688480600940     
   2.7755575615628914E-017  0.80000000000000004       0.65288660666663945     
  0.10000000000000009       0.80000000000000004       0.20955567644766671     
  0.20000000000000009       0.80000000000000004      -0.30681183941698281     
  0.30000000000000016       0.80000000000000004      -0.71118908848398010     
  0.40000000000000013       0.80000000000000004      -0.83802782845238788     
  0.50000000000000011       0.80000000000000004      -0.64919852555804336     
  0.60000000000000009       0.80000000000000004      -0.20741309214559397     
  0.70000000000000007       0.80000000000000004       0.30978025750515120     
  0.80000000000000004       0.80000000000000004       0.71278486430728349     
  0.90000000000000002       0.80000000000000004       0.83987405624278388     
   1.0000000000000000       0.80000000000000004       0.64068277501866500     
  -1.0000000000000000       0.90000000000000002       0.74812978273774111     
 -0.90000000000000002       0.90000000000000002       0.23857368728601736     
 -0.80000000000000004       0.90000000000000002      -0.35205982205321440     
 -0.69999999999999996       0.90000000000000002      -0.80835587487119898     
 -0.59999999999999998       0.90000000000000002      -0.95056506865338652     
 -0.49999999999999994       0.90000000000000002      -0.73784013887318256     
 -0.39999999999999991       0.90000000000000002      -0.23348778173772239     
 -0.29999999999999993       0.90000000000000002       0.36501726572658028     
 -0.19999999999999993       0.90000000000000002       0.84267730306691280     
  -9.9999999999999978E-002  0.90000000000000002       0.99035562472751171     
   2.7755575615628914E-017  0.90000000000000002       0.76902935340793233     
  0.10000000000000009       0.90000000000000002       0.24665306121442498     
  0.20000000000000009       0.90000000000000002      -0.36167863604924139     
  0.30000000000000016       0.90000000000000002      -0.83799194808501454     
  0.40000000000000013       0.90000000000000002      -0.98728036570490674     
  0.50000000000000011       0.90000000000000002      -0.76468271776661645     
  0.60000000000000009       0.90000000000000002      -0.24412718432258432     
  0.70000000000000007       0.90000000000000002       0.36517772888991934     
  0.80000000000000004       0.90000000000000002       0.83987405624277711     
  0.90000000000000002       0.90000000000000002       0.98945711767367639     
   1.0000000000000000       0.90000000000000002       0.75465380982888830     
  -1.0000000000000000        1.0000000000000000       0.57048184202609753     
 -0.90000000000000002        1.0000000000000000       0.18178134068993976     
 -0.80000000000000004        1.0000000000000000      -0.26869091969353287     
 -0.69999999999999996        1.0000000000000000      -0.61663819486153049     
 -0.59999999999999998        1.0000000000000000      -0.72499036821436236     
 -0.49999999999999994        1.0000000000000000      -0.56263720461137179     
 -0.39999999999999991        1.0000000000000000      -0.17790253121618113     
 -0.29999999999999993        1.0000000000000000       0.27858105289612778     
 -0.19999999999999993        1.0000000000000000       0.64281990440196635     
  -9.9999999999999978E-002   1.0000000000000000       0.75533894723249406     
   2.7755575615628914E-017   1.0000000000000000       0.58642230577753018     
  0.10000000000000009        1.0000000000000000       0.18793723942173277     
  0.20000000000000009        1.0000000000000000      -0.27603272637782655     
  0.30000000000000016        1.0000000000000000      -0.63924556674228106     
  0.40000000000000013        1.0000000000000000      -0.75299221667634408     
  0.50000000000000011        1.0000000000000000      -0.58310575933353259     
  0.60000000000000009        1.0000000000000000      -0.18600938129503775     
  0.70000000000000007        1.0000000000000000       0.27870309619794509     
  0.80000000000000004        1.0000000000000000       0.64068277501864390     
  0.90000000000000002        1.0000000000000000       0.75465380982888530     
   1.0000000000000000        1.0000000000000000       0.57545963434800540     
