  -1.0000000000000000       -1.0000000000000000       0.81788220133173306     
 -0.90000000000000002       -1.0000000000000000       0.45758984715984968     
 -0.80000000000000004       -1.0000000000000000       -6.6638488877536428E-002
 -0.69999999999999996       -1.0000000000000000      -0.56330668549350715     
 -0.59999999999999998       -1.0000000000000000      -0.84186995334569026     
 -0.49999999999999994       -1.0000000000000000      -0.80490831431506749     
 -0.39999999999999991       -1.0000000000000000      -0.45319406517709548     
 -0.29999999999999993       -1.0000000000000000        6.8447882893795664E-002
 -0.19999999999999993       -1.0000000000000000       0.58669121730501239     
  -9.9999999999999978E-002  -1.0000000000000000       0.87646358153772252     
   2.7755575615628914E-017  -1.0000000000000000       0.83667711803860956     
  0.10000000000000009       -1.0000000000000000       0.47356477175929063     
  0.20000000000000009       -1.0000000000000000       -6.6215826123775315E-002
  0.30000000000000016       -1.0000000000000000      -0.58392041957583540     
  0.40000000000000013       -1.0000000000000000      -0.87512275804777939     
  0.50000000000000011       -1.0000000000000000      -0.83467380945297154     
  0.60000000000000009       -1.0000000000000000      -0.47294213084170567     
  0.70000000000000007       -1.0000000000000000        6.7863612728836203E-002
  0.80000000000000004       -1.0000000000000000       0.58403334801373796     
  0.90000000000000002       -1.0000000000000000       0.87568197631989941     
   1.0000000000000000       -1.0000000000000000       0.82204391547538447     
  -1.0000000000000000      -0.90000000000000002       0.45758984715984585     
 -0.90000000000000002      -0.90000000000000002       0.25587826244144513     
 -0.80000000000000004      -0.90000000000000002       -3.7500497908630484E-002
 -0.69999999999999996      -0.90000000000000002      -0.31537853048642500     
 -0.59999999999999998      -0.90000000000000002      -0.47114495062412914     
 -0.49999999999999994      -0.90000000000000002      -0.45033184589212899     
 -0.39999999999999991      -0.90000000000000002      -0.25341711669151085     
 -0.29999999999999993      -0.90000000000000002        3.8519297558225932E-002
 -0.19999999999999993      -0.90000000000000002       0.32847127342435029     
  -9.9999999999999978E-002 -0.90000000000000002       0.49050569341807709     
   2.7755575615628914E-017 -0.90000000000000002       0.46810728188926026     
  0.10000000000000009      -0.90000000000000002       0.26481097118573865     
  0.20000000000000009      -0.90000000000000002       -3.7271697055304559E-002
  0.30000000000000016      -0.90000000000000002      -0.32691935017037732     
  0.40000000000000013      -0.90000000000000002      -0.48975367971208289     
  0.50000000000000011      -0.90000000000000002      -0.46698487215182460     
  0.60000000000000009      -0.90000000000000002      -0.26446096876289987     
  0.70000000000000007      -0.90000000000000002        3.8194875517337794E-002
  0.80000000000000004      -0.90000000000000002       0.32698384655582635     
  0.90000000000000002      -0.90000000000000002       0.49006813444482972     
   1.0000000000000000      -0.90000000000000002       0.45991961970323370     
  -1.0000000000000000      -0.80000000000000004       -6.6638488877539453E-002
 -0.90000000000000002      -0.80000000000000004       -3.7500497908628166E-002
 -0.80000000000000004      -0.80000000000000004        5.0783544533921495E-003
 -0.69999999999999996      -0.80000000000000004        4.5543013856870831E-002
 -0.59999999999999998      -0.80000000000000004        6.8375954820311641E-002
 -0.49999999999999994      -0.80000000000000004        6.5580373021449020E-002
 -0.39999999999999991      -0.80000000000000004        3.7145229302643502E-002
 -0.29999999999999993      -0.80000000000000004       -5.2153209869389896E-003
 -0.19999999999999993      -0.80000000000000004       -4.7432921985787253E-002
  -9.9999999999999978E-002 -0.80000000000000004       -7.1184441423571360E-002
   2.7755575615628914E-017 -0.80000000000000004       -6.8166564150266049E-002
  0.10000000000000009      -0.80000000000000004       -3.8810098501881593E-002
  0.20000000000000009      -0.80000000000000004        5.0315329869646055E-003
  0.30000000000000016      -0.80000000000000004        4.7209932432981723E-002
  0.40000000000000013      -0.80000000000000004        7.1078178645475873E-002
  0.50000000000000011      -0.80000000000000004        6.8005917294222507E-002
  0.60000000000000009      -0.80000000000000004        3.8762025679309503E-002
  0.70000000000000007      -0.80000000000000004       -5.1637350521011767E-003
  0.80000000000000004      -0.80000000000000004       -4.7217010508638343E-002
  0.90000000000000002      -0.80000000000000004       -7.1121187170722758E-002
   1.0000000000000000      -0.80000000000000004       -6.6975358937130774E-002
  -1.0000000000000000      -0.69999999999999996      -0.56330668549350371     
 -0.90000000000000002      -0.69999999999999996      -0.31537853048642522     
 -0.80000000000000004      -0.69999999999999996        4.5543013856864288E-002
 -0.69999999999999996      -0.69999999999999996       0.38761502532872882     
 -0.59999999999999998      -0.69999999999999996       0.57960955404693759     
 -0.49999999999999994      -0.69999999999999996       0.55437002345413078     
 -0.39999999999999991      -0.69999999999999996       0.31235389269762204     
 -0.29999999999999993      -0.69999999999999996       -4.6778686404128578E-002
 -0.19999999999999993      -0.69999999999999996      -0.40370535283425379     
  -9.9999999999999978E-002 -0.69999999999999996      -0.60342534521439084     
   2.7755575615628914E-017 -0.69999999999999996      -0.57624816444402061     
  0.10000000000000009      -0.69999999999999996      -0.32638913715188356     
  0.20000000000000009      -0.69999999999999996        4.5239444018773473E-002
  0.30000000000000016      -0.69999999999999996       0.40179978332834054     
  0.40000000000000013      -0.69999999999999996       0.60250487191222446     
  0.50000000000000011      -0.69999999999999996       0.57487100282485237     
  0.60000000000000009      -0.69999999999999996       0.32596297612746611     
  0.70000000000000007      -0.69999999999999996       -4.6372269551719685E-002
  0.80000000000000004      -0.69999999999999996      -0.40187542447429125     
  0.90000000000000002      -0.69999999999999996      -0.60288745519689602     
   1.0000000000000000      -0.69999999999999996      -0.56617078883655769     
  -1.0000000000000000      -0.59999999999999998      -0.84186995334567927     
 -0.90000000000000002      -0.59999999999999998      -0.47114495062412437     
 -0.80000000000000004      -0.59999999999999998        6.8375954820320370E-002
 -0.69999999999999996      -0.59999999999999998       0.57960955404694248     
 -0.59999999999999998      -0.59999999999999998       0.86642716525598096     
 -0.49999999999999994      -0.59999999999999998       0.82851490870352285     
 -0.39999999999999991      -0.59999999999999998       0.46662202762606830     
 -0.29999999999999993      -0.59999999999999998       -7.0231954856637052E-002
 -0.19999999999999993      -0.59999999999999998      -0.60367042293073425     
  -9.9999999999999978E-002 -0.59999999999999998      -0.90202915601542677     
   2.7755575615628914E-017 -0.59999999999999998      -0.86121408384843090     
  0.10000000000000009      -0.59999999999999998      -0.48759335729713943     
  0.20000000000000009      -0.59999999999999998        6.7933243150233719E-002
  0.30000000000000016      -0.59999999999999998       0.60082006963153156     
  0.40000000000000013      -0.59999999999999998       0.90065085086248919     
  0.50000000000000011      -0.59999999999999998       0.85915361210469754     
  0.60000000000000009      -0.59999999999999998       0.48695409735116285     
  0.70000000000000007      -0.59999999999999998       -6.9628088354073733E-002
  0.80000000000000004      -0.59999999999999998      -0.60093499830873476     
  0.90000000000000002      -0.59999999999999998      -0.90122489180154242     
   1.0000000000000000      -0.59999999999999998      -0.84615235909988584     
  -1.0000000000000000      -0.49999999999999994      -0.80490831431506726     
 -0.90000000000000002      -0.49999999999999994      -0.45033184589213193     
 -0.80000000000000004      -0.49999999999999994        6.5580373021448257E-002
 -0.69999999999999996      -0.49999999999999994       0.55437002345412956     
 -0.59999999999999998      -0.49999999999999994       0.82851490870351818     
 -0.49999999999999994      -0.49999999999999994       0.79214022614002988     
 -0.39999999999999991      -0.49999999999999994       0.44600580183856620     
 -0.29999999999999993      -0.49999999999999994       -6.7361033977177048E-002
 -0.19999999999999993      -0.49999999999999994      -0.57738356578655259     
  -9.9999999999999978E-002 -0.49999999999999994      -0.86255975570670929     
   2.7755575615628914E-017 -0.49999999999999994      -0.82340508162331894     
  0.10000000000000009      -0.49999999999999994      -0.46605338757115355     
  0.20000000000000009      -0.49999999999999994        6.5164378057497321E-002
  0.30000000000000016      -0.49999999999999994       0.57465672883900643     
  0.40000000000000013      -0.49999999999999994       0.86124021028678899     
  0.50000000000000011      -0.49999999999999994       0.82143355873768509     
  0.60000000000000009      -0.49999999999999994       0.46544063136965541     
  0.70000000000000007      -0.49999999999999994       -6.6786020076919098E-002
  0.80000000000000004      -0.49999999999999994      -0.57476785959936805     
  0.90000000000000002      -0.49999999999999994      -0.86179055019450967     
   1.0000000000000000      -0.49999999999999994      -0.80900400550638052     
  -1.0000000000000000      -0.39999999999999991      -0.45319406517708627     
 -0.90000000000000002      -0.39999999999999991      -0.25341711669150746     
 -0.80000000000000004      -0.39999999999999991        3.7145229302643530E-002
 -0.69999999999999996      -0.39999999999999991       0.31235389269761932     
 -0.59999999999999998      -0.39999999999999991       0.46662202762606492     
 -0.49999999999999994      -0.39999999999999991       0.44600580183856553     
 -0.39999999999999991      -0.39999999999999991       0.25097957281053984     
 -0.29999999999999993      -0.39999999999999991       -3.8154390337357201E-002
 -0.19999999999999993      -0.39999999999999991      -0.32532107987908132     
  -9.9999999999999978E-002 -0.39999999999999991      -0.48579692681184850     
   2.7755575615628914E-017 -0.39999999999999991      -0.46361051187123831     
  0.10000000000000009      -0.39999999999999991      -0.26226390088825741     
  0.20000000000000009      -0.39999999999999991        3.6918801888068439E-002
  0.30000000000000016      -0.39999999999999991       0.32378402577855298     
  0.40000000000000013      -0.39999999999999991       0.48505209499424295     
  0.50000000000000011      -0.39999999999999991       0.46249884789426238     
  0.60000000000000009      -0.39999999999999991       0.26191722304485859     
  0.70000000000000007      -0.39999999999999991       -3.7833141065487831E-002
  0.80000000000000004      -0.39999999999999991      -0.32384793264724182     
  0.90000000000000002      -0.39999999999999991      -0.48536356511922601     
   1.0000000000000000      -0.39999999999999991      -0.45550148837618587     
  -1.0000000000000000      -0.29999999999999993        6.8447882893795636E-002
 -0.90000000000000002      -0.29999999999999993        3.8519297558225356E-002
 -0.80000000000000004      -0.29999999999999993       -5.2153209869410634E-003
 -0.69999999999999996      -0.29999999999999993       -4.6778686404128390E-002
 -0.59999999999999998      -0.29999999999999993       -7.0231954856635373E-002
 -0.49999999999999994      -0.29999999999999993       -6.7361033977175855E-002
 -0.39999999999999991      -0.29999999999999993       -3.8154390337354370E-002
 -0.29999999999999993      -0.29999999999999993        5.3559796042453103E-003
 -0.19999999999999993      -0.29999999999999993        4.8719869709643218E-002
  -9.9999999999999978E-002 -0.29999999999999993        7.3116672095619714E-002
   2.7755575615628914E-017 -0.29999999999999993        7.0017440520377464E-002
  0.10000000000000009      -0.29999999999999993        3.9864477978586298E-002
  0.20000000000000009      -0.29999999999999993       -5.1671957044747367E-003
  0.30000000000000016      -0.29999999999999993       -4.8490832687333778E-002
  0.40000000000000013      -0.29999999999999993       -7.3007531969562389E-002
  0.50000000000000011      -0.29999999999999993       -6.9852438404400044E-002
  0.60000000000000009      -0.29999999999999993       -3.9815106805256448E-002
  0.70000000000000007      -0.29999999999999993        5.3029819980928974E-003
  0.80000000000000004      -0.29999999999999993        4.8498097301507975E-002
  0.90000000000000002      -0.29999999999999993        7.3051701447662820E-002
   1.0000000000000000      -0.29999999999999993        6.8793893880095727E-002
  -1.0000000000000000      -0.19999999999999993       0.58669121730499740     
 -0.90000000000000002      -0.19999999999999993       0.32847127342434507     
 -0.80000000000000004      -0.19999999999999993       -4.7432921985809715E-002
 -0.69999999999999996      -0.19999999999999993      -0.40370535283426018     
 -0.59999999999999998      -0.19999999999999993      -0.60367042293074535     
 -0.49999999999999994      -0.19999999999999993      -0.57738356578655536     
 -0.39999999999999991      -0.19999999999999993      -0.32532107987907616     
 -0.29999999999999993      -0.19999999999999993        4.8719869709644592E-002
 -0.19999999999999993      -0.19999999999999993       0.42046360614611977     
  -9.9999999999999978E-002 -0.19999999999999993       0.62847485763328548     
   2.7755575615628914E-017 -0.19999999999999993       0.60016992876310871     
  0.10000000000000009      -0.19999999999999993       0.33993897941165963     
  0.20000000000000009      -0.19999999999999993       -4.7116724767020383E-002
  0.30000000000000016      -0.19999999999999993      -0.41847893644125511     
  0.40000000000000013      -0.19999999999999993      -0.62751617886770072     
  0.50000000000000011      -0.19999999999999993      -0.59873560232795697     
  0.60000000000000009      -0.19999999999999993      -0.33949513260168263     
  0.70000000000000007      -0.19999999999999993        4.8296573055761009E-002
  0.80000000000000004      -0.19999999999999993       0.41855771332500136     
  0.90000000000000002      -0.19999999999999993       0.62791463907765588     
   1.0000000000000000      -0.19999999999999993       0.58967421353775185     
  -1.0000000000000000       -9.9999999999999978E-002  0.87646358153771531     
 -0.90000000000000002       -9.9999999999999978E-002  0.49050569341807732     
 -0.80000000000000004       -9.9999999999999978E-002  -7.1184441423569125E-002
 -0.69999999999999996       -9.9999999999999978E-002 -0.60342534521438940     
 -0.59999999999999998       -9.9999999999999978E-002 -0.90202915601542788     
 -0.49999999999999994       -9.9999999999999978E-002 -0.86255975570670762     
 -0.39999999999999991       -9.9999999999999978E-002 -0.48579692681185183     
 -0.29999999999999993       -9.9999999999999978E-002   7.3116672095621005E-002
 -0.19999999999999993       -9.9999999999999978E-002  0.62847485763328614     
  -9.9999999999999978E-002  -9.9999999999999978E-002  0.93909404911098304     
   2.7755575615628914E-017  -9.9999999999999978E-002  0.89660257876278759     
  0.10000000000000009       -9.9999999999999978E-002  0.50763001529314267     
  0.20000000000000009       -9.9999999999999978E-002  -7.0723496556203094E-002
  0.30000000000000016       -9.9999999999999978E-002 -0.62550738856023802     
  0.40000000000000013       -9.9999999999999978E-002 -0.93765911746761543     
  0.50000000000000011       -9.9999999999999978E-002 -0.89445744795528237     
  0.60000000000000009       -9.9999999999999978E-002 -0.50696449616592254     
  0.70000000000000007       -9.9999999999999978E-002   7.2487978457868946E-002
  0.80000000000000004       -9.9999999999999978E-002  0.62562703268938669     
  0.90000000000000002       -9.9999999999999978E-002  0.93825673797830467     
   1.0000000000000000       -9.9999999999999978E-002  0.88092194997348772     
  -1.0000000000000000        2.7755575615628914E-017  0.83667711803858680     
 -0.90000000000000002        2.7755575615628914E-017  0.46810728188925538     
 -0.80000000000000004        2.7755575615628914E-017  -6.8166564150274223E-002
 -0.69999999999999996        2.7755575615628914E-017 -0.57624816444402405     
 -0.59999999999999998        2.7755575615628914E-017 -0.86121408384842912     
 -0.49999999999999994        2.7755575615628914E-017 -0.82340508162332227     
 -0.39999999999999991        2.7755575615628914E-017 -0.46361051187123786     
 -0.29999999999999993        2.7755575615628914E-017   7.0017440520381918E-002
 -0.19999999999999993        2.7755575615628914E-017  0.60016992876311026     
  -9.9999999999999978E-002   2.7755575615628914E-017  0.89660257876278704     
   2.7755575615628914E-017   2.7755575615628914E-017  0.85590391100504970     
  0.10000000000000009        2.7755575615628914E-017  0.48444938469659904     
  0.20000000000000009        2.7755575615628914E-017  -6.7734073085798346E-002
  0.30000000000000016        2.7755575615628914E-017 -0.59733548396049041     
  0.40000000000000013        2.7755575615628914E-017 -0.89523097102022320     
  0.50000000000000011        2.7755575615628914E-017 -0.85385459045404011     
  0.60000000000000009        2.7755575615628914E-017 -0.48381246029484531     
  0.70000000000000007        2.7755575615628914E-017   6.9419706630983083E-002
  0.80000000000000004        2.7755575615628914E-017  0.59745098767767746     
  0.90000000000000002        2.7755575615628914E-017  0.89580301626811643     
   1.0000000000000000        2.7755575615628914E-017  0.84093444763129876     
  -1.0000000000000000       0.10000000000000009       0.47356477175928957     
 -0.90000000000000002       0.10000000000000009       0.26481097118574104     
 -0.80000000000000004       0.10000000000000009       -3.8810098501881655E-002
 -0.69999999999999996       0.10000000000000009      -0.32638913715188339     
 -0.59999999999999998       0.10000000000000009      -0.48759335729713787     
 -0.49999999999999994       0.10000000000000009      -0.46605338757115344     
 -0.39999999999999991       0.10000000000000009      -0.26226390088825824     
 -0.29999999999999993       0.10000000000000009        3.9864477978586978E-002
 -0.19999999999999993       0.10000000000000009       0.33993897941166151     
  -9.9999999999999978E-002  0.10000000000000009       0.50763001529314455     
   2.7755575615628914E-017  0.10000000000000009       0.48444938469659904     
  0.10000000000000009       0.10000000000000009       0.27405552024064206     
  0.20000000000000009       0.10000000000000009       -3.8573324800071536E-002
  0.30000000000000016       0.10000000000000009      -0.33833287363659797     
  0.40000000000000013       0.10000000000000009      -0.50685174445454151     
  0.50000000000000011       0.10000000000000009      -0.48328778741800560     
  0.60000000000000009       0.10000000000000009      -0.27369329569892703     
  0.70000000000000007       0.10000000000000009        3.9528734814564585E-002
  0.80000000000000004       0.10000000000000009       0.33839962419879688     
  0.90000000000000002       0.10000000000000009       0.50717718018096103     
   1.0000000000000000       0.10000000000000009       0.47597588167088961     
  -1.0000000000000000       0.20000000000000009       -6.6215826123782712E-002
 -0.90000000000000002       0.20000000000000009       -3.7271697055300680E-002
 -0.80000000000000004       0.20000000000000009        5.0315329869777600E-003
 -0.69999999999999996       0.20000000000000009        4.5239444018776470E-002
 -0.59999999999999998       0.20000000000000009        6.7933243150237424E-002
 -0.49999999999999994       0.20000000000000009        6.5164378057495920E-002
 -0.39999999999999991       0.20000000000000009        3.6918801888066739E-002
 -0.29999999999999993       0.20000000000000009       -5.1671957044728675E-003
 -0.19999999999999993       0.20000000000000009       -4.7116724767011162E-002
  -9.9999999999999978E-002  0.20000000000000009       -7.0723496556201401E-002
   2.7755575615628914E-017  0.20000000000000009       -6.7734073085793059E-002
  0.10000000000000009       0.20000000000000009       -3.8573324800071425E-002
  0.20000000000000009       0.20000000000000009        4.9844931739801250E-003
  0.30000000000000016       0.20000000000000009        4.6895264661856353E-002
  0.40000000000000013       0.20000000000000009        7.0618031910053156E-002
  0.50000000000000011       0.20000000000000009        6.7574552354751211E-002
  0.60000000000000009       0.20000000000000009        3.8525667484256544E-002
  0.70000000000000007       0.20000000000000009       -5.1157712459782385E-003
  0.80000000000000004       0.20000000000000009       -4.6902209499683441E-002
  0.90000000000000002       0.20000000000000009       -7.0660661330023813E-002
   1.0000000000000000       0.20000000000000009       -6.6550467434137048E-002
  -1.0000000000000000       0.30000000000000016      -0.58392041957583307     
 -0.90000000000000002       0.30000000000000016      -0.32691935017037654     
 -0.80000000000000004       0.30000000000000016        4.7209932432982098E-002
 -0.69999999999999996       0.30000000000000016       0.40179978332833910     
 -0.59999999999999998       0.30000000000000016       0.60082006963153212     
 -0.49999999999999994       0.30000000000000016       0.57465672883900532     
 -0.39999999999999991       0.30000000000000016       0.32378402577855431     
 -0.29999999999999993       0.30000000000000016       -4.8490832687334270E-002
 -0.19999999999999993       0.30000000000000016      -0.41847893644125400     
  -9.9999999999999978E-002  0.30000000000000016      -0.62550738856023702     
   2.7755575615628914E-017  0.30000000000000016      -0.59733548396048852     
  0.10000000000000009       0.30000000000000016      -0.33833287363659648     
  0.20000000000000009       0.30000000000000016        4.6895264661857866E-002
  0.30000000000000016       0.30000000000000016       0.41650363177342048     
  0.40000000000000013       0.30000000000000016       0.62455322868701990     
  0.50000000000000011       0.30000000000000016       0.59590792398408399     
  0.60000000000000009       0.30000000000000016       0.33789111525395871     
  0.70000000000000007       0.30000000000000016       -4.8069546810450434E-002
  0.80000000000000004       0.30000000000000016      -0.41658204281184746     
  0.90000000000000002       0.30000000000000016      -0.62494981452953779     
   1.0000000000000000       0.30000000000000016      -0.58688933431687573     
  -1.0000000000000000       0.40000000000000013      -0.87512275804774331     
 -0.90000000000000002       0.40000000000000013      -0.48975367971207667     
 -0.80000000000000004       0.40000000000000013        7.1078178645493151E-002
 -0.69999999999999996       0.40000000000000013       0.60250487191222912     
 -0.59999999999999998       0.40000000000000013       0.90065085086250318     
 -0.49999999999999994       0.40000000000000013       0.86124021028679354     
 -0.39999999999999991       0.40000000000000013       0.48505209499425106     
 -0.29999999999999993       0.40000000000000013       -7.3007531969564679E-002
 -0.19999999999999993       0.40000000000000013      -0.62751617886769884     
  -9.9999999999999978E-002  0.40000000000000013      -0.93765911746761166     
   2.7755575615628914E-017  0.40000000000000013      -0.89523097102023130     
  0.10000000000000009       0.40000000000000013      -0.50685174445454151     
  0.20000000000000009       0.40000000000000013        7.0618031910054432E-002
  0.30000000000000016       0.40000000000000013       0.62455322868701946     
  0.40000000000000013       0.40000000000000013       0.93622635861806325     
  0.50000000000000011       0.40000000000000013       0.89308910250157159     
  0.60000000000000009       0.40000000000000013       0.50618722348421541     
  0.70000000000000007       0.40000000000000013       -7.2379829915057287E-002
  0.80000000000000004       0.40000000000000013      -0.62467270571018274     
  0.90000000000000002       0.40000000000000013      -0.93682308404279191     
   1.0000000000000000       0.40000000000000013      -0.87957432262452218     
  -1.0000000000000000       0.50000000000000011      -0.83467380945297065     
 -0.90000000000000002       0.50000000000000011      -0.46698487215182677     
 -0.80000000000000004       0.50000000000000011        6.8005917294221369E-002
 -0.69999999999999996       0.50000000000000011       0.57487100282485115     
 -0.59999999999999998       0.50000000000000011       0.85915361210469887     
 -0.49999999999999994       0.50000000000000011       0.82143355873768276     
 -0.39999999999999991       0.50000000000000011       0.46249884789426488     
 -0.29999999999999993       0.50000000000000011       -6.9852438404400391E-002
 -0.19999999999999993       0.50000000000000011      -0.59873560232796119     
  -9.9999999999999978E-002  0.50000000000000011      -0.89445744795528137     
   2.7755575615628914E-017  0.50000000000000011      -0.85385459045404111     
  0.10000000000000009       0.50000000000000011      -0.48328778741800521     
  0.20000000000000009       0.50000000000000011        6.7574552354752931E-002
  0.30000000000000016       0.50000000000000011       0.59590792398408465     
  0.40000000000000013       0.50000000000000011       0.89308910250157547     
  0.50000000000000011       0.50000000000000011       0.85181015788504899     
  0.60000000000000009       0.50000000000000011       0.48265236860714505     
  0.70000000000000007       0.50000000000000011       -6.9256164906413675E-002
  0.80000000000000004       0.50000000000000011      -0.59602316668312649     
  0.90000000000000002       0.50000000000000011      -0.89365979677124041     
   1.0000000000000000       0.50000000000000011      -0.83892096165677188     
  -1.0000000000000000       0.60000000000000009      -0.47294213084168779     
 -0.90000000000000002       0.60000000000000009      -0.26446096876290004     
 -0.80000000000000004       0.60000000000000009        3.8762025679319481E-002
 -0.69999999999999996       0.60000000000000009       0.32596297612746400     
 -0.59999999999999998       0.60000000000000009       0.48695409735117584     
 -0.49999999999999994       0.60000000000000009       0.46544063136965730     
 -0.39999999999999991       0.60000000000000009       0.26191722304485565     
 -0.29999999999999993       0.60000000000000009       -3.9815106805259279E-002
 -0.19999999999999993       0.60000000000000009      -0.33949513260170727     
  -9.9999999999999978E-002  0.60000000000000009      -0.50696449616592110     
   2.7755575615628914E-017  0.60000000000000009      -0.48381246029485137     
  0.10000000000000009       0.60000000000000009      -0.27369329569892686     
  0.20000000000000009       0.60000000000000009        3.8525667484276396E-002
  0.30000000000000016       0.60000000000000009       0.33789111525395771     
  0.40000000000000013       0.60000000000000009       0.50618722348422696     
  0.50000000000000011       0.60000000000000009       0.48265236860714422     
  0.60000000000000009       0.60000000000000009       0.27333152504652286     
  0.70000000000000007       0.60000000000000009       -3.9479838614117232E-002
  0.80000000000000004       0.60000000000000009      -0.33795779592169528     
  0.90000000000000002       0.60000000000000009      -0.50651225283511048     
   1.0000000000000000       0.60000000000000009      -0.47535008926570954     
  -1.0000000000000000       0.70000000000000007        6.7863612728834427E-002
 -0.90000000000000002       0.70000000000000007        3.8194875517336704E-002
 -0.80000000000000004       0.70000000000000007       -5.1637350521007170E-003
 -0.69999999999999996       0.70000000000000007       -4.6372269551719573E-002
 -0.59999999999999998       0.70000000000000007       -6.9628088354073955E-002
 -0.49999999999999994       0.70000000000000007       -6.6786020076918903E-002
 -0.39999999999999991       0.70000000000000007       -3.7833141065488192E-002
 -0.29999999999999993       0.70000000000000007        5.3029819980931472E-003
 -0.19999999999999993       0.70000000000000007        4.8296573055757810E-002
  -9.9999999999999978E-002  0.70000000000000007        7.2487978457867974E-002
   2.7755575615628914E-017  0.70000000000000007        6.9419706630985109E-002
  0.10000000000000009       0.70000000000000007        3.9528734814563864E-002
  0.20000000000000009       0.70000000000000007       -5.1157712459759990E-003
  0.30000000000000016       0.70000000000000007       -4.8069546810449490E-002
  0.40000000000000013       0.70000000000000007       -7.2379829915058203E-002
  0.50000000000000011       0.70000000000000007       -6.9256164906412607E-002
  0.60000000000000009       0.70000000000000007       -3.9479838614118898E-002
  0.70000000000000007       0.70000000000000007        5.2503570933622986E-003
  0.80000000000000004       0.70000000000000007        4.8076706740735511E-002
  0.90000000000000002       0.70000000000000007        7.2423571038641985E-002
   1.0000000000000000       0.70000000000000007        6.8206625687626463E-002
  -1.0000000000000000       0.80000000000000004       0.58403334801372808     
 -0.90000000000000002       0.80000000000000004       0.32698384655582352     
 -0.80000000000000004       0.80000000000000004       -4.7217010508657946E-002
 -0.69999999999999996       0.80000000000000004      -0.40187542447429914     
 -0.59999999999999998       0.80000000000000004      -0.60093499830876540     
 -0.49999999999999994       0.80000000000000004      -0.57476785959937349     
 -0.39999999999999991       0.80000000000000004      -0.32384793264725409     
 -0.29999999999999993       0.80000000000000004        4.8498097301508669E-002
 -0.19999999999999993       0.80000000000000004       0.41855771332500713     
  -9.9999999999999978E-002  0.80000000000000004       0.62562703268938968     
   2.7755575615628914E-017  0.80000000000000004       0.59745098767769800     
  0.10000000000000009       0.80000000000000004       0.33839962419880015     
  0.20000000000000009       0.80000000000000004       -4.6902209499685182E-002
  0.30000000000000016       0.80000000000000004      -0.41658204281185018     
  0.40000000000000013       0.80000000000000004      -0.62467270571019395     
  0.50000000000000011       0.80000000000000004      -0.59602316668312938     
  0.60000000000000009       0.80000000000000004      -0.33795779592169201     
  0.70000000000000007       0.80000000000000004        4.8076706740737281E-002
  0.80000000000000004       0.80000000000000004       0.41666045661417539     
  0.90000000000000002       0.80000000000000004       0.62506935333207991     
   1.0000000000000000       0.80000000000000004       0.58700282400865689     
  -1.0000000000000000       0.90000000000000002       0.87568197631989764     
 -0.90000000000000002       0.90000000000000002       0.49006813444483011     
 -0.80000000000000004       0.90000000000000002       -7.1121187170717762E-002
 -0.69999999999999996       0.90000000000000002      -0.60288745519689346     
 -0.59999999999999998       0.90000000000000002      -0.90122489180154364     
 -0.49999999999999994       0.90000000000000002      -0.86179055019450734     
 -0.39999999999999991       0.90000000000000002      -0.48536356511923356     
 -0.29999999999999993       0.90000000000000002        7.3051701447663417E-002
 -0.19999999999999993       0.90000000000000002       0.62791463907765022     
  -9.9999999999999978E-002  0.90000000000000002       0.93825673797830178     
   2.7755575615628914E-017  0.90000000000000002       0.89580301626811798     
  0.10000000000000009       0.90000000000000002       0.50717718018096081     
  0.20000000000000009       0.90000000000000002       -7.0660661330021329E-002
  0.30000000000000016       0.90000000000000002      -0.62494981452953624     
  0.40000000000000013       0.90000000000000002      -0.93682308404279224     
  0.50000000000000011       0.90000000000000002      -0.89365979677123830     
  0.60000000000000009       0.90000000000000002      -0.50651225283511447     
  0.70000000000000007       0.90000000000000002        7.2423571038642623E-002
  0.80000000000000004       0.90000000000000002       0.62506935333207247     
  0.90000000000000002       0.90000000000000002       0.93742017326046290     
   1.0000000000000000       0.90000000000000002       0.88013637033664704     
  -1.0000000000000000        1.0000000000000000       0.82204391547533584     
 -0.90000000000000002        1.0000000000000000       0.45991961970322864     
 -0.80000000000000004        1.0000000000000000       -6.6975358937140100E-002
 -0.69999999999999996        1.0000000000000000      -0.56617078883655569     
 -0.59999999999999998        1.0000000000000000      -0.84615235909987818     
 -0.49999999999999994        1.0000000000000000      -0.80900400550638318     
 -0.39999999999999991        1.0000000000000000      -0.45550148837618298     
 -0.29999999999999993        1.0000000000000000        6.8793893880099238E-002
 -0.19999999999999993        1.0000000000000000       0.58967421353774885     
  -9.9999999999999978E-002   1.0000000000000000       0.88092194997348383     
   2.7755575615628914E-017   1.0000000000000000       0.84093444763128933     
  0.10000000000000009        1.0000000000000000       0.47597588167088989     
  0.20000000000000009        1.0000000000000000       -6.6550467434144070E-002
  0.30000000000000016        1.0000000000000000      -0.58688933431687285     
  0.40000000000000013        1.0000000000000000      -0.87957432262450219     
  0.50000000000000011        1.0000000000000000      -0.83892096165676666     
  0.60000000000000009        1.0000000000000000      -0.47535008926568895     
  0.70000000000000007        1.0000000000000000        6.8206625687624908E-002
  0.80000000000000004        1.0000000000000000       0.58700282400862624     
  0.90000000000000002        1.0000000000000000       0.88013637033664371     
   1.0000000000000000        1.0000000000000000       0.82622679215536887     
