  -1.0000000000000000       -1.0000000000000000       0.38607880107400511     
 -0.90000000000000002       -1.0000000000000000       0.57826071337562079     
 -0.80000000000000004       -1.0000000000000000       0.55473640929064316     
 -0.69999999999999996       -1.0000000000000000       0.32709647334478015     
 -0.59999999999999998       -1.0000000000000000       -3.4149179913670606E-002
 -0.49999999999999994       -1.0000000000000000      -0.38954453686811702     
 -0.39999999999999991       -1.0000000000000000      -0.60223112454563954     
 -0.29999999999999993       -1.0000000000000000      -0.57989906873449137     
 -0.19999999999999993       -1.0000000000000000      -0.34285249569761983     
  -9.9999999999999978E-002  -1.0000000000000000        3.0995290289546742E-002
   2.7755575615628914E-017  -1.0000000000000000       0.38546793527953177     
  0.10000000000000009       -1.0000000000000000       0.59900973507430866     
  0.20000000000000009       -1.0000000000000000       0.57564555947607965     
  0.30000000000000016       -1.0000000000000000       0.33913889086701021     
  0.40000000000000013       -1.0000000000000000       -3.5710361536634073E-002
  0.50000000000000011       -1.0000000000000000      -0.38947816475650632     
  0.60000000000000009       -1.0000000000000000      -0.60405386568387676     
  0.70000000000000007       -1.0000000000000000      -0.57987708739710042     
  0.80000000000000004       -1.0000000000000000      -0.34420799118007755     
  0.90000000000000002       -1.0000000000000000        3.0719528698007939E-002
   1.0000000000000000       -1.0000000000000000       0.37850053485376578     
  -1.0000000000000000      -0.90000000000000002       0.57826071337561691     
 -0.90000000000000002      -0.90000000000000002       0.86594108585131868     
 -0.80000000000000004      -0.90000000000000002       0.83060565855618507     
 -0.69999999999999996      -0.90000000000000002       0.48964892235578739     
 -0.59999999999999998      -0.90000000000000002       -5.1316489246543126E-002
 -0.49999999999999994      -0.90000000000000002      -0.58345200694493315     
 -0.39999999999999991      -0.90000000000000002      -0.90183492483052430     
 -0.29999999999999993      -0.90000000000000002      -0.86828182254492170     
 -0.19999999999999993      -0.90000000000000002      -0.51323585277870098     
  -9.9999999999999978E-002 -0.90000000000000002        4.6597049666979327E-002
   2.7755575615628914E-017 -0.90000000000000002       0.57734850801118009     
  0.10000000000000009      -0.90000000000000002       0.89701223430724097     
  0.20000000000000009      -0.90000000000000002       0.86191261044536105     
  0.30000000000000016      -0.90000000000000002       0.50767591232101161     
  0.40000000000000013      -0.90000000000000002       -5.3657133846240733E-002
  0.50000000000000011      -0.90000000000000002      -0.58335286027339417     
  0.60000000000000009      -0.90000000000000002      -0.90456539581111939     
  0.70000000000000007      -0.90000000000000002      -0.86824908944014656     
  0.80000000000000004      -0.90000000000000002      -0.51526701598829561     
  0.90000000000000002      -0.90000000000000002        4.6183899847911471E-002
   1.0000000000000000      -0.90000000000000002       0.56691232612084808     
  -1.0000000000000000      -0.80000000000000004       0.55473640929062362     
 -0.90000000000000002      -0.80000000000000004       0.83060565855618540     
 -0.80000000000000004      -0.80000000000000004       0.79664175223386857     
 -0.69999999999999996      -0.80000000000000004       0.46955394392217059     
 -0.59999999999999998      -0.80000000000000004       -4.9338729994315440E-002
 -0.49999999999999994      -0.80000000000000004      -0.55971676756038136     
 -0.39999999999999991      -0.80000000000000004      -0.86503373041319509     
 -0.29999999999999993      -0.80000000000000004      -0.83277742670426935     
 -0.19999999999999993      -0.80000000000000004      -0.49217343994556334     
  -9.9999999999999978E-002 -0.80000000000000004        4.4814143571968869E-002
   2.7755575615628914E-017 -0.80000000000000004       0.55386309691531399     
  0.10000000000000009      -0.80000000000000004       0.86040869153388599     
  0.20000000000000009      -0.80000000000000004       0.82666836717346004     
  0.30000000000000016      -0.80000000000000004       0.48684113018408715     
  0.40000000000000013      -0.80000000000000004       -5.1585679228077032E-002
  0.50000000000000011      -0.80000000000000004      -0.55962182638974811     
  0.60000000000000009      -0.80000000000000004      -0.86765338837297667     
  0.70000000000000007      -0.80000000000000004      -0.83274614909468503     
  0.80000000000000004      -0.80000000000000004      -0.49412257956840999     
  0.90000000000000002      -0.80000000000000004        4.4417723017886435E-002
   1.0000000000000000      -0.80000000000000004       0.54385110845190865     
  -1.0000000000000000      -0.69999999999999996       0.32709647334478414     
 -0.90000000000000002      -0.69999999999999996       0.48964892235578877     
 -0.80000000000000004      -0.69999999999999996       0.46955394392216948     
 -0.69999999999999996      -0.69999999999999996       0.27668724952634927     
 -0.59999999999999998      -0.69999999999999996       -2.9206144436977340E-002
 -0.49999999999999994      -0.69999999999999996      -0.33003336876592154     
 -0.39999999999999991      -0.69999999999999996      -0.50994342587579378     
 -0.29999999999999993      -0.69999999999999996      -0.49085302639811590     
 -0.19999999999999993      -0.69999999999999996      -0.29001649613523522     
  -9.9999999999999978E-002 -0.69999999999999996        2.6541219881228460E-002
   2.7755575615628914E-017 -0.69999999999999996       0.32658337994079634     
  0.10000000000000009      -0.69999999999999996       0.50721781670114385     
  0.20000000000000009      -0.69999999999999996       0.48725194614393291     
  0.30000000000000016      -0.69999999999999996       0.28687383601582561     
  0.40000000000000013      -0.69999999999999996       -3.0532623336857481E-002
  0.50000000000000011      -0.69999999999999996      -0.32997756581363380     
  0.60000000000000009      -0.69999999999999996      -0.51148836443677848     
  0.70000000000000007      -0.69999999999999996      -0.49083471221588271     
  0.80000000000000004      -0.69999999999999996      -0.29116642161029610     
  0.90000000000000002      -0.69999999999999996        2.6307392228153807E-002
   1.0000000000000000      -0.69999999999999996       0.32067950474877582     
  -1.0000000000000000      -0.59999999999999998       -3.4149179913654210E-002
 -0.90000000000000002      -0.59999999999999998       -5.1316489246535507E-002
 -0.80000000000000004      -0.59999999999999998       -4.9338729994290328E-002
 -0.69999999999999996      -0.59999999999999998       -2.9206144436976604E-002
 -0.59999999999999998      -0.59999999999999998        2.8490147775942607E-003
 -0.49999999999999994      -0.59999999999999998        3.4455334667421469E-002
 -0.39999999999999991      -0.59999999999999998        5.3445392782448871E-002
 -0.29999999999999993      -0.59999999999999998        5.1576548563935794E-002
 -0.19999999999999993      -0.59999999999999998        3.0612106698340559E-002
  -9.9999999999999978E-002 -0.59999999999999998       -2.5655818465528404E-003
   2.7755575615628914E-017 -0.59999999999999998       -3.4092363335128467E-002
  0.10000000000000009      -0.59999999999999998       -5.3158178375891540E-002
  0.20000000000000009      -0.59999999999999998       -5.1198687125671438E-002
  0.30000000000000016      -0.59999999999999998       -3.0281375706976230E-002
  0.40000000000000013      -0.59999999999999998        2.9847225442922159E-003
  0.50000000000000011      -0.59999999999999998        3.4449195252307795E-002
  0.60000000000000009      -0.59999999999999998        5.3606201836605638E-002
  0.70000000000000007      -0.59999999999999998        5.1574410867605919E-002
  0.80000000000000004      -0.59999999999999998        3.0731055198795768E-002
  0.90000000000000002      -0.59999999999999998       -2.5413123703147879E-003
   1.0000000000000000      -0.59999999999999998       -3.3476653320483600E-002
  -1.0000000000000000      -0.49999999999999994      -0.38954453686811469     
 -0.90000000000000002      -0.49999999999999994      -0.58345200694493327     
 -0.80000000000000004      -0.49999999999999994      -0.55971676756037736     
 -0.69999999999999996      -0.49999999999999994      -0.33003336876592132     
 -0.59999999999999998      -0.49999999999999994        3.4455334667423752E-002
 -0.49999999999999994      -0.49999999999999994       0.39304138282702050     
 -0.39999999999999991      -0.49999999999999994       0.60763761464900568     
 -0.29999999999999993      -0.49999999999999994       0.58510533401017151     
 -0.19999999999999993      -0.49999999999999994       0.34593085742827595     
  -9.9999999999999978E-002 -0.49999999999999994       -3.1273123087271454E-002
   2.7755575615628914E-017 -0.49999999999999994      -0.38892818108514909     
  0.10000000000000009      -0.49999999999999994      -0.60438730231240290     
  0.20000000000000009      -0.49999999999999994      -0.58081363828495303     
  0.30000000000000016      -0.49999999999999994      -0.34218391127715153     
  0.40000000000000013      -0.49999999999999994        3.6030525181595281E-002
  0.50000000000000011      -0.49999999999999994       0.39297441429119323     
  0.60000000000000009      -0.49999999999999994       0.60947671714250684     
  0.70000000000000007      -0.49999999999999994       0.58508315490718066     
  0.80000000000000004      -0.49999999999999994       0.34729851868527972     
  0.90000000000000002      -0.49999999999999994       -3.0994886331860261E-002
   1.0000000000000000      -0.49999999999999994      -0.38189823729362471     
  -1.0000000000000000      -0.39999999999999991      -0.60223112454560102     
 -0.90000000000000002      -0.39999999999999991      -0.90183492483051364     
 -0.80000000000000004      -0.39999999999999991      -0.86503373041316911     
 -0.69999999999999996      -0.39999999999999991      -0.50994342587579355     
 -0.59999999999999998      -0.39999999999999991        5.3445392782463408E-002
 -0.49999999999999994      -0.39999999999999991       0.60763761464900468     
 -0.39999999999999991      -0.39999999999999991       0.93921657063574138     
 -0.29999999999999993      -0.39999999999999991       0.90427154892427364     
 -0.19999999999999993      -0.39999999999999991       0.53450797370435255     
  -9.9999999999999978E-002 -0.39999999999999991       -4.8530364451551511E-002
   2.7755575615628914E-017 -0.39999999999999991      -0.60128113351260071     
  0.10000000000000009      -0.39999999999999991      -0.93419398964005373     
  0.20000000000000009      -0.39999999999999991      -0.89763833259862347     
  0.30000000000000016      -0.39999999999999991      -0.52871758164814497     
  0.40000000000000013      -0.39999999999999991        5.5883086790612352E-002
  0.50000000000000011      -0.39999999999999991       0.60753436075636180     
  0.60000000000000009      -0.39999999999999991       0.94206023085410440     
  0.70000000000000007      -0.39999999999999991       0.90423746086589762     
  0.80000000000000004      -0.39999999999999991       0.53662334331221517     
  0.90000000000000002      -0.39999999999999991       -4.8100087286216398E-002
   1.0000000000000000      -0.39999999999999991      -0.59041233911778623     
  -1.0000000000000000      -0.29999999999999993      -0.57989906873448893     
 -0.90000000000000002      -0.29999999999999993      -0.86828182254492126     
 -0.80000000000000004      -0.29999999999999993      -0.83277742670426380     
 -0.69999999999999996      -0.29999999999999993      -0.49085302639811446     
 -0.59999999999999998      -0.29999999999999993        5.1576548563940519E-002
 -0.49999999999999994      -0.29999999999999993       0.58510533401017251     
 -0.39999999999999991      -0.29999999999999993       0.90427154892427797     
 -0.29999999999999993      -0.29999999999999993       0.87055221541209427     
 -0.19999999999999993      -0.29999999999999993       0.51449854744893164     
  -9.9999999999999978E-002 -0.29999999999999993       -4.6846723954833101E-002
   2.7755575615628914E-017 -0.29999999999999993      -0.57898614043220864     
  0.10000000000000009      -0.29999999999999993      -0.89943671755644572     
  0.20000000000000009      -0.29999999999999993      -0.86416604933498797     
  0.30000000000000016      -0.29999999999999993      -0.50892436365520632     
  0.40000000000000013      -0.29999999999999993        5.3925416284104820E-002
  0.50000000000000011      -0.29999999999999993       0.58500608607455051     
  0.60000000000000009      -0.29999999999999993       0.90701003328280594     
  0.70000000000000007      -0.29999999999999993       0.87051951886905921     
  0.80000000000000004      -0.29999999999999993       0.51653609846854909     
  0.90000000000000002      -0.29999999999999993       -4.6432322015216104E-002
   1.0000000000000000      -0.29999999999999993      -0.56852001205716463     
  -1.0000000000000000      -0.19999999999999993      -0.34285249569762416     
 -0.90000000000000002      -0.19999999999999993      -0.51323585277869754     
 -0.80000000000000004      -0.19999999999999993      -0.49217343994556806     
 -0.69999999999999996      -0.19999999999999993      -0.29001649613523484     
 -0.59999999999999998      -0.19999999999999993        3.0612106698326945E-002
 -0.49999999999999994      -0.19999999999999993       0.34593085742827384     
 -0.39999999999999991      -0.19999999999999993       0.53450797370435210     
 -0.29999999999999993      -0.19999999999999993       0.51449854744892898     
 -0.19999999999999993      -0.19999999999999993       0.30398786692503010     
  -9.9999999999999978E-002 -0.19999999999999993       -2.7818791648664531E-002
   2.7755575615628914E-017 -0.19999999999999993      -0.34231467268053173     
  0.10000000000000009      -0.19999999999999993      -0.53165106206502732     
  0.20000000000000009      -0.19999999999999993      -0.51072399719280914     
  0.30000000000000016      -0.19999999999999993      -0.30069381535728545     
  0.40000000000000013      -0.19999999999999993        3.2002469081193849E-002
  0.50000000000000011      -0.19999999999999993       0.34587236510608915     
  0.60000000000000009      -0.19999999999999993       0.53612732883071768     
  0.70000000000000007      -0.19999999999999993       0.51447935009388002     
  0.80000000000000004      -0.19999999999999993       0.30519317868869433     
  0.90000000000000002      -0.19999999999999993       -2.7573701299176034E-002
   1.0000000000000000      -0.19999999999999993      -0.33612641458856202     
  -1.0000000000000000       -9.9999999999999978E-002   3.0995290289544231E-002
 -0.90000000000000002       -9.9999999999999978E-002   4.6597049666977516E-002
 -0.80000000000000004       -9.9999999999999978E-002   4.4814143571969396E-002
 -0.69999999999999996       -9.9999999999999978E-002   2.6541219881227776E-002
 -0.59999999999999998       -9.9999999999999978E-002  -2.5655818465539770E-003
 -0.49999999999999994       -9.9999999999999978E-002  -3.1273123087271704E-002
 -0.39999999999999991       -9.9999999999999978E-002  -4.8530364451553600E-002
 -0.29999999999999993       -9.9999999999999978E-002  -4.6846723954831408E-002
 -0.19999999999999993       -9.9999999999999978E-002  -2.7818791648664663E-002
  -9.9999999999999978E-002  -9.9999999999999978E-002   2.3077969363816068E-003
   2.7755575615628914E-017  -9.9999999999999978E-002   3.0943391428026008E-002
  0.10000000000000009       -9.9999999999999978E-002   4.8269406362830676E-002
  0.20000000000000009       -9.9999999999999978E-002   4.6503567128208488E-002
  0.30000000000000016       -9.9999999999999978E-002   2.7518338381477603E-002
  0.40000000000000013       -9.9999999999999978E-002  -2.6884744289428488E-003
  0.50000000000000011       -9.9999999999999978E-002  -3.1267518863923469E-002
  0.60000000000000009       -9.9999999999999978E-002  -4.8676272711231032E-002
  0.70000000000000007       -9.9999999999999978E-002  -4.6844760787203024E-002
  0.80000000000000004       -9.9999999999999978E-002  -2.7926642358441774E-002
  0.90000000000000002       -9.9999999999999978E-002   2.2857833513696101E-003
   1.0000000000000000       -9.9999999999999978E-002   3.0384613040538171E-002
  -1.0000000000000000        2.7755575615628914E-017  0.38546793527949752     
 -0.90000000000000002        2.7755575615628914E-017  0.57734850801117732     
 -0.80000000000000004        2.7755575615628914E-017  0.55386309691528834     
 -0.69999999999999996        2.7755575615628914E-017  0.32658337994079656     
 -0.59999999999999998        2.7755575615628914E-017  -3.4092363335148770E-002
 -0.49999999999999994        2.7755575615628914E-017 -0.38892818108515192     
 -0.39999999999999991        2.7755575615628914E-017 -0.60128113351259649     
 -0.29999999999999993        2.7755575615628914E-017 -0.57898614043220764     
 -0.19999999999999993        2.7755575615628914E-017 -0.34231467268053201     
  -9.9999999999999978E-002   2.7755575615628914E-017   3.0943391428025435E-002
   2.7755575615628914E-017   2.7755575615628914E-017  0.38485799083130462     
  0.10000000000000009        2.7755575615628914E-017  0.59806480404585605     
  0.20000000000000009        2.7755575615628914E-017  0.57473933473536198     
  0.30000000000000016        2.7755575615628914E-017  0.33860690696452561     
  0.40000000000000013        2.7755575615628914E-017  -3.5651036224156753E-002
  0.50000000000000011        2.7755575615628914E-017 -0.38886190962460476     
  0.60000000000000009        2.7755575615628914E-017 -0.60310098393485534     
  0.70000000000000007        2.7755575615628914E-017 -0.57896419073415606     
  0.80000000000000004        2.7755575615628914E-017 -0.34366800806441777     
  0.90000000000000002        2.7755575615628914E-017   3.0668068139429724E-002
   1.0000000000000000        2.7755575615628914E-017  0.37790162361978991     
  -1.0000000000000000       0.10000000000000009       0.59900973507430455     
 -0.90000000000000002       0.10000000000000009       0.89701223430723853     
 -0.80000000000000004       0.10000000000000009       0.86040869153388388     
 -0.69999999999999996       0.10000000000000009       0.50721781670114219     
 -0.59999999999999998       0.10000000000000009       -5.3158178375892269E-002
 -0.49999999999999994       0.10000000000000009      -0.60438730231240234     
 -0.39999999999999991       0.10000000000000009      -0.93419398964005651     
 -0.29999999999999993       0.10000000000000009      -0.89943671755644383     
 -0.19999999999999993       0.10000000000000009      -0.53165106206502999     
  -9.9999999999999978E-002  0.10000000000000009        4.8269406362832112E-002
   2.7755575615628914E-017  0.10000000000000009       0.59806480404585471     
  0.10000000000000009       0.10000000000000009       0.92919825722679894     
  0.20000000000000009       0.10000000000000009       0.89283897026472892     
  0.30000000000000016       0.10000000000000009       0.52589162583438209     
  0.40000000000000013       0.10000000000000009       -5.5582814498378777E-002
  0.50000000000000011       0.10000000000000009      -0.60428459864958739     
  0.60000000000000009       0.10000000000000009      -0.93702243564817955     
  0.70000000000000007       0.10000000000000009      -0.89940281033830594     
  0.80000000000000004       0.10000000000000009      -0.53375510901722645     
  0.90000000000000002       0.10000000000000009        4.7841431736938042E-002
   1.0000000000000000       0.10000000000000009       0.58725415221309352     
  -1.0000000000000000       0.20000000000000009       0.57564555947605245     
 -0.90000000000000002       0.20000000000000009       0.86191261044536027     
 -0.80000000000000004       0.20000000000000009       0.82666836717344394     
 -0.69999999999999996       0.20000000000000009       0.48725194614393674     
 -0.59999999999999998       0.20000000000000009       -5.1198687125656166E-002
 -0.49999999999999994       0.20000000000000009      -0.58081363828495636     
 -0.39999999999999991       0.20000000000000009      -0.89763833259861103     
 -0.29999999999999993       0.20000000000000009      -0.86416604933499197     
 -0.19999999999999993       0.20000000000000009      -0.51072399719281159     
  -9.9999999999999978E-002  0.20000000000000009        4.6503567128206282E-002
   2.7755575615628914E-017  0.20000000000000009       0.57473933473534833     
  0.10000000000000009       0.20000000000000009       0.89283897026472925     
  0.20000000000000009       0.20000000000000009       0.85782672955257067     
  0.30000000000000016       0.20000000000000009       0.50519070543368172     
  0.40000000000000013       0.20000000000000009       -5.3530332425701412E-002
  0.50000000000000011       0.20000000000000009      -0.58071511902293826     
  0.60000000000000009       0.20000000000000009      -0.90035673151968210     
  0.70000000000000007       0.20000000000000009      -0.86413359312347304     
  0.80000000000000004       0.20000000000000009      -0.51274660539787997     
  0.90000000000000002       0.20000000000000009        4.6092204477577378E-002
   1.0000000000000000       0.20000000000000009       0.56434997301366085     
  -1.0000000000000000       0.30000000000000016       0.33913889086700905     
 -0.90000000000000002       0.30000000000000016       0.50767591232101017     
 -0.80000000000000004       0.30000000000000016       0.48684113018408598     
 -0.69999999999999996       0.30000000000000016       0.28687383601582478     
 -0.59999999999999998       0.30000000000000016       -3.0281375706975377E-002
 -0.49999999999999994       0.30000000000000016      -0.34218391127714992     
 -0.39999999999999991       0.30000000000000016      -0.52871758164814397     
 -0.29999999999999993       0.30000000000000016      -0.50892436365520632     
 -0.19999999999999993       0.30000000000000016      -0.30069381535728551     
  -9.9999999999999978E-002  0.30000000000000016        2.7518338381478578E-002
   2.7755575615628914E-017  0.30000000000000016       0.33860690696452339     
  0.10000000000000009       0.30000000000000016       0.52589162583438309     
  0.20000000000000009       0.30000000000000016       0.50519070543368061     
  0.30000000000000016       0.30000000000000016       0.29743545440312785     
  0.40000000000000013       0.30000000000000016       -3.1656690067610918E-002
  0.50000000000000011       0.30000000000000016      -0.34212605383731859     
  0.60000000000000009       0.30000000000000016      -0.53031939877177681     
  0.70000000000000007       0.30000000000000016      -0.50890537518777124     
  0.80000000000000004       0.30000000000000016      -0.30188607646113558     
  0.90000000000000002       0.30000000000000016        2.7275902124697552E-002
   1.0000000000000000       0.30000000000000016       0.33248567417445091     
  -1.0000000000000000       0.40000000000000013       -3.5710361536605568E-002
 -0.90000000000000002       0.40000000000000013       -5.3657133846234738E-002
 -0.80000000000000004       0.40000000000000013       -5.1585679228058477E-002
 -0.69999999999999996       0.40000000000000013       -3.0532623336854737E-002
 -0.59999999999999998       0.40000000000000013        2.9847225443116131E-003
 -0.49999999999999994       0.40000000000000013        3.6030525181594726E-002
 -0.39999999999999991       0.40000000000000013        5.5883086790614350E-002
 -0.29999999999999993       0.40000000000000013        5.3925416284101101E-002
 -0.19999999999999993       0.40000000000000013        3.2002469081201607E-002
  -9.9999999999999978E-002  0.40000000000000013       -2.6884744289436737E-003
   2.7755575615628914E-017  0.40000000000000013       -3.5651036224158821E-002
  0.10000000000000009       0.40000000000000013       -5.5582814498378125E-002
  0.20000000000000009       0.40000000000000013       -5.3530332425717107E-002
  0.30000000000000016       0.40000000000000013       -3.1656690067610176E-002
  0.40000000000000013       0.40000000000000013        3.1267103769591271E-003
  0.50000000000000011       0.40000000000000013        3.6024113642326300E-002
  0.60000000000000009       0.40000000000000013        5.6051260722923518E-002
  0.70000000000000007       0.40000000000000013        5.3923187017308416E-002
  0.80000000000000004       0.40000000000000013        3.2126885585844471E-002
  0.90000000000000002       0.40000000000000013       -2.6630915627028429E-003
   1.0000000000000000       0.40000000000000013       -3.5007160061150032E-002
  -1.0000000000000000       0.50000000000000011      -0.38947816475650326     
 -0.90000000000000002       0.50000000000000011      -0.58335286027339317     
 -0.80000000000000004       0.50000000000000011      -0.55962182638974822     
 -0.69999999999999996       0.50000000000000011      -0.32997756581363263     
 -0.59999999999999998       0.50000000000000011        3.4449195252307774E-002
 -0.49999999999999994       0.50000000000000011       0.39297441429119190     
 -0.39999999999999991       0.50000000000000011       0.60753436075636402     
 -0.29999999999999993       0.50000000000000011       0.58500608607454907     
 -0.19999999999999993       0.50000000000000011       0.34587236510609271     
  -9.9999999999999978E-002  0.50000000000000011       -3.1267518863923455E-002
   2.7755575615628914E-017  0.50000000000000011      -0.38886190962460337     
  0.10000000000000009       0.50000000000000011      -0.60428459864958728     
  0.20000000000000009       0.50000000000000011      -0.58071511902293860     
  0.30000000000000016       0.50000000000000011      -0.34212605383731859     
  0.40000000000000013       0.50000000000000011        3.6024113642327299E-002
  0.50000000000000011       0.50000000000000011       0.39290745674483424     
  0.60000000000000009       0.50000000000000011       0.60937314924491559     
  0.70000000000000007       0.50000000000000011       0.58498391044742659     
  0.80000000000000004       0.50000000000000011       0.34723979185366577     
  0.90000000000000002       0.50000000000000011       -3.0989329706413139E-002
   1.0000000000000000       0.50000000000000011      -0.38183316450946742     
  -1.0000000000000000       0.60000000000000009      -0.60405386568383213     
 -0.90000000000000002       0.60000000000000009      -0.90456539581111273     
 -0.80000000000000004       0.60000000000000009      -0.86765338837294470     
 -0.69999999999999996       0.60000000000000009      -0.51148836443677748     
 -0.59999999999999998       0.60000000000000009        5.3606201836611994E-002
 -0.49999999999999994       0.60000000000000009       0.60947671714250617     
 -0.39999999999999991       0.60000000000000009       0.94206023085409352     
 -0.29999999999999993       0.60000000000000009       0.90701003328280294     
 -0.19999999999999993       0.60000000000000009       0.53612732883071512     
  -9.9999999999999978E-002  0.60000000000000009       -4.8676272711229158E-002
   2.7755575615628914E-017  0.60000000000000009      -0.60310098393484868     
  0.10000000000000009       0.60000000000000009      -0.93702243564817722     
  0.20000000000000009       0.60000000000000009      -0.90035673151968276     
  0.30000000000000016       0.60000000000000009      -0.53031939877177803     
  0.40000000000000013       0.60000000000000009        5.6051260722913852E-002
  0.50000000000000011       0.60000000000000009       0.60937314924491370     
  0.60000000000000009       0.60000000000000009       0.94491249553775436     
  0.70000000000000007       0.60000000000000009       0.90697584097912798     
  0.80000000000000004       0.60000000000000009       0.53824909565252888     
  0.90000000000000002       0.60000000000000009       -4.8244693927698035E-002
   1.0000000000000000       0.60000000000000009      -0.59219929666762405     
  -1.0000000000000000       0.70000000000000007      -0.57987708739709831     
 -0.90000000000000002       0.70000000000000007      -0.86824908944014445     
 -0.80000000000000004       0.70000000000000007      -0.83274614909468403     
 -0.69999999999999996       0.70000000000000007      -0.49083471221588065     
 -0.59999999999999998       0.70000000000000007        5.1574410867607709E-002
 -0.49999999999999994       0.70000000000000007       0.58508315490717877     
 -0.39999999999999991       0.70000000000000007       0.90423746086590207     
 -0.29999999999999993       0.70000000000000007       0.87051951886905676     
 -0.19999999999999993       0.70000000000000007       0.51447935009388157     
  -9.9999999999999978E-002  0.70000000000000007       -4.6844760787204766E-002
   2.7755575615628914E-017  0.70000000000000007      -0.57896419073415673     
  0.10000000000000009       0.70000000000000007      -0.89940281033830438     
  0.20000000000000009       0.70000000000000007      -0.86413359312347271     
  0.30000000000000016       0.70000000000000007      -0.50890537518777001     
  0.40000000000000013       0.70000000000000007        5.3923187017311795E-002
  0.50000000000000011       0.70000000000000007       0.58498391044742659     
  0.60000000000000009       0.70000000000000007       0.90697584097913120     
  0.70000000000000007       0.70000000000000007       0.87048682335940886     
  0.80000000000000004       0.70000000000000007       0.51651682287087786     
  0.90000000000000002       0.70000000000000007       -4.6430374685596361E-002
   1.0000000000000000       0.70000000000000007      -0.56849845968498813     
  -1.0000000000000000       0.80000000000000004      -0.34420799118008655     
 -0.90000000000000002       0.80000000000000004      -0.51526701598829527     
 -0.80000000000000004       0.80000000000000004      -0.49412257956840605     
 -0.69999999999999996       0.80000000000000004      -0.29116642161029893     
 -0.59999999999999998       0.80000000000000004        3.0731055198786404E-002
 -0.49999999999999994       0.80000000000000004       0.34729851868527944     
 -0.39999999999999991       0.80000000000000004       0.53662334331220352     
 -0.29999999999999993       0.80000000000000004       0.51653609846854986     
 -0.19999999999999993       0.80000000000000004       0.30519317868867835     
  -9.9999999999999978E-002  0.80000000000000004       -2.7926642358441941E-002
   2.7755575615628914E-017  0.80000000000000004      -0.34366800806441289     
  0.10000000000000009       0.80000000000000004      -0.53375510901722345     
  0.20000000000000009       0.80000000000000004      -0.51274660539786132     
  0.30000000000000016       0.80000000000000004      -0.30188607646113547     
  0.40000000000000013       0.80000000000000004        3.2126885585844138E-002
  0.50000000000000011       0.80000000000000004       0.34723979185366405     
  0.60000000000000009       0.80000000000000004       0.53824909565251833     
  0.70000000000000007       0.80000000000000004       0.51651682287087708     
  0.80000000000000004       0.80000000000000004       0.30640324428916443     
  0.90000000000000002       0.80000000000000004       -2.7680584500083028E-002
   1.0000000000000000       0.80000000000000004      -0.33745529104861799     
  -1.0000000000000000       0.90000000000000002        3.0719528698005875E-002
 -0.90000000000000002       0.90000000000000002        4.6183899847910444E-002
 -0.80000000000000004       0.90000000000000002        4.4417723017888877E-002
 -0.69999999999999996       0.90000000000000002        2.6307392228153217E-002
 -0.59999999999999998       0.90000000000000002       -2.5413123703166701E-003
 -0.49999999999999994       0.90000000000000002       -3.0994886331860923E-002
 -0.39999999999999991       0.90000000000000002       -4.8100087286220811E-002
 -0.29999999999999993       0.90000000000000002       -4.6432322015214814E-002
 -0.19999999999999993       0.90000000000000002       -2.7573701299176731E-002
  -9.9999999999999978E-002  0.90000000000000002        2.2857833513692618E-003
   2.7755575615628914E-017  0.90000000000000002        3.0668068139431921E-002
  0.10000000000000009       0.90000000000000002        4.7841431736937848E-002
  0.20000000000000009       0.90000000000000002        4.6092204477582104E-002
  0.30000000000000016       0.90000000000000002        2.7275902124697837E-002
  0.40000000000000013       0.90000000000000002       -2.6630915627016711E-003
  0.50000000000000011       0.90000000000000002       -3.0989329706412595E-002
  0.60000000000000009       0.90000000000000002       -4.8244693927703308E-002
  0.70000000000000007       0.90000000000000002       -4.6430374685596271E-002
  0.80000000000000004       0.90000000000000002       -2.7680584500085519E-002
  0.90000000000000002       0.90000000000000002        2.2639666462733747E-003
   1.0000000000000000       0.90000000000000002        3.0114265901031379E-002
  -1.0000000000000000        1.0000000000000000       0.37850053485370977     
 -0.90000000000000002        1.0000000000000000       0.56691232612084230     
 -0.80000000000000004        1.0000000000000000       0.54385110845188112     
 -0.69999999999999996        1.0000000000000000       0.32067950474877388     
 -0.59999999999999998        1.0000000000000000       -3.3476653320508670E-002
 -0.49999999999999994        1.0000000000000000      -0.38189823729362621     
 -0.39999999999999991        1.0000000000000000      -0.59041233911778890     
 -0.29999999999999993        1.0000000000000000      -0.56852001205716129     
 -0.19999999999999993        1.0000000000000000      -0.33612641458856513     
  -9.9999999999999978E-002   1.0000000000000000        3.0384613040536950E-002
   2.7755575615628914E-017   1.0000000000000000       0.37790162361979623     
  0.10000000000000009        1.0000000000000000       0.58725415221309307     
  0.20000000000000009        1.0000000000000000       0.56434997301367384     
  0.30000000000000016        1.0000000000000000       0.33248567417445002     
  0.40000000000000013        1.0000000000000000       -3.5007160061150108E-002
  0.50000000000000011        1.0000000000000000      -0.38183316450946564     
  0.60000000000000009        1.0000000000000000      -0.59219929666763738     
  0.70000000000000007        1.0000000000000000      -0.56849845968498536     
  0.80000000000000004        1.0000000000000000      -0.33745529104862310     
  0.90000000000000002        1.0000000000000000        3.0114265901028611E-002
   1.0000000000000000        1.0000000000000000       0.37107099226518669     
