  -1.0000000000000000       -1.0000000000000000       0.28168854135528920     
 -0.90000000000000002       -1.0000000000000000       -2.5758091798255327E-002
 -0.80000000000000004       -1.0000000000000000      -0.31993163965226662     
 -0.69999999999999996       -1.0000000000000000      -0.49350476969055190     
 -0.59999999999999998       -1.0000000000000000      -0.47456063204490617     
 -0.49999999999999994       -1.0000000000000000      -0.27904392802475170     
 -0.39999999999999991       -1.0000000000000000        3.0075796826699929E-002
 -0.29999999999999993       -1.0000000000000000       0.33281254143575167     
 -0.19999999999999993       -1.0000000000000000       0.51446948130622461     
  -9.9999999999999978E-002  -1.0000000000000000       0.49488095523831271     
   2.7755575615628914E-017  -1.0000000000000000       0.29231949725182155     
  0.10000000000000009       -1.0000000000000000       -2.6887503270462833E-002
  0.20000000000000009       -1.0000000000000000      -0.32973968720591246     
  0.30000000000000016       -1.0000000000000000      -0.51156506570198690     
  0.40000000000000013       -1.0000000000000000      -0.49218983838397928     
  0.50000000000000011       -1.0000000000000000      -0.28932879906386610     
  0.60000000000000009       -1.0000000000000000        2.9220538268122358E-002
  0.70000000000000007       -1.0000000000000000       0.33271564668389819     
  0.80000000000000004       -1.0000000000000000       0.51370130497675692     
  0.90000000000000002       -1.0000000000000000       0.49464486914280220     
   1.0000000000000000       -1.0000000000000000       0.28702951827370693     
  -1.0000000000000000      -0.90000000000000002       -2.5758091798256156E-002
 -0.90000000000000002      -0.90000000000000002        2.0205432680198304E-003
 -0.80000000000000004      -0.90000000000000002        2.8712175253082017E-002
 -0.69999999999999996      -0.90000000000000002        4.4578273940513717E-002
 -0.59999999999999998      -0.90000000000000002        4.3056035077023581E-002
 -0.49999999999999994      -0.90000000000000002        2.5512389496533273E-002
 -0.39999999999999991      -0.90000000000000002       -2.4037237657978869E-003
 -0.29999999999999993      -0.90000000000000002       -2.9867273796015451E-002
 -0.19999999999999993      -0.90000000000000002       -4.6472589152396666E-002
  -9.9999999999999978E-002 -0.90000000000000002       -4.4899016405656099E-002
   2.7755575615628914E-017 -0.90000000000000002       -2.6722991789827375E-002
  0.10000000000000009      -0.90000000000000002        2.1114324296903097E-003
  0.20000000000000009      -0.90000000000000002        2.9590094813707873E-002
  0.30000000000000016      -0.90000000000000002        4.6209989888518536E-002
  0.40000000000000013      -0.90000000000000002        4.4657213744064866E-002
  0.50000000000000011      -0.90000000000000002        2.6452469315449530E-002
  0.60000000000000009      -0.90000000000000002       -2.3209933525118304E-003
  0.70000000000000007      -0.90000000000000002       -2.9858261945635768E-002
  0.80000000000000004      -0.90000000000000002       -4.6401102936823153E-002
  0.90000000000000002      -0.90000000000000002       -4.4877054201230747E-002
   1.0000000000000000      -0.90000000000000002       -2.6237691832843611E-002
  -1.0000000000000000      -0.80000000000000004      -0.31993163965226634     
 -0.90000000000000002      -0.80000000000000004        2.8712175253083332E-002
 -0.80000000000000004      -0.80000000000000004       0.36248636983006371     
 -0.69999999999999996      -0.80000000000000004       0.55961514883662411     
 -0.59999999999999998      -0.80000000000000004       0.53843968537061804     
 -0.49999999999999994      -0.80000000000000004       0.31692170134236425     
 -0.39999999999999991      -0.80000000000000004       -3.3597196560913152E-002
 -0.29999999999999993      -0.80000000000000004      -0.37707913515426250     
 -0.19999999999999993      -0.80000000000000004      -0.58338924328657316     
  -9.9999999999999978E-002 -0.80000000000000004      -0.56149421460335114     
   2.7755575615628914E-017 -0.80000000000000004      -0.33199419763407340     
  0.10000000000000009      -0.80000000000000004        2.9974834969502227E-002
  0.20000000000000009      -0.80000000000000004       0.37359527381782204     
  0.30000000000000016      -0.80000000000000004       0.58009535453738403     
  0.40000000000000013      -0.80000000000000004       0.55844467820907384     
  0.50000000000000011      -0.80000000000000004       0.32860225812577992     
  0.60000000000000009      -0.80000000000000004       -3.2618488818378678E-002
  0.70000000000000007      -0.80000000000000004      -0.37696883973875939     
  0.80000000000000004      -0.80000000000000004      -0.58251476112172829     
  0.90000000000000002      -0.80000000000000004      -0.56122546997670009     
   1.0000000000000000      -0.80000000000000004      -0.32598347713723846     
  -1.0000000000000000      -0.69999999999999996      -0.49350476969054796     
 -0.90000000000000002      -0.69999999999999996        4.4578273940513002E-002
 -0.80000000000000004      -0.69999999999999996       0.55961514883661501     
 -0.69999999999999996      -0.69999999999999996       0.86369752876711836     
 -0.59999999999999998      -0.69999999999999996       0.83085250833396429     
 -0.49999999999999994      -0.69999999999999996       0.48886518577122839     
 -0.39999999999999991      -0.69999999999999996       -5.2123614522079476E-002
 -0.29999999999999993      -0.69999999999999996      -0.58214458321471185     
 -0.19999999999999993      -0.69999999999999996      -0.90038944010053545     
  -9.9999999999999978E-002 -0.69999999999999996      -0.86642791988808321     
   2.7755575615628914E-017 -0.69999999999999996      -0.51211787283333310     
  0.10000000000000009      -0.69999999999999996        4.6536651559307959E-002
  0.20000000000000009      -0.69999999999999996       0.57676733081891918     
  0.30000000000000016      -0.69999999999999996       0.89530593609260090     
  0.40000000000000013      -0.69999999999999996       0.86172022250824010     
  0.50000000000000011      -0.69999999999999996       0.50688315119072336     
  0.60000000000000009      -0.69999999999999996       -5.0617829194034923E-002
  0.70000000000000007      -0.69999999999999996      -0.58197457980752298     
  0.80000000000000004      -0.69999999999999996      -0.89904159553964180     
  0.90000000000000002      -0.69999999999999996      -0.86601369541404782     
   1.0000000000000000      -0.69999999999999996      -0.50284750322542138     
  -1.0000000000000000      -0.59999999999999998      -0.47456063204490029     
 -0.90000000000000002      -0.59999999999999998        4.3056035077025871E-002
 -0.80000000000000004      -0.59999999999999998       0.53843968537063158     
 -0.69999999999999996      -0.59999999999999998       0.83085250833397006     
 -0.59999999999999998      -0.59999999999999998       0.79914975056064830     
 -0.49999999999999994      -0.59999999999999998       0.47010133430756496     
 -0.39999999999999991      -0.59999999999999998       -5.0318302013204932E-002
 -0.29999999999999993      -0.59999999999999998      -0.56011712661519875     
 -0.19999999999999993      -0.59999999999999998      -0.86614876167267052     
  -9.9999999999999978E-002 -0.59999999999999998      -0.83336807900943088     
   2.7755575615628914E-017 -0.59999999999999998      -0.49246330647970321     
  0.10000000000000009      -0.59999999999999998        4.4946227760657868E-002
  0.20000000000000009      -0.59999999999999998       0.55494414102290757     
  0.30000000000000016      -0.59999999999999998       0.86125871266948451     
  0.40000000000000013      -0.59999999999999998       0.82883868121080428     
  0.50000000000000011      -0.59999999999999998       0.48742786346670225     
  0.60000000000000009      -0.59999999999999998       -4.8872872711095902E-002
  0.70000000000000007      -0.59999999999999998      -0.55995373470250198     
  0.80000000000000004      -0.59999999999999998      -0.86485335823645160     
  0.90000000000000002      -0.59999999999999998      -0.83296996648785149     
   1.0000000000000000      -0.59999999999999998      -0.48354968699751505     
  -1.0000000000000000      -0.49999999999999994      -0.27904392802475236     
 -0.90000000000000002      -0.49999999999999994        2.5512389496532444E-002
 -0.80000000000000004      -0.49999999999999994       0.31692170134236247     
 -0.69999999999999996      -0.49999999999999994       0.48886518577122878     
 -0.59999999999999998      -0.49999999999999994       0.47010133430756218     
 -0.49999999999999994      -0.49999999999999994       0.27642409863859663     
 -0.39999999999999991      -0.49999999999999994       -2.9789423433542395E-002
 -0.29999999999999993      -0.49999999999999994      -0.32968140838416304     
 -0.19999999999999993      -0.49999999999999994      -0.50963280858187998     
  -9.9999999999999978E-002 -0.49999999999999994      -0.49023070631606325     
   2.7755575615628914E-017 -0.49999999999999994      -0.28957499245492746     
  0.10000000000000009      -0.49999999999999994        2.6631054248303657E-002
  0.20000000000000009      -0.49999999999999994       0.32663744750595575     
  0.30000000000000016      -0.49999999999999994       0.50675569542829968     
  0.40000000000000013      -0.49999999999999994       0.48756490432330218     
  0.50000000000000011      -0.49999999999999994       0.28661240639475505     
  0.60000000000000009      -0.49999999999999994       -2.8942142038972187E-002
  0.70000000000000007      -0.49999999999999994      -0.32958542157290316     
  0.80000000000000004      -0.49999999999999994      -0.50887182984476009     
  0.90000000000000002      -0.49999999999999994      -0.48999683236769115     
   1.0000000000000000      -0.49999999999999994      -0.28433465985129502     
  -1.0000000000000000      -0.39999999999999991        3.0075796826717033E-002
 -0.90000000000000002      -0.39999999999999991       -2.4037237657966357E-003
 -0.80000000000000004      -0.39999999999999991       -3.3597196560907858E-002
 -0.69999999999999996      -0.39999999999999991       -5.2123614522082279E-002
 -0.59999999999999998      -0.39999999999999991       -5.0318302013191381E-002
 -0.49999999999999994      -0.39999999999999991       -2.9789423433544227E-002
 -0.39999999999999991      -0.39999999999999991        2.8526817193817214E-003
 -0.29999999999999993      -0.39999999999999991        3.4948941849848703E-002
 -0.19999999999999993      -0.39999999999999991        5.4338485337417065E-002
  -9.9999999999999978E-002 -0.39999999999999991        5.2472225608370338E-002
   2.7755575615628914E-017 -0.39999999999999991        3.1203396648077426E-002
  0.10000000000000009      -0.39999999999999991       -2.5114939728027078E-003
  0.20000000000000009      -0.39999999999999991       -3.4624794791730737E-002
  0.30000000000000016      -0.39999999999999991       -5.4031471142916523E-002
  0.40000000000000013      -0.39999999999999991       -5.2189322354147034E-002
  0.50000000000000011      -0.39999999999999991       -3.0887135601173874E-002
  0.60000000000000009      -0.39999999999999991        2.7566844717963903E-003
  0.70000000000000007      -0.39999999999999991        3.4938439586427485E-002
  0.80000000000000004      -0.39999999999999991        5.4255181394173832E-002
  0.90000000000000002      -0.39999999999999991        5.2446631666323226E-002
   1.0000000000000000      -0.39999999999999991        3.0636957456608799E-002
  -1.0000000000000000      -0.29999999999999993       0.33281254143575134     
 -0.90000000000000002      -0.29999999999999993       -2.9867273796014546E-002
 -0.80000000000000004      -0.29999999999999993      -0.37707913515426128     
 -0.69999999999999996      -0.29999999999999993      -0.58214458321471152     
 -0.59999999999999998      -0.29999999999999993      -0.56011712661519408     
 -0.49999999999999994      -0.29999999999999993      -0.32968140838416155     
 -0.39999999999999991      -0.29999999999999993        3.4948941849852852E-002
 -0.29999999999999993      -0.29999999999999993       0.39225936514340748     
 -0.19999999999999993      -0.29999999999999993       0.60687579571400285     
  -9.9999999999999978E-002 -0.29999999999999993       0.58409982345701172     
   2.7755575615628914E-017 -0.29999999999999993       0.34536073586287436     
  0.10000000000000009      -0.29999999999999993       -3.1180736895497649E-002
  0.20000000000000009      -0.29999999999999993      -0.38863524876907057     
  0.30000000000000016      -0.29999999999999993      -0.60344929830470451     
  0.40000000000000013      -0.29999999999999993      -0.58092751982824142     
  0.50000000000000011      -0.29999999999999993      -0.34183223993668671     
  0.60000000000000009      -0.29999999999999993        3.3930817887637729E-002
  0.70000000000000007      -0.29999999999999993       0.39214462866656907     
  0.80000000000000004      -0.29999999999999993       0.60596610233321602     
  0.90000000000000002      -0.29999999999999993       0.58382025779395230     
   1.0000000000000000      -0.29999999999999993       0.33910801102431504     
  -1.0000000000000000      -0.19999999999999993       0.51446948130621994     
 -0.90000000000000002      -0.19999999999999993       -4.6472589152399872E-002
 -0.80000000000000004      -0.19999999999999993      -0.58338924328658115     
 -0.69999999999999996      -0.19999999999999993      -0.90038944010053978     
 -0.59999999999999998      -0.19999999999999993      -0.86614876167266763     
 -0.49999999999999994      -0.19999999999999993      -0.50963280858187920     
 -0.39999999999999991      -0.19999999999999993        5.4338485337428452E-002
 -0.29999999999999993      -0.19999999999999993       0.60687579571400552     
 -0.19999999999999993      -0.19999999999999993       0.93864010952185140     
  -9.9999999999999978E-002 -0.19999999999999993       0.90323548798492825     
   2.7755575615628914E-017 -0.19999999999999993       0.53387330514719611     
  0.10000000000000009      -0.19999999999999993       -4.8514182357007780E-002
  0.20000000000000009      -0.19999999999999993      -0.60127010426081395     
  0.30000000000000016      -0.19999999999999993      -0.93334064667233418     
  0.40000000000000013      -0.19999999999999993      -0.89832779429566789     
  0.50000000000000011      -0.19999999999999993      -0.52841620080151708     
  0.60000000000000009      -0.19999999999999993        5.2768740080317886E-002
  0.70000000000000007      -0.19999999999999993       0.60669857060407928     
  0.80000000000000004      -0.19999999999999993       0.93723500893404321     
  0.90000000000000002      -0.19999999999999993       0.90280366736833750     
   1.0000000000000000      -0.19999999999999993       0.52420912112039220     
  -1.0000000000000000       -9.9999999999999978E-002  0.49488095523830844     
 -0.90000000000000002       -9.9999999999999978E-002  -4.4899016405655474E-002
 -0.80000000000000004       -9.9999999999999978E-002 -0.56149421460334803     
 -0.69999999999999996       -9.9999999999999978E-002 -0.86642791988808188     
 -0.59999999999999998       -9.9999999999999978E-002 -0.83336807900942744     
 -0.49999999999999994       -9.9999999999999978E-002 -0.49023070631606319     
 -0.39999999999999991       -9.9999999999999978E-002   5.2472225608368103E-002
 -0.29999999999999993       -9.9999999999999978E-002  0.58409982345701483     
 -0.19999999999999993       -9.9999999999999978E-002  0.90323548798492825     
  -9.9999999999999978E-002  -9.9999999999999978E-002  0.86905158092290957     
   2.7755575615628914E-017  -9.9999999999999978E-002  0.51355019460207174     
  0.10000000000000009       -9.9999999999999978E-002  -4.6870121826321581E-002
  0.20000000000000009       -9.9999999999999978E-002 -0.57870534191301104     
  0.30000000000000016       -9.9999999999999978E-002 -0.89813605657722917     
  0.40000000000000013       -9.9999999999999978E-002 -0.86432824601874514     
  0.50000000000000011       -9.9999999999999978E-002 -0.50829914345737137     
  0.60000000000000009       -9.9999999999999978E-002   5.0964895423539346E-002
  0.70000000000000007       -9.9999999999999978E-002  0.58392943493275840     
  0.80000000000000004       -9.9999999999999978E-002  0.90188461396817332     
  0.90000000000000002       -9.9999999999999978E-002  0.86863642080804826     
   1.0000000000000000       -9.9999999999999978E-002  0.50425489771862575     
  -1.0000000000000000        2.7755575615628914E-017  0.29231949725181294     
 -0.90000000000000002        2.7755575615628914E-017  -2.6722991789829887E-002
 -0.80000000000000004        2.7755575615628914E-017 -0.33199419763408300     
 -0.69999999999999996        2.7755575615628914E-017 -0.51211787283333199     
 -0.59999999999999998        2.7755575615628914E-017 -0.49246330647970538     
 -0.49999999999999994        2.7755575615628914E-017 -0.28957499245492968     
 -0.39999999999999991        2.7755575615628914E-017   3.1203396648084924E-002
 -0.29999999999999993        2.7755575615628914E-017  0.34536073586287930     
 -0.19999999999999993        2.7755575615628914E-017  0.53387330514720122     
  -9.9999999999999978E-002   2.7755575615628914E-017  0.51355019460206908     
   2.7755575615628914E-017   2.7755575615628914E-017  0.30335151119670345     
  0.10000000000000009        2.7755575615628914E-017  -2.7894760527766280E-002
  0.20000000000000009        2.7755575615628914E-017 -0.34217199380589386     
  0.30000000000000016        2.7755575615628914E-017 -0.53085934090356945     
  0.40000000000000013        2.7755575615628914E-017 -0.51075760686613048     
  0.50000000000000011        2.7755575615628914E-017 -0.30024800732460866     
  0.60000000000000009        2.7755575615628914E-017   3.0315763127744731E-002
  0.70000000000000007        2.7755575615628914E-017  0.34526018101396394     
  0.80000000000000004        2.7755575615628914E-017  0.53307611097862695     
  0.90000000000000002        2.7755575615628914E-017  0.51330519053785151     
   1.0000000000000000        2.7755575615628914E-017  0.29786185391226405     
  -1.0000000000000000       0.10000000000000009       -2.6887503270461653E-002
 -0.90000000000000002       0.10000000000000009        2.1114324296906293E-003
 -0.80000000000000004       0.10000000000000009        2.9974834969501124E-002
 -0.69999999999999996       0.10000000000000009        4.6536651559307377E-002
 -0.59999999999999998       0.10000000000000009        4.4946227760657931E-002
 -0.49999999999999994       0.10000000000000009        2.6631054248303643E-002
 -0.39999999999999991       0.10000000000000009       -2.5114939728029073E-003
 -0.29999999999999993       0.10000000000000009       -3.1180736895496608E-002
 -0.19999999999999993       0.10000000000000009       -4.8514182357003888E-002
  -9.9999999999999978E-002  0.10000000000000009       -4.6870121826320811E-002
   2.7755575615628914E-017  0.10000000000000009       -2.7894760527765357E-002
  0.10000000000000009       0.10000000000000009        2.2063916850789747E-003
  0.20000000000000009       0.10000000000000009        3.0891378389899110E-002
  0.30000000000000016       0.10000000000000009        4.8240048478390737E-002
  0.40000000000000013       0.10000000000000009        4.6617687559384585E-002
  0.50000000000000011       0.10000000000000009        2.7612356262160388E-002
  0.60000000000000009       0.10000000000000009       -2.4251670844172147E-003
  0.70000000000000007       0.10000000000000009       -3.1171330945661640E-002
  0.80000000000000004       0.10000000000000009       -4.8439570214574373E-002
  0.90000000000000002       0.10000000000000009       -4.6847199210812977E-002
   1.0000000000000000       0.10000000000000009       -2.7388192485091049E-002
  -1.0000000000000000       0.20000000000000009      -0.32973968720591629     
 -0.90000000000000002       0.20000000000000009        2.9590094813709222E-002
 -0.80000000000000004       0.20000000000000009       0.37359527381781754     
 -0.69999999999999996       0.20000000000000009       0.57676733081892451     
 -0.59999999999999998       0.20000000000000009       0.55494414102289480     
 -0.49999999999999994       0.20000000000000009       0.32663744750595675     
 -0.39999999999999991       0.20000000000000009       -3.4624794791726220E-002
 -0.29999999999999993       0.20000000000000009      -0.38863524876906813     
 -0.19999999999999993       0.20000000000000009      -0.60127010426079408     
  -9.9999999999999978E-002  0.20000000000000009      -0.57870534191301282     
   2.7755575615628914E-017  0.20000000000000009      -0.34217199380588731     
  0.10000000000000009       0.20000000000000009        3.0891378389899887E-002
  0.20000000000000009       0.20000000000000009       0.38504460992388650     
  0.30000000000000016       0.20000000000000009       0.59787525627709237     
  0.40000000000000013       0.20000000000000009       0.57556234620057656     
  0.50000000000000011       0.20000000000000009       0.33867608892443551     
  0.60000000000000009       0.20000000000000009       -3.3616051998558431E-002
  0.70000000000000007       0.20000000000000009      -0.38852157102155482     
  0.80000000000000004       0.20000000000000009      -0.60036880482186616     
  0.90000000000000002       0.20000000000000009      -0.57842835589171826     
   1.0000000000000000       0.20000000000000009      -0.33597699364397138     
  -1.0000000000000000       0.30000000000000016      -0.51156506570198579     
 -0.90000000000000002       0.30000000000000016        4.6209989888517801E-002
 -0.80000000000000004       0.30000000000000016       0.58009535453738281     
 -0.69999999999999996       0.30000000000000016       0.89530593609259834     
 -0.59999999999999998       0.30000000000000016       0.86125871266948539     
 -0.49999999999999994       0.30000000000000016       0.50675569542829857     
 -0.39999999999999991       0.30000000000000016       -5.4031471142916031E-002
 -0.29999999999999993       0.30000000000000016      -0.60344929830470495     
 -0.19999999999999993       0.30000000000000016      -0.93334064667233463     
  -9.9999999999999978E-002  0.30000000000000016      -0.89813605657722628     
   2.7755575615628914E-017  0.30000000000000016      -0.53085934090356890     
  0.10000000000000009       0.30000000000000016        4.8240048478391959E-002
  0.20000000000000009       0.30000000000000016       0.59787525627709348     
  0.30000000000000016       0.30000000000000016       0.92807110385731417     
  0.40000000000000013       0.30000000000000016       0.89325607213339686     
  0.50000000000000011       0.30000000000000016       0.52543304652692990     
  0.60000000000000009       0.30000000000000016       -5.2470584568846589E-002
  0.70000000000000007       0.30000000000000016      -0.60327307360303739     
  0.80000000000000004       0.30000000000000016      -0.93194347762834484     
  0.90000000000000002       0.30000000000000016      -0.89770667351702793     
   1.0000000000000000       0.30000000000000016      -0.52124971448671753     
  -1.0000000000000000       0.40000000000000013      -0.49218983838397129     
 -0.90000000000000002       0.40000000000000013        4.4657213744067614E-002
 -0.80000000000000004       0.40000000000000013       0.55844467820909260     
 -0.69999999999999996       0.40000000000000013       0.86172022250824354     
 -0.59999999999999998       0.40000000000000013       0.82883868121081405     
 -0.49999999999999994       0.40000000000000013       0.48756490432330613     
 -0.39999999999999991       0.40000000000000013       -5.2189322354148825E-002
 -0.29999999999999993       0.40000000000000013      -0.58092751982824609     
 -0.19999999999999993       0.40000000000000013      -0.89832779429567533     
  -9.9999999999999978E-002  0.40000000000000013      -0.86432824601874547     
   2.7755575615628914E-017  0.40000000000000013      -0.51075760686613558     
  0.10000000000000009       0.40000000000000013        4.6617687559384204E-002
  0.20000000000000009       0.40000000000000013       0.57556234620058910     
  0.30000000000000016       0.40000000000000013       0.89325607213339786     
  0.40000000000000013       0.40000000000000013       0.85963056609699706     
  0.50000000000000011       0.40000000000000013       0.50553508969488015     
  0.60000000000000009       0.40000000000000013       -5.0690220702122271E-002
  0.70000000000000007       0.40000000000000013      -0.58075805892631094     
  0.80000000000000004       0.40000000000000013      -0.89698427494429467     
  0.90000000000000002       0.40000000000000013      -0.86391534613639354     
   1.0000000000000000       0.40000000000000013      -0.50151286802080708     
  -1.0000000000000000       0.50000000000000011      -0.28932879906386866     
 -0.90000000000000002       0.50000000000000011        2.6452469315448285E-002
 -0.80000000000000004       0.50000000000000011       0.32860225812578114     
 -0.69999999999999996       0.50000000000000011       0.50688315119072158     
 -0.59999999999999998       0.50000000000000011       0.48742786346670286     
 -0.49999999999999994       0.50000000000000011       0.28661240639475472     
 -0.39999999999999991       0.50000000000000011       -3.0887135601173264E-002
 -0.29999999999999993       0.50000000000000011      -0.34183223993668699     
 -0.19999999999999993       0.50000000000000011      -0.52841620080152174     
  -9.9999999999999978E-002  0.50000000000000011      -0.50829914345737148     
   2.7755575615628914E-017  0.50000000000000011      -0.30024800732460921     
  0.10000000000000009       0.50000000000000011        2.7612356262161082E-002
  0.20000000000000009       0.50000000000000011       0.33867608892443757     
  0.30000000000000016       0.50000000000000011       0.52543304652693235     
  0.40000000000000013       0.50000000000000011       0.50553508969488281     
  0.50000000000000011       0.50000000000000011       0.29717622978741237     
  0.60000000000000009       0.50000000000000011       -3.0008622256502301E-002
  0.70000000000000007       0.50000000000000011      -0.34173271516635362     
  0.80000000000000004       0.50000000000000011      -0.52762717335237630     
  0.90000000000000002       0.50000000000000011      -0.50805664922398641     
   1.0000000000000000       0.50000000000000011      -0.29481452783833645     
  -1.0000000000000000       0.60000000000000009        2.9220538268121307E-002
 -0.90000000000000002       0.60000000000000009       -2.3209933525125668E-003
 -0.80000000000000004       0.60000000000000009       -3.2618488818352706E-002
 -0.69999999999999996       0.60000000000000009       -5.0617829194037144E-002
 -0.59999999999999998       0.60000000000000009       -4.8872872711071602E-002
 -0.49999999999999994       0.60000000000000009       -2.8942142038971483E-002
 -0.39999999999999991       0.60000000000000009        2.7566844717814955E-003
 -0.29999999999999993       0.60000000000000009        3.3930817887632227E-002
 -0.19999999999999993       0.60000000000000009        5.2768740080282178E-002
  -9.9999999999999978E-002  0.60000000000000009        5.0964895423541504E-002
   2.7755575615628914E-017  0.60000000000000009        3.0315763127739846E-002
  0.10000000000000009       0.60000000000000009       -2.4251670844170369E-003
  0.20000000000000009       0.60000000000000009       -3.3616051998532646E-002
  0.30000000000000016       0.60000000000000009       -5.2470584568846561E-002
  0.40000000000000013       0.60000000000000009       -5.0690220702101156E-002
  0.50000000000000011       0.60000000000000009       -3.0008622256500403E-002
  0.60000000000000009       0.60000000000000009        2.6632229350035432E-003
  0.70000000000000007       0.60000000000000009        3.3920607738661852E-002
  0.80000000000000004       0.60000000000000009        5.2687751653945243E-002
  0.90000000000000002       0.60000000000000009        5.0940013239181937E-002
   1.0000000000000000       0.60000000000000009        2.9765364014758162E-002
  -1.0000000000000000       0.70000000000000007       0.33271564668389692     
 -0.90000000000000002       0.70000000000000007       -2.9858261945636056E-002
 -0.80000000000000004       0.70000000000000007      -0.37696883973875900     
 -0.69999999999999996       0.70000000000000007      -0.58197457980752143     
 -0.59999999999999998       0.70000000000000007      -0.55995373470250320     
 -0.49999999999999994       0.70000000000000007      -0.32958542157290172     
 -0.39999999999999991       0.70000000000000007        3.4938439586427457E-002
 -0.29999999999999993       0.70000000000000007       0.39214462866656713     
 -0.19999999999999993       0.70000000000000007       0.60669857060407983     
  -9.9999999999999978E-002  0.70000000000000007       0.58392943493275640     
   2.7755575615628914E-017  0.70000000000000007       0.34526018101396561     
  0.10000000000000009       0.70000000000000007       -3.1171330945662299E-002
  0.20000000000000009       0.70000000000000007      -0.38852157102155571     
  0.30000000000000016       0.70000000000000007      -0.60327307360303539     
  0.40000000000000013       0.70000000000000007      -0.58075805892631138     
  0.50000000000000011       0.70000000000000007      -0.34173271516635190     
  0.60000000000000009       0.70000000000000007        3.3920607738663650E-002
  0.70000000000000007       0.70000000000000007       0.39202992545713000     
  0.80000000000000004       0.70000000000000007       0.60578914090009073     
  0.90000000000000002       0.70000000000000007       0.58364995030616806     
   1.0000000000000000       0.70000000000000007       0.33900927509902062     
  -1.0000000000000000       0.80000000000000004       0.51370130497676769     
 -0.90000000000000002       0.80000000000000004       -4.6401102936825082E-002
 -0.80000000000000004       0.80000000000000004      -0.58251476112174772     
 -0.69999999999999996       0.80000000000000004      -0.89904159553964957     
 -0.59999999999999998       0.80000000000000004      -0.86485335823646248     
 -0.49999999999999994       0.80000000000000004      -0.50887182984476254     
 -0.39999999999999991       0.80000000000000004        5.4255181394177170E-002
 -0.29999999999999993       0.80000000000000004       0.60596610233321913     
 -0.19999999999999993       0.80000000000000004       0.93723500893405665     
  -9.9999999999999978E-002  0.80000000000000004       0.90188461396817943     
   2.7755575615628914E-017  0.80000000000000004       0.53307611097863483     
  0.10000000000000009       0.80000000000000004       -4.8439570214576018E-002
  0.20000000000000009       0.80000000000000004      -0.60036880482188759     
  0.30000000000000016       0.80000000000000004      -0.93194347762834739     
  0.40000000000000013       0.80000000000000004      -0.89698427494429522     
  0.50000000000000011       0.80000000000000004      -0.52762717335237708     
  0.60000000000000009       0.80000000000000004        5.2687751653972409E-002
  0.70000000000000007       0.80000000000000004       0.60578914090009151     
  0.80000000000000004       0.80000000000000004       0.93583199858336164     
  0.90000000000000002       0.80000000000000004       0.90145343577794179     
   1.0000000000000000       0.80000000000000004       0.52342634709617408     
  -1.0000000000000000       0.90000000000000002       0.49464486914280215     
 -0.90000000000000002       0.90000000000000002       -4.4877054201228492E-002
 -0.80000000000000004       0.90000000000000002      -0.56122546997669542     
 -0.69999999999999996       0.90000000000000002      -0.86601369541404416     
 -0.59999999999999998       0.90000000000000002      -0.83296996648785082     
 -0.49999999999999994       0.90000000000000002      -0.48999683236768993     
 -0.39999999999999991       0.90000000000000002        5.2446631666317717E-002
 -0.29999999999999993       0.90000000000000002       0.58382025779395186     
 -0.19999999999999993       0.90000000000000002       0.90280366736833595     
  -9.9999999999999978E-002  0.90000000000000002       0.86863642080804526     
   2.7755575615628914E-017  0.90000000000000002       0.51330519053785406     
  0.10000000000000009       0.90000000000000002       -4.6847199210813782E-002
  0.20000000000000009       0.90000000000000002      -0.57842835589171382     
  0.30000000000000016       0.90000000000000002      -0.89770667351702638     
  0.40000000000000013       0.90000000000000002      -0.86391534613639287     
  0.50000000000000011       0.90000000000000002      -0.50805664922398497     
  0.60000000000000009       0.90000000000000002        5.0940013239179877E-002
  0.70000000000000007       0.90000000000000002       0.58364995030616806     
  0.80000000000000004       0.90000000000000002       0.90145343577793624     
  0.90000000000000002       0.90000000000000002       0.86822145814243967     
   1.0000000000000000       0.90000000000000002       0.50401432548131908     
  -1.0000000000000000        1.0000000000000000       0.28702951827369050     
 -0.90000000000000002        1.0000000000000000       -2.6237691832844200E-002
 -0.80000000000000004        1.0000000000000000      -0.32598347713724174     
 -0.69999999999999996        1.0000000000000000      -0.50284750322541716     
 -0.59999999999999998        1.0000000000000000      -0.48354968699751794     
 -0.49999999999999994        1.0000000000000000      -0.28433465985129691     
 -0.39999999999999991        1.0000000000000000        3.0636957456608650E-002
 -0.29999999999999993        1.0000000000000000       0.33910801102431826     
 -0.19999999999999993        1.0000000000000000       0.52420912112039397     
  -9.9999999999999978E-002   1.0000000000000000       0.50425489771862364     
   2.7755575615628914E-017   1.0000000000000000       0.29786185391226333     
  0.10000000000000009        1.0000000000000000       -2.7388192485091681E-002
  0.20000000000000009        1.0000000000000000      -0.33597699364397299     
  0.30000000000000016        1.0000000000000000      -0.52124971448671431     
  0.40000000000000013        1.0000000000000000      -0.50151286802079564     
  0.50000000000000011        1.0000000000000000      -0.29481452783833390     
  0.60000000000000009        1.0000000000000000        2.9765364014762541E-002
  0.70000000000000007        1.0000000000000000       0.33900927509901913     
  0.80000000000000004        1.0000000000000000       0.52342634709616187     
  0.90000000000000002        1.0000000000000000       0.50401432548131586     
   1.0000000000000000        1.0000000000000000       0.29247153254759450     
