  -1.0000000000000000       -1.0000000000000000       0.91716355018557072     
 -0.90000000000000002       -1.0000000000000000       0.84396851479063972     
 -0.80000000000000004       -1.0000000000000000       0.45991360555020006     
 -0.69999999999999996       -1.0000000000000000       -9.2516593475018463E-002
 -0.59999999999999998       -1.0000000000000000      -0.61267181567560958     
 -0.49999999999999994       -1.0000000000000000      -0.90040841067166777     
 -0.39999999999999991       -1.0000000000000000      -0.84250382366295040     
 -0.29999999999999993       -1.0000000000000000      -0.46409823283441604     
 -0.19999999999999993       -1.0000000000000000        9.6089852026914627E-002
  -9.9999999999999978E-002  -1.0000000000000000       0.63595143756256356     
   2.7755575615628914E-017  -1.0000000000000000       0.93283691033760652     
  0.10000000000000009       -1.0000000000000000       0.87385854119133555     
  0.20000000000000009       -1.0000000000000000       0.48009168932030749     
  0.30000000000000016       -1.0000000000000000       -9.5798242686853344E-002
  0.40000000000000013       -1.0000000000000000      -0.63719512998891659     
  0.50000000000000011       -1.0000000000000000      -0.93322822457302224     
  0.60000000000000009       -1.0000000000000000      -0.87596066579214404     
  0.70000000000000007       -1.0000000000000000      -0.48109076838755849     
  0.80000000000000004       -1.0000000000000000        9.2863453143399180E-002
  0.90000000000000002       -1.0000000000000000       0.63497397905357045     
   1.0000000000000000       -1.0000000000000000       0.91547567203326086     
  -1.0000000000000000      -0.90000000000000002       0.84396851479063417     
 -0.90000000000000002      -0.90000000000000002       0.77647963523545538     
 -0.80000000000000004      -0.90000000000000002       0.42299075525730001     
 -0.69999999999999996      -0.90000000000000002       -8.5354304153861763E-002
 -0.59999999999999998      -0.90000000000000002      -0.56391354482256295     
 -0.49999999999999994      -0.90000000000000002      -0.82855214087177875     
 -0.39999999999999991      -0.90000000000000002      -0.77513150171235035     
 -0.29999999999999993      -0.90000000000000002      -0.42684007948172997     
 -0.19999999999999993      -0.90000000000000002        8.8649675091721516E-002
  -9.9999999999999978E-002 -0.90000000000000002       0.58534125750844079     
   2.7755575615628914E-017 -0.90000000000000002       0.85839375294227482     
  0.10000000000000009      -0.90000000000000002       0.80397912047859244     
  0.20000000000000009      -0.90000000000000002       0.44154986650380207     
  0.30000000000000016      -0.90000000000000002       -8.8382542364027969E-002
  0.40000000000000013      -0.90000000000000002      -0.58648505815372964     
  0.50000000000000011      -0.90000000000000002      -0.85875264214965941     
  0.60000000000000009      -0.90000000000000002      -0.80591224608890277     
  0.70000000000000007      -0.90000000000000002      -0.44246839547409289     
  0.80000000000000004      -0.90000000000000002        8.5683471377169251E-002
  0.90000000000000002      -0.90000000000000002       0.58444196341013299     
   1.0000000000000000      -0.90000000000000002       0.84241816603111297     
  -1.0000000000000000      -0.80000000000000004       0.45991360555018296     
 -0.90000000000000002      -0.80000000000000004       0.42299075525730195     
 -0.80000000000000004      -0.80000000000000004       0.23026986490552367     
 -0.69999999999999996      -0.80000000000000004       -4.6750722143963551E-002
 -0.59999999999999998      -0.80000000000000004      -0.30744672873522871     
 -0.49999999999999994      -0.80000000000000004      -0.45151430834272721     
 -0.39999999999999991      -0.80000000000000004      -0.42225574291683504     
 -0.29999999999999993      -0.80000000000000004      -0.23236607624479683     
 -0.19999999999999993      -0.80000000000000004        4.8554330840974623E-002
  -9.9999999999999978E-002 -0.80000000000000004       0.31912996755959533     
   2.7755575615628914E-017 -0.80000000000000004       0.46777742509864950     
  0.10000000000000009      -0.80000000000000004       0.43797084450535512     
  0.20000000000000009      -0.80000000000000004       0.24037420869897089     
  0.30000000000000016      -0.80000000000000004       -4.8410053440297668E-002
  0.40000000000000013      -0.80000000000000004      -0.31975258671547024     
  0.50000000000000011      -0.80000000000000004      -0.46797171352488459     
  0.60000000000000009      -0.80000000000000004      -0.43902295560190580     
  0.70000000000000007      -0.80000000000000004      -0.24087387452359582     
  0.80000000000000004      -0.80000000000000004        4.6940834866108797E-002
  0.90000000000000002      -0.80000000000000004       0.31864007401463645     
   1.0000000000000000      -0.80000000000000004       0.45907179407934851     
  -1.0000000000000000      -0.69999999999999996       -9.2516593475017173E-002
 -0.90000000000000002      -0.69999999999999996       -8.5354304153861235E-002
 -0.80000000000000004      -0.69999999999999996       -4.6750722143965417E-002
 -0.69999999999999996      -0.69999999999999996        8.9709772798574929E-003
 -0.59999999999999998      -0.69999999999999996        6.1578545191151260E-002
 -0.49999999999999994      -0.69999999999999996        9.0823833254621289E-002
 -0.39999999999999991      -0.69999999999999996        8.5207101964209747E-002
 -0.29999999999999993      -0.69999999999999996        4.7175035124749874E-002
 -0.19999999999999993      -0.69999999999999996       -9.3195208040745634E-003
  -9.9999999999999978E-002 -0.69999999999999996       -6.3917106757419795E-002
   2.7755575615628914E-017 -0.69999999999999996       -9.4093184174512803E-002
  0.10000000000000009      -0.69999999999999996       -8.8377791399168459E-002
  0.20000000000000009      -0.69999999999999996       -4.8800265200943618E-002
  0.30000000000000016      -0.69999999999999996        9.2881365908339137E-003
  0.40000000000000013      -0.69999999999999996        6.4043603779158395E-002
  0.50000000000000011      -0.69999999999999996        9.4134611930997189E-002
  0.60000000000000009      -0.69999999999999996        8.8591860331659930E-002
  0.70000000000000007      -0.69999999999999996        4.8902381600696321E-002
  0.80000000000000004      -0.69999999999999996       -8.9896365018027023E-003
  0.90000000000000002      -0.69999999999999996       -6.3818250598518048E-002
   1.0000000000000000      -0.69999999999999996       -9.2341711859069517E-002
  -1.0000000000000000      -0.59999999999999998      -0.61267181567559392     
 -0.90000000000000002      -0.59999999999999998      -0.56391354482255718     
 -0.80000000000000004      -0.59999999999999998      -0.30744672873521334     
 -0.69999999999999996      -0.59999999999999998        6.1578545191154237E-002
 -0.59999999999999998      -0.59999999999999998       0.40913130970999351     
 -0.49999999999999994      -0.59999999999999998       0.60147764004678617     
 -0.39999999999999991      -0.59999999999999998       0.56293545716809823     
 -0.29999999999999993      -0.59999999999999998       0.31024344786486430     
 -0.19999999999999993      -0.59999999999999998       -6.3958158000758561E-002
  -9.9999999999999978E-002 -0.59999999999999998      -0.42467626539768333     
   2.7755575615628914E-017 -0.59999999999999998      -0.62313900233047004     
  0.10000000000000009      -0.59999999999999998      -0.58388548734050050     
  0.20000000000000009      -0.59999999999999998      -0.32093455911732000     
  0.30000000000000016      -0.59999999999999998        6.3762144987355315E-002
  0.40000000000000013      -0.59999999999999998       0.42550770475455851     
  0.50000000000000011      -0.59999999999999998       0.62340161037968633     
  0.60000000000000009      -0.59999999999999998       0.58529097060289215     
  0.70000000000000007      -0.59999999999999998       0.32160277668371257     
  0.80000000000000004      -0.59999999999999998       -6.1800164978697530E-002
  0.90000000000000002      -0.59999999999999998      -0.42402315710425043     
   1.0000000000000000      -0.59999999999999998      -0.61154144701200541     
  -1.0000000000000000      -0.49999999999999994      -0.90040841067166544     
 -0.90000000000000002      -0.49999999999999994      -0.82855214087178253     
 -0.80000000000000004      -0.49999999999999994      -0.45151430834272577     
 -0.69999999999999996      -0.49999999999999994        9.0823833254620068E-002
 -0.59999999999999998      -0.49999999999999994       0.60147764004678073     
 -0.49999999999999994      -0.49999999999999994       0.88395934218964622     
 -0.39999999999999991      -0.49999999999999994       0.82711421129230811     
 -0.29999999999999993      -0.49999999999999994       0.45562250503449991     
 -0.19999999999999993      -0.49999999999999994       -9.4331727393260761E-002
  -9.9999999999999978E-002 -0.49999999999999994      -0.62433190915528025     
   2.7755575615628914E-017 -0.49999999999999994      -0.91579541099240391     
  0.10000000000000009      -0.49999999999999994      -0.85789618446635418     
  0.20000000000000009      -0.49999999999999994      -0.47132387288386568     
  0.30000000000000016      -0.49999999999999994        9.4045431061479584E-002
  0.40000000000000013      -0.49999999999999994       0.62555288883339555     
  0.50000000000000011      -0.49999999999999994       0.91617959074056510     
  0.60000000000000009      -0.49999999999999994       0.85995992124590437     
  0.70000000000000007      -0.49999999999999994       0.47230471007148073     
  0.80000000000000004      -0.49999999999999994       -9.1164237629013128E-002
  0.90000000000000002      -0.49999999999999994      -0.62337230540014044     
   1.0000000000000000      -0.49999999999999994      -0.89875133380523087     
  -1.0000000000000000      -0.39999999999999991      -0.84250382366292798     
 -0.90000000000000002      -0.39999999999999991      -0.77513150171234224     
 -0.80000000000000004      -0.39999999999999991      -0.42225574291682449     
 -0.69999999999999996      -0.39999999999999991        8.5207101964208096E-002
 -0.59999999999999998      -0.39999999999999991       0.56293545716809412     
 -0.49999999999999994      -0.39999999999999991       0.82711421129230844     
 -0.39999999999999991      -0.39999999999999991       0.77378570649397205     
 -0.29999999999999993      -0.39999999999999991       0.42609838106696923     
 -0.19999999999999993      -0.39999999999999991       -8.8496784586499441E-002
  -9.9999999999999978E-002 -0.39999999999999991      -0.58432600741924912     
   2.7755575615628914E-017 -0.39999999999999991      -0.85690403842845853     
  0.10000000000000009      -0.39999999999999991      -0.80258324054323116     
  0.20000000000000009      -0.39999999999999991      -0.44078260887375198     
  0.30000000000000016      -0.39999999999999991        8.8230120365544604E-002
  0.40000000000000013      -0.39999999999999991       0.58546782037696632     
  0.50000000000000011      -0.39999999999999991       0.85726229976976698     
  0.60000000000000009      -0.39999999999999991       0.80451300606013820     
  0.70000000000000007      -0.39999999999999991       0.44169954029777198     
  0.80000000000000004      -0.39999999999999991       -8.5535739896338697E-002
  0.90000000000000002      -0.39999999999999991      -0.58342827470743341     
   1.0000000000000000      -0.39999999999999991      -0.84095617739510831     
  -1.0000000000000000      -0.29999999999999993      -0.46409823283441221     
 -0.90000000000000002      -0.29999999999999993      -0.42684007948173242     
 -0.80000000000000004      -0.29999999999999993      -0.23236607624479552     
 -0.69999999999999996      -0.29999999999999993        4.7175035124750804E-002
 -0.59999999999999998      -0.29999999999999993       0.31024344786486546     
 -0.49999999999999994      -0.29999999999999993       0.45562250503450014     
 -0.39999999999999991      -0.29999999999999993       0.42609838106697168     
 -0.29999999999999993      -0.29999999999999993       0.23448136687747839     
 -0.19999999999999993      -0.29999999999999993       -4.8995019503813492E-002
  -9.9999999999999978E-002 -0.29999999999999993      -0.32203296080378413     
   2.7755575615628914E-017 -0.29999999999999993      -0.47203359015760149     
  0.10000000000000009      -0.29999999999999993      -0.44195649306683332     
  0.20000000000000009      -0.29999999999999993      -0.24256239807926919     
  0.30000000000000016      -0.29999999999999993        4.8849423582470866E-002
  0.40000000000000013      -0.29999999999999993       0.32266124805828794     
  0.50000000000000011      -0.29999999999999993       0.47222965208907958     
  0.60000000000000009      -0.29999999999999993       0.44301818295946421     
  0.70000000000000007      -0.29999999999999993       0.24306661414170261     
  0.80000000000000004      -0.29999999999999993       -4.7366829783975432E-002
  0.90000000000000002      -0.29999999999999993      -0.32153860909926224     
   1.0000000000000000      -0.29999999999999993      -0.46324874841233588     
  -1.0000000000000000      -0.19999999999999993        9.6089852026900874E-002
 -0.90000000000000002      -0.19999999999999993        8.8649675091717825E-002
 -0.80000000000000004      -0.19999999999999993        4.8554330840952183E-002
 -0.69999999999999996      -0.19999999999999993       -9.3195208040804823E-003
 -0.59999999999999998      -0.19999999999999993       -6.3958158000781556E-002
 -0.49999999999999994      -0.19999999999999993       -9.4331727393263953E-002
 -0.39999999999999991      -0.19999999999999993       -8.8496784586501676E-002
 -0.29999999999999993      -0.19999999999999993       -4.8995019503814331E-002
 -0.19999999999999993      -0.19999999999999993        9.6815944409501687E-003
  -9.9999999999999978E-002 -0.19999999999999993        6.6387096879791635E-002
   2.7755575615628914E-017 -0.19999999999999993        9.7727360326471849E-002
  0.10000000000000009      -0.19999999999999993        9.1789890329280005E-002
  0.20000000000000009      -0.19999999999999993        5.0682952679060464E-002
  0.30000000000000016      -0.19999999999999993       -9.6490087420597510E-003
  0.40000000000000013      -0.19999999999999993       -6.6518473772130229E-002
  0.50000000000000011      -0.19999999999999993       -9.7770377014900614E-002
  0.60000000000000009      -0.19999999999999993       -9.2012215725906052E-002
  0.70000000000000007      -0.19999999999999993       -5.0789005419382492E-002
  0.80000000000000004      -0.19999999999999993        9.3389937652550454E-003
  0.90000000000000002      -0.19999999999999993        6.6284424138131348E-002
   1.0000000000000000      -0.19999999999999993        9.5908242356858089E-002
  -1.0000000000000000       -9.9999999999999978E-002  0.63595143756255823     
 -0.90000000000000002       -9.9999999999999978E-002  0.58534125750844035     
 -0.80000000000000004       -9.9999999999999978E-002  0.31912996755959616     
 -0.69999999999999996       -9.9999999999999978E-002  -6.3917106757419254E-002
 -0.59999999999999998       -9.9999999999999978E-002 -0.42467626539768405     
 -0.49999999999999994       -9.9999999999999978E-002 -0.62433190915528114     
 -0.39999999999999991       -9.9999999999999978E-002 -0.58432600741925411     
 -0.29999999999999993       -9.9999999999999978E-002 -0.32203296080378213     
 -0.19999999999999993       -9.9999999999999978E-002   6.6387096879790136E-002
  -9.9999999999999978E-002  -9.9999999999999978E-002  0.44081184791938549     
   2.7755575615628914E-017  -9.9999999999999978E-002  0.64681632966788882     
  0.10000000000000009       -9.9999999999999978E-002  0.60607210031294068     
  0.20000000000000009       -9.9999999999999978E-002  0.33313034165703059     
  0.30000000000000016       -9.9999999999999978E-002  -6.6183629290259116E-002
  0.40000000000000013       -9.9999999999999978E-002 -0.44167488293229695     
  0.50000000000000011       -9.9999999999999978E-002 -0.64708892266654583     
  0.60000000000000009       -9.9999999999999978E-002 -0.60753099445457803     
  0.70000000000000007       -9.9999999999999978E-002 -0.33382395396808956     
  0.80000000000000004       -9.9999999999999978E-002   6.4147091763343614E-002
  0.90000000000000002       -9.9999999999999978E-002  0.44013392266455559     
   1.0000000000000000       -9.9999999999999978E-002  0.63477810266070489     
  -1.0000000000000000        2.7755575615628914E-017  0.93283691033756866     
 -0.90000000000000002        2.7755575615628914E-017  0.85839375294226994     
 -0.80000000000000004        2.7755575615628914E-017  0.46777742509863068     
 -0.69999999999999996        2.7755575615628914E-017  -9.4093184174515995E-002
 -0.59999999999999998        2.7755575615628914E-017 -0.62313900233047836     
 -0.49999999999999994        2.7755575615628914E-017 -0.91579541099241313     
 -0.39999999999999991        2.7755575615628914E-017 -0.85690403842846319     
 -0.29999999999999993        2.7755575615628914E-017 -0.47203359015760071     
 -0.19999999999999993        2.7755575615628914E-017   9.7727360326465840E-002
  -9.9999999999999978E-002   2.7755575615628914E-017  0.64681632966789204     
   2.7755575615628914E-017   2.7755575615628914E-017  0.94877805766378054     
  0.10000000000000009        2.7755575615628914E-017  0.88879467125095202     
  0.20000000000000009        2.7755575615628914E-017  0.48830050391535934     
  0.30000000000000016        2.7755575615628914E-017  -9.7430743677052456E-002
  0.40000000000000013        2.7755575615628914E-017 -0.64808128822652655     
  0.50000000000000011        2.7755575615628914E-017 -0.94917608295865696     
  0.60000000000000009        2.7755575615628914E-017 -0.89093274368353792     
  0.70000000000000007        2.7755575615628914E-017 -0.48931667255360140     
  0.80000000000000004        2.7755575615628914E-017   9.4445771567899447E-002
  0.90000000000000002        2.7755575615628914E-017  0.64582216426440653     
   1.0000000000000000        2.7755575615628914E-017  0.93112013159192708     
  -1.0000000000000000       0.10000000000000009       0.87385854119133077     
 -0.90000000000000002       0.10000000000000009       0.80397912047859432     
 -0.80000000000000004       0.10000000000000009       0.43797084450535478     
 -0.69999999999999996       0.10000000000000009       -8.8377791399167169E-002
 -0.59999999999999998       0.10000000000000009      -0.58388548734049894     
 -0.49999999999999994       0.10000000000000009      -0.85789618446635074     
 -0.39999999999999991       0.10000000000000009      -0.80258324054323038     
 -0.29999999999999993       0.10000000000000009      -0.44195649306683271     
 -0.19999999999999993       0.10000000000000009        9.1789890329279589E-002
  -9.9999999999999978E-002  0.10000000000000009       0.60607210031294190     
   2.7755575615628914E-017  0.10000000000000009       0.88879467125094991     
  0.10000000000000009       0.10000000000000009       0.83245251533265074     
  0.20000000000000009       0.10000000000000009       0.45718722356167174     
  0.30000000000000016       0.10000000000000009       -9.1513299911849921E-002
  0.40000000000000013       0.10000000000000009      -0.60725640820212601     
  0.50000000000000011       0.10000000000000009      -0.88916626778235930     
  0.60000000000000009       0.10000000000000009      -0.83445410138726872     
  0.70000000000000007       0.10000000000000009      -0.45813828106101850     
  0.80000000000000004       0.10000000000000009        8.8718642427128180E-002
  0.90000000000000002       0.10000000000000009       0.60514095718934324     
   1.0000000000000000       0.10000000000000009       0.87225329257291662     
  -1.0000000000000000       0.20000000000000009       0.48009168932028501     
 -0.90000000000000002       0.20000000000000009       0.44154986650380335     
 -0.80000000000000004       0.20000000000000009       0.24037420869898191     
 -0.69999999999999996       0.20000000000000009       -4.8800265200940982E-002
 -0.59999999999999998       0.20000000000000009      -0.32093455911730007     
 -0.49999999999999994       0.20000000000000009      -0.47132387288386723     
 -0.39999999999999991       0.20000000000000009      -0.44078260887375359     
 -0.29999999999999993       0.20000000000000009      -0.24256239807927119     
 -0.19999999999999993       0.20000000000000009        5.0682952679058701E-002
  -9.9999999999999978E-002  0.20000000000000009       0.33313034165702926     
   2.7755575615628914E-017  0.20000000000000009       0.48830050391535357     
  0.10000000000000009       0.20000000000000009       0.45718722356167191     
  0.20000000000000009       0.20000000000000009       0.25092192864919621     
  0.30000000000000016       0.20000000000000009       -5.0532336718159057E-002
  0.40000000000000013       0.20000000000000009      -0.33378028193786241     
  0.50000000000000011       0.20000000000000009      -0.48850332503514216     
  0.60000000000000009       0.20000000000000009      -0.45828550345002916     
  0.70000000000000007       0.20000000000000009      -0.25144352248631968     
  0.80000000000000004       0.20000000000000009        4.8998647410227983E-002
  0.90000000000000002       0.20000000000000009       0.33261895356966686     
   1.0000000000000000       0.20000000000000009       0.47921292429203105     
  -1.0000000000000000       0.30000000000000016       -9.5798242686852511E-002
 -0.90000000000000002       0.30000000000000016       -8.8382542364025915E-002
 -0.80000000000000004       0.30000000000000016       -4.8410053440296780E-002
 -0.69999999999999996       0.30000000000000016        9.2881365908338721E-003
 -0.59999999999999998       0.30000000000000016        6.3762144987355912E-002
 -0.49999999999999994       0.30000000000000016        9.4045431061479737E-002
 -0.39999999999999991       0.30000000000000016        8.8230120365546533E-002
 -0.29999999999999993       0.30000000000000016        4.8849423582469693E-002
 -0.19999999999999993       0.30000000000000016       -9.6490087420575930E-003
  -9.9999999999999978E-002  0.30000000000000016       -6.6183629290258117E-002
   2.7755575615628914E-017  0.30000000000000016       -9.7430743677050000E-002
  0.10000000000000009       0.30000000000000016       -9.1513299911849158E-002
  0.20000000000000009       0.30000000000000016       -5.0532336718159564E-002
  0.30000000000000016       0.30000000000000016        9.6165055603164174E-003
  0.40000000000000013       0.30000000000000016        6.6314616311614741E-002
  0.50000000000000011       0.30000000000000016        9.7473646591957161E-002
  0.60000000000000009       0.30000000000000016        9.1734967941237866E-002
  0.70000000000000007       0.30000000000000016        5.0638079159752984E-002
  0.80000000000000004       0.30000000000000016       -9.3074102528189571E-003
  0.90000000000000002       0.30000000000000016       -6.6081265866820726E-002
   1.0000000000000000       0.30000000000000016       -9.5617144440908797E-002
  -1.0000000000000000       0.40000000000000013      -0.63719512998886618     
 -0.90000000000000002       0.40000000000000013      -0.58648505815372221     
 -0.80000000000000004       0.40000000000000013      -0.31975258671545187     
 -0.69999999999999996       0.40000000000000013        6.4043603779164127E-002
 -0.59999999999999998       0.40000000000000013       0.42550770475457955     
 -0.49999999999999994       0.40000000000000013       0.62555288883339877     
 -0.39999999999999991       0.40000000000000013       0.58546782037697631     
 -0.29999999999999993       0.40000000000000013       0.32266124805828411     
 -0.19999999999999993       0.40000000000000013       -6.6518473772116213E-002
  -9.9999999999999978E-002  0.40000000000000013      -0.44167488293229562     
   2.7755575615628914E-017  0.40000000000000013      -0.64808128822653488     
  0.10000000000000009       0.40000000000000013      -0.60725640820212612     
  0.20000000000000009       0.40000000000000013      -0.33378028193787795     
  0.30000000000000016       0.40000000000000013        6.6314616311615435E-002
  0.40000000000000013       0.40000000000000013       0.44253960143735238     
  0.50000000000000011       0.40000000000000013       0.64835440621681262     
  0.60000000000000009       0.40000000000000013       0.60871814703698524     
  0.70000000000000007       0.40000000000000013       0.33447524514612437     
  0.80000000000000004       0.40000000000000013       -6.4274106256841004E-002
  0.90000000000000002       0.40000000000000013      -0.44099563298031341     
   1.0000000000000000       0.40000000000000013      -0.63601951963636838     
  -1.0000000000000000       0.50000000000000011      -0.93322822457301724     
 -0.90000000000000002       0.50000000000000011      -0.85875264214965996     
 -0.80000000000000004       0.50000000000000011      -0.46797171352488559     
 -0.69999999999999996       0.50000000000000011        9.4134611930995885E-002
 -0.59999999999999998       0.50000000000000011       0.62340161037968722     
 -0.49999999999999994       0.50000000000000011       0.91617959074056154     
 -0.39999999999999991       0.50000000000000011       0.85726229976977297     
 -0.29999999999999993       0.50000000000000011       0.47222965208907736     
 -0.19999999999999993       0.50000000000000011       -9.7770377014900239E-002
  -9.9999999999999978E-002  0.50000000000000011      -0.64708892266654605     
   2.7755575615628914E-017  0.50000000000000011      -0.94917608295865674     
  0.10000000000000009       0.50000000000000011      -0.88916626778235741     
  0.20000000000000009       0.50000000000000011      -0.48850332503514277     
  0.30000000000000016       0.50000000000000011        9.7473646591958646E-002
  0.40000000000000013       0.50000000000000011       0.64835440621681706     
  0.50000000000000011       0.50000000000000011       0.94957426463607419     
  0.60000000000000009       0.50000000000000011       0.89130522616214247     
  0.70000000000000007       0.50000000000000011       0.48951991270562939     
  0.80000000000000004       0.50000000000000011       -9.4487435643946446E-002
  0.90000000000000002       0.50000000000000011      -0.64609434161692925     
   1.0000000000000000       0.50000000000000011      -0.93151075067949329     
  -1.0000000000000000       0.60000000000000009      -0.87596066579209564     
 -0.90000000000000002       0.60000000000000009      -0.80591224608889844     
 -0.80000000000000004       0.60000000000000009      -0.43902295560189164     
 -0.69999999999999996       0.60000000000000009        8.8591860331658792E-002
 -0.59999999999999998       0.60000000000000009       0.58529097060289503     
 -0.49999999999999994       0.60000000000000009       0.85995992124590803     
 -0.39999999999999991       0.60000000000000009       0.80451300606013865     
 -0.29999999999999993       0.60000000000000009       0.44301818295946394     
 -0.19999999999999993       0.60000000000000009       -9.2012215725909702E-002
  -9.9999999999999978E-002  0.60000000000000009      -0.60753099445457770     
   2.7755575615628914E-017  0.60000000000000009      -0.89093274368353326     
  0.10000000000000009       0.60000000000000009      -0.83445410138726872     
  0.20000000000000009       0.60000000000000009      -0.45828550345002533     
  0.30000000000000016       0.60000000000000009        9.1734967941237242E-002
  0.40000000000000013       0.60000000000000009       0.60871814703697924     
  0.50000000000000011       0.60000000000000009       0.89130522616213970     
  0.60000000000000009       0.60000000000000009       0.83646049416206014     
  0.70000000000000007       0.60000000000000009       0.45923884333913478     
  0.80000000000000004       0.60000000000000009       -8.8933597734281084E-002
  0.90000000000000002       0.60000000000000009      -0.60659761245415111     
   1.0000000000000000       0.60000000000000009      -0.87435157444558820     
  -1.0000000000000000       0.70000000000000007      -0.48109076838755760     
 -0.90000000000000002       0.70000000000000007      -0.44246839547409400     
 -0.80000000000000004       0.70000000000000007      -0.24087387452359446     
 -0.69999999999999996       0.70000000000000007        4.8902381600695391E-002
 -0.59999999999999998       0.70000000000000007       0.32160277668371340     
 -0.49999999999999994       0.70000000000000007       0.47230471007147717     
 -0.39999999999999991       0.70000000000000007       0.44169954029777325     
 -0.29999999999999993       0.70000000000000007       0.24306661414170225     
 -0.19999999999999993       0.70000000000000007       -5.0789005419385254E-002
  -9.9999999999999978E-002  0.70000000000000007      -0.33382395396808950     
   2.7755575615628914E-017  0.70000000000000007      -0.48931667255360239     
  0.10000000000000009       0.70000000000000007      -0.45813828106101706     
  0.20000000000000009       0.70000000000000007      -0.25144352248631635     
  0.30000000000000016       0.70000000000000007        5.0638079159753477E-002
  0.40000000000000013       0.70000000000000007       0.33447524514612675     
  0.50000000000000011       0.70000000000000007       0.48951991270563000     
  0.60000000000000009       0.70000000000000007       0.45923884333913473     
  0.70000000000000007       0.70000000000000007       0.25196619969904815     
  0.80000000000000004       0.70000000000000007       -4.9101202040934606E-002
  0.90000000000000002       0.70000000000000007      -0.33331150206556043     
   1.0000000000000000       0.70000000000000007      -0.48021018181608993     
  -1.0000000000000000       0.80000000000000004        9.2863453143378613E-002
 -0.90000000000000002       0.80000000000000004        8.5683471377167156E-002
 -0.80000000000000004       0.80000000000000004        4.6940834866101087E-002
 -0.69999999999999996       0.80000000000000004       -8.9896365018086472E-003
 -0.59999999999999998       0.80000000000000004       -6.1800164978728325E-002
 -0.49999999999999994       0.80000000000000004       -9.1164237629016390E-002
 -0.39999999999999991       0.80000000000000004       -8.5535739896360444E-002
 -0.29999999999999993       0.80000000000000004       -4.7366829783973781E-002
 -0.19999999999999993       0.80000000000000004        9.3389937652457594E-003
  -9.9999999999999978E-002  0.80000000000000004        6.4147091763344072E-002
   2.7755575615628914E-017  0.80000000000000004        9.4445771567923567E-002
  0.10000000000000009       0.80000000000000004        8.8718642427132718E-002
  0.20000000000000009       0.80000000000000004        4.8998647410250520E-002
  0.30000000000000016       0.80000000000000004       -9.3074102528197221E-003
  0.40000000000000013       0.80000000000000004       -6.4274106256854133E-002
  0.50000000000000011       0.80000000000000004       -9.4487435643949486E-002
  0.60000000000000009       0.80000000000000004       -8.8933597734300318E-002
  0.70000000000000007       0.80000000000000004       -4.9101202040933531E-002
  0.80000000000000004       0.80000000000000004        9.0076890945051322E-003
  0.90000000000000002       0.80000000000000004        6.4047854315499059E-002
   1.0000000000000000       0.80000000000000004        9.2687724403910779E-002
  -1.0000000000000000       0.90000000000000002       0.63497397905356989     
 -0.90000000000000002       0.90000000000000002       0.58444196341013210     
 -0.80000000000000004       0.90000000000000002       0.31864007401463929     
 -0.69999999999999996       0.90000000000000002       -6.3818250598517812E-002
 -0.59999999999999998       0.90000000000000002      -0.42402315710425215     
 -0.49999999999999994       0.90000000000000002      -0.62337230540013955     
 -0.39999999999999991       0.90000000000000002      -0.58342827470744096     
 -0.29999999999999993       0.90000000000000002      -0.32153860909925963     
 -0.19999999999999993       0.90000000000000002        6.6284424138127310E-002
  -9.9999999999999978E-002  0.90000000000000002       0.44013392266455276     
   2.7755575615628914E-017  0.90000000000000002       0.64582216426440475     
  0.10000000000000009       0.90000000000000002       0.60514095718934269     
  0.20000000000000009       0.90000000000000002       0.33261895356967186     
  0.30000000000000016       0.90000000000000002       -6.6081265866821212E-002
  0.40000000000000013       0.90000000000000002      -0.44099563298031386     
  0.50000000000000011       0.90000000000000002      -0.64609434161692758     
  0.60000000000000009       0.90000000000000002      -0.60659761245415755     
  0.70000000000000007       0.90000000000000002      -0.33331150206555948     
  0.80000000000000004       0.90000000000000002        6.4047854315493299E-002
  0.90000000000000002       0.90000000000000002       0.43945703895024962     
   1.0000000000000000       0.90000000000000002       0.63380243970666506     
  -1.0000000000000000        1.0000000000000000       0.91547567203319113     
 -0.90000000000000002        1.0000000000000000       0.84241816603110542     
 -0.80000000000000004        1.0000000000000000       0.45907179407932397     
 -0.69999999999999996        1.0000000000000000       -9.2341711859071418E-002
 -0.59999999999999998        1.0000000000000000      -0.61154144701201296     
 -0.49999999999999994        1.0000000000000000      -0.89875133380523631     
 -0.39999999999999991        1.0000000000000000      -0.84095617739510908     
 -0.29999999999999993        1.0000000000000000      -0.46324874841233166     
 -0.19999999999999993        1.0000000000000000        9.5908242356851428E-002
  -9.9999999999999978E-002   1.0000000000000000       0.63477810266070100     
   2.7755575615628914E-017   1.0000000000000000       0.93112013159191953     
  0.10000000000000009        1.0000000000000000       0.87225329257291717     
  0.20000000000000009        1.0000000000000000       0.47921292429202972     
  0.30000000000000016        1.0000000000000000       -9.5617144440909033E-002
  0.40000000000000013        1.0000000000000000      -0.63601951963635561     
  0.50000000000000011        1.0000000000000000      -0.93151075067948708     
  0.60000000000000009        1.0000000000000000      -0.87435157444557954     
  0.70000000000000007        1.0000000000000000      -0.48021018181608816     
  0.80000000000000004        1.0000000000000000        9.2687724403882038E-002
  0.90000000000000002        1.0000000000000000       0.63380243970666117     
   1.0000000000000000        1.0000000000000000       0.91379084103972597     
