  -1.0000000000000000       -1.0000000000000000       0.92276456297843423     
 -0.90000000000000002       -1.0000000000000000       0.63336015914687194     
 -0.80000000000000004       -1.0000000000000000       0.11371925358882735     
 -0.69999999999999996       -1.0000000000000000      -0.44529958895216532     
 -0.59999999999999998       -1.0000000000000000      -0.83301930627643594     
 -0.49999999999999994       -1.0000000000000000      -0.90779510336379921     
 -0.39999999999999991       -1.0000000000000000      -0.63023133933663611     
 -0.29999999999999993       -1.0000000000000000      -0.11567811401970104     
 -0.19999999999999993       -1.0000000000000000       0.46357098522062384     
  -9.9999999999999978E-002  -1.0000000000000000       0.86672136263092903     
   2.7755575615628914E-017  -1.0000000000000000       0.94252338438788374     
  0.10000000000000009       -1.0000000000000000       0.65565736816956555     
  0.20000000000000009       -1.0000000000000000       0.12099824467956233     
  0.30000000000000016       -1.0000000000000000      -0.46184468040156934     
  0.40000000000000013       -1.0000000000000000      -0.86662029099652171     
  0.50000000000000011       -1.0000000000000000      -0.94131387927899601     
  0.60000000000000009       -1.0000000000000000      -0.65603774305803908     
  0.70000000000000007       -1.0000000000000000      -0.12011793792118891     
  0.80000000000000004       -1.0000000000000000       0.46106658209034684     
  0.90000000000000002       -1.0000000000000000       0.86597742853511994     
   1.0000000000000000       -1.0000000000000000       0.92593235237431704     
  -1.0000000000000000      -0.90000000000000002       0.63336015914686750     
 -0.90000000000000002      -0.90000000000000002       0.43459588645358327     
 -0.80000000000000004      -0.90000000000000002        7.7852280336235688E-002
 -0.69999999999999996      -0.90000000000000002      -0.30584450350769588     
 -0.59999999999999998      -0.90000000000000002      -0.57188594262307868     
 -0.49999999999999994      -0.90000000000000002      -0.62308572447183952     
 -0.39999999999999991      -0.90000000000000002      -0.43244643519296472     
 -0.29999999999999993      -0.90000000000000002       -7.9194042207121590E-002
 -0.19999999999999993      -0.90000000000000002       0.31839424327767130     
  -9.9999999999999978E-002 -0.90000000000000002       0.59502403958467176     
   2.7755575615628914E-017 -0.90000000000000002       0.64692338465825905     
  0.10000000000000009      -0.90000000000000002       0.44989555670462705     
  0.20000000000000009      -0.90000000000000002        8.2840811253876656E-002
  0.30000000000000016      -0.90000000000000002      -0.31720785622566777     
  0.40000000000000013      -0.90000000000000002      -0.59495363850397354     
  0.50000000000000011      -0.90000000000000002      -0.64609245715163832     
  0.60000000000000009      -0.90000000000000002      -0.45015593644041979     
  0.70000000000000007      -0.90000000000000002       -8.2235646108624980E-002
  0.80000000000000004      -0.90000000000000002       0.31667437729186082     
  0.90000000000000002      -0.90000000000000002       0.59451336752801431     
   1.0000000000000000      -0.90000000000000002       0.63553633431101064     
  -1.0000000000000000      -0.80000000000000004       0.11371925358882053     
 -0.90000000000000002      -0.80000000000000004        7.7852280336239033E-002
 -0.80000000000000004      -0.80000000000000004        1.3689903654075708E-002
 -0.69999999999999996      -0.80000000000000004       -5.5204889283654253E-002
 -0.59999999999999998      -0.80000000000000004      -0.10285975875258678     
 -0.49999999999999994      -0.80000000000000004      -0.11187475959966597     
 -0.39999999999999991      -0.80000000000000004       -7.7463606248517947E-002
 -0.29999999999999993      -0.80000000000000004       -1.3926885208820882E-002
 -0.19999999999999993      -0.80000000000000004        5.7470718939232432E-002
  -9.9999999999999978E-002 -0.80000000000000004       0.10702267829113303     
   2.7755575615628914E-017 -0.80000000000000004       0.11615640123578744     
  0.10000000000000009      -0.80000000000000004        8.0592853383647689E-002
  0.20000000000000009      -0.80000000000000004        1.4574757053679461E-002
  0.30000000000000016      -0.80000000000000004       -5.7255558478153105E-002
  0.40000000000000013      -0.80000000000000004      -0.10700856590812050     
  0.50000000000000011      -0.80000000000000004      -0.11600612600783057     
  0.60000000000000009      -0.80000000000000004       -8.0638603619815827E-002
  0.70000000000000007      -0.80000000000000004       -1.4464744841586311E-002
  0.80000000000000004      -0.80000000000000004        5.7160612053200832E-002
  0.90000000000000002      -0.80000000000000004       0.10693090713025093     
   1.0000000000000000      -0.80000000000000004       0.11411269193892545     
  -1.0000000000000000      -0.69999999999999996      -0.44529958895216315     
 -0.90000000000000002      -0.69999999999999996      -0.30584450350769554     
 -0.80000000000000004      -0.69999999999999996       -5.5204889283658992E-002
 -0.69999999999999996      -0.69999999999999996       0.21455879961432103     
 -0.59999999999999998      -0.69999999999999996       0.40178897031590760     
 -0.49999999999999994      -0.69999999999999996       0.43807545087674976     
 -0.39999999999999991      -0.69999999999999996       0.30433773663126218     
 -0.29999999999999993      -0.69999999999999996        5.6154639014327726E-002
 -0.19999999999999993      -0.69999999999999996      -0.22336182538412352     
  -9.9999999999999978E-002 -0.69999999999999996      -0.41804297251746103     
   2.7755575615628914E-017 -0.69999999999999996      -0.45483249067436660     
  0.10000000000000009      -0.69999999999999996      -0.31661183468794812     
  0.20000000000000009      -0.69999999999999996       -5.8729812799527423E-002
  0.30000000000000016      -0.69999999999999996       0.22253119518367190     
  0.40000000000000013      -0.69999999999999996       0.41799586848468462     
  0.50000000000000011      -0.69999999999999996       0.45425004718072415     
  0.60000000000000009      -0.69999999999999996       0.31679652817997578     
  0.70000000000000007      -0.69999999999999996        5.8306540046350386E-002
  0.80000000000000004      -0.69999999999999996      -0.22215475506413113     
  0.90000000000000002      -0.69999999999999996      -0.41768406264529667     
   1.0000000000000000      -0.69999999999999996      -0.44682520001900272     
  -1.0000000000000000      -0.59999999999999998      -0.83301930627642362     
 -0.90000000000000002      -0.59999999999999998      -0.57188594262307313     
 -0.80000000000000004      -0.59999999999999998      -0.10285975875257768     
 -0.69999999999999996      -0.59999999999999998       0.40178897031591254     
 -0.59999999999999998      -0.59999999999999998       0.75187855559894623     
 -0.49999999999999994      -0.59999999999999998       0.81950554164564304     
 -0.39999999999999991      -0.59999999999999998       0.56906332842807827     
 -0.29999999999999993      -0.59999999999999998       0.10463083881941672     
 -0.19999999999999993      -0.59999999999999998      -0.41827463244247681     
  -9.9999999999999978E-002 -0.59999999999999998      -0.78229694771112357     
   2.7755575615628914E-017 -0.59999999999999998      -0.85085513647558952     
  0.10000000000000009      -0.59999999999999998      -0.59201909054461466     
  0.20000000000000009      -0.59999999999999998      -0.10943834822839978     
  0.30000000000000016      -0.59999999999999998       0.41671771440227312     
  0.40000000000000013      -0.59999999999999998       0.78220672923307066     
  0.50000000000000011      -0.59999999999999998       0.84976401695190340     
  0.60000000000000009      -0.59999999999999998       0.59236316699510039     
  0.70000000000000007      -0.59999999999999998       0.10864459961768484     
  0.80000000000000004      -0.59999999999999998      -0.41601470812856828     
  0.90000000000000002      -0.59999999999999998      -0.78162542229074983     
   1.0000000000000000      -0.59999999999999998      -0.83587712360278021     
  -1.0000000000000000      -0.49999999999999994      -0.90779510336379854     
 -0.90000000000000002      -0.49999999999999994      -0.62308572447184307     
 -0.80000000000000004      -0.49999999999999994      -0.11187475959966615     
 -0.69999999999999996      -0.49999999999999994       0.43807545087674848     
 -0.59999999999999998      -0.49999999999999994       0.81950554164563727     
 -0.49999999999999994      -0.49999999999999994       0.89306848408865469     
 -0.39999999999999991      -0.49999999999999994       0.62000766455589662     
 -0.29999999999999993      -0.49999999999999994       0.11380184681076302     
 -0.19999999999999993      -0.49999999999999994      -0.45605042789504574     
  -9.9999999999999978E-002 -0.49999999999999994      -0.85266086063919522     
   2.7755575615628914E-017 -0.49999999999999994      -0.92723338719885140     
  0.10000000000000009      -0.49999999999999994      -0.64502122601883927     
  0.20000000000000009      -0.49999999999999994      -0.11903567943127027     
  0.30000000000000016      -0.49999999999999994       0.45435213016249382     
  0.40000000000000013      -0.49999999999999994       0.85256143020128872     
  0.50000000000000011      -0.49999999999999994       0.92604350432561799     
  0.60000000000000009      -0.49999999999999994       0.64539543138378730     
  0.70000000000000007      -0.49999999999999994       0.11816965480109094     
  0.80000000000000004      -0.49999999999999994      -0.45358665358519823     
  0.90000000000000002      -0.49999999999999994      -0.85192899502995389     
   1.0000000000000000      -0.49999999999999994      -0.91091150073569271     
  -1.0000000000000000      -0.39999999999999991      -0.63023133933662578     
 -0.90000000000000002      -0.39999999999999991      -0.43244643519296089     
 -0.80000000000000004      -0.39999999999999991       -7.7463606248518155E-002
 -0.69999999999999996      -0.39999999999999991       0.30433773663125957     
 -0.59999999999999998      -0.39999999999999991       0.56906332842807250     
 -0.49999999999999994      -0.39999999999999991       0.62000766455589762     
 -0.39999999999999991      -0.39999999999999991       0.43030756350143079     
 -0.29999999999999993      -0.39999999999999991        7.8798684206712488E-002
 -0.19999999999999993      -0.39999999999999991      -0.31682565767951520     
  -9.9999999999999978E-002 -0.39999999999999991      -0.59208724267922219     
   2.7755575615628914E-017 -0.39999999999999991      -0.64372758872446723     
  0.10000000000000009      -0.39999999999999991      -0.44767043303118054     
  0.20000000000000009      -0.39999999999999991       -8.2427340352788647E-002
  0.30000000000000016      -0.39999999999999991       0.31564510105046839     
  0.40000000000000013      -0.39999999999999991       0.59201716856774012     
  0.50000000000000011      -0.39999999999999991       0.64290075071162900     
  0.60000000000000009      -0.39999999999999991       0.44792951233617306     
  0.70000000000000007      -0.39999999999999991        8.1825145562124252E-002
  0.80000000000000004      -0.39999999999999991      -0.31511426939604437     
  0.90000000000000002      -0.39999999999999991      -0.59157909222332661     
   1.0000000000000000      -0.39999999999999991      -0.63239680245653973     
  -1.0000000000000000      -0.29999999999999993      -0.11567811401970074     
 -0.90000000000000002      -0.29999999999999993       -7.9194042207123297E-002
 -0.80000000000000004      -0.29999999999999993       -1.3926885208821731E-002
 -0.69999999999999996      -0.29999999999999993        5.6154639014328697E-002
 -0.59999999999999998      -0.29999999999999993       0.10463083881941757     
 -0.49999999999999994      -0.29999999999999993       0.11380184681076416     
 -0.39999999999999991      -0.29999999999999993        7.8798684206715319E-002
 -0.29999999999999993      -0.29999999999999993        1.4167965030293685E-002
 -0.19999999999999993      -0.29999999999999993       -5.8459447833257856E-002
  -9.9999999999999978E-002 -0.29999999999999993      -0.10886543208672637     
   2.7755575615628914E-017 -0.29999999999999993      -0.11815723495955409     
  0.10000000000000009      -0.29999999999999993       -8.1981848940337526E-002
  0.20000000000000009      -0.29999999999999993       -1.4827024380090065E-002
  0.30000000000000016      -0.29999999999999993        5.8240589817687788E-002
  0.40000000000000013      -0.29999999999999993       0.10885108263621610     
  0.50000000000000011      -0.29999999999999993       0.11800437560460957     
  0.60000000000000009      -0.29999999999999993        8.2028391358536346E-002
  0.70000000000000007      -0.29999999999999993        1.4715122643898973E-002
  0.80000000000000004      -0.29999999999999993       -5.8144004505238885E-002
  0.90000000000000002      -0.29999999999999993      -0.10877208046726521     
   1.0000000000000000      -0.29999999999999993      -0.11607831858788756     
  -1.0000000000000000      -0.19999999999999993       0.46357098522060863     
 -0.90000000000000002      -0.19999999999999993       0.31839424327766508     
 -0.80000000000000004      -0.19999999999999993        5.7470718939208514E-002
 -0.69999999999999996      -0.19999999999999993      -0.22336182538413030     
 -0.59999999999999998      -0.19999999999999993      -0.41827463244249435     
 -0.49999999999999994      -0.19999999999999993      -0.45605042789504840     
 -0.39999999999999991      -0.19999999999999993      -0.31682565767951271     
 -0.29999999999999993      -0.19999999999999993       -5.8459447833258134E-002
 -0.19999999999999993      -0.19999999999999993       0.23252602468950581     
  -9.9999999999999978E-002 -0.19999999999999993       0.43519554389710713     
   2.7755575615628914E-017 -0.19999999999999993       0.47349503362181727     
  0.10000000000000009      -0.19999999999999993       0.32960339153761192     
  0.20000000000000009      -0.19999999999999993        6.1140301552377041E-002
  0.30000000000000016      -0.19999999999999993      -0.23166131737774509     
  0.40000000000000013      -0.19999999999999993      -0.43514651059074200     
  0.50000000000000011      -0.19999999999999993      -0.47288869404711398     
  0.60000000000000009      -0.19999999999999993      -0.32979566569035063     
  0.70000000000000007      -0.19999999999999993       -6.0699664393701329E-002
  0.80000000000000004      -0.19999999999999993       0.23126942930514932     
  0.90000000000000002      -0.19999999999999993       0.43482190753740413     
   1.0000000000000000      -0.19999999999999993       0.46515918832304176     
  -1.0000000000000000       -9.9999999999999978E-002  0.86672136263092037     
 -0.90000000000000002       -9.9999999999999978E-002  0.59502403958467132     
 -0.80000000000000004       -9.9999999999999978E-002  0.10702267829113372     
 -0.69999999999999996       -9.9999999999999978E-002 -0.41804297251746020     
 -0.59999999999999998       -9.9999999999999978E-002 -0.78229694771112457     
 -0.49999999999999994       -9.9999999999999978E-002 -0.85266086063919400     
 -0.39999999999999991       -9.9999999999999978E-002 -0.59208724267922630     
 -0.29999999999999993       -9.9999999999999978E-002 -0.10886543208672536     
 -0.19999999999999993       -9.9999999999999978E-002  0.43519554389710807     
  -9.9999999999999978E-002  -9.9999999999999978E-002  0.81394595580488971     
   2.7755575615628914E-017  -9.9999999999999978E-002  0.88527878030598861     
  0.10000000000000009       -9.9999999999999978E-002  0.61597176114200336     
  0.20000000000000009       -9.9999999999999978E-002  0.11386747685770812     
  0.30000000000000016       -9.9999999999999978E-002 -0.43357564728574233     
  0.40000000000000013       -9.9999999999999978E-002 -0.81385209472314812     
  0.50000000000000011       -9.9999999999999978E-002 -0.88414352204361579     
  0.60000000000000009       -9.9999999999999978E-002 -0.61632976320065547     
  0.70000000000000007       -9.9999999999999978E-002 -0.11304162179964687     
  0.80000000000000004       -9.9999999999999978E-002  0.43284419476910801     
  0.90000000000000002       -9.9999999999999978E-002  0.81324726241161960     
   1.0000000000000000       -9.9999999999999978E-002  0.86969478712959125     
  -1.0000000000000000        2.7755575615628914E-017  0.94252338438785555     
 -0.90000000000000002        2.7755575615628914E-017  0.64692338465825405     
 -0.80000000000000004        2.7755575615628914E-017  0.11615640123577647     
 -0.69999999999999996        2.7755575615628914E-017 -0.45483249067437065     
 -0.59999999999999998        2.7755575615628914E-017 -0.85085513647558919     
 -0.49999999999999994        2.7755575615628914E-017 -0.92723338719885895     
 -0.39999999999999991        2.7755575615628914E-017 -0.64372758872446967     
 -0.29999999999999993        2.7755575615628914E-017 -0.11815723495955099     
 -0.19999999999999993        2.7755575615628914E-017  0.47349503362181500     
  -9.9999999999999978E-002   2.7755575615628914E-017  0.88527878030598939     
   2.7755575615628914E-017   2.7755575615628914E-017  0.96270528042006287     
  0.10000000000000009        2.7755575615628914E-017  0.66969808322143587     
  0.20000000000000009        2.7755575615628914E-017  0.12359133428324579     
  0.30000000000000016        2.7755575615628914E-017 -0.47173177982668757     
  0.40000000000000013        2.7755575615628914E-017 -0.88517555529014535     
  0.50000000000000011        2.7755575615628914E-017 -0.96146988458412497     
  0.60000000000000009        2.7755575615628914E-017 -0.67008661030494743     
  0.70000000000000007        2.7755575615628914E-017 -0.12269218779336311     
  0.80000000000000004        2.7755575615628914E-017  0.47093701421222439     
  0.90000000000000002        2.7755575615628914E-017  0.88451891721381126     
   1.0000000000000000        2.7755575615628914E-017  0.94575898461816532     
  -1.0000000000000000       0.10000000000000009       0.65565736816956310     
 -0.90000000000000002       0.10000000000000009       0.44989555670462916     
 -0.80000000000000004       0.10000000000000009        8.0592853383647550E-002
 -0.69999999999999996       0.10000000000000009      -0.31661183468794812     
 -0.59999999999999998       0.10000000000000009      -0.59201909054461277     
 -0.49999999999999994       0.10000000000000009      -0.64502122601883738     
 -0.39999999999999991       0.10000000000000009      -0.44767043303118220     
 -0.29999999999999993       0.10000000000000009       -8.1981848940336943E-002
 -0.19999999999999993       0.10000000000000009       0.32960339153761303     
  -9.9999999999999978E-002  0.10000000000000009       0.61597176114200503     
   2.7755575615628914E-017  0.10000000000000009       0.66969808322143498     
  0.10000000000000009       0.10000000000000009       0.46573384195479928     
  0.20000000000000009       0.10000000000000009        8.5756996631571436E-002
  0.30000000000000016       0.10000000000000009      -0.32837523677424113     
  0.40000000000000013       0.10000000000000009      -0.61589888066394616     
  0.50000000000000011       0.10000000000000009      -0.66883790251885622     
  0.60000000000000009       0.10000000000000009      -0.46600338761528015     
  0.70000000000000007       0.10000000000000009       -8.5130525990665437E-002
  0.80000000000000004       0.10000000000000009       0.32782297745844885     
  0.90000000000000002       0.10000000000000009       0.61544311101368665     
   1.0000000000000000       0.10000000000000009       0.65791015653499396     
  -1.0000000000000000       0.20000000000000009       0.12099824467955048     
 -0.90000000000000002       0.20000000000000009        8.2840811253881333E-002
 -0.80000000000000004       0.20000000000000009        1.4574757053695772E-002
 -0.69999999999999996       0.20000000000000009       -5.8729812799524037E-002
 -0.59999999999999998       0.20000000000000009      -0.10943834822838787     
 -0.49999999999999994       0.20000000000000009      -0.11903567943127168     
 -0.39999999999999991       0.20000000000000009       -8.2427340352791811E-002
 -0.29999999999999993       0.20000000000000009       -1.4827024380089664E-002
 -0.19999999999999993       0.20000000000000009        6.1140301552381995E-002
  -9.9999999999999978E-002  0.20000000000000009       0.11386747685770901     
   2.7755575615628914E-017  0.20000000000000009       0.12359133428324633     
  0.10000000000000009       0.20000000000000009        8.5756996631570728E-002
  0.20000000000000009       0.20000000000000009        1.5516570969779040E-002
  0.30000000000000016       0.20000000000000009       -6.0911432875386973E-002
  0.40000000000000013       0.20000000000000009      -0.11385250496485044     
  0.50000000000000011       0.20000000000000009      -0.12343147240079264     
  0.60000000000000009       0.20000000000000009       -8.5805705044866967E-002
  0.70000000000000007       0.20000000000000009       -1.5399557390485959E-002
  0.80000000000000004       0.20000000000000009        6.0810384097819754E-002
  0.90000000000000002       0.20000000000000009       0.11376983396149182     
   1.0000000000000000       0.20000000000000009       0.12141678579175820     
  -1.0000000000000000       0.30000000000000016      -0.46184468040156756     
 -0.90000000000000002       0.30000000000000016      -0.31720785622566611     
 -0.80000000000000004       0.30000000000000016       -5.7255558478152432E-002
 -0.69999999999999996       0.30000000000000016       0.22253119518367107     
 -0.59999999999999998       0.30000000000000016       0.41671771440227329     
 -0.49999999999999994       0.30000000000000016       0.45435213016249248     
 -0.39999999999999991       0.30000000000000016       0.31564510105047117     
 -0.29999999999999993       0.30000000000000016        5.8240589817686650E-002
 -0.19999999999999993       0.30000000000000016      -0.23166131737774276     
  -9.9999999999999978E-002  0.30000000000000016      -0.43357564728574144     
   2.7755575615628914E-017  0.30000000000000016      -0.47173177982668557     
  0.10000000000000009       0.30000000000000016      -0.32837523677424013     
  0.20000000000000009       0.30000000000000016       -6.0911432875386494E-002
  0.30000000000000016       0.30000000000000016       0.23079982166539559     
  0.40000000000000013       0.30000000000000016       0.43352679073557954     
  0.50000000000000011       0.30000000000000016       0.47112769392029691     
  0.60000000000000009       0.30000000000000016       0.32856679094038155     
  0.70000000000000007       0.30000000000000016        6.0472431243256720E-002
  0.80000000000000004       0.30000000000000016      -0.23040939628338908     
  0.90000000000000002       0.30000000000000016      -0.43320340200122404     
   1.0000000000000000       0.30000000000000016      -0.46342697988684584     
  -1.0000000000000000       0.40000000000000013      -0.86662029099647608     
 -0.90000000000000002       0.40000000000000013      -0.59495363850396699     
 -0.80000000000000004       0.40000000000000013      -0.10700856590810327     
 -0.69999999999999996       0.40000000000000013       0.41799586848468900     
 -0.59999999999999998       0.40000000000000013       0.78220672923308598     
 -0.49999999999999994       0.40000000000000013       0.85256143020129449     
 -0.39999999999999991       0.40000000000000013       0.59201716856775000     
 -0.29999999999999993       0.40000000000000013       0.10885108263621386     
 -0.19999999999999993       0.40000000000000013      -0.43514651059073506     
  -9.9999999999999978E-002  0.40000000000000013      -0.81385209472314657     
   2.7755575615628914E-017  0.40000000000000013      -0.88517555529015535     
  0.10000000000000009       0.40000000000000013      -0.61589888066394649     
  0.20000000000000009       0.40000000000000013      -0.11385250496485493     
  0.30000000000000016       0.40000000000000013       0.43352679073557920     
  0.40000000000000013       0.40000000000000013       0.81375823627402122     
  0.50000000000000011       0.40000000000000013       0.88404042329652144     
  0.60000000000000009       0.40000000000000013       0.61625683532813214     
  0.70000000000000007       0.40000000000000013       0.11302673854144343     
  0.80000000000000004       0.40000000000000013      -0.43279542826720696     
  0.90000000000000002       0.40000000000000013      -0.81315348235487150     
   1.0000000000000000       0.40000000000000013      -0.86959338408986564     
  -1.0000000000000000       0.50000000000000011      -0.94131387927899379     
 -0.90000000000000002       0.50000000000000011      -0.64609245715164032     
 -0.80000000000000004       0.50000000000000011      -0.11600612600783197     
 -0.69999999999999996       0.50000000000000011       0.45425004718072265     
 -0.59999999999999998       0.50000000000000011       0.84976401695190551     
 -0.49999999999999994       0.50000000000000011       0.92604350432561433     
 -0.39999999999999991       0.50000000000000011       0.64290075071163300     
 -0.29999999999999993       0.50000000000000011       0.11800437560460898     
 -0.19999999999999993       0.50000000000000011      -0.47288869404711797     
  -9.9999999999999978E-002  0.50000000000000011      -0.88414352204361502     
   2.7755575615628914E-017  0.50000000000000011      -0.96146988458412452     
  0.10000000000000009       0.50000000000000011      -0.66883790251885500     
  0.20000000000000009       0.50000000000000011      -0.12343147240079153     
  0.30000000000000016       0.50000000000000011       0.47112769392029785     
  0.40000000000000013       0.50000000000000011       0.88404042329652577     
  0.50000000000000011       0.50000000000000011       0.96023606952586493     
  0.60000000000000009       0.50000000000000011       0.66922592681094595     
  0.70000000000000007       0.50000000000000011       0.12253347403614440     
  0.80000000000000004       0.50000000000000011      -0.47033395173839249     
  0.90000000000000002       0.50000000000000011      -0.88338463371806109     
   1.0000000000000000       0.50000000000000011      -0.94454533881007474     
  -1.0000000000000000       0.60000000000000009      -0.65603774305800999     
 -0.90000000000000002       0.60000000000000009      -0.45015593644042001     
 -0.80000000000000004       0.60000000000000009       -8.0638603619807042E-002
 -0.69999999999999996       0.60000000000000009       0.31679652817997372     
 -0.59999999999999998       0.60000000000000009       0.59236316699511093     
 -0.49999999999999994       0.60000000000000009       0.64539543138379030     
 -0.39999999999999991       0.60000000000000009       0.44792951233617195     
 -0.29999999999999993       0.60000000000000009        8.2028391358535971E-002
 -0.19999999999999993       0.60000000000000009      -0.32979566569036844     
  -9.9999999999999978E-002  0.60000000000000009      -0.61632976320065469     
   2.7755575615628914E-017  0.60000000000000009      -0.67008661030494954     
  0.10000000000000009       0.60000000000000009      -0.46600338761528093     
  0.20000000000000009       0.60000000000000009       -8.5805705044854116E-002
  0.30000000000000016       0.60000000000000009       0.32856679094037977     
  0.40000000000000013       0.60000000000000009       0.61625683532813802     
  0.50000000000000011       0.60000000000000009       0.66922592681094528     
  0.60000000000000009       0.60000000000000009       0.46627308617939039     
  0.70000000000000007       0.60000000000000009        8.5178866236529246E-002
  0.80000000000000004       0.60000000000000009      -0.32801421416135851     
  0.90000000000000002       0.60000000000000009      -0.61580080610234245     
   1.0000000000000000       0.60000000000000009      -0.65829184781194172     
  -1.0000000000000000       0.70000000000000007      -0.12011793792118960     
 -0.90000000000000002       0.70000000000000007       -8.2235646108626215E-002
 -0.80000000000000004       0.70000000000000007       -1.4464744841585079E-002
 -0.69999999999999996       0.70000000000000007        5.8306540046350594E-002
 -0.59999999999999998       0.70000000000000007       0.10864459961768497     
 -0.49999999999999994       0.70000000000000007       0.11816965480109029     
 -0.39999999999999991       0.70000000000000007        8.1825145562124627E-002
 -0.29999999999999993       0.70000000000000007        1.4715122643899606E-002
 -0.19999999999999993       0.70000000000000007       -6.0699664393704396E-002
  -9.9999999999999978E-002  0.70000000000000007      -0.11304162179964777     
   2.7755575615628914E-017  0.70000000000000007      -0.12269218779336233     
  0.10000000000000009       0.70000000000000007       -8.5130525990665187E-002
  0.20000000000000009       0.70000000000000007       -1.5399557390483201E-002
  0.30000000000000016       0.70000000000000007        6.0472431243257553E-002
  0.40000000000000013       0.70000000000000007       0.11302673854144470     
  0.50000000000000011       0.70000000000000007       0.12253347403614427     
  0.60000000000000009       0.70000000000000007        8.5178866236527276E-002
  0.70000000000000007       0.70000000000000007        1.5283376445265721E-002
  0.80000000000000004       0.70000000000000007       -6.0372129201754159E-002
  0.90000000000000002       0.70000000000000007      -0.11294468818226971     
   1.0000000000000000       0.70000000000000007      -0.12053347132084635     
  -1.0000000000000000       0.80000000000000004       0.46106658209032964     
 -0.90000000000000002       0.80000000000000004       0.31667437729185755     
 -0.80000000000000004       0.80000000000000004        5.7160612053185199E-002
 -0.69999999999999996       0.80000000000000004      -0.22215475506413801     
 -0.59999999999999998       0.80000000000000004      -0.41601470812860264     
 -0.49999999999999994       0.80000000000000004      -0.45358665358520606     
 -0.39999999999999991       0.80000000000000004      -0.31511426939606146     
 -0.29999999999999993       0.80000000000000004       -5.8144004505239343E-002
 -0.19999999999999993       0.80000000000000004       0.23126942930515093     
  -9.9999999999999978E-002  0.80000000000000004       0.43284419476910929     
   2.7755575615628914E-017  0.80000000000000004       0.47093701421224965     
  0.10000000000000009       0.80000000000000004       0.32782297745845446     
  0.20000000000000009       0.80000000000000004        6.0810384097827443E-002
  0.30000000000000016       0.80000000000000004      -0.23040939628339130     
  0.40000000000000013       0.80000000000000004      -0.43279542826722084     
  0.50000000000000011       0.80000000000000004      -0.47033395173839532     
  0.60000000000000009       0.80000000000000004      -0.32801421416136578     
  0.70000000000000007       0.80000000000000004       -6.0372129201752452E-002
  0.80000000000000004       0.80000000000000004       0.23001962426278957     
  0.90000000000000002       0.80000000000000004       0.43247257705204917     
   1.0000000000000000       0.80000000000000004       0.46264620154651975     
  -1.0000000000000000       0.90000000000000002       0.86597742853511928     
 -0.90000000000000002       0.90000000000000002       0.59451336752801343     
 -0.80000000000000004       0.90000000000000002       0.10693090713025352     
 -0.69999999999999996       0.90000000000000002      -0.41768406264529495     
 -0.59999999999999998       0.90000000000000002      -0.78162542229075227     
 -0.49999999999999994       0.90000000000000002      -0.85192899502995145     
 -0.39999999999999991       0.90000000000000002      -0.59157909222333394     
 -0.29999999999999993       0.90000000000000002      -0.10877208046726362     
 -0.19999999999999993       0.90000000000000002       0.43482190753739919     
  -9.9999999999999978E-002  0.90000000000000002       0.81324726241161671     
   2.7755575615628914E-017  0.90000000000000002       0.88451891721381182     
  0.10000000000000009       0.90000000000000002       0.61544311101368576     
  0.20000000000000009       0.90000000000000002       0.11376983396149362     
  0.30000000000000016       0.90000000000000002      -0.43320340200122304     
  0.40000000000000013       0.90000000000000002      -0.81315348235487239     
  0.50000000000000011       0.90000000000000002      -0.88338463371805864     
  0.60000000000000009       0.90000000000000002      -0.61580080610234755     
  0.70000000000000007       0.90000000000000002      -0.11294468818226928     
  0.80000000000000004       0.90000000000000002       0.43247257705204206     
  0.90000000000000002       0.90000000000000002       0.81254916875432470     
   1.0000000000000000       0.90000000000000002       0.86894830000962009     
  -1.0000000000000000        1.0000000000000000       0.92593235237426053     
 -0.90000000000000002        1.0000000000000000       0.63553633431100409     
 -0.80000000000000004        1.0000000000000000       0.11411269193890929     
 -0.69999999999999996        1.0000000000000000      -0.44682520001900228     
 -0.59999999999999998        1.0000000000000000      -0.83587712360277344     
 -0.49999999999999994        1.0000000000000000      -0.91091150073569793     
 -0.39999999999999991        1.0000000000000000      -0.63239680245653662     
 -0.29999999999999993        1.0000000000000000      -0.11607831858788360     
 -0.19999999999999993        1.0000000000000000       0.46515918832303565     
  -9.9999999999999978E-002   1.0000000000000000       0.86969478712958725     
   2.7755575615628914E-017   1.0000000000000000       0.94575898461815433     
  0.10000000000000009        1.0000000000000000       0.65791015653499396     
  0.20000000000000009        1.0000000000000000       0.12141678579175139     
  0.30000000000000016        1.0000000000000000      -0.46342697988684345     
  0.40000000000000013        1.0000000000000000      -0.86959338408984665     
  0.50000000000000011        1.0000000000000000      -0.94454533881006841     
  0.60000000000000009        1.0000000000000000      -0.65829184781192218     
  0.70000000000000007        1.0000000000000000      -0.12053347132084667     
  0.80000000000000004        1.0000000000000000       0.46264620154648711     
  0.90000000000000002        1.0000000000000000       0.86894830000961665     
   1.0000000000000000        1.0000000000000000       0.92911098797071068     
