  -1.0000000000000000       -1.0000000000000000       0.40483574884785817     
 -0.90000000000000002       -1.0000000000000000       0.59485607258404916     
 -0.80000000000000004       -1.0000000000000000       0.56321496865458121     
 -0.69999999999999996       -1.0000000000000000       0.32161116004106455     
 -0.59999999999999998       -1.0000000000000000       -4.6759992715505072E-002
 -0.49999999999999994       -1.0000000000000000      -0.39580653755787981     
 -0.39999999999999991       -1.0000000000000000      -0.59589071378092484     
 -0.29999999999999993       -1.0000000000000000      -0.56615612766858636     
 -0.19999999999999993       -1.0000000000000000      -0.32315036143556136     
  -9.9999999999999978E-002  -1.0000000000000000        4.7778115841015843E-002
   2.7755575615628914E-017  -1.0000000000000000       0.40821449173305280     
  0.10000000000000009       -1.0000000000000000       0.61625227503494939     
  0.20000000000000009       -1.0000000000000000       0.58437159539627814     
  0.30000000000000016       -1.0000000000000000       0.33340640588199705     
  0.40000000000000013       -1.0000000000000000       -5.0311155566879977E-002
  0.50000000000000011       -1.0000000000000000      -0.41024665819772860     
  0.60000000000000009       -1.0000000000000000      -0.61930805344556727     
  0.70000000000000007       -1.0000000000000000      -0.58705663146459097     
  0.80000000000000004       -1.0000000000000000      -0.33667866662621604     
  0.90000000000000002       -1.0000000000000000        4.6935034853892159E-002
   1.0000000000000000       -1.0000000000000000       0.40050948697863442     
  -1.0000000000000000      -0.90000000000000002       0.59485607258404427     
 -0.90000000000000002      -0.90000000000000002       0.87371613505058032     
 -0.80000000000000004      -0.90000000000000002       0.82700682759917987     
 -0.69999999999999996      -0.90000000000000002       0.47199659872667937     
 -0.59999999999999998      -0.90000000000000002       -6.9059605592052570E-002
 -0.49999999999999994      -0.90000000000000002      -0.58159104466098277     
 -0.39999999999999991      -0.90000000000000002      -0.87523502284767007     
 -0.29999999999999993      -0.90000000000000002      -0.83132681163050393     
 -0.19999999999999993      -0.90000000000000002      -0.47425544667612685     
  -9.9999999999999978E-002 -0.90000000000000002        7.0566152647654701E-002
   2.7755575615628914E-017 -0.90000000000000002       0.59982618951147848     
  0.10000000000000009      -0.90000000000000002       0.90514293918246957     
  0.20000000000000009      -0.90000000000000002       0.85807446576013791     
  0.30000000000000016      -0.90000000000000002       0.48930720350833534     
  0.40000000000000013      -0.90000000000000002       -7.4290574391266490E-002
  0.50000000000000011      -0.90000000000000002      -0.60280868739824622     
  0.60000000000000009      -0.90000000000000002      -0.90963001156084233     
  0.70000000000000007      -0.90000000000000002      -0.86201591327508842     
  0.80000000000000004      -0.90000000000000002      -0.49411240152216557     
  0.90000000000000002      -0.90000000000000002        6.9332527640036057E-002
   1.0000000000000000      -0.90000000000000002       0.58850396057600041     
  -1.0000000000000000      -0.80000000000000004       0.56321496865455722     
 -0.90000000000000002      -0.80000000000000004       0.82700682759918076     
 -0.80000000000000004      -0.80000000000000004       0.78263695368146535     
 -0.69999999999999996      -0.80000000000000004       0.44650792667543487     
 -0.59999999999999998      -0.80000000000000004       -6.5621729414860580E-002
 -0.49999999999999994      -0.80000000000000004      -0.55065705155741895     
 -0.39999999999999991      -0.80000000000000004      -0.82844399325590712     
 -0.29999999999999993      -0.80000000000000004      -0.78672602368258959     
 -0.19999999999999993      -0.80000000000000004      -0.44864473617896145     
  -9.9999999999999978E-002 -0.80000000000000004        6.7055201689077387E-002
   2.7755575615628914E-017 -0.80000000000000004       0.56792438429910486     
  0.10000000000000009      -0.80000000000000004       0.85675378438010485     
  0.20000000000000009      -0.80000000000000004       0.81203906718231955     
  0.30000000000000016      -0.80000000000000004       0.46288366020065880     
  0.40000000000000013      -0.80000000000000004       -7.0583146811366168E-002
  0.50000000000000011      -0.80000000000000004      -0.57074588224231870     
  0.60000000000000009      -0.80000000000000004      -0.86100016382848454     
  0.70000000000000007      -0.80000000000000004      -0.81576826496238597     
  0.80000000000000004      -0.80000000000000004      -0.46743126499331750     
  0.90000000000000002      -0.80000000000000004        6.5890663154731924E-002
   1.0000000000000000      -0.80000000000000004       0.55720394461871647     
  -1.0000000000000000      -0.69999999999999996       0.32161116004106682     
 -0.90000000000000002      -0.69999999999999996       0.47199659872667965     
 -0.80000000000000004      -0.69999999999999996       0.44650792667543426     
 -0.69999999999999996      -0.69999999999999996       0.25456672866956254     
 -0.59999999999999998      -0.69999999999999996       -3.7718926394179904E-002
 -0.49999999999999994      -0.69999999999999996      -0.31444184940604492     
 -0.39999999999999991      -0.69999999999999996      -0.47281628297123335     
 -0.29999999999999993      -0.69999999999999996      -0.44884171283840418     
 -0.19999999999999993      -0.69999999999999996      -0.25578492447214601     
  -9.9999999999999978E-002 -0.69999999999999996        3.8544887450090277E-002
   2.7755575615628914E-017 -0.69999999999999996       0.32430421153244160     
  0.10000000000000009      -0.69999999999999996       0.48897430084756432     
  0.20000000000000009      -0.69999999999999996       0.46328369578693573     
  0.30000000000000016      -0.69999999999999996       0.26390292438417257     
  0.40000000000000013      -0.69999999999999996       -4.0561150977361141E-002
  0.50000000000000011      -0.69999999999999996      -0.32591289026169373     
  0.60000000000000009      -0.69999999999999996      -0.49139697969229224     
  0.70000000000000007      -0.69999999999999996      -0.46541044187480102     
  0.80000000000000004      -0.69999999999999996      -0.26649763337764559     
  0.90000000000000002      -0.69999999999999996        3.7883543934208751E-002
   1.0000000000000000      -0.69999999999999996       0.31818207108062374     
  -1.0000000000000000      -0.59999999999999998       -4.6759992715489203E-002
 -0.90000000000000002      -0.59999999999999998       -6.9059605592046477E-002
 -0.80000000000000004      -0.59999999999999998       -6.5621729414834490E-002
 -0.69999999999999996      -0.59999999999999998       -3.7718926394178988E-002
 -0.59999999999999998      -0.59999999999999998        5.0490972877668830E-003
 -0.49999999999999994      -0.59999999999999998        4.5714802859885592E-002
 -0.39999999999999991      -0.59999999999999998        6.9180500970295336E-002
 -0.29999999999999993      -0.59999999999999998        6.5963130700685740E-002
 -0.19999999999999993      -0.59999999999999998        3.7899530117983325E-002
  -9.9999999999999978E-002 -0.59999999999999998       -5.1561451811294240E-003
   2.7755575615628914E-017 -0.59999999999999998       -4.7144773453802837E-002
  0.10000000000000009      -0.59999999999999998       -7.1543223450508134E-002
  0.20000000000000009      -0.59999999999999998       -6.8084820081895217E-002
  0.30000000000000016      -0.59999999999999998       -3.9102386687394568E-002
  0.40000000000000013      -0.59999999999999998        5.4462852166709845E-003
  0.50000000000000011      -0.59999999999999998        4.7383018212678846E-002
  0.60000000000000009      -0.59999999999999998        7.1899195374223776E-002
  0.70000000000000007      -0.59999999999999998        6.8398835389549995E-002
  0.80000000000000004      -0.59999999999999998        3.9483331437762406E-002
  0.90000000000000002      -0.59999999999999998       -5.0535838296459938E-003
   1.0000000000000000      -0.59999999999999998       -4.6255495299400082E-002
  -1.0000000000000000      -0.49999999999999994      -0.39580653755787748     
 -0.90000000000000002      -0.49999999999999994      -0.58159104466098466     
 -0.80000000000000004      -0.49999999999999994      -0.55065705155741673     
 -0.69999999999999996      -0.49999999999999994      -0.31444184940604630     
 -0.59999999999999998      -0.49999999999999994        4.5714802859884981E-002
 -0.49999999999999994      -0.49999999999999994       0.38697869351333763     
 -0.39999999999999991      -0.49999999999999994       0.58260261887077081     
 -0.29999999999999993      -0.49999999999999994       0.55353262369825318     
 -0.19999999999999993      -0.49999999999999994       0.31594673970107240     
  -9.9999999999999978E-002 -0.49999999999999994       -4.6710149979753278E-002
   2.7755575615628914E-017 -0.49999999999999994      -0.39910988747593967     
  0.10000000000000009      -0.49999999999999994      -0.60251011885964911     
  0.20000000000000009      -0.49999999999999994      -0.57134193977645431     
  0.30000000000000016      -0.49999999999999994      -0.32597415794246476     
  0.40000000000000013      -0.49999999999999994        4.9186678450697387E-002
  0.50000000000000011      -0.49999999999999994       0.40109675259217265     
  0.60000000000000009      -0.49999999999999994       0.60549776262802024     
  0.70000000000000007      -0.49999999999999994       0.57396711561964731     
  0.80000000000000004      -0.49999999999999994       0.32917345554093053     
  0.90000000000000002      -0.49999999999999994       -4.5885838875167867E-002
   1.0000000000000000      -0.49999999999999994      -0.39157673488110140     
  -1.0000000000000000      -0.39999999999999991      -0.59589071378088565     
 -0.90000000000000002      -0.39999999999999991      -0.87523502284765831     
 -0.80000000000000004      -0.39999999999999991      -0.82844399325588125     
 -0.69999999999999996      -0.39999999999999991      -0.47281628297123290     
 -0.59999999999999998      -0.39999999999999991        6.9180500970312045E-002
 -0.49999999999999994      -0.39999999999999991       0.58260261887076881     
 -0.39999999999999991      -0.39999999999999991       0.87675654938498260     
 -0.29999999999999993      -0.39999999999999991       0.83277148735955320     
 -0.19999999999999993      -0.39999999999999991       0.47507905352026808     
  -9.9999999999999978E-002 -0.39999999999999991       -7.0689691739539734E-002
   2.7755575615628914E-017 -0.39999999999999991      -0.60086948742387014     
  0.10000000000000009      -0.39999999999999991      -0.90671646085521540     
  0.20000000000000009      -0.39999999999999991      -0.85956562477113718     
  0.30000000000000016      -0.39999999999999991      -0.49015694967542683     
  0.40000000000000013      -0.39999999999999991        7.4420596813805542E-002
  0.50000000000000011      -0.39999999999999991       0.60385716501208508     
  0.60000000000000009      -0.39999999999999991       0.91121133097615903     
  0.70000000000000007      -0.39999999999999991       0.86351391910035469     
  0.80000000000000004      -0.39999999999999991       0.49497049882330379     
  0.90000000000000002      -0.39999999999999991       -6.9453932547548738E-002
   1.0000000000000000      -0.39999999999999991      -0.58952756408278018     
  -1.0000000000000000      -0.29999999999999993      -0.56615612766858103     
 -0.90000000000000002      -0.29999999999999993      -0.83132681163050504     
 -0.80000000000000004      -0.29999999999999993      -0.78672602368258426     
 -0.69999999999999996      -0.29999999999999993      -0.44884171283840418     
 -0.59999999999999998      -0.29999999999999993        6.5963130700689418E-002
 -0.49999999999999994      -0.29999999999999993       0.55353262369825196     
 -0.39999999999999991      -0.29999999999999993       0.83277148735955631     
 -0.29999999999999993      -0.29999999999999993       0.79083645333502961     
 -0.19999999999999993      -0.29999999999999993       0.45098969125083377     
  -9.9999999999999978E-002 -0.29999999999999993       -6.7404050393151352E-002
   2.7755575615628914E-017 -0.29999999999999993      -0.57089011637426446     
  0.10000000000000009      -0.29999999999999993      -0.86122915440095582     
  0.20000000000000009      -0.29999999999999993      -0.81628174841521572     
  0.30000000000000016      -0.29999999999999993      -0.46530303862985262     
  0.40000000000000013      -0.29999999999999993        7.0950409748731499E-002
  0.50000000000000011      -0.29999999999999993       0.57372636126624421     
  0.60000000000000009      -0.29999999999999993       0.86549771981515977     
  0.70000000000000007      -0.29999999999999993       0.82003043451789348     
  0.80000000000000004      -0.29999999999999993       0.46987440228284921     
  0.90000000000000002      -0.29999999999999993       -6.6233411548087470E-002
   1.0000000000000000      -0.29999999999999993      -0.56011369607136408     
  -1.0000000000000000      -0.19999999999999993      -0.32315036143556330     
 -0.90000000000000002      -0.19999999999999993      -0.47425544667612524     
 -0.80000000000000004      -0.19999999999999993      -0.44864473617896938     
 -0.69999999999999996      -0.19999999999999993      -0.25578492447214579     
 -0.59999999999999998      -0.19999999999999993        3.7899530117969114E-002
 -0.49999999999999994      -0.19999999999999993       0.31594673970107073     
 -0.39999999999999991      -0.19999999999999993       0.47507905352027041     
 -0.29999999999999993      -0.19999999999999993       0.45098969125083266     
 -0.19999999999999993      -0.19999999999999993       0.25700894981127703     
  -9.9999999999999978E-002 -0.19999999999999993       -3.8729446840134830E-002
   2.7755575615628914E-017 -0.19999999999999993      -0.32585630295483675     
  0.10000000000000009      -0.19999999999999993      -0.49131439957325901     
  0.20000000000000009      -0.19999999999999993      -0.46550078795992289     
  0.30000000000000016      -0.19999999999999993      -0.26516579731201018     
  0.40000000000000013      -0.19999999999999993        4.0755360394240554E-002
  0.50000000000000011      -0.19999999999999993       0.32747267983920292     
  0.60000000000000009      -0.19999999999999993       0.49374867241244080     
  0.70000000000000007      -0.19999999999999993       0.46763771149027417     
  0.80000000000000004      -0.19999999999999993       0.26777292360526389     
  0.90000000000000002      -0.19999999999999993       -3.8064939272850130E-002
   1.0000000000000000      -0.19999999999999993      -0.31970486234857237     
  -1.0000000000000000       -9.9999999999999978E-002   4.7778115841012603E-002
 -0.90000000000000002       -9.9999999999999978E-002   7.0566152647653826E-002
 -0.80000000000000004       -9.9999999999999978E-002   6.7055201689076971E-002
 -0.69999999999999996       -9.9999999999999978E-002   3.8544887450089084E-002
 -0.59999999999999998       -9.9999999999999978E-002  -5.1561451811324233E-003
 -0.49999999999999994       -9.9999999999999978E-002  -4.6710149979754589E-002
 -0.39999999999999991       -9.9999999999999978E-002  -7.0689691739544883E-002
 -0.29999999999999993       -9.9999999999999978E-002  -6.7404050393149353E-002
 -0.19999999999999993       -9.9999999999999978E-002  -3.8729446840134810E-002
  -9.9999999999999978E-002  -9.9999999999999978E-002   5.2654379329411284E-003
   2.7755575615628914E-017  -9.9999999999999978E-002   4.8171229677042016E-002
  0.10000000000000009       -9.9999999999999978E-002   7.3103948064849419E-002
  0.20000000000000009       -9.9999999999999978E-002   6.9572081774800315E-002
  0.30000000000000016       -9.9999999999999978E-002   3.9958643295838633E-002
  0.40000000000000013       -9.9999999999999978E-002  -5.5618744676987101E-003
  0.50000000000000011       -9.9999999999999978E-002  -4.8414690788822552E-002
  0.60000000000000009       -9.9999999999999978E-002  -7.3467695480148532E-002
  0.70000000000000007       -9.9999999999999978E-002  -6.9892965989867661E-002
  0.80000000000000004       -9.9999999999999978E-002  -4.0347906929709375E-002
  0.90000000000000002       -9.9999999999999978E-002   5.1606002690860447E-003
   1.0000000000000000       -9.9999999999999978E-002   4.7262594528851454E-002
  -1.0000000000000000        2.7755575615628914E-017  0.40821449173301882     
 -0.90000000000000002        2.7755575615628914E-017  0.59982618951147593     
 -0.80000000000000004        2.7755575615628914E-017  0.56792438429908132     
 -0.69999999999999996        2.7755575615628914E-017  0.32430421153244021     
 -0.59999999999999998        2.7755575615628914E-017  -4.7144773453823771E-002
 -0.49999999999999994        2.7755575615628914E-017 -0.39910988747594417     
 -0.39999999999999991        2.7755575615628914E-017 -0.60086948742387014     
 -0.29999999999999993        2.7755575615628914E-017 -0.57089011637426346     
 -0.19999999999999993        2.7755575615628914E-017 -0.32585630295484119     
  -9.9999999999999978E-002   2.7755575615628914E-017   4.8171229677040094E-002
   2.7755575615628914E-017   2.7755575615628914E-017  0.41162134824299418     
  0.10000000000000009        2.7755575615628914E-017  0.62140115492386283     
  0.20000000000000009        2.7755575615628914E-017  0.58925788573226534     
  0.30000000000000016        2.7755575615628914E-017  0.33619822791138315     
  0.40000000000000013        2.7755575615628914E-017  -5.0725372057480449E-002
  0.50000000000000011        2.7755575615628914E-017 -0.41367052991346032     
  0.60000000000000009        2.7755575615628914E-017 -0.62448248371877557     
  0.70000000000000007        2.7755575615628914E-017 -0.59196539143860549     
  0.80000000000000004        2.7755575615628914E-017 -0.33949784529050192     
  0.90000000000000002        2.7755575615628914E-017   4.7321031637168505E-002
   1.0000000000000000        2.7755575615628914E-017  0.40385204838152516     
  -1.0000000000000000       0.10000000000000009       0.61625227503494651     
 -0.90000000000000002       0.10000000000000009       0.90514293918246957     
 -0.80000000000000004       0.10000000000000009       0.85675378438010330     
 -0.69999999999999996       0.10000000000000009       0.48897430084756438     
 -0.59999999999999998       0.10000000000000009       -7.1543223450505788E-002
 -0.49999999999999994       0.10000000000000009      -0.60251011885964678     
 -0.39999999999999991       0.10000000000000009      -0.90671646085521906     
 -0.29999999999999993       0.10000000000000009      -0.86122915440095471     
 -0.19999999999999993       0.10000000000000009      -0.49131439957326201     
  -9.9999999999999978E-002  0.10000000000000009        7.3103948064848892E-002
   2.7755575615628914E-017  0.10000000000000009       0.62140115492386139     
  0.10000000000000009       0.10000000000000009       0.93770013755144432     
  0.20000000000000009       0.10000000000000009       0.88893890549155730     
  0.30000000000000016       0.10000000000000009       0.50690756761839995     
  0.40000000000000013       0.10000000000000009       -7.6962329887539205E-002
  0.50000000000000011       0.10000000000000009      -0.62449093306818948     
  0.60000000000000009       0.10000000000000009      -0.94234860725745850     
  0.70000000000000007       0.10000000000000009      -0.89302212581497797     
  0.80000000000000004       0.10000000000000009      -0.51188560549310302     
  0.90000000000000002       0.10000000000000009        7.1825945755159312E-002
   1.0000000000000000       0.10000000000000009       0.60967168078540257     
  -1.0000000000000000       0.20000000000000009       0.58437159539625017     
 -0.90000000000000002       0.20000000000000009       0.85807446576013569     
 -0.80000000000000004       0.20000000000000009       0.81203906718230734     
 -0.69999999999999996       0.20000000000000009       0.46328369578693768     
 -0.59999999999999998       0.20000000000000009       -6.8084820081880673E-002
 -0.49999999999999994       0.20000000000000009      -0.57134193977645698     
 -0.39999999999999991       0.20000000000000009      -0.85956562477112786     
 -0.29999999999999993       0.20000000000000009      -0.81628174841521739     
 -0.19999999999999993       0.20000000000000009      -0.46550078795992272     
  -9.9999999999999978E-002  0.20000000000000009        6.9572081774797359E-002
   2.7755575615628914E-017  0.20000000000000009       0.58925788573225224     
  0.10000000000000009       0.20000000000000009       0.88893890549155596     
  0.20000000000000009       0.20000000000000009       0.84254574908498947     
  0.30000000000000016       0.20000000000000009       0.48027468327826350     
  0.40000000000000013       0.20000000000000009       -7.3232537201265005E-002
  0.50000000000000011       0.20000000000000009      -0.59218538981757363     
  0.60000000000000009       0.20000000000000009      -0.89334481261153986     
  0.70000000000000007       0.20000000000000009      -0.84641505180557786     
  0.80000000000000004       0.20000000000000009      -0.48499313078469330     
  0.90000000000000002       0.20000000000000009        6.8363769929723303E-002
   1.0000000000000000       0.20000000000000009       0.57813474680072641     
  -1.0000000000000000       0.30000000000000016       0.33340640588199283     
 -0.90000000000000002       0.30000000000000016       0.48930720350833512     
 -0.80000000000000004       0.30000000000000016       0.46288366020065769     
 -0.69999999999999996       0.30000000000000016       0.26390292438417323     
 -0.59999999999999998       0.30000000000000016       -3.9102386687394547E-002
 -0.49999999999999994       0.30000000000000016      -0.32597415794246332     
 -0.39999999999999991       0.30000000000000016      -0.49015694967542500     
 -0.29999999999999993       0.30000000000000016      -0.46530303862985339     
 -0.19999999999999993       0.30000000000000016      -0.26516579731200951     
  -9.9999999999999978E-002  0.30000000000000016        3.9958643295839757E-002
   2.7755575615628914E-017  0.30000000000000016       0.33619822791138415     
  0.10000000000000009       0.30000000000000016       0.50690756761840083     
  0.20000000000000009       0.30000000000000016       0.48027468327826206     
  0.30000000000000016       0.30000000000000016       0.27358152361607824     
  0.40000000000000013       0.30000000000000016       -4.2048854936091923E-002
  0.50000000000000011       0.30000000000000016      -0.33786590471331929     
  0.60000000000000009       0.30000000000000016      -0.50941909852852096     
  0.70000000000000007       0.30000000000000016      -0.48247942770191204     
  0.80000000000000004       0.30000000000000016      -0.27627139397028233     
  0.90000000000000002       0.30000000000000016        3.9273046140204597E-002
   1.0000000000000000       0.30000000000000016       0.32985155478631056     
  -1.0000000000000000       0.40000000000000013       -5.0311155566849917E-002
 -0.90000000000000002       0.40000000000000013       -7.4290574391260369E-002
 -0.80000000000000004       0.40000000000000013       -7.0583146811341008E-002
 -0.69999999999999996       0.40000000000000013       -4.0561150977357061E-002
 -0.59999999999999998       0.40000000000000013        5.4462852166905070E-003
 -0.49999999999999994       0.40000000000000013        4.9186678450697616E-002
 -0.39999999999999991       0.40000000000000013        7.4420596813804960E-002
 -0.29999999999999993       0.40000000000000013        7.0950409748726739E-002
 -0.19999999999999993       0.40000000000000013        4.0755360394248270E-002
  -9.9999999999999978E-002  0.40000000000000013       -5.5618744676984829E-003
   2.7755575615628914E-017  0.40000000000000013       -5.0725372057482170E-002
  0.10000000000000009       0.40000000000000013       -7.6962329887539649E-002
  0.20000000000000009       0.40000000000000013       -7.3232537201277315E-002
  0.30000000000000016       0.40000000000000013       -4.2048854936090951E-002
  0.40000000000000013       0.40000000000000013        5.8741443559363503E-003
  0.50000000000000011       0.40000000000000013        5.0981572661809617E-002
  0.60000000000000009       0.40000000000000013        7.7345218062925450E-002
  0.70000000000000007       0.40000000000000013        7.3570248642233382E-002
  0.80000000000000004       0.40000000000000013        4.2458613749450425E-002
  0.90000000000000002       0.40000000000000013       -5.4517266763799942E-003
   1.0000000000000000       0.40000000000000013       -4.9768531674551211E-002
  -1.0000000000000000       0.50000000000000011      -0.41024665819772477     
 -0.90000000000000002       0.50000000000000011      -0.60280868739824600     
 -0.80000000000000004       0.50000000000000011      -0.57074588224231948     
 -0.69999999999999996       0.50000000000000011      -0.32591289026169340     
 -0.59999999999999998       0.50000000000000011        4.7383018212680393E-002
 -0.49999999999999994       0.50000000000000011       0.40109675259217059     
 -0.39999999999999991       0.50000000000000011       0.60385716501208875     
 -0.29999999999999993       0.50000000000000011       0.57372636126624121     
 -0.19999999999999993       0.50000000000000011       0.32747267983920442     
  -9.9999999999999978E-002  0.50000000000000011       -4.8414690788821976E-002
   2.7755575615628914E-017  0.50000000000000011      -0.41367052991345865     
  0.10000000000000009       0.50000000000000011      -0.62449093306818881     
  0.20000000000000009       0.50000000000000011      -0.59218538981757529     
  0.30000000000000016       0.50000000000000011      -0.33786590471331762     
  0.40000000000000013       0.50000000000000011        5.0981572661811025E-002
  0.50000000000000011       0.50000000000000011       0.41572987725651400     
  0.60000000000000009       0.50000000000000011       0.62758757083164762     
  0.70000000000000007       0.50000000000000011       0.59490633479071753     
  0.80000000000000004       0.50000000000000011       0.34118191805369963     
  0.90000000000000002       0.50000000000000011       -4.7560312538558434E-002
   1.0000000000000000       0.50000000000000011      -0.40586254622009876     
  -1.0000000000000000       0.60000000000000009      -0.61930805344551954     
 -0.90000000000000002       0.60000000000000009      -0.90963001156083645     
 -0.80000000000000004       0.60000000000000009      -0.86100016382845324     
 -0.69999999999999996       0.60000000000000009      -0.49139697969229190     
 -0.59999999999999998       0.60000000000000009        7.1899195374229008E-002
 -0.49999999999999994       0.60000000000000009       0.60549776262802157     
 -0.39999999999999991       0.60000000000000009       0.91121133097614970     
 -0.29999999999999993       0.60000000000000009       0.86549771981516010     
 -0.19999999999999993       0.60000000000000009       0.49374867241243819     
  -9.9999999999999978E-002  0.60000000000000009       -7.3467695480145909E-002
   2.7755575615628914E-017  0.60000000000000009      -0.62448248371876658     
  0.10000000000000009       0.60000000000000009      -0.94234860725745684     
  0.20000000000000009       0.60000000000000009      -0.89334481261153931     
  0.30000000000000016       0.60000000000000009      -0.50941909852852130     
  0.40000000000000013       0.60000000000000009        7.7345218062918969E-002
  0.50000000000000011       0.60000000000000009       0.62758757083164518     
  0.60000000000000009       0.60000000000000009       0.94702011667411989     
  0.70000000000000007       0.60000000000000009       0.89744826678507517     
  0.80000000000000004       0.60000000000000009       0.51442181043522672     
  0.90000000000000002       0.60000000000000009       -7.2183373888364613E-002
   1.0000000000000000       0.60000000000000009      -0.61269484490207282     
  -1.0000000000000000       0.70000000000000007      -0.58705663146458709     
 -0.90000000000000002       0.70000000000000007      -0.86201591327508653     
 -0.80000000000000004       0.70000000000000007      -0.81576826496238497     
 -0.69999999999999996       0.70000000000000007      -0.46541044187480124     
 -0.59999999999999998       0.70000000000000007        6.8398835389549426E-002
 -0.49999999999999994       0.70000000000000007       0.57396711561964386     
 -0.39999999999999991       0.70000000000000007       0.86351391910035824     
 -0.29999999999999993       0.70000000000000007       0.82003043451788993     
 -0.19999999999999993       0.70000000000000007       0.46763771149027439     
  -9.9999999999999978E-002  0.70000000000000007       -6.9892965989868078E-002
   2.7755575615628914E-017  0.70000000000000007      -0.59196539143860816     
  0.10000000000000009       0.70000000000000007      -0.89302212581497409     
  0.20000000000000009       0.70000000000000007      -0.84641505180557719     
  0.30000000000000016       0.70000000000000007      -0.48247942770191060     
  0.40000000000000013       0.70000000000000007        7.3570248642237934E-002
  0.50000000000000011       0.70000000000000007       0.59490633479071753     
  0.60000000000000009       0.70000000000000007       0.89744826678507950     
  0.70000000000000007       0.70000000000000007       0.85030211994214067     
  0.80000000000000004       0.70000000000000007       0.48721954522761579     
  0.90000000000000002       0.70000000000000007       -6.8679119845040409E-002
   1.0000000000000000       0.70000000000000007      -0.58079114227838169     
  -1.0000000000000000       0.80000000000000004      -0.33667866662622298     
 -0.90000000000000002       0.80000000000000004      -0.49411240152216584     
 -0.80000000000000004       0.80000000000000004      -0.46743126499331622     
 -0.69999999999999996       0.80000000000000004      -0.26649763337764976     
 -0.59999999999999998       0.80000000000000004        3.9483331437751706E-002
 -0.49999999999999994       0.80000000000000004       0.32917345554093036     
 -0.39999999999999991       0.80000000000000004       0.49497049882329269     
 -0.29999999999999993       0.80000000000000004       0.46987440228285171     
 -0.19999999999999993       0.80000000000000004       0.26777292360524624     
  -9.9999999999999978E-002  0.80000000000000004       -4.0347906929709056E-002
   2.7755575615628914E-017  0.80000000000000004      -0.33949784529049265     
  0.10000000000000009       0.80000000000000004      -0.51188560549310103     
  0.20000000000000009       0.80000000000000004      -0.48499313078467454     
  0.30000000000000016       0.80000000000000004      -0.27627139397028266     
  0.40000000000000013       0.80000000000000004        4.2458613749450057E-002
  0.50000000000000011       0.80000000000000004       0.34118191805369819     
  0.60000000000000009       0.80000000000000004       0.51442181043521717     
  0.70000000000000007       0.80000000000000004       0.48721954522761662     
  0.80000000000000004       0.80000000000000004       0.27898768844948546     
  0.90000000000000002       0.80000000000000004       -3.9655539288992077E-002
   1.0000000000000000       0.80000000000000004      -0.33308888735996633     
  -1.0000000000000000       0.90000000000000002        4.6935034853890646E-002
 -0.90000000000000002       0.90000000000000002        6.9332527640034586E-002
 -0.80000000000000004       0.90000000000000002        6.5890663154734935E-002
 -0.69999999999999996       0.90000000000000002        3.7883543934207863E-002
 -0.59999999999999998       0.90000000000000002       -5.0535838296478577E-003
 -0.49999999999999994       0.90000000000000002       -4.5885838875168582E-002
 -0.39999999999999991       0.90000000000000002       -6.9453932547554456E-002
 -0.29999999999999993       0.90000000000000002       -6.6233411548085167E-002
 -0.19999999999999993       0.90000000000000002       -3.8064939272850901E-002
  -9.9999999999999978E-002  0.90000000000000002        5.1606002690854037E-003
   2.7755575615628914E-017  0.90000000000000002        4.7321031637169310E-002
  0.10000000000000009       0.90000000000000002        7.1825945755159937E-002
  0.20000000000000009       0.90000000000000002        6.8363769929728896E-002
  0.30000000000000016       0.90000000000000002        3.9273046140203750E-002
  0.40000000000000013       0.90000000000000002       -5.4517266763783852E-003
  0.50000000000000011       0.90000000000000002       -4.7560312538557734E-002
  0.60000000000000009       0.90000000000000002       -7.2183373888369914E-002
  0.70000000000000007       0.90000000000000002       -6.8679119845039216E-002
  0.80000000000000004       0.90000000000000002       -3.9655539288995359E-002
  0.90000000000000002       0.90000000000000002        5.0574426936242697E-003
   1.0000000000000000       0.90000000000000002        4.6428452309122792E-002
  -1.0000000000000000        1.0000000000000000       0.40050948697857791     
 -0.90000000000000002        1.0000000000000000       0.58850396057599497     
 -0.80000000000000004        1.0000000000000000       0.55720394461868694     
 -0.69999999999999996        1.0000000000000000       0.31818207108062130     
 -0.59999999999999998        1.0000000000000000       -4.6255495299426658E-002
 -0.49999999999999994        1.0000000000000000      -0.39157673488110378     
 -0.39999999999999991        1.0000000000000000      -0.58952756408278562     
 -0.29999999999999993        1.0000000000000000      -0.56011369607136052     
 -0.19999999999999993        1.0000000000000000      -0.31970486234857393     
  -9.9999999999999978E-002   1.0000000000000000        4.7262594528848199E-002
   2.7755575615628914E-017   1.0000000000000000       0.40385204838152688     
  0.10000000000000009        1.0000000000000000       0.60967168078540257     
  0.20000000000000009        1.0000000000000000       0.57813474680073484     
  0.30000000000000016        1.0000000000000000       0.32985155478631112     
  0.40000000000000013        1.0000000000000000       -4.9768531674553709E-002
  0.50000000000000011        1.0000000000000000      -0.40586254622009676     
  0.60000000000000009        1.0000000000000000      -0.61269484490208537     
  0.70000000000000007        1.0000000000000000      -0.58079114227837925     
  0.80000000000000004        1.0000000000000000      -0.33308888735997239     
  0.90000000000000002        1.0000000000000000        4.6428452309120710E-002
   1.0000000000000000        1.0000000000000000       0.39622939211699165     
