  -1.0000000000000000       -1.0000000000000000       0.76956973400617523     
 -0.90000000000000002       -1.0000000000000000       0.83310711989041641     
 -0.80000000000000004       -1.0000000000000000       0.58862896688021571     
 -0.69999999999999996       -1.0000000000000000       0.12673504405443611     
 -0.59999999999999998       -1.0000000000000000      -0.38756972218298941     
 -0.49999999999999994       -1.0000000000000000      -0.75417920864320365     
 -0.39999999999999991       -1.0000000000000000      -0.83282628151764182     
 -0.29999999999999993       -1.0000000000000000      -0.59325567858238648     
 -0.19999999999999993       -1.0000000000000000      -0.12797174149638782     
  -9.9999999999999978E-002  -1.0000000000000000       0.40170224517335085     
   2.7755575615628914E-017  -1.0000000000000000       0.78034139831180016     
  0.10000000000000009       -1.0000000000000000       0.86301947513848720     
  0.20000000000000009       -1.0000000000000000       0.61301116645479536     
  0.30000000000000016       -1.0000000000000000       0.13156221365129359     
  0.40000000000000013       -1.0000000000000000      -0.40420065344722450     
  0.50000000000000011       -1.0000000000000000      -0.78178608058168919     
  0.60000000000000009       -1.0000000000000000      -0.86628264420416667     
  0.70000000000000007       -1.0000000000000000      -0.61475460746172084     
  0.80000000000000004       -1.0000000000000000      -0.13538628380412746     
  0.90000000000000002       -1.0000000000000000       0.40102373279449599     
   1.0000000000000000       -1.0000000000000000       0.76559586695000104     
  -1.0000000000000000      -0.90000000000000002       0.83310711989041075     
 -0.90000000000000002      -0.90000000000000002       0.90171963671595767     
 -0.80000000000000004      -0.90000000000000002       0.63695103632415728     
 -0.69999999999999996      -0.90000000000000002       0.13692026841311697     
 -0.59999999999999998      -0.90000000000000002      -0.41974053533277345     
 -0.49999999999999994      -0.90000000000000002      -0.81644697341889816     
 -0.39999999999999991      -0.90000000000000002      -0.90141403331967618     
 -0.29999999999999993      -0.90000000000000002      -0.64195842687543370     
 -0.19999999999999993      -0.90000000000000002      -0.13825641102176958     
  -9.9999999999999978E-002 -0.90000000000000002       0.43504726918946085     
   2.7755575615628914E-017 -0.90000000000000002       0.84477066974507953     
  0.10000000000000009      -0.90000000000000002       0.93409501571956577     
  0.20000000000000009      -0.90000000000000002       0.66333666252403778     
  0.30000000000000016      -0.90000000000000002       0.14213599463996471     
  0.40000000000000013      -0.90000000000000002      -0.43774900362566999     
  0.50000000000000011      -0.90000000000000002      -0.84633311266011624     
  0.60000000000000009      -0.90000000000000002      -0.93762551121650695     
  0.70000000000000007      -0.90000000000000002      -0.66522241655405068     
  0.80000000000000004      -0.90000000000000002      -0.14627389804486907     
  0.90000000000000002      -0.90000000000000002       0.43431221299668643     
   1.0000000000000000      -0.90000000000000002       0.82880804434562960     
  -1.0000000000000000      -0.80000000000000004       0.58862896688019528     
 -0.90000000000000002      -0.80000000000000004       0.63695103632416028     
 -0.80000000000000004      -0.80000000000000004       0.44978307250409943     
 -0.69999999999999996      -0.80000000000000004        9.6486358894921617E-002
 -0.59999999999999998      -0.80000000000000004      -0.29672350415979404     
 -0.49999999999999994      -0.80000000000000004      -0.57685876114166834     
 -0.39999999999999991      -0.80000000000000004      -0.63673367169731121     
 -0.29999999999999993      -0.80000000000000004      -0.45331982809945603     
 -0.19999999999999993      -0.80000000000000004       -9.7427977147113071E-002
  -9.9999999999999978E-002 -0.80000000000000004       0.30754518155874910     
   2.7755575615628914E-017 -0.80000000000000004       0.59687213961939212     
  0.10000000000000009      -0.80000000000000004       0.65981971469942224     
  0.20000000000000009      -0.80000000000000004       0.46841695775986653     
  0.30000000000000016      -0.80000000000000004       0.10016239239277594     
  0.40000000000000013      -0.80000000000000004      -0.30945139019702533     
  0.50000000000000011      -0.80000000000000004      -0.59797469408750437     
  0.60000000000000009      -0.80000000000000004      -0.66231226707143298     
  0.70000000000000007      -0.80000000000000004      -0.46974784261882868     
  0.80000000000000004      -0.80000000000000004      -0.10308428716095362     
  0.90000000000000002      -0.80000000000000004       0.30702535123717944     
   1.0000000000000000      -0.80000000000000004       0.58559410277677137     
  -1.0000000000000000      -0.69999999999999996       0.12673504405443786     
 -0.90000000000000002      -0.69999999999999996       0.13692026841311739     
 -0.80000000000000004      -0.69999999999999996        9.6486358894920451E-002
 -0.69999999999999996      -0.69999999999999996        2.0417258288536050E-002
 -0.59999999999999998      -0.69999999999999996       -6.4106953299297331E-002
 -0.49999999999999994      -0.69999999999999996      -0.12420220646502261     
 -0.39999999999999991      -0.69999999999999996      -0.13687144513497665     
 -0.29999999999999993      -0.69999999999999996       -9.7246158865839968E-002
 -0.19999999999999993      -0.69999999999999996       -2.0616584832441592E-002
  -9.9999999999999978E-002 -0.69999999999999996        6.6446404570462025E-002
   2.7755575615628914E-017 -0.69999999999999996       0.12851311727557768     
  0.10000000000000009      -0.69999999999999996       0.14183555046000282     
  0.20000000000000009      -0.69999999999999996       0.10048600128681023     
  0.30000000000000016      -0.69999999999999996        2.1195927417919133E-002
  0.40000000000000013      -0.69999999999999996       -6.6853042415012207E-002
  0.50000000000000011      -0.69999999999999996      -0.12874856039266278     
  0.60000000000000009      -0.69999999999999996      -0.14236953382402309     
  0.70000000000000007      -0.69999999999999996      -0.10077045926179673     
  0.80000000000000004      -0.69999999999999996       -2.1822603813769593E-002
  0.90000000000000002      -0.69999999999999996        6.6333810050999670E-002
   1.0000000000000000      -0.69999999999999996       0.12608531683775076     
  -1.0000000000000000      -0.59999999999999998      -0.38756972218297386     
 -0.90000000000000002      -0.59999999999999998      -0.41974053533276695     
 -0.80000000000000004      -0.59999999999999998      -0.29672350415977461     
 -0.69999999999999996      -0.59999999999999998       -6.4106953299295763E-002
 -0.59999999999999998      -0.59999999999999998       0.19501361649851590     
 -0.49999999999999994      -0.59999999999999998       0.37981770127939868     
 -0.39999999999999991      -0.59999999999999998       0.41960069248325338     
 -0.29999999999999993      -0.59999999999999998       0.29905492730480771     
 -0.19999999999999993      -0.59999999999999998        6.4732460257603736E-002
  -9.9999999999999978E-002 -0.59999999999999998      -0.20212355439272278     
   2.7755575615628914E-017 -0.59999999999999998      -0.39299195796026531     
  0.10000000000000009      -0.59999999999999998      -0.43481162360706072     
  0.20000000000000009      -0.59999999999999998      -0.30901254491112279     
  0.30000000000000016      -0.59999999999999998       -6.6548081533708628E-002
  0.40000000000000013      -0.59999999999999998       0.20338477416665923     
  0.50000000000000011      -0.59999999999999998       0.39372105618509701     
  0.60000000000000009      -0.59999999999999998       0.43645712343175491     
  0.70000000000000007      -0.59999999999999998       0.30989221850136139     
  0.80000000000000004      -0.59999999999999998        6.8475862340229232E-002
  0.90000000000000002      -0.59999999999999998      -0.20178237193755050     
   1.0000000000000000      -0.59999999999999998      -0.38556549967642378     
  -1.0000000000000000      -0.49999999999999994      -0.75417920864320087     
 -0.90000000000000002      -0.49999999999999994      -0.81644697341890182     
 -0.80000000000000004      -0.49999999999999994      -0.57685876114166579     
 -0.69999999999999996      -0.49999999999999994      -0.12420220646502420     
 -0.59999999999999998      -0.49999999999999994       0.37981770127939596     
 -0.49999999999999994      -0.49999999999999994       0.73909646993073874     
 -0.39999999999999991      -0.49999999999999994       0.81617176124559609     
 -0.29999999999999993      -0.49999999999999994       0.58139295192059404     
 -0.19999999999999993      -0.49999999999999994       0.12541418760786557     
  -9.9999999999999978E-002 -0.49999999999999994      -0.39366754400769871     
   2.7755575615628914E-017 -0.49999999999999994      -0.76473543609388928     
  0.10000000000000009      -0.49999999999999994      -0.84576115617913383     
  0.20000000000000009      -0.49999999999999994      -0.60075340372099972     
  0.30000000000000016      -0.49999999999999994      -0.12893289982996581     
  0.40000000000000013      -0.49999999999999994       0.39611600517841761     
  0.50000000000000011      -0.49999999999999994       0.76615123571183141     
  0.60000000000000009      -0.49999999999999994       0.84895907840851004     
  0.70000000000000007      -0.49999999999999994       0.60246198796437123     
  0.80000000000000004      -0.49999999999999994       0.13268050457034453     
  0.90000000000000002      -0.49999999999999994      -0.39300260436313589     
   1.0000000000000000      -0.49999999999999994      -0.75028479669233383     
  -1.0000000000000000      -0.39999999999999991      -0.83282628151761362     
 -0.90000000000000002      -0.39999999999999991      -0.90141403331966519     
 -0.80000000000000004      -0.39999999999999991      -0.63673367169729389     
 -0.69999999999999996      -0.39999999999999991      -0.13687144513497715     
 -0.59999999999999998      -0.39999999999999991       0.41960069248325643     
 -0.49999999999999994      -0.39999999999999991       0.81617176124559476     
 -0.39999999999999991      -0.39999999999999991       0.90110851781193291     
 -0.29999999999999993      -0.39999999999999991       0.64173936168979562     
 -0.19999999999999993      -0.39999999999999991       0.13820711186667609     
  -9.9999999999999978E-002 -0.39999999999999991      -0.43490233740354289     
   2.7755575615628914E-017 -0.39999999999999991      -0.84448592408519940     
  0.10000000000000009      -0.39999999999999991      -0.93377843533165528     
  0.20000000000000009      -0.39999999999999991      -0.66311031113441099     
  0.30000000000000016      -0.39999999999999991      -0.14208531743685734     
  0.40000000000000013      -0.39999999999999991       0.43760313283000468     
  0.50000000000000011      -0.39999999999999991       0.84604782577770221     
  0.60000000000000009      -0.39999999999999991       0.93730772069780499     
  0.70000000000000007      -0.39999999999999991       0.66499541386042016     
  0.80000000000000004      -0.39999999999999991       0.14622180784464389     
  0.90000000000000002      -0.39999999999999991      -0.43416752396856917     
   1.0000000000000000      -0.39999999999999991      -0.82852868280493430     
  -1.0000000000000000      -0.29999999999999993      -0.59325567858238193     
 -0.90000000000000002      -0.29999999999999993      -0.64195842687543547     
 -0.80000000000000004      -0.29999999999999993      -0.45331982809945282     
 -0.69999999999999996      -0.29999999999999993       -9.7246158865839760E-002
 -0.59999999999999998      -0.29999999999999993       0.29905492730480915     
 -0.49999999999999994      -0.29999999999999993       0.58139295192059437     
 -0.39999999999999991      -0.29999999999999993       0.64173936168979884     
 -0.29999999999999993      -0.29999999999999993       0.45688438975556100     
 -0.19999999999999993      -0.29999999999999993        9.8195191890360856E-002
  -9.9999999999999978E-002 -0.29999999999999993      -0.30996162743670186     
   2.7755575615628914E-017 -0.29999999999999993      -0.60156363099743682     
  0.10000000000000009      -0.29999999999999993      -0.66500688978676770     
  0.20000000000000009      -0.29999999999999993      -0.47210022698815252     
  0.30000000000000016      -0.29999999999999993      -0.10095113687242158     
  0.40000000000000013      -0.29999999999999993       0.31188283400572275     
  0.50000000000000011      -0.29999999999999993       0.60267485935047438     
  0.60000000000000009      -0.29999999999999993       0.66751904454394861     
  0.70000000000000007      -0.29999999999999993       0.47344158100359979     
  0.80000000000000004      -0.29999999999999993       0.10389600770584051     
  0.90000000000000002      -0.29999999999999993      -0.30943771380618523     
   1.0000000000000000      -0.29999999999999993      -0.59019694542095025     
  -1.0000000000000000      -0.19999999999999993      -0.12797174149639889     
 -0.90000000000000002      -0.19999999999999993      -0.13825641102177175     
 -0.80000000000000004      -0.19999999999999993       -9.7427977147130529E-002
 -0.69999999999999996      -0.19999999999999993       -2.0616584832445242E-002
 -0.59999999999999998      -0.19999999999999993        6.4732460257580823E-002
 -0.49999999999999994      -0.19999999999999993       0.12541418760786158     
 -0.39999999999999991      -0.19999999999999993       0.13820711186667475     
 -0.29999999999999993      -0.19999999999999993        9.8195191890359121E-002
 -0.19999999999999993      -0.19999999999999993        2.0817858001240381E-002
  -9.9999999999999978E-002 -0.19999999999999993       -6.7094737896419579E-002
   2.7755575615628914E-017 -0.19999999999999993      -0.12976716438306249     
  0.10000000000000009      -0.19999999999999993      -0.14321965926023186     
  0.20000000000000009      -0.19999999999999993      -0.10146665183497704     
  0.30000000000000016      -0.19999999999999993       -2.1402855663743239E-002
  0.40000000000000013      -0.19999999999999993        6.7505344667968564E-002
  0.50000000000000011      -0.19999999999999993       0.13000490550861607     
  0.60000000000000009      -0.19999999999999993       0.14375885416964096     
  0.70000000000000007      -0.19999999999999993       0.10175388606592251     
  0.80000000000000004      -0.19999999999999993        2.2035647926102228E-002
  0.90000000000000002      -0.19999999999999993       -6.6981044791144875E-002
   1.0000000000000000      -0.19999999999999993      -0.12731567293298146     
  -1.0000000000000000       -9.9999999999999978E-002  0.40170224517334491     
 -0.90000000000000002       -9.9999999999999978E-002  0.43504726918946079     
 -0.80000000000000004       -9.9999999999999978E-002  0.30754518155874838     
 -0.69999999999999996       -9.9999999999999978E-002   6.6446404570461817E-002
 -0.59999999999999998       -9.9999999999999978E-002 -0.20212355439272450     
 -0.49999999999999994       -9.9999999999999978E-002 -0.39366754400770021     
 -0.39999999999999991       -9.9999999999999978E-002 -0.43490233740354811     
 -0.29999999999999993       -9.9999999999999978E-002 -0.30996162743669958     
 -0.19999999999999993       -9.9999999999999978E-002  -6.7094737896420856E-002
  -9.9999999999999978E-002  -9.9999999999999978E-002  0.20949270387799115     
   2.7755575615628914E-017  -9.9999999999999978E-002  0.40732218310175378     
  0.10000000000000009       -9.9999999999999978E-002  0.45066795999101089     
  0.20000000000000009       -9.9999999999999978E-002  0.32028239874547121     
  0.30000000000000016       -9.9999999999999978E-002   6.8976612745854676E-002
  0.40000000000000013       -9.9999999999999978E-002 -0.21079993267653277     
  0.50000000000000011       -9.9999999999999978E-002 -0.40807787744892038     
  0.60000000000000009       -9.9999999999999978E-002 -0.45237347582047954     
  0.70000000000000007       -9.9999999999999978E-002 -0.32119415983698102     
  0.80000000000000004       -9.9999999999999978E-002  -7.0974701459728298E-002
  0.90000000000000002       -9.9999999999999978E-002  0.20913908381552557     
   1.0000000000000000       -9.9999999999999978E-002  0.39962492079722500     
  -1.0000000000000000        2.7755575615628914E-017  0.78034139831176030     
 -0.90000000000000002        2.7755575615628914E-017  0.84477066974507486     
 -0.80000000000000004        2.7755575615628914E-017  0.59687213961936958     
 -0.69999999999999996        2.7755575615628914E-017  0.12851311727557507     
 -0.59999999999999998        2.7755575615628914E-017 -0.39299195796027980     
 -0.49999999999999994        2.7755575615628914E-017 -0.76473543609389794     
 -0.39999999999999991        2.7755575615628914E-017 -0.84448592408520418     
 -0.29999999999999993        2.7755575615628914E-017 -0.60156363099743659     
 -0.19999999999999993        2.7755575615628914E-017 -0.12976716438307054     
  -9.9999999999999978E-002   2.7755575615628914E-017  0.40732218310175539     
   2.7755575615628914E-017   2.7755575615628914E-017  0.79126379540302172     
  0.10000000000000009        2.7755575615628914E-017  0.87510180693146733     
  0.20000000000000009        2.7755575615628914E-017  0.62159576066421562     
  0.30000000000000016        2.7755575615628914E-017  0.13340800211311182     
  0.40000000000000013        2.7755575615628914E-017 -0.40985560570421276     
  0.50000000000000011        2.7755575615628914E-017 -0.79272872155144558     
  0.60000000000000009        2.7755575615628914E-017 -0.87841068175521753     
  0.70000000000000007        2.7755575615628914E-017 -0.62336362899706710     
  0.80000000000000004        2.7755575615628914E-017 -0.13728562602825883     
  0.90000000000000002        2.7755575615628914E-017  0.40663418144304608     
   1.0000000000000000        2.7755575615628914E-017  0.77631186599321500     
  -1.0000000000000000       0.10000000000000009       0.86301947513848243     
 -0.90000000000000002       0.10000000000000009       0.93409501571956766     
 -0.80000000000000004       0.10000000000000009       0.65981971469942058     
 -0.69999999999999996       0.10000000000000009       0.14183555046000434     
 -0.59999999999999998       0.10000000000000009      -0.43481162360705872     
 -0.49999999999999994       0.10000000000000009      -0.84576115617913039     
 -0.39999999999999991       0.10000000000000009      -0.93377843533165628     
 -0.29999999999999993       0.10000000000000009      -0.66500688978676648     
 -0.19999999999999993       0.10000000000000009      -0.14321965926023411     
  -9.9999999999999978E-002  0.10000000000000009       0.45066795999101167     
   2.7755575615628914E-017  0.10000000000000009       0.87510180693146500     
  0.10000000000000009       0.10000000000000009       0.96763280032002219     
  0.20000000000000009       0.10000000000000009       0.68715267851310913     
  0.30000000000000016       0.10000000000000009       0.14723851706408375     
  0.40000000000000013       0.10000000000000009      -0.45346669076382268     
  0.50000000000000011       0.10000000000000009      -0.87672034443592872     
  0.60000000000000009       0.10000000000000009      -0.97129005089229292     
  0.70000000000000007       0.10000000000000009      -0.68910613515654007     
  0.80000000000000004       0.10000000000000009      -0.15152498481503007     
  0.90000000000000002       0.10000000000000009       0.44990651044464580     
   1.0000000000000000       0.10000000000000009       0.85856605120779694     
  -1.0000000000000000       0.20000000000000009       0.61301116645476950     
 -0.90000000000000002       0.20000000000000009       0.66333666252403833     
 -0.80000000000000004       0.20000000000000009       0.46841695775987080     
 -0.69999999999999996       0.20000000000000009       0.10048600128681286     
 -0.59999999999999998       0.20000000000000009      -0.30901254491110142     
 -0.49999999999999994       0.20000000000000009      -0.60075340372100094     
 -0.39999999999999991       0.20000000000000009      -0.66311031113440866     
 -0.29999999999999993       0.20000000000000009      -0.47210022698815612     
 -0.19999999999999993       0.20000000000000009      -0.10146665183498063     
  -9.9999999999999978E-002  0.20000000000000009       0.32028239874546915     
   2.7755575615628914E-017  0.20000000000000009       0.62159576066420463     
  0.10000000000000009       0.20000000000000009       0.68715267851310824     
  0.20000000000000009       0.20000000000000009       0.48782279927251609     
  0.30000000000000016       0.20000000000000009       0.10431441053020368     
  0.40000000000000013       0.20000000000000009      -0.32226759797905880     
  0.50000000000000011       0.20000000000000009      -0.62274400140791353     
  0.60000000000000009       0.20000000000000009      -0.68974849982897479     
  0.70000000000000007       0.20000000000000009      -0.48920882952421724     
  0.80000000000000004       0.20000000000000009      -0.10735735634112080     
  0.90000000000000002       0.20000000000000009       0.31974104161782319     
   1.0000000000000000       0.20000000000000009       0.60985056123407888     
  -1.0000000000000000       0.30000000000000016       0.13156221365129317     
 -0.90000000000000002       0.30000000000000016       0.14213599463996573     
 -0.80000000000000004       0.30000000000000016       0.10016239239277701     
 -0.69999999999999996       0.30000000000000016        2.1195927417919289E-002
 -0.59999999999999998       0.30000000000000016       -6.6548081533708128E-002
 -0.49999999999999994       0.30000000000000016      -0.12893289982996428     
 -0.39999999999999991       0.30000000000000016      -0.14208531743685499     
 -0.29999999999999993       0.30000000000000016      -0.10095113687242251     
 -0.19999999999999993       0.30000000000000016       -2.1402855663741612E-002
  -9.9999999999999978E-002  0.30000000000000016        6.8976612745855440E-002
   2.7755575615628914E-017  0.30000000000000016       0.13340800211311440     
  0.10000000000000009       0.30000000000000016       0.14723851706408433     
  0.20000000000000009       0.30000000000000016       0.10431441053020273     
  0.30000000000000016       0.30000000000000016        2.2004291004311047E-002
  0.40000000000000013       0.30000000000000016       -6.9398749505678745E-002
  0.50000000000000011       0.30000000000000016      -0.13365241840840855     
  0.60000000000000009       0.30000000000000016      -0.14779284667912587     
  0.70000000000000007       0.30000000000000016      -0.10460970900004535     
  0.80000000000000004       0.30000000000000016       -2.2654843487352579E-002
  0.90000000000000002       0.30000000000000016        6.8859731537685126E-002
   1.0000000000000000       0.30000000000000016       0.13088772878546995     
  -1.0000000000000000       0.40000000000000013      -0.40420065344717798     
 -0.90000000000000002       0.40000000000000013      -0.43774900362566199     
 -0.80000000000000004       0.40000000000000013      -0.30945139019700291     
 -0.69999999999999996       0.40000000000000013       -6.6853042415007308E-002
 -0.59999999999999998       0.40000000000000013       0.20338477416668096     
 -0.49999999999999994       0.40000000000000013       0.39611600517842005     
 -0.39999999999999991       0.40000000000000013       0.43760313283001184     
 -0.29999999999999993       0.40000000000000013       0.31188283400572064     
 -0.19999999999999993       0.40000000000000013        6.7505344667982276E-002
  -9.9999999999999978E-002  0.40000000000000013      -0.21079993267653219     
   2.7755575615628914E-017  0.40000000000000013      -0.40985560570421919     
  0.10000000000000009       0.40000000000000013      -0.45346669076382234     
  0.20000000000000009       0.40000000000000013      -0.32226759797907623     
  0.30000000000000016       0.40000000000000013       -6.9398749505677607E-002
  0.40000000000000013       0.40000000000000013       0.21211522164019234     
  0.50000000000000011       0.40000000000000013       0.41061596403004341     
  0.60000000000000009       0.40000000000000013       0.45518276438307187     
  0.70000000000000007       0.40000000000000013       0.32318499101262754     
  0.80000000000000004       0.40000000000000013        7.1409220400906970E-002
  0.90000000000000002       0.40000000000000013      -0.21044410077076126     
   1.0000000000000000       0.40000000000000013      -0.40211047773786102     
  -1.0000000000000000       0.50000000000000011      -0.78178608058168431     
 -0.90000000000000002       0.50000000000000011      -0.84633311266011646     
 -0.80000000000000004       0.50000000000000011      -0.59797469408750614     
 -0.69999999999999996       0.50000000000000011      -0.12874856039266311     
 -0.59999999999999998       0.50000000000000011       0.39372105618509728     
 -0.49999999999999994       0.50000000000000011       0.76615123571182853     
 -0.39999999999999991       0.50000000000000011       0.84604782577770909     
 -0.29999999999999993       0.50000000000000011       0.60267485935047116     
 -0.19999999999999993       0.50000000000000011       0.13000490550861818     
  -9.9999999999999978E-002  0.50000000000000011      -0.40807787744892016     
   2.7755575615628914E-017  0.50000000000000011      -0.79272872155144414     
  0.10000000000000009       0.50000000000000011      -0.87672034443592650     
  0.20000000000000009       0.50000000000000011      -0.62274400140791408     
  0.30000000000000016       0.50000000000000011      -0.13365241840840728     
  0.40000000000000013       0.50000000000000011       0.41061596403004558     
  0.50000000000000011       0.50000000000000011       0.79419634628553837     
  0.60000000000000009       0.50000000000000011       0.88003532653779648     
  0.70000000000000007       0.50000000000000011       0.62451512816079235     
  0.80000000000000004       0.50000000000000011       0.13753720430935532     
  0.90000000000000002       0.50000000000000011      -0.40738859738831279     
   1.0000000000000000       0.50000000000000011      -0.77774911387486523     
  -1.0000000000000000       0.60000000000000009      -0.86628264420411405     
 -0.90000000000000002       0.60000000000000009      -0.93762551121650239     
 -0.80000000000000004       0.60000000000000009      -0.66231226707141344     
 -0.69999999999999996       0.60000000000000009      -0.14236953382402301     
 -0.59999999999999998       0.60000000000000009       0.43645712343175441     
 -0.49999999999999994       0.60000000000000009       0.84895907840851370     
 -0.39999999999999991       0.60000000000000009       0.93730772069780088     
 -0.29999999999999993       0.60000000000000009       0.66751904454394939     
 -0.19999999999999993       0.60000000000000009       0.14375885416964054     
  -9.9999999999999978E-002  0.60000000000000009      -0.45237347582047865     
   2.7755575615628914E-017  0.60000000000000009      -0.87841068175520909     
  0.10000000000000009       0.60000000000000009      -0.97129005089229314     
  0.20000000000000009       0.60000000000000009      -0.68974849982897490     
  0.30000000000000016       0.60000000000000009      -0.14779284667912743     
  0.40000000000000013       0.60000000000000009       0.45518276438306166     
  0.50000000000000011       0.60000000000000009       0.88003532653779404     
  0.60000000000000009       0.60000000000000009       0.97496111261702956     
  0.70000000000000007       0.60000000000000009       0.69170932914906058     
  0.80000000000000004       0.60000000000000009       0.15209550632977237     
  0.90000000000000002       0.60000000000000009      -0.45160914278367481     
   1.0000000000000000       0.60000000000000009      -0.86181240528216174     
  -1.0000000000000000       0.70000000000000007      -0.61475460746171717     
 -0.90000000000000002       0.70000000000000007      -0.66522241655405068     
 -0.80000000000000004       0.70000000000000007      -0.46974784261882807     
 -0.69999999999999996       0.70000000000000007      -0.10077045926179717     
 -0.59999999999999998       0.70000000000000007       0.30989221850136173     
 -0.49999999999999994       0.70000000000000007       0.60246198796436667     
 -0.39999999999999991       0.70000000000000007       0.66499541386042182     
 -0.29999999999999993       0.70000000000000007       0.47344158100359651     
 -0.19999999999999993       0.70000000000000007       0.10175388606592124     
  -9.9999999999999978E-002  0.70000000000000007      -0.32119415983698130     
   2.7755575615628914E-017  0.70000000000000007      -0.62336362899706943     
  0.10000000000000009       0.70000000000000007      -0.68910613515653740     
  0.20000000000000009       0.70000000000000007      -0.48920882952421424     
  0.30000000000000016       0.70000000000000007      -0.10460970900004475     
  0.40000000000000013       0.70000000000000007       0.32318499101263076     
  0.50000000000000011       0.70000000000000007       0.62451512816079358     
  0.60000000000000009       0.70000000000000007       0.69170932914906247     
  0.70000000000000007       0.70000000000000007       0.49059879394726486     
  0.80000000000000004       0.70000000000000007       0.10766130009248200     
  0.90000000000000002       0.70000000000000007      -0.32065126055459353     
   1.0000000000000000       0.70000000000000007      -0.61158502709180462     
  -1.0000000000000000       0.80000000000000004      -0.13538628380414533     
 -0.90000000000000002       0.80000000000000004      -0.14627389804487212     
 -0.80000000000000004       0.80000000000000004      -0.10308428716095719     
 -0.69999999999999996       0.80000000000000004       -2.1822603813774148E-002
 -0.59999999999999998       0.80000000000000004        6.8475862340204863E-002
 -0.49999999999999994       0.80000000000000004       0.13268050457034206     
 -0.39999999999999991       0.80000000000000004       0.14622180784462405     
 -0.29999999999999993       0.80000000000000004       0.10389600770584297     
 -0.19999999999999993       0.80000000000000004        2.2035647926088607E-002
  -9.9999999999999978E-002  0.80000000000000004       -7.0974701459728673E-002
   2.7755575615628914E-017  0.80000000000000004      -0.13728562602823910     
  0.10000000000000009       0.80000000000000004      -0.15152498481502602     
  0.20000000000000009       0.80000000000000004      -0.10735735634109364     
  0.30000000000000016       0.80000000000000004       -2.2654843487353003E-002
  0.40000000000000013       0.80000000000000004        7.1409220400897408E-002
  0.50000000000000011       0.80000000000000004       0.13753720430935257     
  0.60000000000000009       0.80000000000000004       0.15209550632974903     
  0.70000000000000007       0.80000000000000004       0.10766130009248333     
  0.80000000000000004       0.80000000000000004        2.3324377224166189E-002
  0.90000000000000002       0.80000000000000004       -7.0854442842678389E-002
   1.0000000000000000       0.80000000000000004      -0.13469208430412977     
  -1.0000000000000000       0.90000000000000002       0.40102373279449438     
 -0.90000000000000002       0.90000000000000002       0.43431221299668543     
 -0.80000000000000004       0.90000000000000002       0.30702535123718072     
 -0.69999999999999996       0.90000000000000002        6.6333810050999351E-002
 -0.59999999999999998       0.90000000000000002      -0.20178237193755186     
 -0.49999999999999994       0.90000000000000002      -0.39300260436313594     
 -0.39999999999999991       0.90000000000000002      -0.43416752396857750     
 -0.29999999999999993       0.90000000000000002      -0.30943771380618268     
 -0.19999999999999993       0.90000000000000002       -6.6981044791148692E-002
  -9.9999999999999978E-002  0.90000000000000002       0.20913908381552362     
   2.7755575615628914E-017  0.90000000000000002       0.40663418144304581     
  0.10000000000000009       0.90000000000000002       0.44990651044464525     
  0.20000000000000009       0.90000000000000002       0.31974104161782940     
  0.30000000000000016       0.90000000000000002        6.8859731537684640E-002
  0.40000000000000013       0.90000000000000002      -0.21044410077076087     
  0.50000000000000011       0.90000000000000002      -0.40738859738831174     
  0.60000000000000009       0.90000000000000002      -0.45160914278368058     
  0.70000000000000007       0.90000000000000002      -0.32065126055459231     
  0.80000000000000004       0.90000000000000002       -7.0854442842683052E-002
  0.90000000000000002       0.90000000000000002       0.20878606037435390     
   1.0000000000000000       0.90000000000000002       0.39894992096328463     
  -1.0000000000000000        1.0000000000000000       0.76559586694993043     
 -0.90000000000000002        1.0000000000000000       0.82880804434562294     
 -0.80000000000000004        1.0000000000000000       0.58559410277674095     
 -0.69999999999999996        1.0000000000000000       0.12608531683774771     
 -0.59999999999999998        1.0000000000000000      -0.38556549967643988     
 -0.49999999999999994        1.0000000000000000      -0.75028479669233838     
 -0.39999999999999991        1.0000000000000000      -0.82852868280493608     
 -0.29999999999999993        1.0000000000000000      -0.59019694542094714     
 -0.19999999999999993        1.0000000000000000      -0.12731567293298654     
  -9.9999999999999978E-002   1.0000000000000000       0.39962492079722178     
   2.7755575615628914E-017   1.0000000000000000       0.77631186599321145     
  0.10000000000000009        1.0000000000000000       0.85856605120779794     
  0.20000000000000009        1.0000000000000000       0.60985056123408199     
  0.30000000000000016        1.0000000000000000       0.13088772878546973     
  0.40000000000000013        1.0000000000000000      -0.40211047773785497     
  0.50000000000000011        1.0000000000000000      -0.77774911387486068     
  0.60000000000000009        1.0000000000000000      -0.86181240528216108     
  0.70000000000000007        1.0000000000000000      -0.61158502709180274     
  0.80000000000000004        1.0000000000000000      -0.13469208430414967     
  0.90000000000000002        1.0000000000000000       0.39894992096328241     
   1.0000000000000000        1.0000000000000000       0.76164247136456598     
