  -1.0000000000000000       -1.0000000000000000       0.11478448597758514     
 -0.90000000000000002       -1.0000000000000000       -9.2277915243687544E-002
 -0.80000000000000004       -1.0000000000000000      -0.26691900498530252     
 -0.69999999999999996       -1.0000000000000000      -0.33851646695920662     
 -0.59999999999999998       -1.0000000000000000      -0.28137866953202956     
 -0.49999999999999994       -1.0000000000000000      -0.11672909468571781     
 -0.39999999999999991       -1.0000000000000000        9.2489548217906281E-002
 -0.29999999999999993       -1.0000000000000000       0.26638462945487917     
 -0.19999999999999993       -1.0000000000000000       0.33852840705997650     
  -9.9999999999999978E-002  -1.0000000000000000       0.28136245507517399     
   2.7755575615628914E-017  -1.0000000000000000       0.11673121222412704     
  0.10000000000000009       -1.0000000000000000       -9.2492768594426636E-002
  0.20000000000000009       -1.0000000000000000      -0.26637998426190435     
  0.30000000000000016       -1.0000000000000000      -0.33852464705912622     
  0.40000000000000013       -1.0000000000000000      -0.28134101513383508     
  0.50000000000000011       -1.0000000000000000      -0.11672141918824794     
  0.60000000000000009       -1.0000000000000000        9.2577729303825199E-002
  0.70000000000000007       -1.0000000000000000       0.26639885280997566     
  0.80000000000000004       -1.0000000000000000       0.33869152138643482     
  0.90000000000000002       -1.0000000000000000       0.28128937022688444     
   1.0000000000000000       -1.0000000000000000       0.11504880625023541     
  -1.0000000000000000      -0.90000000000000002       -9.2277915243687822E-002
 -0.90000000000000002      -0.90000000000000002        7.4098114219190700E-002
 -0.80000000000000004      -0.90000000000000002       0.21444259705537422     
 -0.69999999999999996      -0.90000000000000002       0.27200141196849664     
 -0.59999999999999998      -0.90000000000000002       0.22612020899578852     
 -0.49999999999999994      -0.90000000000000002        9.3840994919146034E-002
 -0.39999999999999991      -0.90000000000000002       -7.4268313672926647E-002
 -0.29999999999999993      -0.90000000000000002      -0.21401313145551346     
 -0.19999999999999993      -0.90000000000000002      -0.27201104184868419     
  -9.9999999999999978E-002 -0.90000000000000002      -0.22610726469589221     
   2.7755575615628914E-017 -0.90000000000000002       -9.3842699068460461E-002
  0.10000000000000009      -0.90000000000000002        7.4270914820406486E-002
  0.20000000000000009      -0.90000000000000002       0.21400938038849315     
  0.30000000000000016      -0.90000000000000002       0.27200801939503966     
  0.40000000000000013      -0.90000000000000002       0.22608997754345020     
  0.50000000000000011      -0.90000000000000002        9.3834819113057938E-002
  0.60000000000000009      -0.90000000000000002       -7.4339284554403806E-002
  0.70000000000000007      -0.90000000000000002      -0.21402456068250053     
  0.80000000000000004      -0.90000000000000002      -0.27214200518224896     
  0.90000000000000002      -0.90000000000000002      -0.22604843274193068     
   1.0000000000000000      -0.90000000000000002       -9.2489309987349624E-002
  -1.0000000000000000      -0.80000000000000004      -0.26691900498530735     
 -0.90000000000000002      -0.80000000000000004       0.21444259705537375     
 -0.80000000000000004      -0.80000000000000004       0.62046491884174049     
 -0.69999999999999996      -0.80000000000000004       0.78695705547105532     
 -0.59999999999999998      -0.80000000000000004       0.65417546868209087     
 -0.49999999999999994      -0.80000000000000004       0.27144060061992792     
 -0.39999999999999991      -0.80000000000000004      -0.21493482859693150     
 -0.29999999999999993      -0.80000000000000004      -0.61922249870950130     
 -0.19999999999999993      -0.80000000000000004      -0.78698487106899129     
  -9.9999999999999978E-002 -0.80000000000000004      -0.65413791100625984     
   2.7755575615628914E-017 -0.80000000000000004      -0.27144552766383606     
  0.10000000000000009      -0.80000000000000004       0.21494233703106652     
  0.20000000000000009      -0.80000000000000004       0.61921166976164332     
  0.30000000000000016      -0.80000000000000004       0.78697612807426620     
  0.40000000000000013      -0.80000000000000004       0.65408797192033619     
  0.50000000000000011      -0.80000000000000004       0.27142274349129331     
  0.60000000000000009      -0.80000000000000004      -0.21514001401174362     
  0.70000000000000007      -0.80000000000000004      -0.61925556507163748     
  0.80000000000000004      -0.80000000000000004      -0.78736390351925578     
  0.90000000000000002      -0.80000000000000004      -0.65396783466553843     
   1.0000000000000000      -0.80000000000000004      -0.26753187295266323     
  -1.0000000000000000      -0.69999999999999996      -0.33851646695920518     
 -0.90000000000000002      -0.69999999999999996       0.27200141196849609     
 -0.80000000000000004      -0.69999999999999996       0.78695705547105466     
 -0.69999999999999996      -0.69999999999999996       0.99810850746676671     
 -0.59999999999999998      -0.69999999999999996       0.82968693132169513     
 -0.49999999999999994      -0.69999999999999996       0.34425102296416960     
 -0.39999999999999991      -0.69999999999999996      -0.27262565079255591     
 -0.29999999999999993      -0.69999999999999996      -0.78538131570625136     
 -0.19999999999999993      -0.69999999999999996      -0.99814377078654648     
  -9.9999999999999978E-002 -0.69999999999999996      -0.82963925983756104     
   2.7755575615628914E-017 -0.69999999999999996      -0.34425727083528201     
  0.10000000000000009      -0.69999999999999996       0.27263516796113335     
  0.20000000000000009      -0.69999999999999996       0.78536758928439243     
  0.30000000000000016      -0.69999999999999996       0.99813268247041165     
  0.40000000000000013      -0.69999999999999996       0.82957594744071361     
  0.50000000000000011      -0.69999999999999996       0.34422837819820723     
  0.60000000000000009      -0.69999999999999996      -0.27288583969583352     
  0.70000000000000007      -0.69999999999999996      -0.78542325396263257     
  0.80000000000000004      -0.69999999999999996      -0.99862454661599109     
  0.90000000000000002      -0.69999999999999996      -0.82942359637323382     
   1.0000000000000000      -0.69999999999999996      -0.33929420555401019     
  -1.0000000000000000      -0.59999999999999998      -0.28137866953203094     
 -0.90000000000000002      -0.59999999999999998       0.22612020899579011     
 -0.80000000000000004      -0.59999999999999998       0.65417546868210530     
 -0.69999999999999996      -0.59999999999999998       0.82968693132169780     
 -0.59999999999999998      -0.59999999999999998       0.68967477926263721     
 -0.49999999999999994      -0.59999999999999998       0.28614537769428372     
 -0.39999999999999991      -0.59999999999999998      -0.22663906173433851     
 -0.29999999999999993      -0.59999999999999998      -0.65286565112569839     
 -0.19999999999999993      -0.59999999999999998      -0.82971623196420685     
  -9.9999999999999978E-002 -0.59999999999999998      -0.68963512300618224     
   2.7755575615628914E-017 -0.59999999999999998      -0.28615057037307279     
  0.10000000000000009      -0.59999999999999998       0.22664696832052561     
  0.20000000000000009      -0.59999999999999998       0.65285424729735897     
  0.30000000000000016      -0.59999999999999998       0.82970701512959588     
  0.40000000000000013      -0.59999999999999998       0.68958251456518416     
  0.50000000000000011      -0.59999999999999998       0.28612655692895911     
  0.60000000000000009      -0.59999999999999998      -0.22685530618513405     
  0.70000000000000007      -0.59999999999999998      -0.65290051247757130     
  0.80000000000000004      -0.59999999999999998      -0.83011591587875622     
  0.90000000000000002      -0.59999999999999998      -0.68945588766745503     
   1.0000000000000000      -0.59999999999999998      -0.28202551149343008     
  -1.0000000000000000      -0.49999999999999994      -0.11672909468571800     
 -0.90000000000000002      -0.49999999999999994        9.3840994919146006E-002
 -0.80000000000000004      -0.49999999999999994       0.27144060061992686     
 -0.69999999999999996      -0.49999999999999994       0.34425102296416987     
 -0.59999999999999998      -0.49999999999999994       0.28614537769428350     
 -0.49999999999999994      -0.49999999999999994       0.11870664712037356     
 -0.39999999999999991      -0.49999999999999994       -9.4056213421421619E-002
 -0.29999999999999993      -0.49999999999999994      -0.27089717238295136     
 -0.19999999999999993      -0.49999999999999994      -0.34426316543166369     
  -9.9999999999999978E-002 -0.49999999999999994      -0.28612888879178644     
   2.7755575615628914E-017 -0.49999999999999994      -0.11870880053786925     
  0.10000000000000009      -0.49999999999999994        9.4059488389102511E-002
  0.20000000000000009      -0.49999999999999994       0.27089244844808186     
  0.30000000000000016      -0.49999999999999994       0.34425934173199080     
  0.40000000000000013      -0.49999999999999994       0.28610708548782227     
  0.50000000000000011      -0.49999999999999994       0.11869884157484059     
  0.60000000000000009      -0.49999999999999994       -9.4145888636690184E-002
  0.70000000000000007      -0.49999999999999994      -0.27091163668689805     
  0.80000000000000004      -0.49999999999999994      -0.34442904267878993     
  0.90000000000000002      -0.49999999999999994      -0.28605456557227005     
   1.0000000000000000      -0.49999999999999994      -0.11699788989888754     
  -1.0000000000000000      -0.39999999999999991        9.2489548217908335E-002
 -0.90000000000000002      -0.39999999999999991       -7.4268313672926980E-002
 -0.80000000000000004      -0.39999999999999991      -0.21493482859693247     
 -0.69999999999999996      -0.39999999999999991      -0.27262565079255752     
 -0.59999999999999998      -0.39999999999999991      -0.22663906173433024     
 -0.49999999999999994      -0.39999999999999991       -9.4056213421421092E-002
 -0.39999999999999991      -0.39999999999999991        7.4438903278254809E-002
 -0.29999999999999993      -0.39999999999999991       0.21450437765321773     
 -0.19999999999999993      -0.39999999999999991       0.27263530266469871     
  -9.9999999999999978E-002 -0.39999999999999991       0.22662608747243984     
   2.7755575615628914E-017 -0.39999999999999991        9.4057921473546496E-002
  0.10000000000000009      -0.39999999999999991       -7.4441510354379750E-002
  0.20000000000000009      -0.39999999999999991      -0.21450061803393117     
  0.30000000000000016      -0.39999999999999991      -0.27263227327838635     
  0.40000000000000013      -0.39999999999999991      -0.22660876082766998     
  0.50000000000000011      -0.39999999999999991       -9.4050023467506169E-002
  0.60000000000000009      -0.39999999999999991        7.4510036684908687E-002
  0.70000000000000007      -0.39999999999999991       0.21451583310835579     
  0.80000000000000004      -0.39999999999999991       0.27276656686322126     
  0.90000000000000002      -0.39999999999999991       0.22656712082544672     
   1.0000000000000000      -0.39999999999999991        9.2701431100303308E-002
  -1.0000000000000000      -0.29999999999999993       0.26638462945487906     
 -0.90000000000000002      -0.29999999999999993      -0.21401313145551276     
 -0.80000000000000004      -0.29999999999999993      -0.61922249870950052     
 -0.69999999999999996      -0.29999999999999993      -0.78538131570625080     
 -0.59999999999999998      -0.29999999999999993      -0.65286565112569528     
 -0.49999999999999994      -0.29999999999999993      -0.27089717238295102     
 -0.39999999999999991      -0.29999999999999993       0.21450437765321650     
 -0.29999999999999993      -0.29999999999999993       0.61798256615244573     
 -0.19999999999999993      -0.29999999999999993       0.78540907567053297     
  -9.9999999999999978E-002 -0.29999999999999993       0.65282816879546290     
   2.7755575615628914E-017 -0.29999999999999993       0.27090208956573841     
  0.10000000000000009      -0.29999999999999993      -0.21451187107620054     
  0.20000000000000009      -0.29999999999999993      -0.61797175885594469     
  0.30000000000000016      -0.29999999999999993      -0.78540035017978937     
  0.40000000000000013      -0.29999999999999993      -0.65277832960081950     
  0.50000000000000011      -0.29999999999999993      -0.27087935099528232     
  0.60000000000000009      -0.29999999999999993       0.21470915242258992     
  0.70000000000000007      -0.29999999999999993       0.61801556630658827     
  0.80000000000000004      -0.29999999999999993       0.78578734900877423     
  0.90000000000000002      -0.29999999999999993       0.65265843281747582     
   1.0000000000000000      -0.29999999999999993       0.26699626856193404     
  -1.0000000000000000      -0.19999999999999993       0.33852840705997761     
 -0.90000000000000002      -0.19999999999999993      -0.27201104184868491     
 -0.80000000000000004      -0.19999999999999993      -0.78698487106900405     
 -0.69999999999999996      -0.19999999999999993      -0.99814377078654715     
 -0.59999999999999998      -0.19999999999999993      -0.82971623196420907     
 -0.49999999999999994      -0.19999999999999993      -0.34426316543166402     
 -0.39999999999999991      -0.19999999999999993       0.27263530266470065     
 -0.29999999999999993      -0.19999999999999993       0.78540907567053397     
 -0.19999999999999993      -0.19999999999999993       0.99817903533724406     
  -9.9999999999999978E-002 -0.19999999999999993       0.82966855876080903     
   2.7755575615628914E-017 -0.19999999999999993       0.34426941352239415     
  0.10000000000000009      -0.19999999999999993      -0.27264482016390756     
  0.20000000000000009      -0.19999999999999993      -0.78539534877151973     
  0.30000000000000016      -0.19999999999999993      -0.99816794662989639     
  0.40000000000000013      -0.19999999999999993      -0.82960524415212378     
  0.50000000000000011      -0.19999999999999993      -0.34424051986917620     
  0.60000000000000009      -0.19999999999999993       0.27289550071210816     
  0.70000000000000007      -0.19999999999999993       0.78545101540835871     
  0.80000000000000004      -0.19999999999999993       0.99865982819467403     
  0.90000000000000002      -0.19999999999999993       0.82945288772183978     
   1.0000000000000000      -0.19999999999999993       0.33930617354418890     
  -1.0000000000000000       -9.9999999999999978E-002  0.28136245507517410     
 -0.90000000000000002       -9.9999999999999978E-002 -0.22610726469589162     
 -0.80000000000000004       -9.9999999999999978E-002 -0.65413791100626029     
 -0.69999999999999996       -9.9999999999999978E-002 -0.82963925983756004     
 -0.59999999999999998       -9.9999999999999978E-002 -0.68963512300618224     
 -0.49999999999999994       -9.9999999999999978E-002 -0.28612888879178611     
 -0.39999999999999991       -9.9999999999999978E-002  0.22662608747243954     
 -0.29999999999999993       -9.9999999999999978E-002  0.65282816879546290     
 -0.19999999999999993       -9.9999999999999978E-002  0.82966855876080847     
  -9.9999999999999978E-002  -9.9999999999999978E-002  0.68959546894485524     
   2.7755575615628914E-017  -9.9999999999999978E-002  0.28613408116961303     
  0.10000000000000009       -9.9999999999999978E-002 -0.22663399359084313     
  0.20000000000000009       -9.9999999999999978E-002 -0.65281676564080060     
  0.30000000000000016       -9.9999999999999978E-002 -0.82965934245696771     
  0.40000000000000013       -9.9999999999999978E-002 -0.68954286358615235     
  0.50000000000000011       -9.9999999999999978E-002 -0.28611006911631853     
  0.60000000000000009       -9.9999999999999978E-002  0.22684231938215635     
  0.70000000000000007       -9.9999999999999978E-002  0.65286302814358044     
  0.80000000000000004       -9.9999999999999978E-002  0.83006821980933587     
  0.90000000000000002       -9.9999999999999978E-002  0.68941624401138135     
   1.0000000000000000       -9.9999999999999978E-002  0.28200926085565781     
  -1.0000000000000000        2.7755575615628914E-017  0.11673121222412325     
 -0.90000000000000002        2.7755575615628914E-017  -9.3842699068460128E-002
 -0.80000000000000004        2.7755575615628914E-017 -0.27144552766383856     
 -0.69999999999999996        2.7755575615628914E-017 -0.34425727083528002     
 -0.59999999999999998        2.7755575615628914E-017 -0.28615057037308045     
 -0.49999999999999994        2.7755575615628914E-017 -0.11870880053786957     
 -0.39999999999999991        2.7755575615628914E-017   9.4057921473548078E-002
 -0.29999999999999993        2.7755575615628914E-017  0.27090208956573791     
 -0.19999999999999993        2.7755575615628914E-017  0.34426941352239093     
  -9.9999999999999978E-002   2.7755575615628914E-017  0.28613408116961231     
   2.7755575615628914E-017   2.7755575615628914E-017  0.11871095399439065     
  0.10000000000000009        2.7755575615628914E-017  -9.4061196500374963E-002
  0.20000000000000009        2.7755575615628914E-017 -0.27089736554552146     
  0.30000000000000016        2.7755575615628914E-017 -0.34426558975334970     
  0.40000000000000013        2.7755575615628914E-017 -0.28611227747117612     
  0.50000000000000011        2.7755575615628914E-017 -0.11870099485085481     
  0.60000000000000009        2.7755575615628914E-017   9.4147598313879366E-002
  0.70000000000000007        2.7755575615628914E-017  0.27091655413217625     
  0.80000000000000004        2.7755575615628914E-017  0.34443529378202331     
  0.90000000000000002        2.7755575615628914E-017  0.28605975660342819     
   1.0000000000000000        2.7755575615628914E-017  0.11700001233646749     
  -1.0000000000000000       0.10000000000000009       -9.2492768594426331E-002
 -0.90000000000000002       0.10000000000000009        7.4270914820405945E-002
 -0.80000000000000004       0.10000000000000009       0.21494233703106586     
 -0.69999999999999996       0.10000000000000009       0.27263516796113324     
 -0.59999999999999998       0.10000000000000009       0.22664696832052483     
 -0.49999999999999994       0.10000000000000009        9.4059488389101970E-002
 -0.39999999999999991       0.10000000000000009       -7.4441510354378890E-002
 -0.29999999999999993       0.10000000000000009      -0.21451187107620046     
 -0.19999999999999993       0.10000000000000009      -0.27264482016390668     
  -9.9999999999999978E-002  0.10000000000000009      -0.22663399359084341     
   2.7755575615628914E-017  0.10000000000000009       -9.4061196500374811E-002
  0.10000000000000009       0.10000000000000009        7.4444117519093272E-002
  0.20000000000000009       0.10000000000000009       0.21450811132894723     
  0.30000000000000016       0.10000000000000009       0.27264179067202704     
  0.40000000000000013       0.10000000000000009       0.22661666635176117     
  0.50000000000000011       0.10000000000000009        9.4053298220598505E-002
  0.60000000000000009       0.10000000000000009       -7.4512646223638526E-002
  0.70000000000000007       0.10000000000000009      -0.21452332693112372     
  0.80000000000000004       0.10000000000000009      -0.27277608896242805     
  0.90000000000000002       0.10000000000000009      -0.22657502490432793     
   1.0000000000000000       0.10000000000000009       -9.2704659048051308E-002
  -1.0000000000000000       0.20000000000000009      -0.26637998426190462     
 -0.90000000000000002       0.20000000000000009       0.21400938038849371     
 -0.80000000000000004       0.20000000000000009       0.61921166976164743     
 -0.69999999999999996       0.20000000000000009       0.78536758928439543     
 -0.59999999999999998       0.20000000000000009       0.65285424729734853     
 -0.49999999999999994       0.20000000000000009       0.27089244844808108     
 -0.39999999999999991       0.20000000000000009      -0.21450061803393120     
 -0.29999999999999993       0.20000000000000009      -0.61797175885594524     
 -0.19999999999999993       0.20000000000000009      -0.78539534877150841     
  -9.9999999999999978E-002  0.20000000000000009      -0.65281676564080104     
   2.7755575615628914E-017  0.20000000000000009      -0.27089736554551841     
  0.10000000000000009       0.20000000000000009       0.21450811132894806     
  0.20000000000000009       0.20000000000000009       0.61796095174430943     
  0.30000000000000016       0.20000000000000009       0.78538662343295906     
  0.40000000000000013       0.20000000000000009       0.65276692730403152     
  0.50000000000000011       0.20000000000000009       0.27087462736999840     
  0.60000000000000009       0.20000000000000009      -0.21470538925033120     
  0.70000000000000007       0.20000000000000009      -0.61800475843349223     
  0.80000000000000004       0.20000000000000009      -0.78577361547653790     
  0.90000000000000002       0.20000000000000009      -0.65264703260555135     
   1.0000000000000000       0.20000000000000009      -0.26699161245978376     
  -1.0000000000000000       0.30000000000000016      -0.33852464705912577     
 -0.90000000000000002       0.30000000000000016       0.27200801939503899     
 -0.80000000000000004       0.30000000000000016       0.78697612807426842     
 -0.69999999999999996       0.30000000000000016       0.99813268247041009     
 -0.59999999999999998       0.30000000000000016       0.82970701512959455     
 -0.49999999999999994       0.30000000000000016       0.34425934173199085     
 -0.39999999999999991       0.30000000000000016      -0.27263227327838679     
 -0.29999999999999993       0.30000000000000016      -0.78540035017978826     
 -0.19999999999999993       0.30000000000000016      -0.99816794662989772     
  -9.9999999999999978E-002  0.30000000000000016      -0.82965934245696793     
   2.7755575615628914E-017  0.30000000000000016      -0.34426558975335086     
  0.10000000000000009       0.30000000000000016       0.27264179067202710     
  0.20000000000000009       0.30000000000000016       0.78538662343295862     
  0.30000000000000016       0.30000000000000016       0.99815685804568177     
  0.40000000000000013       0.30000000000000016       0.82959602855073156     
  0.50000000000000011       0.30000000000000016       0.34423669642095095     
  0.60000000000000009       0.30000000000000016      -0.27289246843687587     
  0.70000000000000007       0.30000000000000016      -0.78544228945170780     
  0.80000000000000004       0.30000000000000016      -0.99864873414466038     
  0.90000000000000002       0.30000000000000016      -0.82944367381230111     
   1.0000000000000000       0.30000000000000016      -0.33930240488877622     
  -1.0000000000000000       0.40000000000000013      -0.28134101513383408     
 -0.90000000000000002       0.40000000000000013       0.22608997754345139     
 -0.80000000000000004       0.40000000000000013       0.65408797192035240     
 -0.69999999999999996       0.40000000000000013       0.82957594744071250     
 -0.59999999999999998       0.40000000000000013       0.68958251456518915     
 -0.49999999999999994       0.40000000000000013       0.28610708548782371     
 -0.39999999999999991       0.40000000000000013      -0.22660876082767137     
 -0.29999999999999993       0.40000000000000013      -0.65277832960081938     
 -0.19999999999999993       0.40000000000000013      -0.82960524415212455     
  -9.9999999999999978E-002  0.40000000000000013      -0.68954286358615147     
   2.7755575615628914E-017  0.40000000000000013      -0.28611227747117857     
  0.10000000000000009       0.40000000000000013       0.22661666635176200     
  0.20000000000000009       0.40000000000000013       0.65276692730403985     
  0.30000000000000016       0.40000000000000013       0.82959602855073122     
  0.40000000000000013       0.40000000000000013       0.68949026220192899     
  0.50000000000000011       0.40000000000000013       0.28608826724286923     
  0.60000000000000009       0.40000000000000013      -0.22682497631408000     
  0.70000000000000007       0.40000000000000013      -0.65281318628915985     
  0.80000000000000004       0.40000000000000013      -0.83000487463442330     
  0.90000000000000002       0.40000000000000013      -0.68936365225803087     
   1.0000000000000000       0.40000000000000013      -0.28198777089295657     
  -1.0000000000000000       0.50000000000000011      -0.11672141918824819     
 -0.90000000000000002       0.50000000000000011        9.3834819113057938E-002
 -0.80000000000000004       0.50000000000000011       0.27142274349129408     
 -0.69999999999999996       0.50000000000000011       0.34422837819820690     
 -0.59999999999999998       0.50000000000000011       0.28612655692896022     
 -0.49999999999999994       0.50000000000000011       0.11869884157484073     
 -0.39999999999999991       0.50000000000000011       -9.4050023467507252E-002
 -0.29999999999999993       0.50000000000000011      -0.27087935099528249     
 -0.19999999999999993       0.50000000000000011      -0.34424051986917775     
  -9.9999999999999978E-002  0.50000000000000011      -0.28611006911631842     
   2.7755575615628914E-017  0.50000000000000011      -0.11870099485085553     
  0.10000000000000009       0.50000000000000011        9.4053298220598602E-002
  0.20000000000000009       0.50000000000000011       0.27087462736999995     
  0.30000000000000016       0.50000000000000011       0.34423669642095128     
  0.40000000000000013       0.50000000000000011       0.28608826724287090     
  0.50000000000000011       0.50000000000000011       0.11869103654223644     
  0.60000000000000009       0.50000000000000011       -9.4139692791116322E-002
  0.70000000000000007       0.50000000000000011      -0.27089381434780235     
  0.80000000000000004       0.50000000000000011      -0.34440638619862318     
  0.90000000000000002       0.50000000000000011      -0.28603575077913179     
   1.0000000000000000       0.50000000000000011      -0.11699019665916868     
  -1.0000000000000000       0.60000000000000009        9.2577729303824532E-002
 -0.90000000000000002       0.60000000000000009       -7.4339284554404042E-002
 -0.80000000000000004       0.60000000000000009      -0.21514001401173632     
 -0.69999999999999996       0.60000000000000009      -0.27288583969583574     
 -0.59999999999999998       0.60000000000000009      -0.22685530618511951     
 -0.49999999999999994       0.60000000000000009       -9.4145888636689934E-002
 -0.39999999999999991       0.60000000000000009        7.4510036684902123E-002
 -0.29999999999999993       0.60000000000000009       0.21470915242258867     
 -0.19999999999999993       0.60000000000000009       0.27289550071209373     
  -9.9999999999999978E-002  0.60000000000000009       0.22684231938215579     
   2.7755575615628914E-017  0.60000000000000009        9.4147598313877964E-002
  0.10000000000000009       0.60000000000000009       -7.4512646223637777E-002
  0.20000000000000009       0.60000000000000009      -0.21470538925031632     
  0.30000000000000016       0.60000000000000009      -0.27289246843687648     
  0.40000000000000013       0.60000000000000009      -0.22682497631406984     
  0.50000000000000011       0.60000000000000009       -9.4139692791115850E-002
  0.60000000000000009       0.60000000000000009        7.4581237760838179E-002
  0.70000000000000007       0.60000000000000009       0.21472061880948468     
  0.80000000000000004       0.60000000000000009       0.27302689037686118     
  0.90000000000000002       0.60000000000000009       0.22678329666094704     
   1.0000000000000000       0.60000000000000009        9.2789816265326841E-002
  -1.0000000000000000       0.70000000000000007       0.26639885280997500     
 -0.90000000000000002       0.70000000000000007      -0.21402456068250031     
 -0.80000000000000004       0.70000000000000007      -0.61925556507164037     
 -0.69999999999999996       0.70000000000000007      -0.78542325396263246     
 -0.59999999999999998       0.70000000000000007      -0.65290051247757119     
 -0.49999999999999994       0.70000000000000007      -0.27091163668689766     
 -0.39999999999999991       0.70000000000000007       0.21451583310835623     
 -0.29999999999999993       0.70000000000000007       0.61801556630658716     
 -0.19999999999999993       0.70000000000000007       0.78545101540835893     
  -9.9999999999999978E-002  0.70000000000000007       0.65286302814358044     
   2.7755575615628914E-017  0.70000000000000007       0.27091655413217641     
  0.10000000000000009       0.70000000000000007      -0.21452332693112341     
  0.20000000000000009       0.70000000000000007      -0.61800475843349334     
  0.30000000000000016       0.70000000000000007      -0.78544228945170713     
  0.40000000000000013       0.70000000000000007      -0.65281318628916063     
  0.50000000000000011       0.70000000000000007      -0.27089381434780180     
  0.60000000000000009       0.70000000000000007       0.21472061880948590     
  0.70000000000000007       0.70000000000000007       0.61804856822289389     
  0.80000000000000004       0.70000000000000007       0.78582930894874237     
  0.90000000000000002       0.70000000000000007       0.65269328310471686     
   1.0000000000000000       0.70000000000000007       0.26701052460303182     
  -1.0000000000000000       0.80000000000000004       0.33869152138644087     
 -0.90000000000000002       0.80000000000000004      -0.27214200518225140     
 -0.80000000000000004       0.80000000000000004      -0.78736390351927765     
 -0.69999999999999996       0.80000000000000004      -0.99862454661599342     
 -0.59999999999999998       0.80000000000000004      -0.83011591587875955     
 -0.49999999999999994       0.80000000000000004      -0.34442904267879082     
 -0.39999999999999991       0.80000000000000004       0.27276656686322825     
 -0.29999999999999993       0.80000000000000004       0.78578734900877489     
 -0.19999999999999993       0.80000000000000004       0.99865982819467580     
  -9.9999999999999978E-002  0.80000000000000004       0.83006821980933665     
   2.7755575615628914E-017  0.80000000000000004       0.34443529378202109     
  0.10000000000000009       0.80000000000000004      -0.27277608896242900     
  0.20000000000000009       0.80000000000000004      -0.78577361547654967     
  0.30000000000000016       0.80000000000000004      -0.99864873414466071     
  0.40000000000000013       0.80000000000000004      -0.83000487463441963     
  0.50000000000000011       0.80000000000000004      -0.34440638619862163     
  0.60000000000000009       0.80000000000000004       0.27302689037687777     
  0.70000000000000007       0.80000000000000004       0.78582930894874092     
  0.80000000000000004       0.80000000000000004       0.99914085252270002     
  0.90000000000000002       0.80000000000000004       0.82985244476318365     
   1.0000000000000000       0.80000000000000004       0.33946966134376771     
  -1.0000000000000000       0.90000000000000002       0.28128937022688172     
 -0.90000000000000002       0.90000000000000002      -0.22604843274193009     
 -0.80000000000000004       0.90000000000000002      -0.65396783466553587     
 -0.69999999999999996       0.90000000000000002      -0.82942359637323304     
 -0.59999999999999998       0.90000000000000002      -0.68945588766745514     
 -0.49999999999999994       0.90000000000000002      -0.28605456557226983     
 -0.39999999999999991       0.90000000000000002       0.22656712082544336     
 -0.29999999999999993       0.90000000000000002       0.65265843281747549     
 -0.19999999999999993       0.90000000000000002       0.82945288772183690     
  -9.9999999999999978E-002  0.90000000000000002       0.68941624401138191     
   2.7755575615628914E-017  0.90000000000000002       0.28605975660343158     
  0.10000000000000009       0.90000000000000002      -0.22657502490432765     
  0.20000000000000009       0.90000000000000002      -0.65264703260554890     
  0.30000000000000016       0.90000000000000002      -0.82944367381230089     
  0.40000000000000013       0.90000000000000002      -0.68936365225803120     
  0.50000000000000011       0.90000000000000002      -0.28603575077913179     
  0.60000000000000009       0.90000000000000002       0.22678329666094441     
  0.70000000000000007       0.90000000000000002       0.65269328310471708     
  0.80000000000000004       0.90000000000000002       0.82985244476318187     
  0.90000000000000002       0.90000000000000002       0.68923706554275632     
   1.0000000000000000       0.90000000000000002       0.28193600672614888     
  -1.0000000000000000        1.0000000000000000       0.11504880625022536     
 -0.90000000000000002        1.0000000000000000       -9.2489309987349014E-002
 -0.80000000000000004        1.0000000000000000      -0.26753187295265957     
 -0.69999999999999996        1.0000000000000000      -0.33929420555400785     
 -0.59999999999999998        1.0000000000000000      -0.28202551149343719     
 -0.49999999999999994        1.0000000000000000      -0.11699788989888858     
 -0.39999999999999991        1.0000000000000000        9.2701431100296869E-002
 -0.29999999999999993        1.0000000000000000       0.26699626856193409     
 -0.19999999999999993        1.0000000000000000       0.33930617354418541     
  -9.9999999999999978E-002   1.0000000000000000       0.28200926085565858     
   2.7755575615628914E-017   1.0000000000000000       0.11700001233647189     
  0.10000000000000009        1.0000000000000000       -9.2704659048051599E-002
  0.20000000000000009        1.0000000000000000      -0.26699161245978242     
  0.30000000000000016        1.0000000000000000      -0.33930240488877611     
  0.40000000000000013        1.0000000000000000      -0.28198777089295407     
  0.50000000000000011        1.0000000000000000      -0.11699019665916922     
  0.60000000000000009        1.0000000000000000        9.2789816265323288E-002
  0.70000000000000007        1.0000000000000000       0.26701052460303176     
  0.80000000000000004        1.0000000000000000       0.33946966134376644     
  0.90000000000000002        1.0000000000000000       0.28193600672614683     
   1.0000000000000000        1.0000000000000000       0.11531372119704009     
