  -1.0000000000000000       -1.0000000000000000       0.92493390443849699     
 -0.90000000000000002       -1.0000000000000000       0.61821129839961064     
 -0.80000000000000004       -1.0000000000000000        8.7269938407254638E-002
 -0.69999999999999996       -1.0000000000000000      -0.48417094055436616     
 -0.59999999999999998       -1.0000000000000000      -0.88037652674593059     
 -0.49999999999999994       -1.0000000000000000      -0.93922299746596694     
 -0.39999999999999991       -1.0000000000000000      -0.64143130249906510     
 -0.29999999999999993       -1.0000000000000000       -9.6547437180271478E-002
 -0.19999999999999993       -1.0000000000000000       0.48206914263170553     
  -9.9999999999999978E-002  -1.0000000000000000       0.87938142455878088     
   2.7755575615628914E-017  -1.0000000000000000       0.93643949030531226     
  0.10000000000000009       -1.0000000000000000       0.63987145276159918     
  0.20000000000000009       -1.0000000000000000        9.3145876932941754E-002
  0.30000000000000016       -1.0000000000000000      -0.48404284930750086     
  0.40000000000000013       -1.0000000000000000      -0.88310346753333602     
  0.50000000000000011       -1.0000000000000000      -0.93912801124941281     
  0.60000000000000009       -1.0000000000000000      -0.64382624808167299     
  0.70000000000000007       -1.0000000000000000       -9.6492749946231776E-002
  0.80000000000000004       -1.0000000000000000       0.47936662642315619     
  0.90000000000000002       -1.0000000000000000       0.87848360880639575     
   1.0000000000000000       -1.0000000000000000       0.91953297228136310     
  -1.0000000000000000      -0.90000000000000002       0.61821129839960809     
 -0.90000000000000002      -0.90000000000000002       0.41316447523724587     
 -0.80000000000000004      -0.90000000000000002        5.8267560388594243E-002
 -0.69999999999999996      -0.90000000000000002      -0.32367649792452718     
 -0.59999999999999998      -0.90000000000000002      -0.58846947095279123     
 -0.49999999999999994      -0.90000000000000002      -0.62776199366394869     
 -0.39999999999999991      -0.90000000000000002      -0.42868251086543863     
 -0.29999999999999993      -0.90000000000000002       -6.4466633424544770E-002
 -0.19999999999999993      -0.90000000000000002       0.32227208786980588     
  -9.9999999999999978E-002 -0.90000000000000002       0.58780448115651818     
   2.7755575615628914E-017 -0.90000000000000002       0.62590180879927648     
  0.10000000000000009      -0.90000000000000002       0.42764045444249671     
  0.20000000000000009      -0.90000000000000002        6.2193311410011866E-002
  0.30000000000000016      -0.90000000000000002      -0.32359086975513285     
  0.40000000000000013      -0.90000000000000002      -0.59029217868557371     
  0.50000000000000011      -0.90000000000000002      -0.62769854460245722     
  0.60000000000000009      -0.90000000000000002      -0.43028364577055295     
  0.70000000000000007      -0.90000000000000002       -6.4430075220269126E-002
  0.80000000000000004      -0.90000000000000002       0.32046567756566430     
  0.90000000000000002      -0.90000000000000002       0.58720441564296832     
   1.0000000000000000      -0.90000000000000002       0.61460160978934353     
  -1.0000000000000000      -0.80000000000000004        8.7269938407244591E-002
 -0.90000000000000002      -0.80000000000000004        5.8267560388597588E-002
 -0.80000000000000004      -0.80000000000000004        8.1326869769829425E-003
 -0.69999999999999996      -0.80000000000000004       -4.5787429903191408E-002
 -0.59999999999999998      -0.80000000000000004       -8.3130368149433045E-002
 -0.49999999999999994      -0.80000000000000004       -8.8618298144197402E-002
 -0.39999999999999991      -0.80000000000000004       -6.0455414768000718E-002
 -0.29999999999999993      -0.80000000000000004       -9.0050115444231631E-003
 -0.19999999999999993      -0.80000000000000004        4.5589769076969607E-002
  -9.9999999999999978E-002 -0.80000000000000004        8.3036674514315886E-002
   2.7755575615628914E-017 -0.80000000000000004        8.8356102807860326E-002
  0.10000000000000009      -0.80000000000000004        6.0309090067649188E-002
  0.20000000000000009      -0.80000000000000004        8.6844358498759690E-003
  0.30000000000000016      -0.80000000000000004       -4.5775321363987875E-002
  0.40000000000000013      -0.80000000000000004       -8.3387765294574201E-002
  0.50000000000000011      -0.80000000000000004       -8.8609398213272905E-002
  0.60000000000000009      -0.80000000000000004       -6.0682020764021419E-002
  0.70000000000000007      -0.80000000000000004       -8.9998417012444945E-003
  0.80000000000000004      -0.80000000000000004        4.5334631515436694E-002
  0.90000000000000002      -0.80000000000000004        8.2951996527703700E-002
   1.0000000000000000      -0.80000000000000004        8.6760687733589373E-002
  -1.0000000000000000      -0.69999999999999996      -0.48417094055436333     
 -0.90000000000000002      -0.69999999999999996      -0.32367649792452585     
 -0.80000000000000004      -0.69999999999999996       -4.5787429903195065E-002
 -0.69999999999999996      -0.69999999999999996       0.25333885463970801     
 -0.59999999999999998      -0.69999999999999996       0.46078014025085068     
 -0.49999999999999994      -0.69999999999999996       0.49165063614354232     
 -0.39999999999999991      -0.69999999999999996       0.33583447591559901     
 -0.29999999999999993      -0.69999999999999996        5.0647006431779995E-002
 -0.19999999999999993      -0.69999999999999996      -0.25223796644307850     
  -9.9999999999999978E-002 -0.69999999999999996      -0.46025903558863468     
   2.7755575615628914E-017 -0.69999999999999996      -0.49019311683795136     
  0.10000000000000009      -0.69999999999999996      -0.33501707060541858     
  0.20000000000000009      -0.69999999999999996       -4.8866025157521607E-002
  0.30000000000000016      -0.69999999999999996       0.25327182678514570     
  0.40000000000000013      -0.69999999999999996       0.46220749314857568     
  0.50000000000000011      -0.69999999999999996       0.49160084991664299     
  0.60000000000000009      -0.69999999999999996       0.33708749061383236     
  0.70000000000000007      -0.69999999999999996        5.0618389828576860E-002
  0.80000000000000004      -0.69999999999999996      -0.25082344523983846     
  0.90000000000000002      -0.69999999999999996      -0.45978902573004532     
   1.0000000000000000      -0.69999999999999996      -0.48134338707462759     
  -1.0000000000000000      -0.59999999999999998      -0.88037652674591138     
 -0.90000000000000002      -0.59999999999999998      -0.58846947095278568     
 -0.80000000000000004      -0.59999999999999998       -8.3130368149423026E-002
 -0.69999999999999996      -0.59999999999999998       0.46078014025085579     
 -0.59999999999999998      -0.59999999999999998       0.83792458924462165     
 -0.49999999999999994      -0.59999999999999998       0.89397716995124399     
 -0.39999999999999991      -0.59999999999999998       0.61057280137800785     
 -0.29999999999999993      -0.59999999999999998        9.1962864909158559E-002
 -0.19999999999999993      -0.59999999999999998      -0.45877918046504090     
  -9.9999999999999978E-002 -0.59999999999999998      -0.83697729944339094     
   2.7755575615628914E-017 -0.59999999999999998      -0.89132747706618554     
  0.10000000000000009      -0.59999999999999998      -0.60908755371774914     
  0.20000000000000009      -0.59999999999999998       -8.8724934376574013E-002
  0.30000000000000016      -0.59999999999999998       0.46065823409651696     
  0.40000000000000013      -0.59999999999999998       0.84052009790657101     
  0.50000000000000011      -0.59999999999999998       0.89388671994436564     
  0.60000000000000009      -0.59999999999999998       0.61285196887870019     
  0.70000000000000007      -0.59999999999999998        9.1910818493364882E-002
  0.80000000000000004      -0.59999999999999998      -0.45620694827256597     
  0.90000000000000002      -0.59999999999999998      -0.83612271350990119     
   1.0000000000000000      -0.59999999999999998      -0.87523555965343813     
  -1.0000000000000000      -0.49999999999999994      -0.93922299746596949     
 -0.90000000000000002      -0.49999999999999994      -0.62776199366394903     
 -0.80000000000000004      -0.49999999999999994       -8.8618298144194668E-002
 -0.69999999999999996      -0.49999999999999994       0.49165063614354293     
 -0.59999999999999998      -0.49999999999999994       0.89397716995124277     
 -0.49999999999999994      -0.49999999999999994       0.95373283923665586     
 -0.39999999999999991      -0.49999999999999994       0.65134072267741405     
 -0.29999999999999993      -0.49999999999999994        9.8039127229332987E-002
 -0.19999999999999993      -0.49999999999999994      -0.48951636709153296     
  -9.9999999999999978E-002 -0.49999999999999994      -0.89296669436203890     
   2.7755575615628914E-017 -0.49999999999999994      -0.95090632968118616     
  0.10000000000000009      -0.49999999999999994      -0.64975677393262166     
  0.20000000000000009      -0.49999999999999994       -9.4585016517639869E-002
  0.30000000000000016      -0.49999999999999994       0.49152056606987760     
  0.40000000000000013      -0.49999999999999994       0.89674623846730239     
  0.50000000000000011      -0.49999999999999994       0.95363638550614827     
  0.60000000000000009      -0.49999999999999994       0.65377266628861119     
  0.70000000000000007      -0.49999999999999994        9.7983595160365089E-002
  0.80000000000000004      -0.49999999999999994      -0.48677210052224840     
  0.90000000000000002      -0.49999999999999994      -0.89205500840710350     
   1.0000000000000000      -0.49999999999999994      -0.93373862704595689     
  -1.0000000000000000      -0.39999999999999991      -0.64143130249905445     
 -0.90000000000000002      -0.39999999999999991      -0.42868251086543491     
 -0.80000000000000004      -0.39999999999999991       -6.0455414767992953E-002
 -0.69999999999999996      -0.39999999999999991       0.33583447591559851     
 -0.59999999999999998      -0.39999999999999991       0.61057280137799874     
 -0.49999999999999994      -0.39999999999999991       0.65134072267741261     
 -0.39999999999999991      -0.39999999999999991       0.44478338360293357     
 -0.29999999999999993      -0.39999999999999991        6.6887304691744628E-002
 -0.19999999999999993      -0.39999999999999991      -0.33437732056616243     
  -9.9999999999999978E-002 -0.39999999999999991      -0.60988283587163694     
   2.7755575615628914E-017 -0.39999999999999991      -0.64941067220350457     
  0.10000000000000009      -0.39999999999999991      -0.44370219319553988     
  0.20000000000000009      -0.39999999999999991       -6.4528599206854539E-002
  0.30000000000000016      -0.39999999999999991       0.33574563139333097     
  0.40000000000000013      -0.39999999999999991       0.61246397065045699     
  0.50000000000000011      -0.39999999999999991       0.65127489087938639     
  0.60000000000000009      -0.39999999999999991       0.44644466130541627     
  0.70000000000000007      -0.39999999999999991        6.6849373297575163E-002
  0.80000000000000004      -0.39999999999999991      -0.33250306052070161     
  0.90000000000000002      -0.39999999999999991      -0.60926023212577152     
   1.0000000000000000      -0.39999999999999991      -0.63768603632323573     
  -1.0000000000000000      -0.29999999999999993       -9.6547437180271048E-002
 -0.90000000000000002      -0.29999999999999993       -6.4466633424546005E-002
 -0.80000000000000004      -0.29999999999999993       -9.0050115444230139E-003
 -0.69999999999999996      -0.29999999999999993        5.0647006431780321E-002
 -0.59999999999999998      -0.29999999999999993        9.1962864909157852E-002
 -0.49999999999999994      -0.29999999999999993        9.8039127229333431E-002
 -0.39999999999999991      -0.29999999999999993        6.6887304691745364E-002
 -0.29999999999999993      -0.29999999999999993        9.9703030060865599E-003
 -0.19999999999999993      -0.29999999999999993       -5.0428283031435164E-002
  -9.9999999999999978E-002 -0.29999999999999993       -9.1859195859142984E-002
   2.7755575615628914E-017 -0.29999999999999993       -9.7749025098278680E-002
  0.10000000000000009      -0.29999999999999993       -6.6725359469817364E-002
  0.20000000000000009      -0.29999999999999993       -9.6156192194569098E-003
  0.30000000000000016      -0.29999999999999993        5.0633612412253927E-002
  0.40000000000000013      -0.29999999999999993        9.2247617582477293E-002
  0.50000000000000011      -0.29999999999999993        9.8029276411796429E-002
  0.60000000000000009      -0.29999999999999993        6.7137952119696129E-002
  0.70000000000000007      -0.29999999999999993        9.9645843256199688E-003
  0.80000000000000004      -0.29999999999999993       -5.0146033636929724E-002
  0.90000000000000002      -0.29999999999999993       -9.1765513382120120E-002
   1.0000000000000000      -0.29999999999999993       -9.5984022956548024E-002
  -1.0000000000000000      -0.19999999999999993       0.48206914263169209     
 -0.90000000000000002      -0.19999999999999993       0.32227208786980244     
 -0.80000000000000004      -0.19999999999999993        4.5589769076953279E-002
 -0.69999999999999996      -0.19999999999999993      -0.25223796644308411     
 -0.59999999999999998      -0.19999999999999993      -0.45877918046505994     
 -0.49999999999999994      -0.19999999999999993      -0.48951636709153618     
 -0.39999999999999991      -0.19999999999999993      -0.33437732056617053     
 -0.29999999999999993      -0.19999999999999993       -5.0428283031436191E-002
 -0.19999999999999993      -0.19999999999999993       0.25114185016822532     
  -9.9999999999999978E-002 -0.19999999999999993       0.45826033578620484     
   2.7755575615628914E-017 -0.19999999999999993       0.48806517017288958     
  0.10000000000000009      -0.19999999999999993       0.33356345436884466     
  0.20000000000000009      -0.19999999999999993        4.8655029011041399E-002
  0.30000000000000016      -0.19999999999999993      -0.25217122980367340     
  0.40000000000000013      -0.19999999999999993      -0.46020033606432831     
  0.50000000000000011      -0.19999999999999993      -0.48946679630939971     
  0.60000000000000009      -0.19999999999999993      -0.33562488896580833     
  0.70000000000000007      -0.19999999999999993       -5.0399790762346713E-002
  0.80000000000000004      -0.19999999999999993       0.24973347104098695     
  0.90000000000000002      -0.19999999999999993       0.45779236588873656     
   1.0000000000000000      -0.19999999999999993       0.47925385991722219     
  -1.0000000000000000       -9.9999999999999978E-002  0.87938142455878021     
 -0.90000000000000002       -9.9999999999999978E-002  0.58780448115651729     
 -0.80000000000000004       -9.9999999999999978E-002   8.3036674514315650E-002
 -0.69999999999999996       -9.9999999999999978E-002 -0.46025903558863462     
 -0.59999999999999998       -9.9999999999999978E-002 -0.83697729944338983     
 -0.49999999999999994       -9.9999999999999978E-002 -0.89296669436203735     
 -0.39999999999999991       -9.9999999999999978E-002 -0.60988283587163938     
 -0.29999999999999993       -9.9999999999999978E-002  -9.1859195859141776E-002
 -0.19999999999999993       -9.9999999999999978E-002  0.45826033578620112     
  -9.9999999999999978E-002  -9.9999999999999978E-002  0.83603107986286174     
   2.7755575615628914E-017  -9.9999999999999978E-002  0.89031999530247752     
  0.10000000000000009       -9.9999999999999978E-002  0.60839926475831685     
  0.20000000000000009       -9.9999999999999978E-002   8.8624924221908027E-002
  0.30000000000000016       -9.9999999999999978E-002 -0.46013726729309812     
  0.40000000000000013       -9.9999999999999978E-002 -0.83956987409775452     
  0.50000000000000011       -9.9999999999999978E-002 -0.89287634642959934     
  0.60000000000000009       -9.9999999999999978E-002 -0.61215942552174307     
  0.70000000000000007       -9.9999999999999978E-002  -9.1807208297563725E-002
  0.80000000000000004       -9.9999999999999978E-002  0.45569101143290819     
  0.90000000000000002       -9.9999999999999978E-002  0.83517745979461067     
   1.0000000000000000       -9.9999999999999978E-002  0.87424626746749656     
  -1.0000000000000000        2.7755575615628914E-017  0.93643949030528528     
 -0.90000000000000002        2.7755575615628914E-017  0.62590180879927337     
 -0.80000000000000004        2.7755575615628914E-017   8.8356102807845491E-002
 -0.69999999999999996        2.7755575615628914E-017 -0.49019311683795602     
 -0.59999999999999998        2.7755575615628914E-017 -0.89132747706618498     
 -0.49999999999999994        2.7755575615628914E-017 -0.95090632968119171     
 -0.39999999999999991        2.7755575615628914E-017 -0.64941067220351067     
 -0.29999999999999993        2.7755575615628914E-017  -9.7749025098279055E-002
 -0.19999999999999993        2.7755575615628914E-017  0.48806517017287970     
  -9.9999999999999978E-002   2.7755575615628914E-017  0.89031999530248007     
   2.7755575615628914E-017   2.7755575615628914E-017  0.94808819497323771     
  0.10000000000000009        2.7755575615628914E-017  0.64783141403074007     
  0.20000000000000009        2.7755575615628914E-017   9.4305149491207621E-002
  0.30000000000000016        2.7755575615628914E-017 -0.49006343234074434     
  0.40000000000000013        2.7755575615628914E-017 -0.89408833865002546     
  0.50000000000000011        2.7755575615628914E-017 -0.95081016153543962     
  0.60000000000000009        2.7755575615628914E-017 -0.65183540569973131     
  0.70000000000000007        2.7755575615628914E-017  -9.7693657648661086E-002
  0.80000000000000004        2.7755575615628914E-017  0.48532903722239329     
  0.90000000000000002        2.7755575615628914E-017  0.88941101110163823     
   1.0000000000000000        2.7755575615628914E-017  0.93097137204829961     
  -1.0000000000000000       0.10000000000000009       0.63987145276159985     
 -0.90000000000000002       0.10000000000000009       0.42764045444249676     
 -0.80000000000000004       0.10000000000000009        6.0309090067648292E-002
 -0.69999999999999996       0.10000000000000009      -0.33501707060541858     
 -0.59999999999999998       0.10000000000000009      -0.60908755371774914     
 -0.49999999999999994       0.10000000000000009      -0.64975677393262066     
 -0.39999999999999991       0.10000000000000009      -0.44370219319554138     
 -0.29999999999999993       0.10000000000000009       -6.6725359469816170E-002
 -0.19999999999999993       0.10000000000000009       0.33356345436884294     
  -9.9999999999999978E-002  0.10000000000000009       0.60839926475831752     
   2.7755575615628914E-017  0.10000000000000009       0.64783141403073918     
  0.10000000000000009       0.10000000000000009       0.44262362626689616     
  0.20000000000000009       0.10000000000000009        6.4372387421313640E-002
  0.30000000000000016       0.10000000000000009      -0.33492844230194507     
  0.40000000000000013       0.10000000000000009      -0.61097412330189038     
  0.50000000000000011       0.10000000000000009      -0.64969110180572265     
  0.60000000000000009       0.10000000000000009      -0.44535942664032219     
  0.70000000000000007       0.10000000000000009       -6.6687520384552765E-002
  0.80000000000000004       0.10000000000000009       0.33169375323101391     
  0.90000000000000002       0.10000000000000009       0.60777817485417407     
   1.0000000000000000       0.10000000000000009       0.63613529209508890     
  -1.0000000000000000       0.20000000000000009        9.3145876932932775E-002
 -0.90000000000000002       0.20000000000000009        6.2193311410015113E-002
 -0.80000000000000004       0.20000000000000009        8.6844358498828714E-003
 -0.69999999999999996       0.20000000000000009       -4.8866025157518887E-002
 -0.59999999999999998       0.20000000000000009       -8.8724934376559955E-002
 -0.49999999999999994       0.20000000000000009       -9.4585016517641493E-002
 -0.39999999999999991       0.20000000000000009       -6.4528599206852499E-002
 -0.29999999999999993       0.20000000000000009       -9.6156192194568283E-003
 -0.19999999999999993       0.20000000000000009        4.8655029011040525E-002
  -9.9999999999999978E-002  0.20000000000000009        8.8624924221908014E-002
   2.7755575615628914E-017  0.20000000000000009        9.4305149491203513E-002
  0.10000000000000009       0.20000000000000009        6.4372387421313820E-002
  0.20000000000000009       0.20000000000000009        9.2734437442410830E-003
  0.30000000000000016       0.20000000000000009       -4.8853102293483192E-002
  0.40000000000000013       0.20000000000000009       -8.8999658008076632E-002
  0.50000000000000011       0.20000000000000009       -9.4575514796806218E-002
  0.60000000000000009       0.20000000000000009       -6.4770436600208522E-002
  0.70000000000000007       0.20000000000000009       -9.6101016943800546E-003
  0.80000000000000004       0.20000000000000009        4.8382719000531878E-002
  0.90000000000000002       0.20000000000000009        8.8534543453547138E-002
   1.0000000000000000       0.20000000000000009        9.2602324066987041E-002
  -1.0000000000000000       0.30000000000000016      -0.48404284930749941     
 -0.90000000000000002       0.30000000000000016      -0.32359086975513152     
 -0.80000000000000004       0.30000000000000016       -4.5775321363988097E-002
 -0.69999999999999996       0.30000000000000016       0.25327182678514520     
 -0.59999999999999998       0.30000000000000016       0.46065823409651735     
 -0.49999999999999994       0.30000000000000016       0.49152056606987771     
 -0.39999999999999991       0.30000000000000016       0.33574563139333474     
 -0.29999999999999993       0.30000000000000016        5.0633612412253330E-002
 -0.19999999999999993       0.30000000000000016      -0.25217122980367251     
  -9.9999999999999978E-002  0.30000000000000016      -0.46013726729309878     
   2.7755575615628914E-017  0.30000000000000016      -0.49006343234074440     
  0.10000000000000009       0.30000000000000016      -0.33492844230194480     
  0.20000000000000009       0.30000000000000016       -4.8853102293483421E-002
  0.30000000000000016       0.30000000000000016       0.25320481666821826     
  0.40000000000000013       0.30000000000000016       0.46208520937662406     
  0.50000000000000011       0.30000000000000016       0.49147079301329000     
  0.60000000000000009       0.30000000000000016       0.33699831457733420     
  0.70000000000000007       0.30000000000000016        5.0605003379581528E-002
  0.80000000000000004       0.30000000000000016      -0.25075708283966952     
  0.90000000000000002       0.30000000000000016      -0.45966738177966554     
   1.0000000000000000       0.30000000000000016      -0.48121604386329347     
  -1.0000000000000000       0.40000000000000013      -0.88310346753329150     
 -0.90000000000000002       0.40000000000000013      -0.59029217868556549     
 -0.80000000000000004       0.40000000000000013       -8.3387765294558033E-002
 -0.69999999999999996       0.40000000000000013       0.46220749314858028     
 -0.59999999999999998       0.40000000000000013       0.84052009790658999     
 -0.49999999999999994       0.40000000000000013       0.89674623846730406     
 -0.39999999999999991       0.40000000000000013       0.61246397065047486     
 -0.29999999999999993       0.40000000000000013        9.2247617582477751E-002
 -0.19999999999999993       0.40000000000000013      -0.46020033606431954     
  -9.9999999999999978E-002  0.40000000000000013      -0.83956987409775541     
   2.7755575615628914E-017  0.40000000000000013      -0.89408833865004156     
  0.10000000000000009       0.40000000000000013      -0.61097412330189060     
  0.20000000000000009       0.40000000000000013       -8.8999658008089233E-002
  0.30000000000000016       0.40000000000000013       0.46208520937662229     
  0.40000000000000013       0.40000000000000013       0.84312364618588242     
  0.50000000000000011       0.40000000000000013       0.89665550835609575     
  0.60000000000000009       0.40000000000000013       0.61475019842850698     
  0.70000000000000007       0.40000000000000013        9.2195409944030138E-002
  0.80000000000000004       0.40000000000000013      -0.45762013632803361     
  0.90000000000000002       0.40000000000000013      -0.83871264114335919     
   1.0000000000000000       0.40000000000000013      -0.87794657677041021     
  -1.0000000000000000       0.50000000000000011      -0.93912801124941259     
 -0.90000000000000002       0.50000000000000011      -0.62769854460245722     
 -0.80000000000000004       0.50000000000000011       -8.8609398213272059E-002
 -0.69999999999999996       0.50000000000000011       0.49160084991664305     
 -0.59999999999999998       0.50000000000000011       0.89388671994436830     
 -0.49999999999999994       0.50000000000000011       0.95363638550614682     
 -0.39999999999999991       0.50000000000000011       0.65127489087938872     
 -0.29999999999999993       0.50000000000000011        9.8029276411795721E-002
 -0.19999999999999993       0.50000000000000011      -0.48946679630939993     
  -9.9999999999999978E-002  0.50000000000000011      -0.89287634642960001     
   2.7755575615628914E-017  0.50000000000000011      -0.95081016153543962     
  0.10000000000000009       0.50000000000000011      -0.64969110180572232     
  0.20000000000000009       0.50000000000000011       -9.4575514796804941E-002
  0.30000000000000016       0.50000000000000011       0.49147079301329033     
  0.40000000000000013       0.50000000000000011       0.89665550835609942     
  0.50000000000000011       0.50000000000000011       0.95353994149306553     
  0.60000000000000009       0.50000000000000011       0.65370658815651972     
  0.70000000000000007       0.50000000000000011        9.7973749964691437E-002
  0.80000000000000004       0.50000000000000011      -0.48672280737114049     
  0.90000000000000002       0.50000000000000011      -0.89196475265656217     
   1.0000000000000000       0.50000000000000011      -0.93364419526957165     
  -1.0000000000000000       0.60000000000000009      -0.64382624808164390     
 -0.90000000000000002       0.60000000000000009      -0.43028364577055123     
 -0.80000000000000004       0.60000000000000009       -6.0682020764004169E-002
 -0.69999999999999996       0.60000000000000009       0.33708749061383264     
 -0.59999999999999998       0.60000000000000009       0.61285196887871307     
 -0.49999999999999994       0.60000000000000009       0.65377266628861375     
 -0.39999999999999991       0.60000000000000009       0.44644466130541971     
 -0.29999999999999993       0.60000000000000009        6.7137952119695865E-002
 -0.19999999999999993       0.60000000000000009      -0.33562488896582165     
  -9.9999999999999978E-002  0.60000000000000009      -0.61215942552174241     
   2.7755575615628914E-017  0.60000000000000009      -0.65183540569973641     
  0.10000000000000009       0.60000000000000009      -0.44535942664032141     
  0.20000000000000009       0.60000000000000009       -6.4770436600200224E-002
  0.30000000000000016       0.60000000000000009       0.33699831457733237     
  0.40000000000000013       0.60000000000000009       0.61475019842851286     
  0.50000000000000011       0.60000000000000009       0.65370658815651894     
  0.60000000000000009       0.60000000000000009       0.44811213631692814     
  0.70000000000000007       0.60000000000000009        6.7099879183411412E-002
  0.80000000000000004       0.60000000000000009      -0.33374363221074738     
  0.90000000000000002       0.60000000000000009      -0.61153449684472294     
   1.0000000000000000       0.60000000000000009      -0.64006699504831610     
  -1.0000000000000000       0.70000000000000007       -9.6492749946234385E-002
 -0.90000000000000002       0.70000000000000007       -6.4430075220269903E-002
 -0.80000000000000004       0.70000000000000007       -8.9998417012420121E-003
 -0.69999999999999996       0.70000000000000007        5.0618389828577068E-002
 -0.59999999999999998       0.70000000000000007        9.1910818493365298E-002
 -0.49999999999999994       0.70000000000000007        9.7983595160364506E-002
 -0.39999999999999991       0.70000000000000007        6.6849373297574358E-002
 -0.29999999999999993       0.70000000000000007        9.9645843256199237E-003
 -0.19999999999999993       0.70000000000000007       -5.0399790762348802E-002
  -9.9999999999999978E-002  0.70000000000000007       -9.1807208297564072E-002
   2.7755575615628914E-017  0.70000000000000007       -9.7693657648659851E-002
  0.10000000000000009       0.70000000000000007       -6.6687520384552681E-002
  0.20000000000000009       0.70000000000000007       -9.6101016943768124E-003
  0.30000000000000016       0.70000000000000007        5.0605003379581751E-002
  0.40000000000000013       0.70000000000000007        9.2195409944030443E-002
  0.50000000000000011       0.70000000000000007        9.7973749964691118E-002
  0.60000000000000009       0.70000000000000007        6.7099879183409553E-002
  0.70000000000000007       0.70000000000000007        9.9588688777146571E-003
  0.80000000000000004       0.70000000000000007       -5.0117701139364340E-002
  0.90000000000000002       0.70000000000000007       -9.1713578907307886E-002
   1.0000000000000000       0.70000000000000007       -9.5929655089086352E-002
  -1.0000000000000000       0.80000000000000004       0.47936662642313949     
 -0.90000000000000002       0.80000000000000004       0.32046567756566247     
 -0.80000000000000004       0.80000000000000004        4.5334631515427042E-002
 -0.69999999999999996       0.80000000000000004      -0.25082344523984529     
 -0.59999999999999998       0.80000000000000004      -0.45620694827259795     
 -0.49999999999999994       0.80000000000000004      -0.48677210052225323     
 -0.39999999999999991       0.80000000000000004      -0.33250306052072393     
 -0.29999999999999993       0.80000000000000004       -5.0146033636930210E-002
 -0.19999999999999993       0.80000000000000004       0.24973347104098803     
  -9.9999999999999978E-002  0.80000000000000004       0.45569101143291246     
   2.7755575615628914E-017  0.80000000000000004       0.48532903722242088     
  0.10000000000000009       0.80000000000000004       0.33169375323101596     
  0.20000000000000009       0.80000000000000004        4.8382719000543063E-002
  0.30000000000000016       0.80000000000000004      -0.25075708283967185     
  0.40000000000000013       0.80000000000000004      -0.45762013632804777     
  0.50000000000000011       0.80000000000000004      -0.48672280737114199     
  0.60000000000000009       0.80000000000000004      -0.33374363221075176     
  0.70000000000000007       0.80000000000000004       -5.0117701139363632E-002
  0.80000000000000004       0.80000000000000004       0.24833298806214130     
  0.90000000000000002       0.80000000000000004       0.45522566486990995     
   1.0000000000000000       0.80000000000000004       0.47656712491063169     
  -1.0000000000000000       0.90000000000000002       0.87848360880639631     
 -0.90000000000000002       0.90000000000000002       0.58720441564296721     
 -0.80000000000000004       0.90000000000000002        8.2951996527705754E-002
 -0.69999999999999996       0.90000000000000002      -0.45978902573004404     
 -0.59999999999999998       0.90000000000000002      -0.83612271350990020     
 -0.49999999999999994       0.90000000000000002      -0.89205500840710261     
 -0.39999999999999991       0.90000000000000002      -0.60926023212577796     
 -0.29999999999999993       0.90000000000000002       -9.1765513382119732E-002
 -0.19999999999999993       0.90000000000000002       0.45779236588872974     
  -9.9999999999999978E-002  0.90000000000000002       0.83517745979460956     
   2.7755575615628914E-017  0.90000000000000002       0.88941101110163545     
  0.10000000000000009       0.90000000000000002       0.60777817485417474     
  0.20000000000000009       0.90000000000000002        8.8534543453549386E-002
  0.30000000000000016       0.90000000000000002      -0.45966738177966382     
  0.40000000000000013       0.90000000000000002      -0.83871264114335842     
  0.50000000000000011       0.90000000000000002      -0.89196475265656061     
  0.60000000000000009       0.90000000000000002      -0.61153449684472594     
  0.70000000000000007       0.90000000000000002       -9.1713578907308510E-002
  0.80000000000000004       0.90000000000000002       0.45522566486990251     
  0.90000000000000002       0.90000000000000002       0.83432471120910789     
   1.0000000000000000       0.90000000000000002       0.87335369418548470     
  -1.0000000000000000        1.0000000000000000       0.91953297228130237     
 -0.90000000000000002        1.0000000000000000       0.61460160978933587     
 -0.80000000000000004        1.0000000000000000        8.6760687733572150E-002
 -0.69999999999999996        1.0000000000000000      -0.48134338707462898     
 -0.59999999999999998        1.0000000000000000      -0.87523555965343403     
 -0.49999999999999994        1.0000000000000000      -0.93373862704595934     
 -0.39999999999999991        1.0000000000000000      -0.63768603632324017     
 -0.29999999999999993        1.0000000000000000       -9.5984022956547635E-002
 -0.19999999999999993        1.0000000000000000       0.47925385991720759     
  -9.9999999999999978E-002   1.0000000000000000       0.87424626746749290     
   2.7755575615628914E-017   1.0000000000000000       0.93097137204829128     
  0.10000000000000009        1.0000000000000000       0.63613529209508668     
  0.20000000000000009        1.0000000000000000        9.2602324066987499E-002
  0.30000000000000016        1.0000000000000000      -0.48121604386328992     
  0.40000000000000013        1.0000000000000000      -0.87794657677038601     
  0.50000000000000011        1.0000000000000000      -0.93364419526956566     
  0.60000000000000009        1.0000000000000000      -0.64006699504829834     
  0.70000000000000007        1.0000000000000000       -9.5929655089086407E-002
  0.80000000000000004        1.0000000000000000       0.47656712491059827     
  0.90000000000000002        1.0000000000000000       0.87335369418548203     
   1.0000000000000000        1.0000000000000000       0.91416357643748170     
