  -1.0000000000000000       -1.0000000000000000       0.89555636589985199     
 -0.90000000000000002       -1.0000000000000000       0.85130150867676146     
 -0.80000000000000004       -1.0000000000000000       0.49319464174035144     
 -0.69999999999999996       -1.0000000000000000       -4.5816986214243509E-002
 -0.59999999999999998       -1.0000000000000000      -0.57072795542806565     
 -0.49999999999999994       -1.0000000000000000      -0.87885974805496037     
 -0.39999999999999991       -1.0000000000000000      -0.84997219721913397     
 -0.29999999999999993       -1.0000000000000000      -0.49754965812096852     
 -0.19999999999999993       -1.0000000000000000        4.7944301253918499E-002
  -9.9999999999999978E-002  -1.0000000000000000       0.59226114954805631     
   2.7755575615628914E-017  -1.0000000000000000       0.91030320784713692     
  0.10000000000000009       -1.0000000000000000       0.88152833101241856     
  0.20000000000000009       -1.0000000000000000       0.51462392980213612     
  0.30000000000000016       -1.0000000000000000       -4.7319337566092454E-002
  0.40000000000000013       -1.0000000000000000      -0.59363234717943536     
  0.50000000000000011       -1.0000000000000000      -0.91092702166867590     
  0.60000000000000009       -1.0000000000000000      -0.88384016614774208     
  0.70000000000000007       -1.0000000000000000      -0.51575593899438354     
  0.80000000000000004       -1.0000000000000000        4.4156329286452640E-002
  0.90000000000000002       -1.0000000000000000       0.59128654853486484     
   1.0000000000000000       -1.0000000000000000       0.89334149948660979     
  -1.0000000000000000      -0.90000000000000002       0.85130150867675514     
 -0.90000000000000002      -0.90000000000000002       0.80909395777850046     
 -0.80000000000000004      -0.90000000000000002       0.46859645833915320     
 -0.69999999999999996      -0.90000000000000002       -4.3781381209599811E-002
 -0.59999999999999998      -0.90000000000000002      -0.54266611091619577     
 -0.49999999999999994      -0.90000000000000002      -0.83543174701946776     
 -0.39999999999999991      -0.90000000000000002      -0.80782963487698933     
 -0.29999999999999993      -0.90000000000000002      -0.47273491162119802     
 -0.19999999999999993      -0.90000000000000002        4.5810035374023131E-002
  -9.9999999999999978E-002 -0.90000000000000002       0.56314136343835708     
   2.7755575615628914E-017 -0.90000000000000002       0.86532253457137576     
  0.10000000000000009      -0.90000000000000002       0.83782172457070592     
  0.20000000000000009      -0.90000000000000002       0.48895803964068824     
  0.30000000000000016      -0.90000000000000002       -4.5218185457468321E-002
  0.40000000000000013      -0.90000000000000002      -0.56444383218664107     
  0.50000000000000011      -0.90000000000000002      -0.86591427814932465     
  0.60000000000000009      -0.90000000000000002      -0.84001790938386534     
  0.70000000000000007      -0.90000000000000002      -0.49003332163678903     
  0.80000000000000004      -0.90000000000000002        4.2212981450071754E-002
  0.90000000000000002      -0.90000000000000002       0.56221496714411234     
   1.0000000000000000      -0.90000000000000002       0.84919901971628053     
  -1.0000000000000000      -0.80000000000000004       0.49319464174033317     
 -0.90000000000000002      -0.80000000000000004       0.46859645833915498     
 -0.80000000000000004      -0.80000000000000004       0.27124140298311711     
 -0.69999999999999996      -0.80000000000000004       -2.5602677000916459E-002
 -0.59999999999999998      -0.80000000000000004      -0.31453655554946852     
 -0.49999999999999994      -0.80000000000000004      -0.48400247513786188     
 -0.39999999999999991      -0.80000000000000004      -0.46786325235959275     
 -0.29999999999999993      -0.80000000000000004      -0.27363756887399610     
 -0.19999999999999993      -0.80000000000000004        2.6784701376049606E-002
  -9.9999999999999978E-002 -0.80000000000000004       0.32640513470224158     
   2.7755575615628914E-017 -0.80000000000000004       0.50132064924323771     
  0.10000000000000009      -0.80000000000000004       0.48523406211889575     
  0.20000000000000009      -0.80000000000000004       0.28302858881456372     
  0.30000000000000016      -0.80000000000000004       -2.6444143902275414E-002
  0.40000000000000013      -0.80000000000000004      -0.32715869821355620     
  0.50000000000000011      -0.80000000000000004      -0.50166217392867618     
  0.60000000000000009      -0.80000000000000004      -0.48650493509708481     
  0.70000000000000007      -0.80000000000000004      -0.28365072318656182     
  0.80000000000000004      -0.80000000000000004        2.4704668547421649E-002
  0.90000000000000002      -0.80000000000000004       0.32586848019530507     
   1.0000000000000000      -0.80000000000000004       0.49197963480242796     
  -1.0000000000000000      -0.69999999999999996       -4.5816986214242052E-002
 -0.90000000000000002      -0.69999999999999996       -4.3781381209599263E-002
 -0.80000000000000004      -0.69999999999999996       -2.5602677000918009E-002
 -0.69999999999999996      -0.69999999999999996        1.9700184721845163E-003
 -0.59999999999999998      -0.69999999999999996        2.8967404903761373E-002
 -0.49999999999999994      -0.69999999999999996        4.4959875397966073E-002
 -0.39999999999999991      -0.69999999999999996        4.3714520119299022E-002
 -0.29999999999999993      -0.69999999999999996        2.5827699752152100E-002
 -0.19999999999999993      -0.69999999999999996       -2.0682743804909865E-003
  -9.9999999999999978E-002 -0.69999999999999996       -3.0058994634439763E-002
   2.7755575615628914E-017 -0.69999999999999996       -4.6566669289990918E-002
  0.10000000000000009      -0.69999999999999996       -4.5336578508788708E-002
  0.20000000000000009      -0.69999999999999996       -2.6713339115016117E-002
  0.30000000000000016      -0.69999999999999996        2.0326501866882989E-003
  0.40000000000000013      -0.69999999999999996        3.0130732783979309E-002
  0.50000000000000011      -0.69999999999999996        4.6600619748284250E-002
  0.60000000000000009      -0.69999999999999996        4.5457158354019464E-002
  0.70000000000000007      -0.69999999999999996        2.6772542550756968E-002
  0.80000000000000004      -0.69999999999999996       -1.8683728410381177E-003
  0.90000000000000002      -0.69999999999999996       -3.0009062004486959E-002
   1.0000000000000000      -0.69999999999999996       -4.5698881077307602E-002
  -1.0000000000000000      -0.59999999999999998      -0.57072795542804899     
 -0.90000000000000002      -0.59999999999999998      -0.54266611091618933     
 -0.80000000000000004      -0.59999999999999998      -0.31453655554945109     
 -0.69999999999999996      -0.59999999999999998        2.8967404903764156E-002
 -0.59999999999999998      -0.59999999999999998       0.36357550034139752     
 -0.49999999999999994      -0.59999999999999998       0.56008559280449188     
 -0.39999999999999991      -0.59999999999999998       0.54181966486692401     
 -0.29999999999999993      -0.59999999999999998       0.31731333003796336     
 -0.19999999999999993      -0.59999999999999998       -3.0316578011192915E-002
  -9.9999999999999978E-002 -0.59999999999999998      -0.37729214388592092     
   2.7755575615628914E-017 -0.59999999999999998      -0.58012300149768792     
  0.10000000000000009      -0.59999999999999998      -0.56193475339535381     
  0.20000000000000009      -0.59999999999999998      -0.32820206034252675     
  0.30000000000000016      -0.59999999999999998        2.9916038505963603E-002
  0.40000000000000013      -0.59999999999999998       0.37816697396602339     
  0.50000000000000011      -0.59999999999999998       0.58052180981660628     
  0.60000000000000009      -0.59999999999999998       0.56340948530518298     
  0.70000000000000007      -0.59999999999999998       0.32892427427641185     
  0.80000000000000004      -0.59999999999999998       -2.7898770064295930E-002
  0.90000000000000002      -0.59999999999999998      -0.37667099732797077     
   1.0000000000000000      -0.59999999999999998      -0.56931348331708909     
  -1.0000000000000000      -0.49999999999999994      -0.87885974805495692     
 -0.90000000000000002      -0.49999999999999994      -0.83543174701947154     
 -0.80000000000000004      -0.49999999999999994      -0.48400247513785960     
 -0.69999999999999996      -0.49999999999999994        4.4959875397964887E-002
 -0.59999999999999998      -0.49999999999999994       0.56008559280448711     
 -0.49999999999999994      -0.49999999999999994       0.86247439685981331     
 -0.39999999999999991      -0.49999999999999994       0.83412722794051231     
 -0.29999999999999993      -0.49999999999999994       0.48827631449052616     
 -0.19999999999999993      -0.49999999999999994       -4.7047446863845342E-002
  -9.9999999999999978E-002 -0.49999999999999994      -0.58121724716437140     
   2.7755575615628914E-017 -0.49999999999999994      -0.89333161504026992     
  0.10000000000000009      -0.49999999999999994      -0.86509509327102518     
  0.20000000000000009      -0.49999999999999994      -0.50503235015161585     
  0.30000000000000016      -0.49999999999999994        4.6434106577199624E-002
  0.40000000000000013      -0.49999999999999994       0.58256289271044204     
  0.50000000000000011      -0.49999999999999994       0.89394381438944781     
  0.60000000000000009      -0.49999999999999994       0.86736384480512607     
  0.70000000000000007      -0.49999999999999994       0.50614326435223467     
  0.80000000000000004      -0.49999999999999994       -4.3330049857692676E-002
  0.90000000000000002      -0.49999999999999994      -0.58026081590356515     
   1.0000000000000000      -0.49999999999999994      -0.87668613805009465     
  -1.0000000000000000      -0.39999999999999991      -0.84997219721910922     
 -0.90000000000000002      -0.39999999999999991      -0.80782963487698067     
 -0.80000000000000004      -0.39999999999999991      -0.46786325235958126     
 -0.69999999999999996      -0.39999999999999991        4.3714520119297842E-002
 -0.59999999999999998      -0.39999999999999991       0.54181966486692146     
 -0.49999999999999994      -0.39999999999999991       0.83412722794051219     
 -0.39999999999999991      -0.39999999999999991       0.80656728170056158     
 -0.29999999999999993      -0.39999999999999991       0.47199523448906311     
 -0.19999999999999993      -0.39999999999999991       -4.5740049316440969E-002
  -9.9999999999999978E-002 -0.39999999999999991      -0.56226298562507115     
   2.7755575615628914E-017 -0.39999999999999991      -0.86397134837637291     
  0.10000000000000009      -0.39999999999999991      -0.83651250781913289     
  0.20000000000000009      -0.39999999999999991      -0.48819298126280580     
  0.30000000000000016      -0.39999999999999991        4.5149138026674987E-002
  0.40000000000000013      -0.39999999999999991       0.56356341426845191     
  0.50000000000000011      -0.39999999999999991       0.86456215975902173     
  0.60000000000000009      -0.39999999999999991       0.83870525405739138     
  0.70000000000000007      -0.39999999999999991       0.48926657902074067     
  0.80000000000000004      -0.39999999999999991       -4.2148636547886122E-002
  0.90000000000000002      -0.39999999999999991      -0.56133803622069589     
   1.0000000000000000      -0.39999999999999991      -0.84787301055213316     
  -1.0000000000000000      -0.29999999999999993      -0.49754965812096447     
 -0.90000000000000002      -0.29999999999999993      -0.47273491162120052     
 -0.80000000000000004      -0.29999999999999993      -0.27363756887399426     
 -0.69999999999999996      -0.29999999999999993        2.5827699752152791E-002
 -0.59999999999999998      -0.29999999999999993       0.31731333003796408     
 -0.49999999999999994      -0.29999999999999993       0.48827631449052639     
 -0.39999999999999991      -0.29999999999999993       0.47199523448906561     
 -0.29999999999999993      -0.29999999999999993       0.27605489969146885     
 -0.19999999999999993      -0.29999999999999993       -2.7020131786314894E-002
  -9.9999999999999978E-002 -0.29999999999999993      -0.32928668298125474     
   2.7755575615628914E-017 -0.29999999999999993      -0.50574740659756368     
  0.10000000000000009      -0.29999999999999993      -0.48951945383486839     
  0.20000000000000009      -0.29999999999999993      -0.28552887855145248     
  0.30000000000000016      -0.29999999999999993        2.6676556866438123E-002
  0.40000000000000013      -0.29999999999999993       0.33004690508105289     
  0.50000000000000011      -0.29999999999999993       0.50609195276066099     
  0.60000000000000009      -0.29999999999999993       0.49080155539011550     
  0.70000000000000007      -0.29999999999999993       0.28615651014077287     
  0.80000000000000004      -0.29999999999999993       -2.4921714635683101E-002
  0.90000000000000002      -0.29999999999999993      -0.32874528949006315     
   1.0000000000000000      -0.29999999999999993      -0.49632390889979050     
  -1.0000000000000000      -0.19999999999999993        4.7944301253906287E-002
 -0.90000000000000002      -0.19999999999999993        4.5810035374020050E-002
 -0.80000000000000004      -0.19999999999999993        2.6784701376028282E-002
 -0.69999999999999996      -0.19999999999999993       -2.0682743804966756E-003
 -0.59999999999999998      -0.19999999999999993       -3.0316578011215681E-002
 -0.49999999999999994      -0.19999999999999993       -4.7047446863848812E-002
 -0.39999999999999991      -0.19999999999999993       -4.5740049316443314E-002
 -0.29999999999999993      -0.19999999999999993       -2.7020131786315790E-002
 -0.19999999999999993      -0.19999999999999993        2.1712850437120962E-003
  -9.9999999999999978E-002 -0.19999999999999993        3.1459033530037706E-002
   2.7755575615628914E-017 -0.19999999999999993        4.8728879161354807E-002
  0.10000000000000009      -0.19999999999999993        4.7437282245452413E-002
  0.20000000000000009      -0.19999999999999993        2.7946672067661181E-002
  0.30000000000000016      -0.19999999999999993       -2.1340724008919801E-003
  0.40000000000000013      -0.19999999999999993       -3.1534073977924050E-002
  0.50000000000000011      -0.19999999999999993       -4.8764369022228256E-002
  0.60000000000000009      -0.19999999999999993       -4.7563418997190965E-002
  0.70000000000000007      -0.19999999999999993       -2.8008600974560496E-002
  0.80000000000000004      -0.19999999999999993        1.9622121497851791E-003
  0.90000000000000002      -0.19999999999999993        3.1406783875670474E-002
   1.0000000000000000      -0.19999999999999993        4.7820799308898779E-002
  -1.0000000000000000       -9.9999999999999978E-002  0.59226114954805076     
 -0.90000000000000002       -9.9999999999999978E-002  0.56314136343835697     
 -0.80000000000000004       -9.9999999999999978E-002  0.32640513470224231     
 -0.69999999999999996       -9.9999999999999978E-002  -3.0058994634439454E-002
 -0.59999999999999998       -9.9999999999999978E-002 -0.37729214388592192     
 -0.49999999999999994       -9.9999999999999978E-002 -0.58121724716437217     
 -0.39999999999999991       -9.9999999999999978E-002 -0.56226298562507526     
 -0.29999999999999993       -9.9999999999999978E-002 -0.32928668298125258     
 -0.19999999999999993       -9.9999999999999978E-002   3.1459033530036304E-002
  -9.9999999999999978E-002  -9.9999999999999978E-002  0.39152627165543669     
   2.7755575615628914E-017  -9.9999999999999978E-002  0.60201064759991574     
  0.10000000000000009       -9.9999999999999978E-002  0.58313703052087595     
  0.20000000000000009       -9.9999999999999978E-002  0.34058628111438971     
  0.30000000000000016       -9.9999999999999978E-002  -3.1043368905159081E-002
  0.40000000000000013       -9.9999999999999978E-002 -0.39243411416564294     
  0.50000000000000011       -9.9999999999999978E-002 -0.60242450994589802     
  0.60000000000000009       -9.9999999999999978E-002 -0.58466741131932820     
  0.70000000000000007       -9.9999999999999978E-002 -0.34133574830068147     
  0.80000000000000004       -9.9999999999999978E-002   2.8949981492995470E-002
  0.90000000000000002       -9.9999999999999978E-002  0.39088168939039436     
   1.0000000000000000       -9.9999999999999978E-002  0.59079329326262875     
  -1.0000000000000000        2.7755575615628914E-017  0.91030320784709839     
 -0.90000000000000002        2.7755575615628914E-017  0.86532253457137032     
 -0.80000000000000004        2.7755575615628914E-017  0.50132064924321829     
 -0.69999999999999996        2.7755575615628914E-017  -4.6566669289994186E-002
 -0.59999999999999998        2.7755575615628914E-017 -0.58012300149769636     
 -0.49999999999999994        2.7755575615628914E-017 -0.89333161504027869     
 -0.39999999999999991        2.7755575615628914E-017 -0.86397134837637679     
 -0.29999999999999993        2.7755575615628914E-017 -0.50574740659756312     
 -0.19999999999999993        2.7755575615628914E-017   4.8728879161349443E-002
  -9.9999999999999978E-002   2.7755575615628914E-017  0.60201064759991907     
   2.7755575615628914E-017   2.7755575615628914E-017  0.92529282050070649     
  0.10000000000000009        2.7755575615628914E-017  0.89604720440369934     
  0.20000000000000009        2.7755575615628914E-017  0.52310298941107680     
  0.30000000000000016        2.7755575615628914E-017  -4.8093577872388632E-002
  0.40000000000000013        2.7755575615628914E-017 -0.60340444453417019     
  0.50000000000000011        2.7755575615628914E-017 -0.92592693243613811     
  0.60000000000000009        2.7755575615628914E-017 -0.89839713719178305     
  0.70000000000000007        2.7755575615628914E-017 -0.52425365548523573     
  0.80000000000000004        2.7755575615628914E-017   4.4878454001672743E-002
  0.90000000000000002        2.7755575615628914E-017  0.60101999722116928     
   1.0000000000000000        2.7755575615628914E-017  0.90805180881342729     
  -1.0000000000000000       0.10000000000000009       0.88152833101241346     
 -0.90000000000000002       0.10000000000000009       0.83782172457070769     
 -0.80000000000000004       0.10000000000000009       0.48523406211889486     
 -0.69999999999999996       0.10000000000000009       -4.5336578508787299E-002
 -0.59999999999999998       0.10000000000000009      -0.56193475339535248     
 -0.49999999999999994       0.10000000000000009      -0.86509509327102141     
 -0.39999999999999991       0.10000000000000009      -0.83651250781913267     
 -0.29999999999999993       0.10000000000000009      -0.48951945383486761     
 -0.19999999999999993       0.10000000000000009        4.7437282245452121E-002
  -9.9999999999999978E-002  0.10000000000000009       0.58313703052087706     
   2.7755575615628914E-017  0.10000000000000009       0.89604720440369712     
  0.10000000000000009       0.10000000000000009       0.86756950097810326     
  0.20000000000000009       0.10000000000000009       0.50631858829165877     
  0.30000000000000016       0.10000000000000009       -4.6824424257850571E-002
  0.40000000000000013       0.10000000000000009      -0.58448574267604680     
  0.50000000000000011       0.10000000000000009      -0.89665995514094821     
  0.60000000000000009       0.10000000000000009      -0.86984366072710162     
  0.70000000000000007       0.10000000000000009      -0.50743204758875982     
  0.80000000000000004       0.10000000000000009        4.3712520070799572E-002
  0.90000000000000002       0.10000000000000009       0.58217774117542387     
   1.0000000000000000       0.10000000000000009       0.87935119838997333     
  -1.0000000000000000       0.20000000000000009       0.51462392980211336     
 -0.90000000000000002       0.20000000000000009       0.48895803964068929     
 -0.80000000000000004       0.20000000000000009       0.28302858881457277     
 -0.69999999999999996       0.20000000000000009       -2.6713339115013283E-002
 -0.59999999999999998       0.20000000000000009      -0.32820206034250660     
 -0.49999999999999994       0.20000000000000009      -0.50503235015161718     
 -0.39999999999999991       0.20000000000000009      -0.48819298126280652     
 -0.29999999999999993       0.20000000000000009      -0.28552887855145459     
 -0.19999999999999993       0.20000000000000009        2.7946672067658340E-002
  -9.9999999999999978E-002  0.20000000000000009       0.34058628111438882     
   2.7755575615628914E-017  0.20000000000000009       0.52310298941107070     
  0.10000000000000009       0.20000000000000009       0.50631858829165877     
  0.20000000000000009       0.20000000000000009       0.29532799541036225     
  0.30000000000000016       0.20000000000000009       -2.7591300239496002E-002
  0.40000000000000013       0.20000000000000009      -0.34137259439361117     
  0.50000000000000011       0.20000000000000009      -0.52345936298303486     
  0.60000000000000009       0.20000000000000009      -0.50764469154834024     
  0.70000000000000007       0.20000000000000009      -0.29597716760792414     
  0.80000000000000004       0.20000000000000009        2.5776233092646816E-002
  0.90000000000000002       0.20000000000000009       0.34002630862909378     
   1.0000000000000000       0.20000000000000009       0.51335610815454191     
  -1.0000000000000000       0.30000000000000016       -4.7319337566091649E-002
 -0.90000000000000002       0.30000000000000016       -4.5218185457466406E-002
 -0.80000000000000004       0.30000000000000016       -2.6444143902274602E-002
 -0.69999999999999996       0.30000000000000016        2.0326501866883332E-003
 -0.59999999999999998       0.30000000000000016        2.9916038505964481E-002
 -0.49999999999999994       0.30000000000000016        4.6434106577199957E-002
 -0.39999999999999991       0.30000000000000016        4.5149138026676701E-002
 -0.29999999999999993       0.30000000000000016        2.6676556866437030E-002
 -0.19999999999999993       0.30000000000000016       -2.1340724008896521E-003
  -9.9999999999999978E-002  0.30000000000000016       -3.1043368905158086E-002
   2.7755575615628914E-017  0.30000000000000016       -4.8093577872386217E-002
  0.10000000000000009       0.30000000000000016       -4.6824424257849960E-002
  0.20000000000000009       0.30000000000000016       -2.7591300239497001E-002
  0.30000000000000016       0.30000000000000016        2.0972608299580308E-003
  0.40000000000000013       0.30000000000000016        3.1117467733679956E-002
  0.50000000000000011       0.30000000000000016        4.8128652276475191E-002
  0.60000000000000009       0.30000000000000016        4.6948970079426132E-002
  0.70000000000000007       0.30000000000000016        2.7652451750071937E-002
  0.80000000000000004       0.30000000000000016       -1.9275838760538016E-003
  0.90000000000000002       0.30000000000000016       -3.0991798601806175E-002
   1.0000000000000000       0.30000000000000016       -4.7197334539042707E-002
  -1.0000000000000000       0.40000000000000013      -0.59363234717938429     
 -0.90000000000000002       0.40000000000000013      -0.56444383218663308     
 -0.80000000000000004       0.40000000000000013      -0.32715869821353671     
 -0.69999999999999996       0.40000000000000013        3.0130732783985061E-002
 -0.59999999999999998       0.40000000000000013       0.37816697396604393     
 -0.49999999999999994       0.40000000000000013       0.58256289271044492     
 -0.39999999999999991       0.40000000000000013       0.56356341426846146     
 -0.29999999999999993       0.40000000000000013       0.33004690508104928     
 -0.19999999999999993       0.40000000000000013       -3.1534073977910256E-002
  -9.9999999999999978E-002  0.40000000000000013      -0.39243411416564161     
   2.7755575615628914E-017  0.40000000000000013      -0.60340444453417819     
  0.10000000000000009       0.40000000000000013      -0.58448574267604725     
  0.20000000000000009       0.40000000000000013      -0.34137259439362699     
  0.30000000000000016       0.40000000000000013        3.1117467733680775E-002
  0.40000000000000013       0.40000000000000013       0.39334404948360457     
  0.50000000000000011       0.40000000000000013       0.60381925337011777     
  0.60000000000000009       0.40000000000000013       0.58601965341687445     
  0.70000000000000007       0.40000000000000013       0.34212378934493642     
  0.80000000000000004       0.40000000000000013       -2.9019247835574163E-002
  0.90000000000000002       0.40000000000000013      -0.39178804000945938     
   1.0000000000000000       0.40000000000000013      -0.59216112000092480     
  -1.0000000000000000       0.50000000000000011      -0.91092702166867101     
 -0.90000000000000002       0.50000000000000011      -0.86591427814932487     
 -0.80000000000000004       0.50000000000000011      -0.50166217392867729     
 -0.69999999999999996       0.50000000000000011        4.6600619748283112E-002
 -0.59999999999999998       0.50000000000000011       0.58052180981660628     
 -0.49999999999999994       0.50000000000000011       0.89394381438944448     
 -0.39999999999999991       0.50000000000000011       0.86456215975902795     
 -0.29999999999999993       0.50000000000000011       0.50609195276065844     
 -0.19999999999999993       0.50000000000000011       -4.8764369022228089E-002
  -9.9999999999999978E-002  0.50000000000000011      -0.60242450994589825     
   2.7755575615628914E-017  0.50000000000000011      -0.92592693243613799     
  0.10000000000000009       0.50000000000000011      -0.89665995514094643     
  0.20000000000000009       0.50000000000000011      -0.52345936298303553     
  0.30000000000000016       0.50000000000000011        4.8128652276476530E-002
  0.40000000000000013       0.50000000000000011       0.60381925337012166     
  0.50000000000000011       0.50000000000000011       0.92656146781592807     
  0.60000000000000009       0.50000000000000011       0.89901148572397960     
  0.70000000000000007       0.50000000000000011       0.52461081055664094     
  0.80000000000000004       0.50000000000000011       -4.4911338536386645E-002
  0.90000000000000002       0.50000000000000011      -0.60143318108414046     
   1.0000000000000000       0.50000000000000011      -0.90867410591991304     
  -1.0000000000000000       0.60000000000000009      -0.88384016614769190     
 -0.90000000000000002       0.60000000000000009      -0.84001790938386012     
 -0.80000000000000004       0.60000000000000009      -0.48650493509706938     
 -0.69999999999999996       0.60000000000000009        4.5457158354018277E-002
 -0.59999999999999998       0.60000000000000009       0.56340948530518487     
 -0.49999999999999994       0.60000000000000009       0.86736384480513040     
 -0.39999999999999991       0.60000000000000009       0.83870525405739249     
 -0.29999999999999993       0.60000000000000009       0.49080155539011533     
 -0.19999999999999993       0.60000000000000009       -4.7563418997194719E-002
  -9.9999999999999978E-002  0.60000000000000009      -0.58466741131932765     
   2.7755575615628914E-017  0.60000000000000009      -0.89839713719177794     
  0.10000000000000009       0.60000000000000009      -0.86984366072710129     
  0.20000000000000009       0.60000000000000009      -0.50764469154833702     
  0.30000000000000016       0.60000000000000009        4.6948970079425063E-002
  0.40000000000000013       0.60000000000000009       0.58601965341686724     
  0.50000000000000011       0.60000000000000009       0.89901148572397682     
  0.60000000000000009       0.60000000000000009       0.87212377417875542     
  0.70000000000000007       0.60000000000000009       0.50876106512492136     
  0.80000000000000004       0.60000000000000009       -4.3828915890701661E-002
  0.90000000000000002       0.60000000000000009      -0.58370560654641979     
   1.0000000000000000       0.60000000000000009      -0.88165734548463293     
  -1.0000000000000000       0.70000000000000007      -0.51575593899438299     
 -0.90000000000000002       0.70000000000000007      -0.49003332163678986     
 -0.80000000000000004       0.70000000000000007      -0.28365072318656126     
 -0.69999999999999996       0.70000000000000007        2.6772542550755982E-002
 -0.59999999999999998       0.70000000000000007       0.32892427427641235     
 -0.49999999999999994       0.70000000000000007       0.50614326435223100     
 -0.39999999999999991       0.70000000000000007       0.48926657902074250     
 -0.29999999999999993       0.70000000000000007       0.28615651014077198     
 -0.19999999999999993       0.70000000000000007       -2.8008600974563574E-002
  -9.9999999999999978E-002  0.70000000000000007      -0.34133574830068147     
   2.7755575615628914E-017  0.70000000000000007      -0.52425365548523695     
  0.10000000000000009       0.70000000000000007      -0.50743204758875804     
  0.20000000000000009       0.70000000000000007      -0.29597716760792120     
  0.30000000000000016       0.70000000000000007        2.7652451750072523E-002
  0.40000000000000013       0.70000000000000007       0.34212378934493942     
  0.50000000000000011       0.70000000000000007       0.52461081055664183     
  0.60000000000000009       0.70000000000000007       0.50876106512492181     
  0.70000000000000007       0.70000000000000007       0.29662776625164333     
  0.80000000000000004       0.70000000000000007       -2.5833394939840406E-002
  0.90000000000000002       0.70000000000000007      -0.34077454414000852     
   1.0000000000000000       0.70000000000000007      -0.51448533421174802     
  -1.0000000000000000       0.80000000000000004        4.4156329286432448E-002
 -0.90000000000000002       0.80000000000000004        4.2212981450069742E-002
 -0.80000000000000004       0.80000000000000004        2.4704668547414776E-002
 -0.69999999999999996       0.80000000000000004       -1.8683728410444141E-003
 -0.59999999999999998       0.80000000000000004       -2.7898770064326398E-002
 -0.49999999999999994       0.80000000000000004       -4.3330049857695681E-002
 -0.39999999999999991       0.80000000000000004       -4.2148636547907514E-002
 -0.29999999999999993       0.80000000000000004       -2.4921714635681547E-002
 -0.19999999999999993       0.80000000000000004        1.9622121497744915E-003
  -9.9999999999999978E-002  0.80000000000000004        2.8949981492995533E-002
   2.7755575615628914E-017  0.80000000000000004        4.4878454001696447E-002
  0.10000000000000009       0.80000000000000004        4.3712520070803784E-002
  0.20000000000000009       0.80000000000000004        2.5776233092670148E-002
  0.30000000000000016       0.80000000000000004       -1.9275838760544725E-003
  0.40000000000000013       0.80000000000000004       -2.9019247835587177E-002
  0.50000000000000011       0.80000000000000004       -4.4911338536389706E-002
  0.60000000000000009       0.80000000000000004       -4.3828915890722089E-002
  0.70000000000000007       0.80000000000000004       -2.5833394939838761E-002
  0.80000000000000004       0.80000000000000004        1.7690621889577146E-003
  0.90000000000000002       0.80000000000000004        2.8901852907410968E-002
   1.0000000000000000       0.80000000000000004        4.4042117449772024E-002
  -1.0000000000000000       0.90000000000000002       0.59128654853486462     
 -0.90000000000000002       0.90000000000000002       0.56221496714411157     
 -0.80000000000000004       0.90000000000000002       0.32586848019530756     
 -0.69999999999999996       0.90000000000000002       -3.0009062004486834E-002
 -0.59999999999999998       0.90000000000000002      -0.37667099732797227     
 -0.49999999999999994       0.90000000000000002      -0.58026081590356449     
 -0.39999999999999991       0.90000000000000002      -0.56133803622070400     
 -0.29999999999999993       0.90000000000000002      -0.32874528949006038     
 -0.19999999999999993       0.90000000000000002        3.1406783875666186E-002
  -9.9999999999999978E-002  0.90000000000000002       0.39088168939039158     
   2.7755575615628914E-017  0.90000000000000002       0.60101999722116817     
  0.10000000000000009       0.90000000000000002       0.58217774117542298     
  0.20000000000000009       0.90000000000000002       0.34002630862909888     
  0.30000000000000016       0.90000000000000002       -3.0991798601806782E-002
  0.40000000000000013       0.90000000000000002      -0.39178804000945971     
  0.50000000000000011       0.90000000000000002      -0.60143318108413912     
  0.60000000000000009       0.90000000000000002      -0.58370560654642634     
  0.70000000000000007       0.90000000000000002      -0.34077454414000757     
  0.80000000000000004       0.90000000000000002        2.8901852907405556E-002
  0.90000000000000002       0.90000000000000002       0.39023816774348796     
   1.0000000000000000       0.90000000000000002       0.58982110168213664     
  -1.0000000000000000        1.0000000000000000       0.89334149948653951     
 -0.90000000000000002        1.0000000000000000       0.84919901971627254     
 -0.80000000000000004        1.0000000000000000       0.49197963480240187     
 -0.69999999999999996        1.0000000000000000       -4.5698881077309766E-002
 -0.59999999999999998        1.0000000000000000      -0.56931348331709830     
 -0.49999999999999994        1.0000000000000000      -0.87668613805010021     
 -0.39999999999999991        1.0000000000000000      -0.84787301055213393     
 -0.29999999999999993        1.0000000000000000      -0.49632390889978639     
 -0.19999999999999993        1.0000000000000000        4.7820799308892020E-002
  -9.9999999999999978E-002   1.0000000000000000       0.59079329326262542     
   2.7755575615628914E-017   1.0000000000000000       0.90805180881342262     
  0.10000000000000009        1.0000000000000000       0.87935119838997378     
  0.20000000000000009        1.0000000000000000       0.51335610815454102     
  0.30000000000000016        1.0000000000000000       -4.7197334539043262E-002
  0.40000000000000013        1.0000000000000000      -0.59216112000091292     
  0.50000000000000011        1.0000000000000000      -0.90867410591990705     
  0.60000000000000009        1.0000000000000000      -0.88165734548462571     
  0.70000000000000007        1.0000000000000000      -0.51448533421174636     
  0.80000000000000004        1.0000000000000000        4.4042117449744483E-002
  0.90000000000000002        1.0000000000000000       0.58982110168213320     
   1.0000000000000000        1.0000000000000000       0.89113204943233704     
