  -1.0000000000000000       -1.0000000000000000       0.90250051371660089     
 -0.90000000000000002       -1.0000000000000000       0.57550797246907170     
 -0.80000000000000004       -1.0000000000000000        3.9951779668794159E-002
 -0.69999999999999996       -1.0000000000000000      -0.51889057055208532     
 -0.59999999999999998       -1.0000000000000000      -0.88761498911333458     
 -0.49999999999999994       -1.0000000000000000      -0.91646476444378522     
 -0.39999999999999991       -1.0000000000000000      -0.59678046577761124     
 -0.29999999999999993       -1.0000000000000000       -4.7764019140913522E-002
 -0.19999999999999993       -1.0000000000000000       0.51710751318745751     
  -9.9999999999999978E-002  -1.0000000000000000       0.88678827099768875     
   2.7755575615628914E-017  -1.0000000000000000       0.91394161215949365     
  0.10000000000000009       -1.0000000000000000       0.59567765487595403     
  0.20000000000000009       -1.0000000000000000        4.4606866421720300E-002
  0.30000000000000016       -1.0000000000000000      -0.51878300338377636     
  0.40000000000000013       -1.0000000000000000      -0.89037075739325999     
  0.50000000000000011       -1.0000000000000000      -0.91641221496085490     
  0.60000000000000009       -1.0000000000000000      -0.59946126109910569     
  0.70000000000000007       -1.0000000000000000       -4.7700456479389121E-002
  0.80000000000000004       -1.0000000000000000       0.51446832192570635     
  0.90000000000000002       -1.0000000000000000       0.88593966113337130     
   1.0000000000000000       -1.0000000000000000       0.89740382343758951     
  -1.0000000000000000      -0.90000000000000002       0.57550797246906926     
 -0.90000000000000002      -0.90000000000000002       0.36695300525679730     
 -0.80000000000000004      -0.90000000000000002        2.5414657591720714E-002
 -0.69999999999999996      -0.90000000000000002      -0.33095034111178329     
 -0.59999999999999998      -0.90000000000000002      -0.56605465089212204     
 -0.49999999999999994      -0.90000000000000002      -0.58441270757224983     
 -0.39999999999999991      -0.90000000000000002      -0.38051617281425310     
 -0.29999999999999993      -0.90000000000000002       -3.0394849952502793E-002
 -0.19999999999999993      -0.90000000000000002       0.32981365281222152     
  -9.9999999999999978E-002 -0.90000000000000002       0.56552775395485899     
   2.7755575615628914E-017 -0.90000000000000002       0.58280400906889795     
  0.10000000000000009      -0.90000000000000002       0.37981351737432500     
  0.20000000000000009      -0.90000000000000002        2.8381799233292052E-002
  0.30000000000000016      -0.90000000000000002      -0.33088180673188733     
  0.40000000000000013      -0.90000000000000002      -0.56781216415051561     
  0.50000000000000011      -0.90000000000000002      -0.58437926528945794     
  0.60000000000000009      -0.90000000000000002      -0.38222617860796482     
  0.70000000000000007      -0.90000000000000002       -3.0354295489058814E-002
  0.80000000000000004      -0.90000000000000002       0.32813075634743438     
  0.90000000000000002      -0.90000000000000002       0.56498666236522621     
   1.0000000000000000      -0.90000000000000002       0.57225819837867453     
  -1.0000000000000000      -0.80000000000000004        3.9951779668784049E-002
 -0.90000000000000002      -0.80000000000000004        2.5414657591723559E-002
 -0.80000000000000004      -0.80000000000000004        1.6674621319161601E-003
 -0.69999999999999996      -0.80000000000000004       -2.3073776227038913E-002
 -0.59999999999999998      -0.80000000000000004       -3.9356425042312550E-002
 -0.49999999999999994      -0.80000000000000004       -4.0569929955598154E-002
 -0.39999999999999991      -0.80000000000000004       -2.6353223312950001E-002
 -0.29999999999999993      -0.80000000000000004       -2.0107938207215570E-003
 -0.19999999999999993      -0.80000000000000004        2.2995391009615451E-002
  -9.9999999999999978E-002 -0.80000000000000004        3.9320295470598669E-002
   2.7755575615628914E-017 -0.80000000000000004        4.0458675562827617E-002
  0.10000000000000009      -0.80000000000000004        2.6305363443180380E-002
  0.20000000000000009      -0.80000000000000004        1.8713725579230563E-003
  0.30000000000000016      -0.80000000000000004       -2.3069111259671090E-002
  0.40000000000000013      -0.80000000000000004       -3.9478761169094004E-002
  0.50000000000000011      -0.80000000000000004       -4.0567714132368031E-002
  0.60000000000000009      -0.80000000000000004       -2.6472733297993985E-002
  0.70000000000000007      -0.80000000000000004       -2.0079445274359740E-003
  0.80000000000000004      -0.80000000000000004        2.2878669529107689E-002
  0.90000000000000002      -0.80000000000000004        3.9282813184084796E-002
   1.0000000000000000      -0.80000000000000004        3.9726636553205137E-002
  -1.0000000000000000      -0.69999999999999996      -0.51889057055208188     
 -0.90000000000000002      -0.69999999999999996      -0.33095034111178206     
 -0.80000000000000004      -0.69999999999999996       -2.3073776227042729E-002
 -0.69999999999999996      -0.69999999999999996       0.29822879709174444     
 -0.59999999999999998      -0.69999999999999996       0.51026702027614679     
 -0.49999999999999994      -0.69999999999999996       0.52691930186670355     
 -0.39999999999999991      -0.69999999999999996       0.34318411040914198     
 -0.29999999999999993      -0.69999999999999996        2.7567965783816518E-002
 -0.19999999999999993      -0.69999999999999996      -0.29720307209173102     
  -9.9999999999999978E-002 -0.69999999999999996      -0.50979122165004831     
   2.7755575615628914E-017 -0.69999999999999996      -0.52546817035367654     
  0.10000000000000009      -0.69999999999999996      -0.34254906915702010     
  0.20000000000000009      -0.69999999999999996       -2.5752420702861600E-002
  0.30000000000000016      -0.69999999999999996       0.29816685241158847     
  0.40000000000000013      -0.69999999999999996       0.51185109025035025     
  0.50000000000000011      -0.69999999999999996       0.52688897552642233     
  0.60000000000000009      -0.69999999999999996       0.34472457008542118     
  0.70000000000000007      -0.69999999999999996        2.7531456961132628E-002
  0.80000000000000004      -0.69999999999999996      -0.29568556259716172     
  0.90000000000000002      -0.69999999999999996      -0.50930322945688866     
   1.0000000000000000      -0.69999999999999996      -0.51595975210182510     
  -1.0000000000000000      -0.59999999999999998      -0.88761498911331693     
 -0.90000000000000002      -0.59999999999999998      -0.56605465089211626     
 -0.80000000000000004      -0.59999999999999998       -3.9356425042300955E-002
 -0.69999999999999996      -0.59999999999999998       0.51026702027615245     
 -0.59999999999999998      -0.59999999999999998       0.87293498406208647     
 -0.49999999999999994      -0.59999999999999998       0.90134892938347788     
 -0.39999999999999991      -0.59999999999999998       0.58697824692332756     
 -0.29999999999999993      -0.59999999999999998        4.7041384141327240E-002
 -0.19999999999999993      -0.59999999999999998      -0.50851302805743259     
  -9.9999999999999978E-002 -0.59999999999999998      -0.87212160748703837     
   2.7755575615628914E-017 -0.59999999999999998      -0.89886711622422655     
  0.10000000000000009      -0.59999999999999998      -0.58589302212916528     
  0.20000000000000009      -0.59999999999999998       -4.3936091075777402E-002
  0.30000000000000016      -0.59999999999999998       0.51016116638591968     
  0.40000000000000013      -0.59999999999999998       0.87564508320464918     
  0.50000000000000011      -0.59999999999999998       0.90129717717689573     
  0.60000000000000009      -0.59999999999999998       0.58961429982492142     
  0.70000000000000007      -0.59999999999999998        4.6978892195792460E-002
  0.80000000000000004      -0.59999999999999998      -0.50591729753883896     
  0.90000000000000002      -0.59999999999999998      -0.87128694154228092     
   1.0000000000000000      -0.59999999999999998      -0.88260206210258485     
  -1.0000000000000000      -0.49999999999999994      -0.91646476444378788     
 -0.90000000000000002      -0.49999999999999994      -0.58441270757225017     
 -0.80000000000000004      -0.49999999999999994       -4.0569929955595857E-002
 -0.69999999999999996      -0.49999999999999994       0.52691930186670410     
 -0.59999999999999998      -0.49999999999999994       0.90134892938347611     
 -0.49999999999999994      -0.49999999999999994       0.93064508185819639     
 -0.39999999999999991      -0.49999999999999994       0.60601434633723117     
 -0.29999999999999993      -0.49999999999999994        4.8503046562251920E-002
 -0.19999999999999993      -0.49999999999999994      -0.52510865562674403     
  -9.9999999999999978E-002 -0.49999999999999994      -0.90050941966353504     
   2.7755575615628914E-017 -0.49999999999999994      -0.92808288930447336     
  0.10000000000000009      -0.49999999999999994      -0.60489447198001345     
  0.20000000000000009      -0.49999999999999994       -4.5297043767050717E-002
  0.30000000000000016      -0.49999999999999994       0.52681007034373784     
  0.40000000000000013      -0.49999999999999994       0.90414733729541530     
  0.50000000000000011      -0.49999999999999994       0.93059171930403273     
  0.60000000000000009      -0.49999999999999994       0.60873662133437179     
  0.70000000000000007      -0.49999999999999994        4.8438500399615829E-002
  0.80000000000000004      -0.49999999999999994      -0.52242862858481698     
  0.90000000000000002      -0.49999999999999994      -0.89964767940429069     
   1.0000000000000000      -0.49999999999999994      -0.91128921394417306     
  -1.0000000000000000      -0.39999999999999991      -0.59678046577760047     
 -0.90000000000000002      -0.39999999999999991      -0.38051617281424910     
 -0.80000000000000004      -0.39999999999999991       -2.6353223312944082E-002
 -0.69999999999999996      -0.39999999999999991       0.34318411040914043     
 -0.59999999999999998      -0.39999999999999991       0.58697824692332035     
 -0.49999999999999994      -0.39999999999999991       0.60601434633722862     
 -0.39999999999999991      -0.39999999999999991       0.39458064973792933     
 -0.29999999999999993      -0.39999999999999991        3.1517477803166070E-002
 -0.19999999999999993      -0.39999999999999991      -0.34200541123508238     
  -9.9999999999999978E-002 -0.39999999999999991      -0.58643187817192177     
   2.7755575615628914E-017 -0.39999999999999991      -0.60434618917271821     
  0.10000000000000009      -0.39999999999999991      -0.39385202998298807     
  0.20000000000000009      -0.39999999999999991       -2.9430021520464009E-002
  0.30000000000000016      -0.39999999999999991       0.34311304359606337     
  0.40000000000000013      -0.39999999999999991       0.58880072597022237     
  0.50000000000000011      -0.39999999999999991       0.60597966884121202     
  0.60000000000000009      -0.39999999999999991       0.39635386937093336     
  0.70000000000000007      -0.39999999999999991        3.1475424031687488E-002
  0.80000000000000004      -0.39999999999999991      -0.34026031080296798     
  0.90000000000000002      -0.39999999999999991      -0.58587078691521266     
   1.0000000000000000      -0.39999999999999991      -0.59341057427563959     
  -1.0000000000000000      -0.29999999999999993       -4.7764019140913383E-002
 -0.90000000000000002      -0.29999999999999993       -3.0394849952504091E-002
 -0.80000000000000004      -0.29999999999999993       -2.0107938207212647E-003
 -0.69999999999999996      -0.29999999999999993        2.7567965783816716E-002
 -0.59999999999999998      -0.29999999999999993        4.7041384141326692E-002
 -0.49999999999999994      -0.29999999999999993        4.8503046562252482E-002
 -0.39999999999999991      -0.29999999999999993        3.1517477803166681E-002
 -0.29999999999999993      -0.29999999999999993        2.4216882304077267E-003
 -0.19999999999999993      -0.29999999999999993       -2.7474159544130780E-002
  -9.9999999999999978E-002 -0.29999999999999993       -4.6998109912526405E-002
   2.7755575615628914E-017 -0.29999999999999993       -4.8369962104397167E-002
  0.10000000000000009      -0.29999999999999993       -3.1460095462036285E-002
  0.20000000000000009      -0.29999999999999993       -2.2549463468414096E-003
  0.30000000000000016      -0.29999999999999993        2.7562372097577295E-002
  0.40000000000000013      -0.29999999999999993        4.7187583336047265E-002
  0.50000000000000011      -0.29999999999999993        4.8500378592118920E-002
  0.60000000000000009      -0.29999999999999993        3.1660214016644761E-002
  0.70000000000000007      -0.29999999999999993        2.4182878445181519E-003
  0.80000000000000004      -0.29999999999999993       -2.7334595389150257E-002
  0.90000000000000002      -0.29999999999999993       -4.6953283952718861E-002
   1.0000000000000000      -0.29999999999999993       -4.7494769784141105E-002
  -1.0000000000000000      -0.19999999999999993       0.51710751318744430     
 -0.90000000000000002      -0.19999999999999993       0.32981365281221836     
 -0.80000000000000004      -0.19999999999999993        2.2995391009600706E-002
 -0.69999999999999996      -0.19999999999999993      -0.29720307209173757     
 -0.59999999999999998      -0.19999999999999993      -0.50851302805744913     
 -0.49999999999999994      -0.19999999999999993      -0.52510865562674769     
 -0.39999999999999991      -0.19999999999999993      -0.34200541123509076     
 -0.29999999999999993      -0.19999999999999993       -2.7474159544131533E-002
 -0.19999999999999993      -0.19999999999999993       0.29618086689631234     
  -9.9999999999999978E-002 -0.19999999999999993       0.50803886023180234     
   2.7755575615628914E-017 -0.19999999999999993       0.52366250668776715     
  0.10000000000000009      -0.19999999999999993       0.34137254360458824     
  0.20000000000000009      -0.19999999999999993        2.5664850171440084E-002
  0.30000000000000016      -0.19999999999999993      -0.29714133940480403     
  0.40000000000000013      -0.19999999999999993      -0.51009165163256187     
  0.50000000000000011      -0.19999999999999993      -0.52507843250993680     
  0.60000000000000009      -0.19999999999999993      -0.34354056997618104     
  0.70000000000000007      -0.19999999999999993       -2.7437776493786398E-002
  0.80000000000000004      -0.19999999999999993       0.29466857101678168     
  0.90000000000000002      -0.19999999999999993       0.50755254417075879     
   1.0000000000000000      -0.19999999999999993       0.51418676161257493     
  -1.0000000000000000       -9.9999999999999978E-002  0.88678827099768831     
 -0.90000000000000002       -9.9999999999999978E-002  0.56552775395485821     
 -0.80000000000000004       -9.9999999999999978E-002   3.9320295470598371E-002
 -0.69999999999999996       -9.9999999999999978E-002 -0.50979122165004831     
 -0.59999999999999998       -9.9999999999999978E-002 -0.87212160748703693     
 -0.49999999999999994       -9.9999999999999978E-002 -0.90050941966353348     
 -0.39999999999999991       -9.9999999999999978E-002 -0.58643187817192388     
 -0.29999999999999993       -9.9999999999999978E-002  -4.6998109912525100E-002
 -0.19999999999999993       -9.9999999999999978E-002  0.50803886023179934     
  -9.9999999999999978E-002  -9.9999999999999978E-002  0.87130898606878027     
   2.7755575615628914E-017  -9.9999999999999978E-002  0.89802991575670443     
  0.10000000000000009       -9.9999999999999978E-002  0.58534765914487918     
  0.20000000000000009       -9.9999999999999978E-002   4.3895707323131632E-002
  0.30000000000000016       -9.9999999999999978E-002 -0.50968546585361219     
  0.40000000000000013       -9.9999999999999978E-002 -0.87482918068848448     
  0.50000000000000011       -9.9999999999999978E-002 -0.90045771508486050     
  0.60000000000000009       -9.9999999999999978E-002 -0.58906547151281818     
  0.70000000000000007       -9.9999999999999978E-002  -4.6935676355137158E-002
  0.80000000000000004       -9.9999999999999978E-002  0.50544554679436526     
  0.90000000000000002       -9.9999999999999978E-002  0.87047509709087123     
   1.0000000000000000       -9.9999999999999978E-002  0.88178001052450761     
  -1.0000000000000000        2.7755575615628914E-017  0.91394161215946879     
 -0.90000000000000002        2.7755575615628914E-017  0.58280400906889518     
 -0.80000000000000004        2.7755575615628914E-017   4.0458675562814031E-002
 -0.69999999999999996        2.7755575615628914E-017 -0.52546817035368076     
 -0.59999999999999998        2.7755575615628914E-017 -0.89886711622422633     
 -0.49999999999999994        2.7755575615628914E-017 -0.92808288930447880     
 -0.39999999999999991        2.7755575615628914E-017 -0.60434618917272442     
 -0.29999999999999993        2.7755575615628914E-017  -4.8369962104397410E-002
 -0.19999999999999993        2.7755575615628914E-017  0.52366250668775749     
  -9.9999999999999978E-002   2.7755575615628914E-017  0.89802991575670743     
   2.7755575615628914E-017   2.7755575615628914E-017  0.92552774889998890     
  0.10000000000000009        2.7755575615628914E-017  0.60322939380597940     
  0.20000000000000009        2.7755575615628914E-017   4.5172784394390000E-002
  0.30000000000000016        2.7755575615628914E-017 -0.52535923913952609     
  0.40000000000000013        2.7755575615628914E-017 -0.90165781824288227     
  0.50000000000000011        2.7755575615628914E-017 -0.92802967318423490     
  0.60000000000000009        2.7755575615628914E-017 -0.60706096573335055     
  0.70000000000000007        2.7755575615628914E-017  -4.8305593800506336E-002
  0.80000000000000004        2.7755575615628914E-017  0.52098985764820949     
  0.90000000000000002        2.7755575615628914E-017  0.89717054762096127     
   1.0000000000000000        2.7755575615628914E-017  0.90878030858308667     
  -1.0000000000000000       0.10000000000000009       0.59567765487595403     
 -0.90000000000000002       0.10000000000000009       0.37981351737432539     
 -0.80000000000000004       0.10000000000000009        2.6305363443180109E-002
 -0.69999999999999996       0.10000000000000009      -0.34254906915702005     
 -0.59999999999999998       0.10000000000000009      -0.58589302212916550     
 -0.49999999999999994       0.10000000000000009      -0.60489447198001267     
 -0.39999999999999991       0.10000000000000009      -0.39385202998298974     
 -0.29999999999999993       0.10000000000000009       -3.1460095462035202E-002
 -0.19999999999999993       0.10000000000000009       0.34137254360458663     
  -9.9999999999999978E-002  0.10000000000000009       0.58534765914487974     
   2.7755575615628914E-017  0.10000000000000009       0.60322939380597851     
  0.10000000000000009       0.10000000000000009       0.39312474871067221     
  0.20000000000000009       0.10000000000000009        2.9376493847503737E-002
  0.30000000000000016       0.10000000000000009      -0.34247813286504852     
  0.40000000000000013       0.10000000000000009      -0.58771213049297222     
  0.50000000000000011       0.10000000000000009      -0.60485985764868511     
  0.60000000000000009       0.10000000000000009      -0.39562196587798193     
  0.70000000000000007       0.10000000000000009       -3.1418119698329409E-002
  0.80000000000000004       0.10000000000000009       0.33963066708708278     
  0.90000000000000002       0.10000000000000009       0.58478760405102137     
   1.0000000000000000       0.10000000000000009       0.59231398675112656     
  -1.0000000000000000       0.20000000000000009        4.4606866421709954E-002
 -0.90000000000000002       0.20000000000000009        2.8381799233294962E-002
 -0.80000000000000004       0.20000000000000009        1.8713725579301540E-003
 -0.69999999999999996       0.20000000000000009       -2.5752420702859352E-002
 -0.59999999999999998       0.20000000000000009       -4.3936091075767465E-002
 -0.49999999999999994       0.20000000000000009       -4.5297043767052167E-002
 -0.39999999999999991       0.20000000000000009       -2.9430021520462632E-002
 -0.29999999999999993       0.20000000000000009       -2.2549463468416035E-003
 -0.19999999999999993       0.20000000000000009        2.5664850171438335E-002
  -9.9999999999999978E-002  0.20000000000000009        4.3895707323131986E-002
   2.7755575615628914E-017  0.20000000000000009        4.5172784394386496E-002
  0.10000000000000009       0.20000000000000009        2.9376493847504230E-002
  0.20000000000000009       0.20000000000000009        2.0992477672555567E-003
  0.30000000000000016       0.20000000000000009       -2.5747202984888314E-002
  0.40000000000000013       0.20000000000000009       -4.4072648805737517E-002
  0.50000000000000011       0.20000000000000009       -4.5294559256219197E-002
  0.60000000000000009       0.20000000000000009       -2.9563376893325281E-002
  0.70000000000000007       0.20000000000000009       -2.2517684370816902E-003
  0.80000000000000004       0.20000000000000009        2.5534518138784705E-002
  0.90000000000000002       0.20000000000000009        4.3853849712467773E-002
   1.0000000000000000       0.20000000000000009        4.4355444848166191E-002
  -1.0000000000000000       0.30000000000000016      -0.51878300338377514     
 -0.90000000000000002       0.30000000000000016      -0.33088180673188600     
 -0.80000000000000004       0.30000000000000016       -2.3069111259671489E-002
 -0.69999999999999996       0.30000000000000016       0.29816685241158786     
 -0.59999999999999998       0.30000000000000016       0.51016116638592013     
 -0.49999999999999994       0.30000000000000016       0.52681007034373784     
 -0.39999999999999991       0.30000000000000016       0.34311304359606765     
 -0.29999999999999993       0.30000000000000016        2.7562372097576716E-002
 -0.19999999999999993       0.30000000000000016      -0.29714133940480325     
  -9.9999999999999978E-002  0.30000000000000016      -0.50968546585361274     
   2.7755575615628914E-017  0.30000000000000016      -0.52535923913952631     
  0.10000000000000009       0.30000000000000016      -0.34247813286504852     
  0.20000000000000009       0.30000000000000016       -2.5747202984888227E-002
  0.30000000000000016       0.30000000000000016       0.29810492046169851     
  0.40000000000000013       0.30000000000000016       0.51174490758257130     
  0.50000000000000011       0.30000000000000016       0.52677975016151835     
  0.60000000000000009       0.30000000000000016       0.34465318295233266     
  0.70000000000000007       0.30000000000000016        2.7525870884324014E-002
  0.80000000000000004       0.30000000000000016      -0.29562414436792045     
  0.90000000000000002       0.30000000000000016      -0.50919757472488558     
   1.0000000000000000       0.30000000000000016      -0.51585279194682743     
  -1.0000000000000000       0.40000000000000013      -0.89037075739321803     
 -0.90000000000000002       0.40000000000000013      -0.56781216415050806     
 -0.80000000000000004       0.40000000000000013       -3.9478761169078391E-002
 -0.69999999999999996       0.40000000000000013       0.51185109025035480     
 -0.59999999999999998       0.40000000000000013       0.87564508320466705     
 -0.49999999999999994       0.40000000000000013       0.90414733729541741     
 -0.39999999999999991       0.40000000000000013       0.58880072597024014     
 -0.29999999999999993       0.40000000000000013        4.7187583336047979E-002
 -0.19999999999999993       0.40000000000000013      -0.51009165163255354     
  -9.9999999999999978E-002  0.40000000000000013      -0.87482918068848481     
   2.7755575615628914E-017  0.40000000000000013      -0.90165781824289770     
  0.10000000000000009       0.40000000000000013      -0.58771213049297233     
  0.20000000000000009       0.40000000000000013       -4.4072648805748682E-002
  0.30000000000000016       0.40000000000000013       0.51174490758256908     
  0.40000000000000013       0.40000000000000013       0.87836359587975077     
  0.50000000000000011       0.40000000000000013       0.90409542425561162     
  0.60000000000000009       0.40000000000000013       0.59144496178074479     
  0.70000000000000007       0.40000000000000013        4.7124897422671015E-002
  0.80000000000000004       0.40000000000000013      -0.50748786202812379     
  0.90000000000000002       0.40000000000000013      -0.87399192324598407     
   1.0000000000000000       0.40000000000000013      -0.88534226612885603     
  -1.0000000000000000       0.50000000000000011      -0.91641221496085468     
 -0.90000000000000002       0.50000000000000011      -0.58437926528945805     
 -0.80000000000000004       0.50000000000000011       -4.0567714132367746E-002
 -0.69999999999999996       0.50000000000000011       0.52688897552642244     
 -0.59999999999999998       0.50000000000000011       0.90129717717689817     
 -0.49999999999999994       0.50000000000000011       0.93059171930403162     
 -0.39999999999999991       0.50000000000000011       0.60597966884121535     
 -0.29999999999999993       0.50000000000000011        4.8500378592118053E-002
 -0.19999999999999993       0.50000000000000011      -0.52507843250993702     
  -9.9999999999999978E-002  0.50000000000000011      -0.90045771508486161     
   2.7755575615628914E-017  0.50000000000000011      -0.92802967318423479     
  0.10000000000000009       0.50000000000000011      -0.60485985764868466     
  0.20000000000000009       0.50000000000000011       -4.5294559256217795E-002
  0.30000000000000016       0.50000000000000011       0.52677975016151868     
  0.40000000000000013       0.50000000000000011       0.90409542425561595     
  0.50000000000000011       0.50000000000000011       0.93053835968914722     
  0.60000000000000009       0.50000000000000011       0.60870178683081244     
  0.70000000000000007       0.50000000000000011        4.8435836169192670E-002
  0.80000000000000004       0.50000000000000011      -0.52239855901965737     
  0.90000000000000002       0.50000000000000011      -0.89959602414579187     
   1.0000000000000000       0.50000000000000011      -0.91123696070480276     
  -1.0000000000000000       0.60000000000000009      -0.59946126109907671     
 -0.90000000000000002       0.60000000000000009      -0.38222617860796293     
 -0.80000000000000004       0.60000000000000009       -2.6472733297978154E-002
 -0.69999999999999996       0.60000000000000009       0.34472457008542112     
 -0.59999999999999998       0.60000000000000009       0.58961429982493696     
 -0.49999999999999994       0.60000000000000009       0.60873662133437345     
 -0.39999999999999991       0.60000000000000009       0.39635386937093531     
 -0.29999999999999993       0.60000000000000009        3.1660214016644241E-002
 -0.19999999999999993       0.60000000000000009      -0.34354056997619392     
  -9.9999999999999978E-002  0.60000000000000009      -0.58906547151281796     
   2.7755575615628914E-017  0.60000000000000009      -0.60706096573335522     
  0.10000000000000009       0.60000000000000009      -0.39562196587798154     
  0.20000000000000009       0.60000000000000009       -2.9563376893315951E-002
  0.30000000000000016       0.60000000000000009       0.34465318295233099     
  0.40000000000000013       0.60000000000000009       0.59144496178075134     
  0.50000000000000011       0.60000000000000009       0.60870178683081166     
  0.60000000000000009       0.60000000000000009       0.39813504513483378     
  0.70000000000000007       0.60000000000000009        3.1617971732071946E-002
  0.80000000000000004       0.60000000000000009      -0.34178762915703947     
  0.90000000000000002       0.60000000000000009      -0.58850185884375583     
   1.0000000000000000       0.60000000000000009      -0.59607622639987312     
  -1.0000000000000000       0.70000000000000007       -4.7700456479391175E-002
 -0.90000000000000002       0.70000000000000007       -3.0354295489059661E-002
 -0.80000000000000004       0.70000000000000007       -2.0079445274334253E-003
 -0.69999999999999996       0.70000000000000007        2.7531456961132812E-002
 -0.59999999999999998       0.70000000000000007        4.6978892195792751E-002
 -0.49999999999999994       0.70000000000000007        4.8438500399615475E-002
 -0.39999999999999991       0.70000000000000007        3.1475424031686822E-002
 -0.29999999999999993       0.70000000000000007        2.4182878445181489E-003
 -0.19999999999999993       0.70000000000000007       -2.7437776493788001E-002
  -9.9999999999999978E-002  0.70000000000000007       -4.6935676355137471E-002
   2.7755575615628914E-017  0.70000000000000007       -4.8305593800504906E-002
  0.10000000000000009       0.70000000000000007       -3.1418119698329326E-002
  0.20000000000000009       0.70000000000000007       -2.2517684370787190E-003
  0.30000000000000016       0.70000000000000007        2.7525870884324344E-002
  0.40000000000000013       0.70000000000000007        4.7124897422670772E-002
  0.50000000000000011       0.70000000000000007        4.8435836169192330E-002
  0.60000000000000009       0.70000000000000007        3.1617971732069802E-002
  0.70000000000000007       0.70000000000000007        2.4148919229399937E-003
  0.80000000000000004       0.70000000000000007       -2.7298398253675162E-002
  0.90000000000000002       0.70000000000000007       -4.6890910191814093E-002
   1.0000000000000000       0.70000000000000007       -4.7431566246135447E-002
  -1.0000000000000000       0.80000000000000004       0.51446832192569325     
 -0.90000000000000002       0.80000000000000004       0.32813075634743261     
 -0.80000000000000004       0.80000000000000004        2.2878669529095900E-002
 -0.69999999999999996       0.80000000000000004      -0.29568556259716927     
 -0.59999999999999998       0.80000000000000004      -0.50591729753886960     
 -0.49999999999999994       0.80000000000000004      -0.52242862858482231     
 -0.39999999999999991       0.80000000000000004      -0.34026031080298802     
 -0.29999999999999993       0.80000000000000004       -2.7334595389150340E-002
 -0.19999999999999993       0.80000000000000004       0.29466857101678656     
  -9.9999999999999978E-002  0.80000000000000004       0.50544554679436982     
   2.7755575615628914E-017  0.80000000000000004       0.52098985764823480     
  0.10000000000000009       0.80000000000000004       0.33963066708708534     
  0.20000000000000009       0.80000000000000004        2.5534518138793223E-002
  0.30000000000000016       0.80000000000000004      -0.29562414436792289     
  0.40000000000000013       0.80000000000000004      -0.50748786202813700     
  0.50000000000000011       0.80000000000000004      -0.52239855901965904     
  0.60000000000000009       0.80000000000000004      -0.34178762915704114     
  0.70000000000000007       0.80000000000000004       -2.7298398253674836E-002
  0.80000000000000004       0.80000000000000004       0.29316399283547528     
  0.90000000000000002       0.80000000000000004       0.50496171224139719     
   1.0000000000000000       0.80000000000000004       0.51156247414352130     
  -1.0000000000000000       0.90000000000000002       0.88593966113337119     
 -0.90000000000000002       0.90000000000000002       0.56498666236522532     
 -0.80000000000000004       0.90000000000000002        3.9282813184086288E-002
 -0.69999999999999996       0.90000000000000002      -0.50930322945688766     
 -0.59999999999999998       0.90000000000000002      -0.87128694154227981     
 -0.49999999999999994       0.90000000000000002      -0.89964767940428980     
 -0.39999999999999991       0.90000000000000002      -0.58587078691521888     
 -0.29999999999999993       0.90000000000000002       -4.6953283952718472E-002
 -0.19999999999999993       0.90000000000000002       0.50755254417075180     
  -9.9999999999999978E-002  0.90000000000000002       0.87047509709087034     
   2.7755575615628914E-017  0.90000000000000002       0.89717054762095816     
  0.10000000000000009       0.90000000000000002       0.58478760405102193     
  0.20000000000000009       0.90000000000000002        4.3853849712469348E-002
  0.30000000000000016       0.90000000000000002      -0.50919757472488425     
  0.40000000000000013       0.90000000000000002      -0.87399192324598340     
  0.50000000000000011       0.90000000000000002      -0.89959602414579043     
  0.60000000000000009       0.90000000000000002      -0.58850185884375816     
  0.70000000000000007       0.90000000000000002       -4.6890910191814572E-002
  0.80000000000000004       0.90000000000000002       0.50496171224138997     
  0.90000000000000002       0.90000000000000002       0.86964200598075891     
   1.0000000000000000       0.90000000000000002       0.88093619262033318     
  -1.0000000000000000        1.0000000000000000       0.89740382343752956     
 -0.90000000000000002        1.0000000000000000       0.57225819837866632     
 -0.80000000000000004        1.0000000000000000        3.9726636553189573E-002
 -0.69999999999999996        1.0000000000000000      -0.51595975210182621     
 -0.59999999999999998        1.0000000000000000      -0.88260206210258230     
 -0.49999999999999994        1.0000000000000000      -0.91128921394417572     
 -0.39999999999999991        1.0000000000000000      -0.59341057427564392     
 -0.29999999999999993        1.0000000000000000       -4.7494769784140696E-002
 -0.19999999999999993        1.0000000000000000       0.51418676161256016     
  -9.9999999999999978E-002   1.0000000000000000       0.88178001052450516     
   2.7755575615628914E-017   1.0000000000000000       0.90878030858307945     
  0.10000000000000009        1.0000000000000000       0.59231398675112379     
  0.20000000000000009        1.0000000000000000        4.4355444848167225E-002
  0.30000000000000016        1.0000000000000000      -0.51585279194682399     
  0.40000000000000013        1.0000000000000000      -0.88534226612883316     
  0.50000000000000011        1.0000000000000000      -0.91123696070479632     
  0.60000000000000009        1.0000000000000000      -0.59607622639985636     
  0.70000000000000007        1.0000000000000000       -4.7431566246135440E-002
  0.80000000000000004        1.0000000000000000       0.51156247414348943     
  0.90000000000000002        1.0000000000000000       0.88093619262033107     
   1.0000000000000000        1.0000000000000000       0.89233591346060137     
