  -1.0000000000000000       -1.0000000000000000       0.32671560686203466     
 -0.90000000000000002       -1.0000000000000000       -5.8174465186460420E-005
 -0.80000000000000004       -1.0000000000000000      -0.32272929593589700     
 -0.69999999999999996       -1.0000000000000000      -0.52353427933373087     
 -0.59999999999999998       -1.0000000000000000      -0.52026857413272642     
 -0.49999999999999994       -1.0000000000000000      -0.32331222775029034     
 -0.39999999999999991       -1.0000000000000000        4.0988318048219832E-003
 -0.29999999999999993       -1.0000000000000000       0.33563030510551667     
 -0.19999999999999993       -1.0000000000000000       0.54582180409520897     
  -9.9999999999999978E-002  -1.0000000000000000       0.54248468640595338     
   2.7755575615628914E-017  -1.0000000000000000       0.33838778721935137     
  0.10000000000000009       -1.0000000000000000       -2.6867946132719934E-004
  0.20000000000000009       -1.0000000000000000      -0.33242160053376235     
  0.30000000000000016       -1.0000000000000000      -0.54272074080635146     
  0.40000000000000013       -1.0000000000000000      -0.53974594947988153     
  0.50000000000000011       -1.0000000000000000      -0.33519392883780486     
  0.60000000000000009       -1.0000000000000000        2.6615333080137987E-003
  0.70000000000000007       -1.0000000000000000       0.33551417132435507     
  0.80000000000000004       -1.0000000000000000       0.54482877182484812     
  0.90000000000000002       -1.0000000000000000       0.54217520771825001     
   1.0000000000000000       -1.0000000000000000       0.33211538704516319     
  -1.0000000000000000      -0.90000000000000002       -5.8174465187210864E-005
 -0.90000000000000002      -0.90000000000000002       -2.9263269697618681E-004
 -0.80000000000000004      -0.90000000000000002       -4.1687114976199558E-004
 -0.69999999999999996      -0.90000000000000002       -3.8617654735875241E-004
 -0.59999999999999998      -0.90000000000000002       -2.0315820565064451E-004
 -0.49999999999999994      -0.90000000000000002        5.4380503710663950E-005
 -0.39999999999999991      -0.90000000000000002        3.0066959805644973E-004
 -0.29999999999999993      -0.90000000000000002        4.3474998713980404E-004
 -0.19999999999999993      -0.90000000000000002        4.0217764902516855E-004
  -9.9999999999999978E-002 -0.90000000000000002        2.1251806706452952E-004
   2.7755575615628914E-017 -0.90000000000000002       -5.3629270818597993E-005
  0.10000000000000009      -0.90000000000000002       -3.0334551076492965E-004
  0.20000000000000009      -0.90000000000000002       -4.3162062279756392E-004
  0.30000000000000016      -0.90000000000000002       -4.0007137496549913E-004
  0.40000000000000013      -0.90000000000000002       -2.0921341188183249E-004
  0.50000000000000011      -0.90000000000000002        5.5917833419498555E-005
  0.60000000000000009      -0.90000000000000002        3.0583711896290836E-004
  0.70000000000000007      -0.90000000000000002        4.3469096201127208E-004
  0.80000000000000004      -0.90000000000000002        4.0323174778942027E-004
  0.90000000000000002      -0.90000000000000002        2.1293750321595945E-004
   1.0000000000000000      -0.90000000000000002       -5.1255735805780763E-005
  -1.0000000000000000      -0.80000000000000004      -0.32272929593589517     
 -0.90000000000000002      -0.80000000000000004       -4.1687114976031420E-004
 -0.80000000000000004      -0.80000000000000004       0.31802278682600105     
 -0.69999999999999996      -0.80000000000000004       0.51636951328289760     
 -0.59999999999999998      -0.80000000000000004       0.51344124460869245     
 -0.49999999999999994      -0.80000000000000004       0.31936227476340562     
 -0.39999999999999991      -0.80000000000000004       -3.5602926280332474E-003
 -0.29999999999999993      -0.80000000000000004      -0.33073368604604597     
 -0.19999999999999993      -0.80000000000000004      -0.53835273621189028     
  -9.9999999999999978E-002 -0.80000000000000004      -0.53536471155479948     
   2.7755575615628914E-017 -0.80000000000000004      -0.33424832621893064     
  0.10000000000000009      -0.80000000000000004       -2.2635936720149261E-004
  0.20000000000000009      -0.80000000000000004       0.32757012978764755     
  0.30000000000000016      -0.80000000000000004       0.53529381850053892     
  0.40000000000000013      -0.80000000000000004       0.53266553725098409     
  0.50000000000000011      -0.80000000000000004       0.33109806788780805     
  0.60000000000000009      -0.80000000000000004       -2.1325697150029921E-003
  0.70000000000000007      -0.80000000000000004      -0.33061909843719156     
  0.80000000000000004      -0.80000000000000004      -0.53737039815362153     
  0.90000000000000002      -0.80000000000000004      -0.53505841833470869     
   1.0000000000000000      -0.80000000000000004      -0.32805041973416882     
  -1.0000000000000000      -0.69999999999999996      -0.52353427933372632     
 -0.90000000000000002      -0.69999999999999996       -3.8617654735953271E-004
 -0.80000000000000004      -0.69999999999999996       0.51636951328288838     
 -0.69999999999999996      -0.69999999999999996       0.83813431932039240     
 -0.59999999999999998      -0.69999999999999996       0.83320206736884850     
 -0.49999999999999994      -0.69999999999999996       0.51807542819466157     
 -0.39999999999999991      -0.69999999999999996       -6.0742927155917111E-003
 -0.29999999999999993      -0.69999999999999996      -0.53700924385282689     
 -0.19999999999999993      -0.69999999999999996      -0.87381548971739265     
  -9.9999999999999978E-002 -0.69999999999999996      -0.86877970551017558     
   2.7755575615628914E-017 -0.69999999999999996      -0.54222711617401387     
  0.10000000000000009      -0.69999999999999996       -6.6470700045436189E-005
  0.20000000000000009      -0.69999999999999996       0.53187362703853103     
  0.30000000000000016      -0.69999999999999996       0.86885065159642072     
  0.40000000000000013      -0.69999999999999996       0.86439732236524536     
  0.50000000000000011      -0.69999999999999996       0.53711390742406584     
  0.60000000000000009      -0.69999999999999996       -3.7630967089550206E-003
  0.70000000000000007      -0.69999999999999996      -0.53682327981914091     
  0.80000000000000004      -0.69999999999999996      -0.87222280192076374     
  0.90000000000000002      -0.69999999999999996      -0.86828319511104324     
   1.0000000000000000      -0.69999999999999996      -0.53217406384822996     
  -1.0000000000000000      -0.59999999999999998      -0.52026857413271954     
 -0.90000000000000002      -0.59999999999999998       -2.0315820564844556E-004
 -0.80000000000000004      -0.59999999999999998       0.51344124460870488     
 -0.69999999999999996      -0.59999999999999998       0.83320206736885460     
 -0.59999999999999998      -0.59999999999999998       0.82818727021108929     
 -0.49999999999999994      -0.59999999999999998       0.51484574174943643     
 -0.39999999999999991      -0.59999999999999998       -6.2224160417666523E-003
 -0.29999999999999993      -0.59999999999999998      -0.53396468047699497     
 -0.19999999999999993      -0.59999999999999998      -0.86867299010663923     
  -9.9999999999999978E-002 -0.59999999999999998      -0.86355119990966744     
   2.7755575615628914E-017 -0.59999999999999998      -0.53884889650243617     
  0.10000000000000009      -0.59999999999999998        1.2118809951611252E-004
  0.20000000000000009      -0.59999999999999998       0.52885881469460483     
  0.30000000000000016      -0.59999999999999998       0.86373748097949998     
  0.40000000000000013      -0.59999999999999998       0.85919381273356210     
  0.50000000000000011      -0.59999999999999998       0.53376581955339086     
  0.60000000000000009      -0.59999999999999998       -3.9286681016993622E-003
  0.70000000000000007      -0.59999999999999998      -0.53377982726006901     
  0.80000000000000004      -0.59999999999999998      -0.86709077861538852     
  0.90000000000000002      -0.59999999999999998      -0.86305801149879291     
   1.0000000000000000      -0.59999999999999998      -0.52885932874675168     
  -1.0000000000000000      -0.49999999999999994      -0.32331222775029134     
 -0.90000000000000002      -0.49999999999999994        5.4380503709616041E-005
 -0.80000000000000004      -0.49999999999999994       0.31936227476340340     
 -0.69999999999999996      -0.49999999999999994       0.51807542819466212     
 -0.59999999999999998      -0.49999999999999994       0.51484574174943376     
 -0.49999999999999994      -0.49999999999999994       0.31994426674118226     
 -0.39999999999999991      -0.49999999999999994       -4.0528512150956450E-003
 -0.29999999999999993      -0.49999999999999994      -0.33212867499699111     
 -0.19999999999999993      -0.49999999999999994      -0.54013056744477528     
  -9.9999999999999978E-002 -0.49999999999999994      -0.53683028490086249     
   2.7755575615628914E-017 -0.49999999999999994      -0.33486274745500005     
  0.10000000000000009      -0.49999999999999994        2.6257557440078727E-004
  0.20000000000000009      -0.49999999999999994       0.32895343566987817     
  0.30000000000000016      -0.49999999999999994       0.53706183673192653     
  0.40000000000000013      -0.49999999999999994       0.53412011856953745     
  0.50000000000000011      -0.49999999999999994       0.33170219047088506     
  0.60000000000000009      -0.49999999999999994       -2.6304714113598820E-003
  0.70000000000000007      -0.49999999999999994      -0.33201375185607090     
  0.80000000000000004      -0.49999999999999994      -0.53914786999693520     
  0.90000000000000002      -0.49999999999999994      -0.53652402606690541     
   1.0000000000000000      -0.49999999999999994      -0.32865567286354502     
  -1.0000000000000000      -0.39999999999999991        4.0988318048367162E-003
 -0.90000000000000002      -0.39999999999999991        3.0066959805787735E-004
 -0.80000000000000004      -0.39999999999999991       -3.5602926280290785E-003
 -0.69999999999999996      -0.39999999999999991       -6.0742927155944303E-003
 -0.59999999999999998      -0.39999999999999991       -6.2224160417544781E-003
 -0.49999999999999994      -0.39999999999999991       -4.0528512150973476E-003
 -0.39999999999999991      -0.39999999999999991       -2.5899519062002989E-004
 -0.29999999999999993      -0.39999999999999991        3.7013632895745757E-003
 -0.19999999999999993      -0.39999999999999991        6.3333351424507229E-003
  -9.9999999999999978E-002 -0.39999999999999991        6.4874156340363406E-003
   2.7755575615628914E-017 -0.39999999999999991        4.2384440898956917E-003
  0.10000000000000009      -0.39999999999999991        3.0910063038366712E-004
  0.20000000000000009      -0.39999999999999991       -3.6649198684524037E-003
  0.30000000000000016      -0.39999999999999991       -6.2971685693237051E-003
  0.40000000000000013      -0.39999999999999991       -6.4569624489002348E-003
  0.50000000000000011      -0.39999999999999991       -4.2013181970654723E-003
  0.60000000000000009      -0.39999999999999991       -2.8208586953211982E-004
  0.70000000000000007      -0.39999999999999991        3.6999884925613905E-003
  0.80000000000000004      -0.39999999999999991        6.3199735538171879E-003
  0.90000000000000002      -0.39999999999999991        6.4831578145166224E-003
   1.0000000000000000      -0.39999999999999991        4.1584590877917918E-003
  -1.0000000000000000      -0.29999999999999993       0.33563030510551645     
 -0.90000000000000002      -0.29999999999999993        4.3474998714059237E-004
 -0.80000000000000004      -0.29999999999999993      -0.33073368604604486     
 -0.69999999999999996      -0.29999999999999993      -0.53700924385282645     
 -0.59999999999999998      -0.29999999999999993      -0.53396468047699053     
 -0.49999999999999994      -0.29999999999999993      -0.33212867499698945     
 -0.39999999999999991      -0.29999999999999993        3.7013632895783665E-003
 -0.29999999999999993      -0.29999999999999993       0.34395261603757454     
 -0.19999999999999993      -0.29999999999999993       0.55987115682091926     
  -9.9999999999999978E-002 -0.29999999999999993       0.55676447634375170     
   2.7755575615628914E-017 -0.29999999999999993       0.34760977778961427     
  0.10000000000000009      -0.29999999999999993        2.3666717483856832E-004
  0.20000000000000009      -0.29999999999999993      -0.34066261286170324     
  0.30000000000000016      -0.29999999999999993      -0.55668997079505378     
  0.40000000000000013      -0.29999999999999993      -0.55395741906734142     
  0.50000000000000011      -0.29999999999999993      -0.34433360063220714     
  0.60000000000000009      -0.29999999999999993        2.2165472887302113E-003
  0.70000000000000007      -0.29999999999999993       0.34383344813317912     
  0.80000000000000004      -0.29999999999999993       0.55884954642132567     
  0.90000000000000002      -0.29999999999999993       0.55644593763039463     
   1.0000000000000000      -0.29999999999999993       0.34116410656959201     
  -1.0000000000000000      -0.19999999999999993       0.54582180409520342     
 -0.90000000000000002      -0.19999999999999993        4.0217764902178069E-004
 -0.80000000000000004      -0.19999999999999993      -0.53835273621190061     
 -0.69999999999999996      -0.19999999999999993      -0.87381548971739686     
 -0.59999999999999998      -0.19999999999999993      -0.86867299010663701     
 -0.49999999999999994      -0.19999999999999993      -0.54013056744477506     
 -0.39999999999999991      -0.19999999999999993        6.3333351424620698E-003
 -0.29999999999999993      -0.19999999999999993       0.55987115682092248     
 -0.19999999999999993      -0.19999999999999993       0.91101568319310122     
  -9.9999999999999978E-002 -0.19999999999999993       0.90576523384331342     
   2.7755575615628914E-017 -0.19999999999999993       0.56531042888617344     
  0.10000000000000009      -0.19999999999999993        6.8845393413836768E-005
  0.20000000000000009      -0.19999999999999993      -0.55451690465236392     
  0.30000000000000016      -0.19999999999999993      -0.90583948156426342     
  0.40000000000000013      -0.19999999999999993      -0.90119628134340324     
  0.50000000000000011      -0.19999999999999993      -0.55997953999204719     
  0.60000000000000009      -0.19999999999999993        3.9237559759994255E-003
  0.70000000000000007      -0.19999999999999993       0.55967727593118066     
  0.80000000000000004      -0.19999999999999993       0.90935519394200859     
  0.90000000000000002      -0.19999999999999993       0.90524758690740748     
   1.0000000000000000      -0.19999999999999993       0.55482940712308793     
  -1.0000000000000000       -9.9999999999999978E-002  0.54248468640594882     
 -0.90000000000000002       -9.9999999999999978E-002   2.1251806706532774E-004
 -0.80000000000000004       -9.9999999999999978E-002 -0.53536471155479648     
 -0.69999999999999996       -9.9999999999999978E-002 -0.86877970551017414     
 -0.59999999999999998       -9.9999999999999978E-002 -0.86355119990966411     
 -0.49999999999999994       -9.9999999999999978E-002 -0.53683028490086204     
 -0.39999999999999991       -9.9999999999999978E-002   6.4874156340342460E-003
 -0.29999999999999993       -9.9999999999999978E-002  0.55676447634375459     
 -0.19999999999999993       -9.9999999999999978E-002  0.90576523384331364     
  -9.9999999999999978E-002  -9.9999999999999978E-002  0.90042518203625166     
   2.7755575615628914E-017  -9.9999999999999978E-002  0.56185839605442833     
  0.10000000000000009       -9.9999999999999978E-002  -1.2565307040157038E-004
  0.20000000000000009       -9.9999999999999978E-002 -0.55144059241858889     
  0.30000000000000016       -9.9999999999999978E-002 -0.90061897858411311     
  0.40000000000000013       -9.9999999999999978E-002 -0.89588173790392589     
  0.50000000000000011       -9.9999999999999978E-002 -0.55655827210351316     
  0.60000000000000009       -9.9999999999999978E-002   4.0957103527943196E-003
  0.70000000000000007       -9.9999999999999978E-002  0.55657172984641112     
  0.80000000000000004       -9.9999999999999978E-002  0.90411545790280212     
  0.90000000000000002       -9.9999999999999978E-002  0.89991093301731051     
   1.0000000000000000       -9.9999999999999978E-002  0.55144225844061157     
  -1.0000000000000000        2.7755575615628914E-017  0.33838778721934187     
 -0.90000000000000002        2.7755575615628914E-017  -5.3629270821042950E-005
 -0.80000000000000004        2.7755575615628914E-017 -0.33424832621893946     
 -0.69999999999999996        2.7755575615628914E-017 -0.54222711617401320     
 -0.59999999999999998        2.7755575615628914E-017 -0.53884889650243750     
 -0.49999999999999994        2.7755575615628914E-017 -0.33486274745500261     
 -0.39999999999999991        2.7755575615628914E-017   4.2384440899031067E-003
 -0.29999999999999993        2.7755575615628914E-017  0.34760977778961988     
 -0.19999999999999993        2.7755575615628914E-017  0.56531042888617877     
  -9.9999999999999978E-002   2.7755575615628914E-017  0.56185839605442589     
   2.7755575615628914E-017   2.7755575615628914E-017  0.35047681580588225     
  0.10000000000000009        2.7755575615628914E-017  -2.7141140679011840E-004
  0.20000000000000009        2.7755575615628914E-017 -0.34428652336754240     
  0.30000000000000016        2.7755575615628914E-017 -0.56209863775693480     
  0.40000000000000013        2.7755575615628914E-017 -0.55902190135368968     
  0.50000000000000011        2.7755575615628914E-017 -0.34716891888526280     
  0.60000000000000009        2.7755575615628914E-017   2.7496858560154074E-003
  0.70000000000000007        2.7755575615628914E-017  0.34748949682200730     
  0.80000000000000004        2.7755575615628914E-017  0.56428189985596344     
  0.90000000000000002        2.7755575615628914E-017  0.56153785274370627     
   1.0000000000000000        2.7755575615628914E-017  0.34398030058098789     
  -1.0000000000000000       0.10000000000000009       -2.6867946132603295E-004
 -0.90000000000000002       0.10000000000000009       -3.0334551076448030E-004
 -0.80000000000000004       0.10000000000000009       -2.2635936720233276E-004
 -0.69999999999999996       0.10000000000000009       -6.6470700045928404E-005
 -0.59999999999999998       0.10000000000000009        1.2118809951626358E-004
 -0.49999999999999994       0.10000000000000009        2.6257557440075474E-004
 -0.39999999999999991       0.10000000000000009        3.0910063038323403E-004
 -0.29999999999999993       0.10000000000000009        2.3666717483954573E-004
 -0.19999999999999993       0.10000000000000009        6.8845393417677581E-005
  -9.9999999999999978E-002  0.10000000000000009       -1.2565307040076688E-004
   2.7755575615628914E-017  0.10000000000000009       -2.7141140678939079E-004
  0.10000000000000009       0.10000000000000009       -3.1431760735713468E-004
  0.20000000000000009       0.10000000000000009       -2.3546924475800819E-004
  0.30000000000000016       0.10000000000000009       -6.8639494626434664E-005
  0.40000000000000013       0.10000000000000009        1.2733245268388546E-004
  0.50000000000000011       0.10000000000000009        2.7174711403264430E-004
  0.60000000000000009       0.10000000000000009        3.1537466341021776E-004
  0.70000000000000007       0.10000000000000009        2.3668004299888710E-004
  0.80000000000000004       0.10000000000000009        7.0571531063643960E-005
  0.90000000000000002       0.10000000000000009       -1.2502085120569972E-004
   1.0000000000000000       0.10000000000000009       -2.6495036383919598E-004
  -1.0000000000000000       0.20000000000000009      -0.33242160053376607     
 -0.90000000000000002       0.20000000000000009       -4.3162062279600841E-004
 -0.80000000000000004       0.20000000000000009       0.32757012978764444     
 -0.69999999999999996       0.20000000000000009       0.53187362703853558     
 -0.59999999999999998       0.20000000000000009       0.52885881469459106     
 -0.49999999999999994       0.20000000000000009       0.32895343566987900     
 -0.39999999999999991       0.20000000000000009       -3.6649198684492183E-003
 -0.29999999999999993       0.20000000000000009      -0.34066261286170041     
 -0.19999999999999993       0.20000000000000009      -0.55451690465234327     
  -9.9999999999999978E-002  0.20000000000000009      -0.55144059241859023     
   2.7755575615628914E-017  0.20000000000000009      -0.34428652336753524     
  0.10000000000000009       0.20000000000000009       -2.3546924475766537E-004
  0.20000000000000009       0.20000000000000009       0.33740407592929578     
  0.30000000000000016       0.20000000000000009       0.55136614085060454     
  0.40000000000000013       0.20000000000000009       0.54866038458879174     
  0.50000000000000011       0.20000000000000009       0.34104167729915752     
  0.60000000000000009       0.20000000000000009       -2.1942816869130453E-003
  0.70000000000000007       0.20000000000000009      -0.34054458453692621     
  0.80000000000000004       0.20000000000000009      -0.55350505804129346     
  0.90000000000000002       0.20000000000000009      -0.55112509773071205     
   1.0000000000000000       0.20000000000000009      -0.33790246989704270     
  -1.0000000000000000       0.30000000000000016      -0.54272074080635024     
 -0.90000000000000002       0.30000000000000016       -4.0007137496606747E-004
 -0.80000000000000004       0.30000000000000016       0.53529381850053748     
 -0.69999999999999996       0.30000000000000016       0.86885065159641817     
 -0.59999999999999998       0.30000000000000016       0.86373748097950076     
 -0.49999999999999994       0.30000000000000016       0.53706183673192498     
 -0.39999999999999991       0.30000000000000016       -6.2971685693231187E-003
 -0.29999999999999993       0.30000000000000016      -0.55668997079505422     
 -0.19999999999999993       0.30000000000000016      -0.90583948156426408     
  -9.9999999999999978E-002  0.30000000000000016      -0.90061897858411089     
   2.7755575615628914E-017  0.30000000000000016      -0.56209863775693480     
  0.10000000000000009       0.30000000000000016       -6.8639494625227866E-005
  0.20000000000000009       0.30000000000000016       0.55136614085060542     
  0.30000000000000016       0.30000000000000016       0.90069268992889662     
  0.40000000000000013       0.30000000000000016       0.89607598671036559     
  0.50000000000000011       0.30000000000000016       0.55679803783197179     
  0.60000000000000009       0.30000000000000016       -3.9012763014433989E-003
  0.70000000000000007       0.30000000000000016      -0.55649719148470889     
  0.80000000000000004       0.30000000000000016      -0.90418842578181102     
  0.90000000000000002       0.30000000000000016      -0.90010427241455671     
   1.0000000000000000       0.30000000000000016      -0.55167716270924794     
  -1.0000000000000000       0.40000000000000013      -0.53974594947987020     
 -0.90000000000000002       0.40000000000000013       -2.0921341187935512E-004
 -0.80000000000000004       0.40000000000000013       0.53266553725100074     
 -0.69999999999999996       0.40000000000000013       0.86439732236524891     
 -0.59999999999999998       0.40000000000000013       0.85919381273357232     
 -0.49999999999999994       0.40000000000000013       0.53412011856954145     
 -0.39999999999999991       0.40000000000000013       -6.4569624489009885E-003
 -0.29999999999999993       0.40000000000000013      -0.55395741906734597     
 -0.19999999999999993       0.40000000000000013      -0.90119628134341045     
  -9.9999999999999978E-002  0.40000000000000013      -0.89588173790392645     
   2.7755575615628914E-017  0.40000000000000013      -0.55902190135369589     
  0.10000000000000009       0.40000000000000013        1.2733245268320241E-004
  0.20000000000000009       0.40000000000000013       0.54866038458880473     
  0.30000000000000016       0.40000000000000013       0.89607598671036537     
  0.40000000000000013       0.40000000000000013       0.89136120245589134     
  0.50000000000000011       0.40000000000000013       0.55374851332614450     
  0.60000000000000009       0.40000000000000013       -4.0773691329976589E-003
  0.70000000000000007       0.40000000000000013      -0.55376564504969239     
  0.80000000000000004       0.40000000000000013      -0.89955484100312266     
  0.90000000000000002       0.40000000000000013      -0.89537008785224170     
   1.0000000000000000       0.40000000000000013      -0.54865835925786066     
  -1.0000000000000000       0.50000000000000011      -0.33519392883780730     
 -0.90000000000000002       0.50000000000000011        5.5917833418191962E-005
 -0.80000000000000004       0.50000000000000011       0.33109806788780827     
 -0.69999999999999996       0.50000000000000011       0.53711390742406406     
 -0.59999999999999998       0.50000000000000011       0.53376581955339120     
 -0.49999999999999994       0.50000000000000011       0.33170219047088439     
 -0.39999999999999991       0.50000000000000011       -4.2013181970643066E-003
 -0.29999999999999993       0.50000000000000011      -0.34433360063220736     
 -0.19999999999999993       0.50000000000000011      -0.55997953999205208     
  -9.9999999999999978E-002  0.50000000000000011      -0.55655827210351350     
   2.7755575615628914E-017  0.50000000000000011      -0.34716891888526352     
  0.10000000000000009       0.50000000000000011        2.7174711403327829E-004
  0.20000000000000009       0.50000000000000011       0.34104167729915968     
  0.30000000000000016       0.50000000000000011       0.55679803783197468     
  0.40000000000000013       0.50000000000000011       0.55374851332614761     
  0.50000000000000011       0.50000000000000011       0.34389221614693033     
  0.60000000000000009       0.50000000000000011       -2.7266583509781522E-003
  0.70000000000000007       0.50000000000000011      -0.34421445418943286     
  0.80000000000000004       0.50000000000000011      -0.55896072708905165     
  0.90000000000000002       0.50000000000000011      -0.55624075770557080     
   1.0000000000000000       0.50000000000000011      -0.34073373275788432     
  -1.0000000000000000       0.60000000000000009        2.6615333080133685E-003
 -0.90000000000000002       0.60000000000000009        3.0583711896225080E-004
 -0.80000000000000004       0.60000000000000009       -2.1325697149785867E-003
 -0.69999999999999996       0.60000000000000009       -3.7630967089566382E-003
 -0.59999999999999998       0.60000000000000009       -3.9286681016748445E-003
 -0.49999999999999994       0.60000000000000009       -2.6304714113587219E-003
 -0.39999999999999991       0.60000000000000009       -2.8208586954621282E-004
 -0.29999999999999993       0.60000000000000009        2.2165472887254144E-003
 -0.19999999999999993       0.60000000000000009        3.9237559759644014E-003
  -9.9999999999999978E-002  0.60000000000000009        4.0957103527969677E-003
   2.7755575615628914E-017  0.60000000000000009        2.7496858560107059E-003
  0.10000000000000009       0.60000000000000009        3.1537466341025522E-004
  0.20000000000000009       0.60000000000000009       -2.1942816868863240E-003
  0.30000000000000016       0.60000000000000009       -3.9012763014430111E-003
  0.40000000000000013       0.60000000000000009       -4.0773691329773860E-003
  0.50000000000000011       0.60000000000000009       -2.7266583509764522E-003
  0.60000000000000009       0.60000000000000009       -2.9893563055837137E-004
  0.70000000000000007       0.60000000000000009        2.2156846616795951E-003
  0.80000000000000004       0.60000000000000009        3.9147481653025659E-003
  0.90000000000000002       0.60000000000000009        4.0928078901076000E-003
   1.0000000000000000       0.60000000000000009        2.6972734491754872E-003
  -1.0000000000000000       0.70000000000000007       0.33551417132435346     
 -0.90000000000000002       0.70000000000000007        4.3469096201089190E-004
 -0.80000000000000004       0.70000000000000007      -0.33061909843719151     
 -0.69999999999999996       0.70000000000000007      -0.53682327981913924     
 -0.59999999999999998       0.70000000000000007      -0.53377982726007034     
 -0.49999999999999994       0.70000000000000007      -0.33201375185606929     
 -0.39999999999999991       0.70000000000000007        3.6999884925614547E-003
 -0.29999999999999993       0.70000000000000007       0.34383344813317734     
 -0.19999999999999993       0.70000000000000007       0.55967727593118055     
  -9.9999999999999978E-002  0.70000000000000007       0.55657172984640912     
   2.7755575615628914E-017  0.70000000000000007       0.34748949682200919     
  0.10000000000000009       0.70000000000000007        2.3668004299812201E-004
  0.20000000000000009       0.70000000000000007      -0.34054458453692682     
  0.30000000000000016       0.70000000000000007      -0.55649719148470733     
  0.40000000000000013       0.70000000000000007      -0.55376564504969339     
  0.50000000000000011       0.70000000000000007      -0.34421445418943114     
  0.60000000000000009       0.70000000000000007        2.2156846616811585E-003
  0.70000000000000007       0.70000000000000007       0.34371432150115183     
  0.80000000000000004       0.70000000000000007       0.55865601876793169     
  0.90000000000000002       0.70000000000000007       0.55625330123863892     
   1.0000000000000000       0.70000000000000007       0.34104605553532258     
  -1.0000000000000000       0.80000000000000004       0.54482877182485678     
 -0.90000000000000002       0.80000000000000004        4.0323174778748530E-004
 -0.80000000000000004       0.80000000000000004      -0.53737039815364140     
 -0.69999999999999996       0.80000000000000004      -0.87222280192077173     
 -0.59999999999999998       0.80000000000000004      -0.86709077861540174     
 -0.49999999999999994       0.80000000000000004      -0.53914786999693831     
 -0.39999999999999991       0.80000000000000004        6.3199735538198307E-003
 -0.29999999999999993       0.80000000000000004       0.55884954642132856     
 -0.19999999999999993       0.80000000000000004       0.90935519394202224     
  -9.9999999999999978E-002  0.80000000000000004       0.90411545790280756     
   2.7755575615628914E-017  0.80000000000000004       0.56428189985597110     
  0.10000000000000009       0.80000000000000004        7.0571531062268053E-005
  0.20000000000000009       0.80000000000000004      -0.55350505804131400     
  0.30000000000000016       0.80000000000000004      -0.90418842578181380     
  0.40000000000000013       0.80000000000000004      -0.89955484100312411     
  0.50000000000000011       0.80000000000000004      -0.55896072708905220     
  0.60000000000000009       0.80000000000000004        3.9147481653286935E-003
  0.70000000000000007       0.80000000000000004       0.55865601876793181     
  0.80000000000000004       0.80000000000000004       0.90769772034109952     
  0.90000000000000002       0.80000000000000004       0.90359875051588268     
   1.0000000000000000       0.80000000000000004       0.55381993892226800     
  -1.0000000000000000       0.90000000000000002       0.54217520771824934     
 -0.90000000000000002       0.90000000000000002        2.1293750321826411E-004
 -0.80000000000000004       0.90000000000000002      -0.53505841833470380     
 -0.69999999999999996       0.90000000000000002      -0.86828319511103935     
 -0.59999999999999998       0.90000000000000002      -0.86305801149879213     
 -0.49999999999999994       0.90000000000000002      -0.53652402606690364     
 -0.39999999999999991       0.90000000000000002        6.4831578145119377E-003
 -0.29999999999999993       0.90000000000000002       0.55644593763039418     
 -0.19999999999999993       0.90000000000000002       0.90524758690740581     
  -9.9999999999999978E-002  0.90000000000000002       0.89991093301730729     
   2.7755575615628914E-017  0.90000000000000002       0.56153785274370827     
  0.10000000000000009       0.90000000000000002       -1.2502085120645522E-004
  0.20000000000000009       0.90000000000000002      -0.55112509773070861     
  0.30000000000000016       0.90000000000000002      -0.90010427241455515     
  0.40000000000000013       0.90000000000000002      -0.89537008785224137     
  0.50000000000000011       0.90000000000000002      -0.55624075770556958     
  0.60000000000000009       0.90000000000000002        4.0928078901054004E-003
  0.70000000000000007       0.90000000000000002       0.55625330123863914     
  0.80000000000000004       0.90000000000000002       0.90359875051587724     
  0.90000000000000002       0.90000000000000002       0.89939697669590457     
   1.0000000000000000       0.90000000000000002       0.55112765504456196     
  -1.0000000000000000        1.0000000000000000       0.33211538704514487     
 -0.90000000000000002        1.0000000000000000       -5.1255735806872026E-005
 -0.80000000000000004        1.0000000000000000      -0.32805041973417282     
 -0.69999999999999996        1.0000000000000000      -0.53217406384822652     
 -0.59999999999999998        1.0000000000000000      -0.52885932874675357     
 -0.49999999999999994        1.0000000000000000      -0.32865567286354669     
 -0.39999999999999991        1.0000000000000000        4.1584590877936541E-003
 -0.29999999999999993        1.0000000000000000       0.34116410656959539     
 -0.19999999999999993        1.0000000000000000       0.55482940712309003     
  -9.9999999999999978E-002   1.0000000000000000       0.55144225844060890     
   2.7755575615628914E-017   1.0000000000000000       0.34398030058098622     
  0.10000000000000009        1.0000000000000000       -2.6495036383980579E-004
  0.20000000000000009        1.0000000000000000      -0.33790246989704653     
  0.30000000000000016        1.0000000000000000      -0.55167716270924472     
  0.40000000000000013        1.0000000000000000      -0.54865835925784801     
  0.50000000000000011        1.0000000000000000      -0.34073373275788171     
  0.60000000000000009        1.0000000000000000        2.6972734491810244E-003
  0.70000000000000007        1.0000000000000000       0.34104605553532086     
  0.80000000000000004        1.0000000000000000       0.55381993892225401     
  0.90000000000000002        1.0000000000000000       0.55112765504455852     
   1.0000000000000000        1.0000000000000000       0.33760419970049677     
