  -1.0000000000000000       -1.0000000000000000       0.89308754037258931     
 -0.90000000000000002       -1.0000000000000000       0.85929773392864861     
 -0.80000000000000004       -1.0000000000000000       0.50841667941466229     
 -0.69999999999999996       -1.0000000000000000       -2.4814670837512771E-002
 -0.59999999999999998       -1.0000000000000000      -0.57686854335450410     
 -0.49999999999999994       -1.0000000000000000      -0.90495652646401981     
 -0.39999999999999991       -1.0000000000000000      -0.89336264376596297     
 -0.29999999999999993       -1.0000000000000000      -0.53558667733671550     
 -0.19999999999999993       -1.0000000000000000        2.0116447703572654E-002
  -9.9999999999999978E-002  -1.0000000000000000       0.57382817817675824     
   2.7755575615628914E-017  -1.0000000000000000       0.90100373332159955     
  0.10000000000000009       -1.0000000000000000       0.89016235944140332     
  0.20000000000000009       -1.0000000000000000       0.53121088217820067     
  0.30000000000000016       -1.0000000000000000       -2.3773945402460406E-002
  0.40000000000000013       -1.0000000000000000      -0.57908846992930596     
  0.50000000000000011       -1.0000000000000000      -0.90492239486927473     
  0.60000000000000009       -1.0000000000000000      -0.89615232785259047     
  0.70000000000000007       -1.0000000000000000      -0.53555166967238987     
  0.80000000000000004       -1.0000000000000000        1.7273251382819918E-002
  0.90000000000000002       -1.0000000000000000       0.57293220759529995     
   1.0000000000000000       -1.0000000000000000       0.88375262653454756     
  -1.0000000000000000      -0.90000000000000002       0.85929773392864450     
 -0.90000000000000002      -0.90000000000000002       0.82673308206983609     
 -0.80000000000000004      -0.90000000000000002       0.48909427024004493     
 -0.69999999999999996      -0.90000000000000002       -2.3964734243015241E-002
 -0.59999999999999998      -0.90000000000000002      -0.55509876556286619     
 -0.49999999999999994      -0.90000000000000002      -0.87071828722284883     
 -0.39999999999999991      -0.90000000000000002      -0.85950718842512819     
 -0.29999999999999993      -0.90000000000000002      -0.51523292352546113     
 -0.19999999999999993      -0.90000000000000002        1.9445740974290391E-002
  -9.9999999999999978E-002 -0.90000000000000002       0.55217368314514559     
   2.7755575615628914E-017 -0.90000000000000002       0.86691555490424244     
  0.10000000000000009      -0.90000000000000002       0.85642800911317218     
  0.20000000000000009      -0.90000000000000002       0.51102326908601892     
  0.30000000000000016      -0.90000000000000002       -2.2964761020752886E-002
  0.40000000000000013      -0.90000000000000002      -0.55723431489720587     
  0.50000000000000011      -0.90000000000000002      -0.87068539262060618     
  0.60000000000000009      -0.90000000000000002      -0.86219090982164193     
  0.70000000000000007      -0.90000000000000002      -0.51519920129260555     
  0.80000000000000004      -0.90000000000000002        1.6710520302215127E-002
  0.90000000000000002      -0.90000000000000002       0.55131166669718024     
   1.0000000000000000      -0.90000000000000002       0.85031733378122054     
  -1.0000000000000000      -0.80000000000000004       0.50841667941464586     
 -0.90000000000000002      -0.80000000000000004       0.48909427024004709     
 -0.80000000000000004      -0.80000000000000004       0.28929071404525747     
 -0.69999999999999996      -0.80000000000000004       -1.4270956933447577E-002
 -0.59999999999999998      -0.80000000000000004      -0.32849048018762217     
 -0.49999999999999994      -0.80000000000000004      -0.51517447373211656     
 -0.39999999999999991      -0.80000000000000004      -0.50848354427144560     
 -0.29999999999999993      -0.80000000000000004      -0.30475256514488985     
 -0.19999999999999993      -0.80000000000000004        1.1598747288840465E-002
  -9.9999999999999978E-002 -0.80000000000000004       0.32676006970919613     
   2.7755575615628914E-017 -0.80000000000000004       0.51292505320539117     
  0.10000000000000009      -0.80000000000000004       0.50666172419182887     
  0.20000000000000009      -0.80000000000000004       0.30226246107554444     
  0.30000000000000016      -0.80000000000000004       -1.3680729358095469E-002
  0.40000000000000013      -0.80000000000000004      -0.32975361122814695     
  0.50000000000000011      -0.80000000000000004      -0.51515495497410169     
  0.60000000000000009      -0.80000000000000004      -0.51007097996991579     
  0.70000000000000007      -0.80000000000000004      -0.30473257250576558     
  0.80000000000000004      -0.80000000000000004        9.9808291591953219E-003
  0.90000000000000002      -0.80000000000000004       0.32625010152933320     
   1.0000000000000000      -0.80000000000000004       0.50310466069487847     
  -1.0000000000000000      -0.69999999999999996       -2.4814670837509160E-002
 -0.90000000000000002      -0.69999999999999996       -2.3964734243014183E-002
 -0.80000000000000004      -0.69999999999999996       -1.4270956933449278E-002
 -0.69999999999999996      -0.69999999999999996        5.4106587413231663E-004
 -0.59999999999999998      -0.69999999999999996        1.5935076354383293E-002
 -0.49999999999999994      -0.69999999999999996        2.5143405260330449E-002
 -0.39999999999999991      -0.69999999999999996        2.4914514290158129E-002
 -0.29999999999999993      -0.69999999999999996        1.5031511574538350E-002
 -0.19999999999999993      -0.69999999999999996       -4.0806522454726814E-004
  -9.9999999999999978E-002 -0.69999999999999996       -1.5850179948723443E-002
   2.7755575615628914E-017 -0.69999999999999996       -2.5032728657935131E-002
  0.10000000000000009      -0.69999999999999996       -2.4825555426601340E-002
  0.20000000000000009      -0.69999999999999996       -1.4908955390192165E-002
  0.30000000000000016      -0.69999999999999996        5.0985143250602423E-004
  0.40000000000000013      -0.69999999999999996        1.5997403058294123E-002
  0.50000000000000011      -0.69999999999999996        2.5142547654031434E-002
  0.60000000000000009      -0.69999999999999996        2.4992719847310690E-002
  0.70000000000000007      -0.69999999999999996        1.5030604104680307E-002
  0.80000000000000004      -0.69999999999999996       -3.2839221385131062E-004
  0.90000000000000002      -0.69999999999999996       -1.5825192957910045E-002
   1.0000000000000000      -0.69999999999999996       -2.4553079774499741E-002
  -1.0000000000000000      -0.59999999999999998      -0.57686854335448323     
 -0.90000000000000002      -0.59999999999999998      -0.55509876556286097     
 -0.80000000000000004      -0.59999999999999998      -0.32849048018760674     
 -0.69999999999999996      -0.59999999999999998        1.5935076354387134E-002
 -0.59999999999999998      -0.59999999999999998       0.37255570693046158     
 -0.49999999999999994      -0.59999999999999998       0.58453437161390320     
 -0.39999999999999991      -0.59999999999999998       0.57710424149164163     
 -0.29999999999999993      -0.59999999999999998       0.34604383198502281     
 -0.19999999999999993      -0.59999999999999998       -1.2898824401571491E-002
  -9.9999999999999978E-002 -0.59999999999999998      -0.37059159207171982     
   2.7755575615628914E-017 -0.59999999999999998      -0.58198062639576986     
  0.10000000000000009      -0.59999999999999998      -0.57503707040224672     
  0.20000000000000009      -0.59999999999999998      -0.34321677928908745     
  0.30000000000000016      -0.59999999999999998        1.5261399352722320E-002
  0.40000000000000013      -0.59999999999999998       0.37399002146320715     
  0.50000000000000011      -0.59999999999999998       0.58451238221230972     
  0.60000000000000009      -0.59999999999999998       0.57890660752639089     
  0.70000000000000007      -0.59999999999999998       0.34602126064589206     
  0.80000000000000004      -0.59999999999999998       -1.1061905758060452E-002
  0.90000000000000002      -0.59999999999999998      -0.37001280329011826     
   1.0000000000000000      -0.59999999999999998      -0.57083748364291320     
  -1.0000000000000000      -0.49999999999999994      -0.90495652646402103     
 -0.90000000000000002      -0.49999999999999994      -0.87071828722284872     
 -0.80000000000000004      -0.49999999999999994      -0.51517447373211289     
 -0.69999999999999996      -0.49999999999999994        2.5143405260327698E-002
 -0.59999999999999998      -0.49999999999999994       0.58453437161390298     
 -0.49999999999999994      -0.49999999999999994       0.91698324203561565     
 -0.39999999999999991      -0.49999999999999994       0.90523593724060880     
 -0.29999999999999993      -0.49999999999999994       0.54270559622368253     
 -0.19999999999999993      -0.49999999999999994       -2.0382726166017048E-002
  -9.9999999999999978E-002 -0.49999999999999994      -0.58145359750937409     
   2.7755575615628914E-017 -0.49999999999999994      -0.91297791092907632     
  0.10000000000000009      -0.49999999999999994      -0.90199312141062404     
  0.20000000000000009      -0.49999999999999994      -0.53827164060191379     
  0.30000000000000016      -0.49999999999999994        2.4088832568591286E-002
  0.40000000000000013      -0.49999999999999994       0.58678380520066153     
  0.50000000000000011      -0.49999999999999994       0.91694865747742460     
  0.60000000000000009      -0.49999999999999994       0.90806270068849326     
  0.70000000000000007      -0.49999999999999994       0.54267012377048274     
  0.80000000000000004      -0.49999999999999994       -1.7501739505709678E-002
  0.90000000000000002      -0.49999999999999994      -0.58054571897679896     
   1.0000000000000000      -0.49999999999999994      -0.89549753750462502     
  -1.0000000000000000      -0.39999999999999991      -0.89336264376594232     
 -0.90000000000000002      -0.39999999999999991      -0.85950718842512031     
 -0.80000000000000004      -0.39999999999999991      -0.50848354427142795     
 -0.69999999999999996      -0.39999999999999991        2.4914514290157105E-002
 -0.59999999999999998      -0.39999999999999991       0.57710424149164197     
 -0.49999999999999994      -0.39999999999999991       0.90523593724060847     
 -0.39999999999999991      -0.39999999999999991       0.89358055536439562     
 -0.29999999999999993      -0.39999999999999991       0.53565841456874075     
 -0.19999999999999993      -0.39999999999999991       -2.0216371674754319E-002
  -9.9999999999999978E-002 -0.39999999999999991      -0.57406320012103085     
   2.7755575615628914E-017 -0.39999999999999991      -0.90128245281320185     
  0.10000000000000009      -0.39999999999999991      -0.89037930890473804     
  0.20000000000000009      -0.39999999999999991      -0.53128187629974222     
  0.30000000000000016      -0.39999999999999991        2.3874895553683287E-002
  0.40000000000000013      -0.39999999999999991       0.57932445091442830     
  0.50000000000000011      -0.39999999999999991       0.90520173875820031     
  0.60000000000000009      -0.39999999999999991       0.89637066795984355     
  0.70000000000000007      -0.39999999999999991       0.53562335560426388     
  0.80000000000000004      -0.39999999999999991       -1.7372718249146917E-002
  0.90000000000000002      -0.39999999999999991      -0.57316701083183275     
   1.0000000000000000      -0.39999999999999991      -0.88402623231918986     
  -1.0000000000000000      -0.29999999999999993      -0.53558667733671306     
 -0.90000000000000002      -0.29999999999999993      -0.51523292352546235     
 -0.80000000000000004      -0.29999999999999993      -0.30475256514488824     
 -0.69999999999999996      -0.29999999999999993        1.5031511574538532E-002
 -0.59999999999999998      -0.29999999999999993       0.34604383198502348     
 -0.49999999999999994      -0.29999999999999993       0.54270559622368242     
 -0.39999999999999991      -0.29999999999999993       0.53565841456874297     
 -0.29999999999999993      -0.29999999999999993       0.32104078329632946     
 -0.19999999999999993      -0.29999999999999993       -1.2216463306231934E-002
  -9.9999999999999978E-002 -0.29999999999999993      -0.34422094173810602     
   2.7755575615628914E-017 -0.29999999999999993      -0.54033595378673793     
  0.10000000000000009      -0.29999999999999993      -0.53373923514386534     
  0.20000000000000009      -0.29999999999999993      -0.31841759332419561     
  0.30000000000000016      -0.29999999999999993        1.4409709653062959E-002
  0.40000000000000013      -0.29999999999999993       0.34737447436192265     
  0.50000000000000011      -0.29999999999999993       0.54268503565288806     
  0.60000000000000009      -0.29999999999999993       0.53733069327565075     
  0.70000000000000007      -0.29999999999999993       0.32101972315865357     
  0.80000000000000004      -0.29999999999999993       -1.0512073488503507E-002
  0.90000000000000002      -0.29999999999999993      -0.34368371934938546     
   1.0000000000000000      -0.29999999999999993      -0.52999075089386216     
  -1.0000000000000000      -0.19999999999999993        2.0116447703558506E-002
 -0.90000000000000002      -0.19999999999999993        1.9445740974289930E-002
 -0.80000000000000004      -0.19999999999999993        1.1598747288828279E-002
 -0.69999999999999996      -0.19999999999999993       -4.0806522455175912E-004
 -0.59999999999999998      -0.19999999999999993       -1.2898824401594315E-002
 -0.49999999999999994      -0.19999999999999993       -2.0382726166020371E-002
 -0.39999999999999991      -0.19999999999999993       -2.0216371674763256E-002
 -0.29999999999999993      -0.19999999999999993       -1.2216463306233020E-002
 -0.19999999999999993      -0.19999999999999993        2.9973957073863489E-004
  -9.9999999999999978E-002 -0.19999999999999993        1.2829915338489269E-002
   2.7755575615628914E-017 -0.19999999999999993        2.0292829784041382E-002
  0.10000000000000009      -0.19999999999999993        2.0144247780183422E-002
  0.20000000000000009      -0.19999999999999993        1.2116910539335607E-002
  0.30000000000000016      -0.19999999999999993       -3.8228765828205824E-004
  0.40000000000000013      -0.19999999999999993       -1.2949483531775394E-002
  0.50000000000000011      -0.19999999999999993       -2.0382049616372949E-002
  0.60000000000000009      -0.19999999999999993       -2.0279913189618151E-002
  0.70000000000000007      -0.19999999999999993       -1.2215741076039406E-002
  0.80000000000000004      -0.19999999999999993        2.3501249708367234E-004
  0.90000000000000002      -0.19999999999999993        1.2809640211280502E-002
   1.0000000000000000      -0.19999999999999993        1.9903927639377508E-002
  -1.0000000000000000       -9.9999999999999978E-002  0.57382817817675635     
 -0.90000000000000002       -9.9999999999999978E-002  0.55217368314514448     
 -0.80000000000000004       -9.9999999999999978E-002  0.32676006970919608     
 -0.69999999999999996       -9.9999999999999978E-002  -1.5850179948723068E-002
 -0.59999999999999998       -9.9999999999999978E-002 -0.37059159207171943     
 -0.49999999999999994       -9.9999999999999978E-002 -0.58145359750937453     
 -0.39999999999999991       -9.9999999999999978E-002 -0.57406320012103296     
 -0.29999999999999993       -9.9999999999999978E-002 -0.34422094173810475     
 -0.19999999999999993       -9.9999999999999978E-002   1.2829915338487997E-002
  -9.9999999999999978E-002  -9.9999999999999978E-002  0.36863782644868459     
   2.7755575615628914E-017  -9.9999999999999978E-002  0.57891330652140038     
  0.10000000000000009       -9.9999999999999978E-002  0.57200692373828821     
  0.20000000000000009       -9.9999999999999978E-002  0.34140878293863480     
  0.30000000000000016       -9.9999999999999978E-002  -1.5180039399875314E-002
  0.40000000000000013       -9.9999999999999978E-002 -0.37201835106728304     
  0.50000000000000011       -9.9999999999999978E-002 -0.58143172456017467     
  0.60000000000000009       -9.9999999999999978E-002 -0.57585607109096504     
  0.70000000000000007       -9.9999999999999978E-002 -0.34419848976347373     
  0.80000000000000004       -9.9999999999999978E-002   1.1002673947650265E-002
  0.90000000000000002       -9.9999999999999978E-002  0.36806208758553294     
   1.0000000000000000       -9.9999999999999978E-002  0.56782889132494774     
  -1.0000000000000000        2.7755575615628914E-017  0.90100373332156158     
 -0.90000000000000002        2.7755575615628914E-017  0.86691555490424066     
 -0.80000000000000004        2.7755575615628914E-017  0.51292505320536830     
 -0.69999999999999996        2.7755575615628914E-017  -2.5032728657937594E-002
 -0.59999999999999998        2.7755575615628914E-017 -0.58198062639578096     
 -0.49999999999999994        2.7755575615628914E-017 -0.91297791092908265     
 -0.39999999999999991        2.7755575615628914E-017 -0.90128245281320463     
 -0.29999999999999993        2.7755575615628914E-017 -0.54033595378673860     
 -0.19999999999999993        2.7755575615628914E-017   2.0292829784034683E-002
  -9.9999999999999978E-002   2.7755575615628914E-017  0.57891330652140316     
   2.7755575615628914E-017   2.7755575615628914E-017  0.90899006999932352     
  0.10000000000000009        2.7755575615628914E-017  0.89805380117263200     
  0.20000000000000009        2.7755575615628914E-017  0.53592135981111355     
  0.30000000000000016        2.7755575615628914E-017  -2.3982749064226830E-002
  0.40000000000000013        2.7755575615628914E-017 -0.58422023830603920     
  0.50000000000000011        2.7755575615628914E-017 -0.91294347795558550     
  0.60000000000000009        2.7755575615628914E-017 -0.90409687310546205     
  0.70000000000000007        2.7755575615628914E-017 -0.54030063665120898     
  0.80000000000000004        2.7755575615628914E-017   1.7424423206765495E-002
  0.90000000000000002        2.7755575615628914E-017  0.57800939301513865     
   1.0000000000000000        2.7755575615628914E-017  0.89158604789411766     
  -1.0000000000000000       0.10000000000000009       0.89016235944140154     
 -0.90000000000000002       0.10000000000000009       0.85642800911317152     
 -0.80000000000000004       0.10000000000000009       0.50666172419182687     
 -0.69999999999999996       0.10000000000000009       -2.4825555426600525E-002
 -0.59999999999999998       0.10000000000000009      -0.57503707040224783     
 -0.49999999999999994       0.10000000000000009      -0.90199312141062127     
 -0.39999999999999991       0.10000000000000009      -0.89037930890474093     
 -0.29999999999999993       0.10000000000000009      -0.53373923514386434     
 -0.19999999999999993       0.10000000000000009        2.0144247780182419E-002
  -9.9999999999999978E-002  0.10000000000000009       0.57200692373828854     
   2.7755575615628914E-017  0.10000000000000009       0.89805380117262967     
  0.10000000000000009       0.10000000000000009       0.88718953032471370     
  0.20000000000000009       0.10000000000000009       0.52937837682962074     
  0.30000000000000016       0.10000000000000009       -2.3789665461631925E-002
  0.40000000000000013       0.10000000000000009      -0.57724932511515892     
  0.50000000000000011       0.10000000000000009      -0.90195904525749249     
  0.60000000000000009       0.10000000000000009      -0.89315942515738111     
  0.70000000000000007       0.10000000000000009      -0.53370430163969196     
  0.80000000000000004       0.10000000000000009        1.7310782497526354E-002
  0.90000000000000002       0.10000000000000009       0.57111394504188451     
   1.0000000000000000       0.10000000000000009       0.88085939810655733     
  -1.0000000000000000       0.20000000000000009       0.53121088217818080     
 -0.90000000000000002       0.20000000000000009       0.51102326908601980     
 -0.80000000000000004       0.20000000000000009       0.30226246107554450     
 -0.69999999999999996       0.20000000000000009       -1.4908955390189011E-002
 -0.59999999999999998       0.20000000000000009      -0.34321677928906519     
 -0.49999999999999994       0.20000000000000009      -0.53827164060191557     
 -0.39999999999999991       0.20000000000000009      -0.53128187629973711     
 -0.29999999999999993       0.20000000000000009      -0.31841759332419817     
 -0.19999999999999993       0.20000000000000009        1.2116910539329334E-002
  -9.9999999999999978E-002  0.20000000000000009       0.34140878293863308     
   2.7755575615628914E-017  0.20000000000000009       0.53592135981110456     
  0.10000000000000009       0.20000000000000009       0.52937837682962241     
  0.20000000000000009       0.20000000000000009       0.31581583673186731     
  0.30000000000000016       0.20000000000000009       -1.4292237585630000E-002
  0.40000000000000013       0.20000000000000009      -0.34453654908662185     
  0.50000000000000011       0.20000000000000009      -0.53825124785782696     
  0.60000000000000009       0.20000000000000009      -0.53294049115731756     
  0.70000000000000007       0.20000000000000009      -0.31839670513701701     
  0.80000000000000004       0.20000000000000009        1.0426446916052479E-002
  0.90000000000000002       0.20000000000000009       0.34087594986680436     
   1.0000000000000000       0.20000000000000009       0.52566067878112888     
  -1.0000000000000000       0.30000000000000016       -2.3773945402459362E-002
 -0.90000000000000002       0.30000000000000016       -2.2964761020752820E-002
 -0.80000000000000004       0.30000000000000016       -1.3680729358095996E-002
 -0.69999999999999996       0.30000000000000016        5.0985143250638376E-004
 -0.59999999999999998       0.30000000000000016        1.5261399352723021E-002
 -0.49999999999999994       0.30000000000000016        2.4088832568593208E-002
 -0.39999999999999991       0.30000000000000016        2.3874895553685709E-002
 -0.29999999999999993       0.30000000000000016        1.4409709653062595E-002
 -0.19999999999999993       0.30000000000000016       -3.8228765828057863E-004
  -9.9999999999999978E-002  0.30000000000000016       -1.5180039399875634E-002
   2.7755575615628914E-017  0.30000000000000016       -2.3982749064226743E-002
  0.10000000000000009       0.30000000000000016       -2.3789665461631720E-002
  0.20000000000000009       0.30000000000000016       -1.4292237585632079E-002
  0.30000000000000016       0.30000000000000016        4.7981428967409250E-004
  0.40000000000000013       0.30000000000000016        1.5321149129499768E-002
  0.50000000000000011       0.30000000000000016        2.4088016138309361E-002
  0.60000000000000009       0.30000000000000016        2.3949861041874708E-002
  0.70000000000000007       0.30000000000000016        1.4408843979848644E-002
  0.80000000000000004       0.30000000000000016       -3.0591749468023130E-004
  0.90000000000000002       0.30000000000000016       -1.5156095069998125E-002
   1.0000000000000000       0.30000000000000016       -2.3523198115970863E-002
  -1.0000000000000000       0.40000000000000013      -0.57908846992925811     
 -0.90000000000000002       0.40000000000000013      -0.55723431489720077     
 -0.80000000000000004       0.40000000000000013      -0.32975361122813018     
 -0.69999999999999996       0.40000000000000013        1.5997403058298800E-002
 -0.59999999999999998       0.40000000000000013       0.37399002146323046     
 -0.49999999999999994       0.40000000000000013       0.58678380520066453     
 -0.39999999999999991       0.40000000000000013       0.57932445091444262     
 -0.29999999999999993       0.40000000000000013       0.34737447436192237     
 -0.19999999999999993       0.40000000000000013       -1.2949483531761941E-002
  -9.9999999999999978E-002  0.40000000000000013      -0.37201835106728393     
   2.7755575615628914E-017  0.40000000000000013      -0.58422023830604997     
  0.10000000000000009       0.40000000000000013      -0.57724932511515847     
  0.20000000000000009       0.40000000000000013      -0.34453654908664272     
  0.30000000000000016       0.40000000000000013        1.5321149129499959E-002
  0.40000000000000013       0.40000000000000013       0.37542985120935607     
  0.50000000000000011       0.40000000000000013       0.58676173056465342     
  0.60000000000000009       0.40000000000000013       0.58113374817880548     
  0.70000000000000007       0.40000000000000013       0.34735181572240342     
  0.80000000000000004       0.40000000000000013       -1.1105500544648006E-002
  0.90000000000000002       0.40000000000000013      -0.37143733559336983     
   1.0000000000000000       0.40000000000000013      -0.57303421628580098     
  -1.0000000000000000       0.50000000000000011      -0.90492239486927317     
 -0.90000000000000002       0.50000000000000011      -0.87068539262060518     
 -0.80000000000000004       0.50000000000000011      -0.51515495497410091     
 -0.69999999999999996       0.50000000000000011        2.5142547654030664E-002
 -0.59999999999999998       0.50000000000000011       0.58451238221231017     
 -0.49999999999999994       0.50000000000000011       0.91694865747742427     
 -0.39999999999999991       0.50000000000000011       0.90520173875820387     
 -0.29999999999999993       0.50000000000000011       0.54268503565288717     
 -0.19999999999999993       0.50000000000000011       -2.0382049616373361E-002
  -9.9999999999999978E-002  0.50000000000000011      -0.58143172456017445     
   2.7755575615628914E-017  0.50000000000000011      -0.91294347795558417     
  0.10000000000000009       0.50000000000000011      -0.90195904525749293     
  0.20000000000000009       0.50000000000000011      -0.53825124785782708     
  0.30000000000000016       0.50000000000000011        2.4088016138309284E-002
  0.40000000000000013       0.50000000000000011       0.58676173056465553     
  0.50000000000000011       0.50000000000000011       0.91691407416824111     
  0.60000000000000009       0.50000000000000011       0.90802839516587996     
  0.70000000000000007       0.50000000000000011       0.54264956449793322     
  0.80000000000000004       0.50000000000000011       -1.7501172026107507E-002
  0.90000000000000002       0.50000000000000011      -0.58052388032565572     
   1.0000000000000000       0.50000000000000011      -0.89546376402257066     
  -1.0000000000000000       0.60000000000000009      -0.89615232785254417     
 -0.90000000000000002       0.60000000000000009      -0.86219090982163604     
 -0.80000000000000004       0.60000000000000009      -0.51007097996989392     
 -0.69999999999999996       0.60000000000000009        2.4992719847310326E-002
 -0.59999999999999998       0.60000000000000009       0.57890660752639467     
 -0.49999999999999994       0.60000000000000009       0.90806270068849626     
 -0.39999999999999991       0.60000000000000009       0.89637066795984299     
 -0.29999999999999993       0.60000000000000009       0.53733069327564997     
 -0.19999999999999993       0.60000000000000009       -2.0279913189620507E-002
  -9.9999999999999978E-002  0.60000000000000009      -0.57585607109096382     
   2.7755575615628914E-017  0.60000000000000009      -0.90409687310546127     
  0.10000000000000009       0.60000000000000009      -0.89315942515738078     
  0.20000000000000009       0.60000000000000009      -0.53294049115731779     
  0.30000000000000016       0.60000000000000009        2.3949861041872862E-002
  0.40000000000000013       0.60000000000000009       0.58113374817879726     
  0.50000000000000011       0.60000000000000009       0.90802839516587808     
  0.60000000000000009       0.60000000000000009       0.89916949130729362     
  0.70000000000000007       0.60000000000000009       0.53729552465118857     
  0.80000000000000004       0.60000000000000009       -1.7427381826137494E-002
  0.90000000000000002       0.60000000000000009      -0.57495708354458508     
   1.0000000000000000       0.60000000000000009      -0.88678676787172239     
  -1.0000000000000000       0.70000000000000007      -0.53555166967239076     
 -0.90000000000000002       0.70000000000000007      -0.51519920129260455     
 -0.80000000000000004       0.70000000000000007      -0.30473257250576335     
 -0.69999999999999996       0.70000000000000007        1.5030604104680030E-002
 -0.59999999999999998       0.70000000000000007       0.34602126064589350     
 -0.49999999999999994       0.70000000000000007       0.54267012377048063     
 -0.39999999999999991       0.70000000000000007       0.53562335560426533     
 -0.29999999999999993       0.70000000000000007       0.32101972315865268     
 -0.19999999999999993       0.70000000000000007       -1.2215741076042324E-002
  -9.9999999999999978E-002  0.70000000000000007      -0.34419848976347367     
   2.7755575615628914E-017  0.70000000000000007      -0.54030063665120764     
  0.10000000000000009       0.70000000000000007      -0.53370430163969051     
  0.20000000000000009       0.70000000000000007      -0.31839670513701329     
  0.30000000000000016       0.70000000000000007        1.4408843979848245E-002
  0.40000000000000013       0.70000000000000007       0.34735181572240548     
  0.50000000000000011       0.70000000000000007       0.54264956449793167     
  0.60000000000000009       0.70000000000000007       0.53729552465118680     
  0.70000000000000007       0.70000000000000007       0.32099866436519503     
  0.80000000000000004       0.70000000000000007       -1.0511462997692299E-002
  0.90000000000000002       0.70000000000000007      -0.34366130253567712     
   1.0000000000000000       0.70000000000000007      -0.52995611011630528     
  -1.0000000000000000       0.80000000000000004        1.7273251382797242E-002
 -0.90000000000000002       0.80000000000000004        1.6710520302214888E-002
 -0.80000000000000004       0.80000000000000004        9.9808291591953757E-003
 -0.69999999999999996       0.80000000000000004       -3.2839221385703977E-004
 -0.59999999999999998       0.80000000000000004       -1.1061905758091106E-002
 -0.49999999999999994       0.80000000000000004       -1.7501739505713199E-002
 -0.39999999999999991       0.80000000000000004       -1.7372718249170783E-002
 -0.29999999999999993       0.80000000000000004       -1.0512073488503870E-002
 -0.19999999999999993       0.80000000000000004        2.3501249707472954E-004
  -9.9999999999999978E-002  0.80000000000000004        1.1002673947651398E-002
   2.7755575615628914E-017  0.80000000000000004        1.7424423206786291E-002
  0.10000000000000009       0.80000000000000004        1.7310782497529792E-002
  0.20000000000000009       0.80000000000000004        1.0426446916079253E-002
  0.30000000000000016       0.80000000000000004       -3.0591749468024512E-004
  0.40000000000000013       0.80000000000000004       -1.1105500544658801E-002
  0.50000000000000011       0.80000000000000004       -1.7501172026110019E-002
  0.60000000000000009       0.80000000000000004       -1.7427381826158980E-002
  0.70000000000000007       0.80000000000000004       -1.0511462997691644E-002
  0.80000000000000004       0.80000000000000004        1.7933389599822226E-004
  0.90000000000000002       0.80000000000000004        1.0985250778811932E-002
   1.0000000000000000       0.80000000000000004        1.7090439509514225E-002
  -1.0000000000000000       0.90000000000000002       0.57293220759529995     
 -0.90000000000000002       0.90000000000000002       0.55131166669717935     
 -0.80000000000000004       0.90000000000000002       0.32625010152933498     
 -0.69999999999999996       0.90000000000000002       -1.5825192957909556E-002
 -0.59999999999999998       0.90000000000000002      -0.37001280329011904     
 -0.49999999999999994       0.90000000000000002      -0.58054571897679907     
 -0.39999999999999991       0.90000000000000002      -0.57316701083183774     
 -0.29999999999999993       0.90000000000000002      -0.34368371934938391     
 -0.19999999999999993       0.90000000000000002        1.2809640211276190E-002
  -9.9999999999999978E-002  0.90000000000000002       0.36806208758553205     
   2.7755575615628914E-017  0.90000000000000002       0.57800939301513710     
  0.10000000000000009       0.90000000000000002       0.57111394504188373     
  0.20000000000000009       0.90000000000000002       0.34087594986680730     
  0.30000000000000016       0.90000000000000002       -1.5156095069997249E-002
  0.40000000000000013       0.90000000000000002      -0.37143733559336883     
  0.50000000000000011       0.90000000000000002      -0.58052388032565472     
  0.60000000000000009       0.90000000000000002      -0.57495708354458896     
  0.70000000000000007       0.90000000000000002      -0.34366130253567706     
  0.80000000000000004       0.90000000000000002        1.0985250778807581E-002
  0.90000000000000002       0.90000000000000002       0.36748724752812617     
   1.0000000000000000       0.90000000000000002       0.56694228441495498     
  -1.0000000000000000        1.0000000000000000       0.88375262653447528     
 -0.90000000000000002        1.0000000000000000       0.85031733378121288     
 -0.80000000000000004        1.0000000000000000       0.50310466069485027     
 -0.69999999999999996        1.0000000000000000       -2.4553079774502742E-002
 -0.59999999999999998        1.0000000000000000      -0.57083748364292453     
 -0.49999999999999994        1.0000000000000000      -0.89549753750462824     
 -0.39999999999999991        1.0000000000000000      -0.88402623231919164     
 -0.29999999999999993        1.0000000000000000      -0.52999075089386138     
 -0.19999999999999993        1.0000000000000000        1.9903927639368990E-002
  -9.9999999999999978E-002   1.0000000000000000       0.56782889132494607     
   2.7755575615628914E-017   1.0000000000000000       0.89158604789411622     
  0.10000000000000009        1.0000000000000000       0.88085939810655578     
  0.20000000000000009        1.0000000000000000       0.52566067878113498     
  0.30000000000000016        1.0000000000000000       -2.3523198115969736E-002
  0.40000000000000013        1.0000000000000000      -0.57303421628578577     
  0.50000000000000011        1.0000000000000000      -0.89546376402256544     
  0.60000000000000009        1.0000000000000000      -0.88678676787171640     
  0.70000000000000007        1.0000000000000000      -0.52995611011630372     
  0.80000000000000004        1.0000000000000000        1.7090439509489321E-002
  0.90000000000000002        1.0000000000000000       0.56694228441495198     
   1.0000000000000000        1.0000000000000000       0.87451525186883539     
