  -1.0000000000000000       -1.0000000000000000       0.16053627154122885     
 -0.90000000000000002       -1.0000000000000000       -7.7198736442994742E-002
 -0.80000000000000004       -1.0000000000000000      -0.28361417446049830     
 -0.69999999999999996       -1.0000000000000000      -0.38361689131478216     
 -0.59999999999999998       -1.0000000000000000      -0.33361595216254930     
 -0.49999999999999994       -1.0000000000000000      -0.15975475708406683     
 -0.39999999999999991       -1.0000000000000000        8.2267856964409802E-002
 -0.29999999999999993       -1.0000000000000000       0.29525142570921248     
 -0.19999999999999993       -1.0000000000000000       0.39985122904759507     
  -9.9999999999999978E-002  -1.0000000000000000       0.34802066592344960     
   2.7755575615628914E-017  -1.0000000000000000       0.16787549654348086     
  0.10000000000000009       -1.0000000000000000       -8.0178782970143969E-002
  0.20000000000000009       -1.0000000000000000      -0.29283198417718376     
  0.30000000000000016       -1.0000000000000000      -0.39761120596441946     
  0.40000000000000013       -1.0000000000000000      -0.34564429130622515     
  0.50000000000000011       -1.0000000000000000      -0.16559856516382981     
  0.60000000000000009       -1.0000000000000000        8.2401810244905768E-002
  0.70000000000000007       -1.0000000000000000       0.29524251697946557     
  0.80000000000000004       -1.0000000000000000       0.39961192354627295     
  0.90000000000000002       -1.0000000000000000       0.34792543867482284     
   1.0000000000000000       -1.0000000000000000       0.16509422368138102     
  -1.0000000000000000      -0.90000000000000002       -7.7198736442994714E-002
 -0.90000000000000002      -0.90000000000000002        3.6560524159887371E-002
 -0.80000000000000004      -0.90000000000000002       0.13547380982036270     
 -0.69999999999999996      -0.90000000000000002       0.18355313451293404     
 -0.59999999999999998      -0.90000000000000002       0.15986163890739280     
 -0.49999999999999994      -0.90000000000000002        7.6816547639399949E-002
 -0.39999999999999991      -0.90000000000000002       -3.8972007728649102E-002
 -0.29999999999999993      -0.90000000000000002      -0.14103042552490494     
 -0.19999999999999993      -0.90000000000000002      -0.19132069816197603     
  -9.9999999999999978E-002 -0.90000000000000002      -0.16676292075197036     
   2.7755575615628914E-017 -0.90000000000000002       -8.0716590775338479E-002
  0.10000000000000009      -0.90000000000000002        3.7972384262421041E-002
  0.20000000000000009      -0.90000000000000002       0.13987277935385109     
  0.30000000000000016      -0.90000000000000002       0.19024916833527550     
  0.40000000000000013      -0.90000000000000002       0.16562809273235676     
  0.50000000000000011      -0.90000000000000002        7.9627322192874592E-002
  0.60000000000000009      -0.90000000000000002       -3.9032827289850518E-002
  0.70000000000000007      -0.90000000000000002      -0.14102580828902661     
  0.80000000000000004      -0.90000000000000002      -0.19120431299996218     
  0.90000000000000002      -0.90000000000000002      -0.16671699230032738     
   1.0000000000000000      -0.90000000000000002       -7.9377530924455653E-002
  -1.0000000000000000      -0.80000000000000004      -0.28361417446049847     
 -0.90000000000000002      -0.80000000000000004       0.13547380982036539     
 -0.80000000000000004      -0.80000000000000004       0.49957839402354681     
 -0.69999999999999996      -0.80000000000000004       0.67623371412645372     
 -0.59999999999999998      -0.80000000000000004       0.58846980900225188     
 -0.49999999999999994      -0.80000000000000004       0.28222318542549341     
 -0.39999999999999991      -0.80000000000000004      -0.14438693672554237     
 -0.29999999999999993      -0.80000000000000004      -0.52007361742027369     
 -0.19999999999999993      -0.80000000000000004      -0.70485094420073435     
  -9.9999999999999978E-002 -0.80000000000000004      -0.61387662387821951     
   2.7755575615628914E-017 -0.80000000000000004      -0.29656164143988045     
  0.10000000000000009      -0.80000000000000004       0.14070428160840398     
  0.20000000000000009      -0.80000000000000004       0.51580867917177264     
  0.30000000000000016      -0.80000000000000004       0.70090271582805852     
  0.40000000000000013      -0.80000000000000004       0.60969118152556201     
  0.50000000000000011      -0.80000000000000004       0.29254822411575632     
  0.60000000000000009      -0.80000000000000004      -0.14461776944528779     
  0.70000000000000007      -0.80000000000000004      -0.52005733954200495     
  0.80000000000000004      -0.80000000000000004      -0.70442605490387988     
  0.90000000000000002      -0.80000000000000004      -0.61370816971895881     
   1.0000000000000000      -0.80000000000000004      -0.29164546825166288     
  -1.0000000000000000      -0.69999999999999996      -0.38361689131477816     
 -0.90000000000000002      -0.69999999999999996       0.18355313451293337     
 -0.80000000000000004      -0.69999999999999996       0.67623371412644440     
 -0.69999999999999996      -0.69999999999999996       0.91518345947860180     
 -0.59999999999999998      -0.69999999999999996       0.79627879493015163     
 -0.49999999999999994      -0.69999999999999996       0.38173896074922603     
 -0.39999999999999991      -0.69999999999999996      -0.19562349873100854     
 -0.29999999999999993      -0.69999999999999996      -0.70397741703759709     
 -0.19999999999999993      -0.69999999999999996      -0.95391283339051092     
  -9.9999999999999978E-002 -0.69999999999999996      -0.83065826869846737     
   2.7755575615628914E-017 -0.69999999999999996      -0.40113597172367271     
  0.10000000000000009      -0.69999999999999996       0.19063958703720593     
  0.20000000000000009      -0.69999999999999996       0.69820544172078292     
  0.30000000000000016      -0.69999999999999996       0.94856933002046440     
  0.40000000000000013      -0.69999999999999996       0.82499265442273229     
  0.50000000000000011      -0.69999999999999996       0.39570428832205767     
  0.60000000000000009      -0.69999999999999996      -0.19593771081545794     
  0.70000000000000007      -0.69999999999999996      -0.70395558371932909     
  0.80000000000000004      -0.69999999999999996      -0.95333885044939282     
  0.90000000000000002      -0.69999999999999996      -0.83043049229904553     
   1.0000000000000000      -0.69999999999999996      -0.39448723422037951     
  -1.0000000000000000      -0.59999999999999998      -0.33361595216254109     
 -0.90000000000000002      -0.59999999999999998       0.15986163890739608     
 -0.80000000000000004      -0.59999999999999998       0.58846980900226931     
 -0.69999999999999996      -0.59999999999999998       0.79627879493015707     
 -0.59999999999999998      -0.59999999999999998       0.69272615696562745     
 -0.49999999999999994      -0.59999999999999998       0.33198543091291571     
 -0.39999999999999991      -0.59999999999999998      -0.17036956892496802     
 -0.29999999999999993      -0.59999999999999998      -0.61261372902373534     
 -0.19999999999999993      -0.59999999999999998      -0.82997638066910295     
  -9.9999999999999978E-002 -0.59999999999999998      -0.72263520407931892     
   2.7755575615628914E-017 -0.59999999999999998      -0.34885631440769760     
  0.10000000000000009      -0.59999999999999998       0.16603320671373278     
  0.20000000000000009      -0.59999999999999998       0.60759167041923590     
  0.30000000000000016      -0.59999999999999998       0.82532701388984919     
  0.40000000000000013      -0.59999999999999998       0.71770477073121164     
  0.50000000000000011      -0.59999999999999998       0.34413025703315253     
  0.60000000000000009      -0.59999999999999998      -0.17064431485661274     
  0.70000000000000007      -0.59999999999999998      -0.61259487940386181     
  0.80000000000000004      -0.59999999999999998      -0.82947775249788214     
  0.90000000000000002      -0.59999999999999998      -0.72243717234940363     
   1.0000000000000000      -0.59999999999999998      -0.34307484124629389     
  -1.0000000000000000      -0.49999999999999994      -0.15975475708406719     
 -0.90000000000000002      -0.49999999999999994        7.6816547639399740E-002
 -0.80000000000000004      -0.49999999999999994       0.28222318542549418     
 -0.69999999999999996      -0.49999999999999994       0.38173896074922581     
 -0.59999999999999998      -0.49999999999999994       0.33198543091291394     
 -0.49999999999999994      -0.49999999999999994       0.15897697497433907     
 -0.39999999999999991      -0.49999999999999994       -8.1860694698387984E-002
 -0.29999999999999993      -0.49999999999999994      -0.29380333736437642     
 -0.19999999999999993      -0.49999999999999994      -0.39789382326268580     
  -9.9999999999999978E-002 -0.49999999999999994      -0.34631972976854247     
   2.7755575615628914E-017 -0.49999999999999994      -0.16705812415095328     
  0.10000000000000009      -0.49999999999999994        7.9781846935211967E-002
  0.20000000000000009      -0.49999999999999994       0.29139573989344292     
  0.30000000000000016      -0.49999999999999994       0.39566476896943409     
  0.40000000000000013      -0.49999999999999994       0.34395501343095464     
  0.50000000000000011      -0.49999999999999994       0.16479234134677234     
  0.60000000000000009      -0.49999999999999994       -8.1993955167780283E-002
  0.70000000000000007      -0.49999999999999994      -0.29379446823156519     
  0.80000000000000004      -0.49999999999999994      -0.39765566792810436     
  0.90000000000000002      -0.49999999999999994      -0.34622496456642854     
   1.0000000000000000      -0.49999999999999994      -0.16429037281652109     
  -1.0000000000000000      -0.39999999999999991        8.2267856964431160E-002
 -0.90000000000000002      -0.39999999999999991       -3.8972007728647791E-002
 -0.80000000000000004      -0.39999999999999991      -0.14438693672553396     
 -0.69999999999999996      -0.39999999999999991      -0.19562349873101084     
 -0.59999999999999998      -0.39999999999999991      -0.17036956892494970     
 -0.49999999999999994      -0.39999999999999991       -8.1860694698389538E-002
 -0.39999999999999991      -0.39999999999999991        4.1542339310450468E-002
 -0.29999999999999993      -0.39999999999999991       0.15030917618744322     
 -0.19999999999999993      -0.39999999999999991       0.20390185843027783     
  -9.9999999999999978E-002 -0.39999999999999991       0.17772450392074657     
   2.7755575615628914E-017 -0.39999999999999991        8.6016924532843028E-002
  0.10000000000000009      -0.39999999999999991       -4.0476981718478154E-002
  0.20000000000000009      -0.39999999999999991      -0.14907540361750979     
  0.30000000000000016      -0.39999999999999991      -0.20275985992555320     
  0.40000000000000013      -0.39999999999999991      -0.17651500734109438     
  0.50000000000000011      -0.39999999999999991       -8.4856022295523970E-002
  0.60000000000000009      -0.39999999999999991        4.1607221219844594E-002
  0.70000000000000007      -0.39999999999999991       0.15030426214092149     
  0.80000000000000004      -0.39999999999999991       0.20377785608753757     
  0.90000000000000002      -0.39999999999999991       0.17767556224027678     
   1.0000000000000000      -0.39999999999999991        8.4589968329451315E-002
  -1.0000000000000000      -0.29999999999999993       0.29525142570921298     
 -0.90000000000000002      -0.29999999999999993      -0.14103042552490339     
 -0.80000000000000004      -0.29999999999999993      -0.52007361742027147     
 -0.69999999999999996      -0.29999999999999993      -0.70397741703759598     
 -0.59999999999999998      -0.29999999999999993      -0.61261372902372990     
 -0.49999999999999994      -0.29999999999999993      -0.29380333736437592     
 -0.39999999999999991      -0.29999999999999993       0.15030917618744799     
 -0.29999999999999993      -0.29999999999999993       0.54140965003451147     
 -0.19999999999999993      -0.29999999999999993       0.73376871948597799     
  -9.9999999999999978E-002 -0.29999999999999993       0.63906293815323956     
   2.7755575615628914E-017 -0.29999999999999993       0.30873010937859585     
  0.10000000000000009      -0.29999999999999993      -0.14647543326838108     
  0.20000000000000009      -0.29999999999999993      -0.53696973507690116     
  0.30000000000000016      -0.29999999999999993      -0.72965850898152440     
  0.40000000000000013      -0.29999999999999993      -0.63470578898165608     
  0.50000000000000011      -0.29999999999999993      -0.30455203512512974     
  0.60000000000000009      -0.29999999999999993       0.15054946660887455     
  0.70000000000000007      -0.29999999999999993       0.54139270296328912     
  0.80000000000000004      -0.29999999999999993       0.73332639113614984     
  0.90000000000000002      -0.29999999999999993       0.63888757146135200     
   1.0000000000000000      -0.29999999999999993       0.30361220975910430     
  -1.0000000000000000      -0.19999999999999993       0.39985122904759357     
 -0.90000000000000002      -0.19999999999999993      -0.19132069816197850     
 -0.80000000000000004      -0.19999999999999993      -0.70485094420074046     
 -0.69999999999999996      -0.19999999999999993      -0.95391283339051303     
 -0.59999999999999998      -0.19999999999999993      -0.82997638066909818     
 -0.49999999999999994      -0.19999999999999993      -0.39789382326268480     
 -0.39999999999999991      -0.19999999999999993       0.20390185843029041     
 -0.29999999999999993      -0.19999999999999993       0.73376871948598055     
 -0.19999999999999993      -0.19999999999999993       0.99428118397716403     
  -9.9999999999999978E-002 -0.19999999999999993       0.86581075301622568     
   2.7755575615628914E-017 -0.19999999999999993       0.41811169689601546     
  0.10000000000000009      -0.19999999999999993      -0.19870703396492190     
  0.20000000000000009      -0.19999999999999993      -0.72775248169257234     
  0.30000000000000016      -0.19999999999999993      -0.98871155058973281     
  0.40000000000000013      -0.19999999999999993      -0.85990537828849056     
  0.50000000000000011      -0.19999999999999993      -0.41245015177509042     
  0.60000000000000009      -0.19999999999999993       0.20422936599892921     
  0.70000000000000007      -0.19999999999999993       0.73374596204399167     
  0.80000000000000004      -0.19999999999999993       0.99368290997299513     
  0.90000000000000002      -0.19999999999999993       0.86557333724715813     
   1.0000000000000000      -0.19999999999999993       0.41118158980705510     
  -1.0000000000000000       -9.9999999999999978E-002  0.34802066592344566     
 -0.90000000000000002       -9.9999999999999978E-002 -0.16676292075197019     
 -0.80000000000000004       -9.9999999999999978E-002 -0.61387662387821818     
 -0.69999999999999996       -9.9999999999999978E-002 -0.83065826869846693     
 -0.59999999999999998       -9.9999999999999978E-002 -0.72263520407931703     
 -0.49999999999999994       -9.9999999999999978E-002 -0.34631972976854308     
 -0.39999999999999991       -9.9999999999999978E-002  0.17772450392074485     
 -0.29999999999999993       -9.9999999999999978E-002  0.63906293815324267     
 -0.19999999999999993       -9.9999999999999978E-002  0.86581075301622623     
  -9.9999999999999978E-002  -9.9999999999999978E-002  0.75383559767793507     
   2.7755575615628914E-017  -9.9999999999999978E-002  0.36391904607190778     
  0.10000000000000009       -9.9999999999999978E-002 -0.17320091837163906     
  0.20000000000000009       -9.9999999999999978E-002 -0.63382405133062336     
  0.30000000000000016       -9.9999999999999978E-002 -0.86096064957544727     
  0.40000000000000013       -9.9999999999999978E-002 -0.74869229656103575     
  0.50000000000000011       -9.9999999999999978E-002 -0.35898894074264664     
  0.60000000000000009       -9.9999999999999978E-002  0.17801110527271907     
  0.70000000000000007       -9.9999999999999978E-002  0.63904327396565097     
  0.80000000000000004       -9.9999999999999978E-002  0.86529059262334362     
  0.90000000000000002       -9.9999999999999978E-002  0.75362901514361569     
   1.0000000000000000       -9.9999999999999978E-002  0.35788793988330586     
  -1.0000000000000000        2.7755575615628914E-017  0.16787549654347195     
 -0.90000000000000002        2.7755575615628914E-017  -8.0716590775341379E-002
 -0.80000000000000004        2.7755575615628914E-017 -0.29656164143989217     
 -0.69999999999999996        2.7755575615628914E-017 -0.40113597172367144     
 -0.59999999999999998        2.7755575615628914E-017 -0.34885631440770443     
 -0.49999999999999994        2.7755575615628914E-017 -0.16705812415095384     
 -0.39999999999999991        2.7755575615628914E-017   8.6016924532853020E-002
 -0.29999999999999993        2.7755575615628914E-017  0.30873010937860024     
 -0.19999999999999993        2.7755575615628914E-017  0.41811169689602251     
  -9.9999999999999978E-002   2.7755575615628914E-017  0.36391904607190562     
   2.7755575615628914E-017   2.7755575615628914E-017  0.17555001605349144     
  0.10000000000000009        2.7755575615628914E-017  -8.3832445457824478E-002
  0.20000000000000009        2.7755575615628914E-017 -0.30620017657191156     
  0.30000000000000016        2.7755575615628914E-017 -0.41576938168513888     
  0.40000000000000013        2.7755575615628914E-017 -0.36143419189189591     
  0.50000000000000011        2.7755575615628914E-017 -0.17316910540865843     
  0.60000000000000009        2.7755575615628914E-017   8.6156928646823838E-002
  0.70000000000000007        2.7755575615628914E-017  0.30872078659614421     
  0.80000000000000004        2.7755575615628914E-017  0.41786142450388913     
  0.90000000000000002        2.7755575615628914E-017  0.36381946256944964     
   1.0000000000000000        2.7755575615628914E-017  0.17264155942289333     
  -1.0000000000000000       0.10000000000000009       -8.0178782970143692E-002
 -0.90000000000000002       0.10000000000000009        3.7972384262420993E-002
 -0.80000000000000004       0.10000000000000009       0.14070428160840168     
 -0.69999999999999996       0.10000000000000009       0.19063958703720502     
 -0.59999999999999998       0.10000000000000009       0.16603320671373181     
 -0.49999999999999994       0.10000000000000009        7.9781846935211842E-002
 -0.39999999999999991       0.10000000000000009       -4.0476981718478668E-002
 -0.29999999999999993       0.10000000000000009      -0.14647543326838028     
 -0.19999999999999993       0.10000000000000009      -0.19870703396491859     
  -9.9999999999999978E-002  0.10000000000000009      -0.17320091837163828     
   2.7755575615628914E-017  0.10000000000000009       -8.3832445457823188E-002
  0.10000000000000009       0.10000000000000009        3.9438765729713568E-002
  0.20000000000000009       0.10000000000000009       0.14527309373882227     
  0.30000000000000016       0.10000000000000009       0.19759413521844929     
  0.40000000000000013       0.10000000000000009       0.17202227579921314     
  0.50000000000000011       0.10000000000000009        8.2701123189723683E-002
  0.60000000000000009       0.10000000000000009       -4.0540152494978512E-002
  0.70000000000000007       0.10000000000000009      -0.14647063811580288     
  0.80000000000000004       0.10000000000000009      -0.19858615732571916     
  0.90000000000000002       0.10000000000000009      -0.17315321710682488     
   1.0000000000000000       0.10000000000000009       -8.2441696392368272E-002
  -1.0000000000000000       0.20000000000000009      -0.29283198417718959     
 -0.90000000000000002       0.20000000000000009       0.13987277935385245     
 -0.80000000000000004       0.20000000000000009       0.51580867917176210     
 -0.69999999999999996       0.20000000000000009       0.69820544172078847     
 -0.59999999999999998       0.20000000000000009       0.60759167041922046     
 -0.49999999999999994       0.20000000000000009       0.29139573989344270     
 -0.39999999999999991       0.20000000000000009      -0.14907540361750410     
 -0.29999999999999993       0.20000000000000009      -0.53696973507689938     
 -0.19999999999999993       0.20000000000000009      -0.72775248169255213     
  -9.9999999999999978E-002  0.20000000000000009      -0.63382405133062569     
   2.7755575615628914E-017  0.20000000000000009      -0.30620017657190540     
  0.10000000000000009       0.20000000000000009       0.14527309373882241     
  0.20000000000000009       0.20000000000000009       0.53256622342220117     
  0.30000000000000016       0.20000000000000009       0.72367597214747303     
  0.40000000000000013       0.20000000000000009       0.62950263461541567     
  0.50000000000000011       0.20000000000000009       0.30205635942157349     
  0.60000000000000009       0.20000000000000009      -0.14931371236054897     
  0.70000000000000007       0.20000000000000009      -0.53695292570996178     
  0.80000000000000004       0.20000000000000009      -0.72731377342426973     
  0.90000000000000002       0.20000000000000009      -0.63365012120699615     
   1.0000000000000000       0.20000000000000009      -0.30112421003901013     
  -1.0000000000000000       0.30000000000000016      -0.39761120596441896     
 -0.90000000000000002       0.30000000000000016       0.19024916833527417     
 -0.80000000000000004       0.30000000000000016       0.70090271582805863     
 -0.69999999999999996       0.30000000000000016       0.94856933002046073     
 -0.59999999999999998       0.30000000000000016       0.82532701388984775     
 -0.49999999999999994       0.30000000000000016       0.39566476896943398     
 -0.39999999999999991       0.30000000000000016      -0.20275985992555398     
 -0.29999999999999993       0.30000000000000016      -0.72965850898152429     
 -0.19999999999999993       0.30000000000000016      -0.98871155058973315     
  -9.9999999999999978E-002  0.30000000000000016      -0.86096064957544505     
   2.7755575615628914E-017  0.30000000000000016      -0.41576938168513983     
  0.10000000000000009       0.30000000000000016       0.19759413521845060     
  0.20000000000000009       0.30000000000000016       0.72367597214747514     
  0.30000000000000016       0.30000000000000016       0.98317311632052928     
  0.40000000000000013       0.30000000000000016       0.85508835370985126     
  0.50000000000000011       0.30000000000000016       0.41013955058190660     
  0.60000000000000009       0.30000000000000016      -0.20308553458280287     
  0.70000000000000007       0.30000000000000016      -0.72963587919899175     
  0.80000000000000004       0.30000000000000016      -0.98811662885482188     
  0.90000000000000002       0.30000000000000016      -0.86072456391429120     
   1.0000000000000000       0.30000000000000016      -0.40887809882795800     
  -1.0000000000000000       0.40000000000000013      -0.34564429130622087     
 -0.90000000000000002       0.40000000000000013       0.16562809273235868     
 -0.80000000000000004       0.40000000000000013       0.60969118152558188     
 -0.69999999999999996       0.40000000000000013       0.82499265442273428     
 -0.59999999999999998       0.40000000000000013       0.71770477073121930     
 -0.49999999999999994       0.40000000000000013       0.34395501343095841     
 -0.39999999999999991       0.40000000000000013      -0.17651500734109968     
 -0.29999999999999993       0.40000000000000013      -0.63470578898166152     
 -0.19999999999999993       0.40000000000000013      -0.85990537828849833     
  -9.9999999999999978E-002  0.40000000000000013      -0.74869229656103797     
   2.7755575615628914E-017  0.40000000000000013      -0.36143419189189824     
  0.10000000000000009       0.40000000000000013       0.17202227579921409     
  0.20000000000000009       0.40000000000000013       0.62950263461542977     
  0.30000000000000016       0.40000000000000013       0.85508835370985159     
  0.40000000000000013       0.40000000000000013       0.74358406071281058     
  0.50000000000000011       0.40000000000000013       0.35653771163114079     
  0.60000000000000009       0.40000000000000013      -0.17679967644835182     
  0.70000000000000007       0.40000000000000013      -0.63468626135886086     
  0.80000000000000004       0.40000000000000013      -0.85938877868267183     
  0.90000000000000002       0.40000000000000013      -0.74848712555800656     
   1.0000000000000000       0.40000000000000013      -0.35544427865795197     
  -1.0000000000000000       0.50000000000000011      -0.16559856516383098     
 -0.90000000000000002       0.50000000000000011        7.9627322192873634E-002
 -0.80000000000000004       0.50000000000000011       0.29254822411575748     
 -0.69999999999999996       0.50000000000000011       0.39570428832205684     
 -0.59999999999999998       0.50000000000000011       0.34413025703315420     
 -0.49999999999999994       0.50000000000000011       0.16479234134677273     
 -0.39999999999999991       0.50000000000000011       -8.4856022295523678E-002
 -0.29999999999999993       0.50000000000000011      -0.30455203512513018     
 -0.19999999999999993       0.50000000000000011      -0.41245015177509470     
  -9.9999999999999978E-002  0.50000000000000011      -0.35898894074264648     
   2.7755575615628914E-017  0.50000000000000011      -0.17316910540865907     
  0.10000000000000009       0.50000000000000011        8.2701123189724182E-002
  0.20000000000000009       0.50000000000000011       0.30205635942157588     
  0.30000000000000016       0.50000000000000011       0.41013955058190810     
  0.40000000000000013       0.50000000000000011       0.35653771163114251     
  0.50000000000000011       0.50000000000000011       0.17082043216628939     
  0.60000000000000009       0.50000000000000011       -8.4994162771668089E-002
  0.70000000000000007       0.50000000000000011      -0.30454284205671633     
  0.80000000000000004       0.50000000000000011      -0.41220328669400663     
  0.90000000000000002       0.50000000000000011      -0.35889070924428162     
   1.0000000000000000       0.50000000000000011      -0.17030011247040511     
  -1.0000000000000000       0.60000000000000009        8.2401810244906226E-002
 -0.90000000000000002       0.60000000000000009       -3.9032827289849609E-002
 -0.80000000000000004       0.60000000000000009      -0.14461776944525703     
 -0.69999999999999996       0.60000000000000009      -0.19593771081545944     
 -0.59999999999999998       0.60000000000000009      -0.17064431485658826     
 -0.49999999999999994       0.60000000000000009       -8.1993955167779298E-002
 -0.39999999999999991       0.60000000000000009        4.1607221219825394E-002
 -0.29999999999999993       0.60000000000000009       0.15054946660886911     
 -0.19999999999999993       0.60000000000000009       0.20422936599889549     
  -9.9999999999999978E-002  0.60000000000000009       0.17801110527272146     
   2.7755575615628914E-017  0.60000000000000009        8.6156928646819245E-002
  0.10000000000000009       0.60000000000000009       -4.0540152494977263E-002
  0.20000000000000009       0.60000000000000009      -0.14931371236052465     
  0.30000000000000016       0.60000000000000009      -0.20308553458280210     
  0.40000000000000013       0.60000000000000009      -0.17679967644833069     
  0.50000000000000011       0.60000000000000009       -8.4994162771666895E-002
  0.60000000000000009       0.60000000000000009        4.1672192262766215E-002
  0.70000000000000007       0.60000000000000009       0.15054454302754550     
  0.80000000000000004       0.60000000000000009       0.20410515568340964     
  0.90000000000000002       0.60000000000000009       0.17796208329056454     
   1.0000000000000000       0.60000000000000009        8.4727641534064035E-002
  -1.0000000000000000       0.70000000000000007       0.29524251697946602     
 -0.90000000000000002       0.70000000000000007      -0.14102580828902661     
 -0.80000000000000004       0.70000000000000007      -0.52005733954200672     
 -0.69999999999999996       0.70000000000000007      -0.70395558371932698     
 -0.59999999999999998       0.70000000000000007      -0.61259487940386192     
 -0.49999999999999994       0.70000000000000007      -0.29379446823156391     
 -0.39999999999999991       0.70000000000000007       0.15030426214092196     
 -0.29999999999999993       0.70000000000000007       0.54139270296328657     
 -0.19999999999999993       0.70000000000000007       0.73374596204399245     
  -9.9999999999999978E-002  0.70000000000000007       0.63904327396564875     
   2.7755575615628914E-017  0.70000000000000007       0.30872078659614499     
  0.10000000000000009       0.70000000000000007      -0.14647063811580305     
  0.20000000000000009       0.70000000000000007      -0.53695292570996311     
  0.30000000000000016       0.70000000000000007      -0.72963587919898953     
  0.40000000000000013       0.70000000000000007      -0.63468626135886097     
  0.50000000000000011       0.70000000000000007      -0.30454284205671478     
  0.60000000000000009       0.70000000000000007       0.15054454302754824     
  0.70000000000000007       0.70000000000000007       0.54137575619145584     
  0.80000000000000004       0.70000000000000007       0.73330364620493904     
  0.90000000000000002       0.70000000000000007       0.63886791247989927     
   1.0000000000000000       0.70000000000000007       0.30360304037531366     
  -1.0000000000000000       0.80000000000000004       0.39961192354628533     
 -0.90000000000000002       0.80000000000000004      -0.19120431299996374     
 -0.80000000000000004       0.80000000000000004      -0.70442605490389620     
 -0.69999999999999996       0.80000000000000004      -0.95333885044940103     
 -0.59999999999999998       0.80000000000000004      -0.82947775249788847     
 -0.49999999999999994       0.80000000000000004      -0.39765566792810569     
 -0.39999999999999991       0.80000000000000004       0.20377785608754445     
 -0.29999999999999993       0.80000000000000004       0.73332639113615394     
 -0.19999999999999993       0.80000000000000004       0.99368290997300324     
  -9.9999999999999978E-002  0.80000000000000004       0.86529059262334895     
   2.7755575615628914E-017  0.80000000000000004       0.41786142450389230     
  0.10000000000000009       0.80000000000000004      -0.19858615732572138     
  0.20000000000000009       0.80000000000000004      -0.72731377342429304     
  0.30000000000000016       0.80000000000000004      -0.98811662885482454     
  0.40000000000000013       0.80000000000000004      -0.85938877868266772     
  0.50000000000000011       0.80000000000000004      -0.41220328669400574     
  0.60000000000000009       0.80000000000000004       0.20410515568343801     
  0.70000000000000007       0.80000000000000004       0.73330364620493971     
  0.80000000000000004       0.80000000000000004       0.99308498966507674     
  0.90000000000000002       0.80000000000000004       0.86505331849527323     
   1.0000000000000000       0.80000000000000004       0.41093545964438832     
  -1.0000000000000000       0.90000000000000002       0.34792543867482223     
 -0.90000000000000002       0.90000000000000002      -0.16671699230032530     
 -0.80000000000000004       0.90000000000000002      -0.61370816971895403     
 -0.69999999999999996       0.90000000000000002      -0.83043049229904198     
 -0.59999999999999998       0.90000000000000002      -0.72243717234940363     
 -0.49999999999999994       0.90000000000000002      -0.34622496456642843     
 -0.39999999999999991       0.90000000000000002       0.17767556224027112     
 -0.29999999999999993       0.90000000000000002       0.63888757146135233     
 -0.19999999999999993       0.90000000000000002       0.86557333724715679     
  -9.9999999999999978E-002  0.90000000000000002       0.75362901514361258     
   2.7755575615628914E-017  0.90000000000000002       0.36381946256945247     
  0.10000000000000009       0.90000000000000002      -0.17315321710682557     
  0.20000000000000009       0.90000000000000002      -0.63365012120699171     
  0.30000000000000016       0.90000000000000002      -0.86072456391429009     
  0.40000000000000013       0.90000000000000002      -0.74848712555800545     
  0.50000000000000011       0.90000000000000002      -0.35889070924428046     
  0.60000000000000009       0.90000000000000002       0.17796208329056198     
  0.70000000000000007       0.90000000000000002       0.63886791247989971     
  0.80000000000000004       0.90000000000000002       0.86505331849526756     
  0.90000000000000002       0.90000000000000002       0.75342248906529763     
   1.0000000000000000       0.90000000000000002       0.35779000579956483     
  -1.0000000000000000        1.0000000000000000       0.16509422368136625     
 -0.90000000000000002        1.0000000000000000       -7.9377530924455653E-002
 -0.80000000000000004        1.0000000000000000      -0.29164546825166610     
 -0.69999999999999996        1.0000000000000000      -0.39448723422037452     
 -0.59999999999999998        1.0000000000000000      -0.34307484124630028     
 -0.49999999999999994        1.0000000000000000      -0.16429037281652334     
 -0.39999999999999991        1.0000000000000000        8.4589968329451690E-002
 -0.29999999999999993        1.0000000000000000       0.30361220975910702     
 -0.19999999999999993        1.0000000000000000       0.41118158980705732     
  -9.9999999999999978E-002   1.0000000000000000       0.35788793988330481     
   2.7755575615628914E-017   1.0000000000000000       0.17264155942289380     
  0.10000000000000009        1.0000000000000000       -8.2441696392368979E-002
  0.20000000000000009        1.0000000000000000      -0.30112421003900908     
  0.30000000000000016        1.0000000000000000      -0.40887809882795650     
  0.40000000000000013        1.0000000000000000      -0.35544427865794370     
  0.50000000000000011        1.0000000000000000      -0.17030011247040422     
  0.60000000000000009        1.0000000000000000        8.4727641534063119E-002
  0.70000000000000007        1.0000000000000000       0.30360304037531116     
  0.80000000000000004        1.0000000000000000       0.41093545964438039     
  0.90000000000000002        1.0000000000000000       0.35779000579956111     
   1.0000000000000000        1.0000000000000000       0.16978128348597554     
