  -1.0000000000000000       -1.0000000000000000       0.46916560516253231     
 -0.90000000000000002       -1.0000000000000000        9.9106761880661962E-002
 -0.80000000000000004       -1.0000000000000000      -0.30273197631339849     
 -0.69999999999999996       -1.0000000000000000      -0.58947956404868262     
 -0.59999999999999998       -1.0000000000000000      -0.64701343631743136     
 -0.49999999999999994       -1.0000000000000000      -0.46327068353404793     
 -0.39999999999999991       -1.0000000000000000       -9.5507448819676807E-002
 -0.29999999999999993       -1.0000000000000000       0.31431263598648235     
 -0.19999999999999993       -1.0000000000000000       0.61460040151551554     
  -9.9999999999999978E-002  -1.0000000000000000       0.67433389464405658     
   2.7755575615628914E-017  -1.0000000000000000       0.48355777515997161     
  0.10000000000000009       -1.0000000000000000       0.10239430556780349     
  0.20000000000000009       -1.0000000000000000      -0.31126691733003331     
  0.30000000000000016       -1.0000000000000000      -0.61111480623995229     
  0.40000000000000013       -1.0000000000000000      -0.67173998728933426     
  0.50000000000000011       -1.0000000000000000      -0.48012527415056311     
  0.60000000000000009       -1.0000000000000000      -0.10010686492804784     
  0.70000000000000007       -1.0000000000000000       0.31428883648787137     
  0.80000000000000004       -1.0000000000000000       0.61298521497744285     
  0.90000000000000002       -1.0000000000000000       0.67378757363160169     
   1.0000000000000000       -1.0000000000000000       0.47436630146180092     
  -1.0000000000000000      -0.90000000000000002        9.9106761880660810E-002
 -0.90000000000000002      -0.90000000000000002        2.0723100591908211E-002
 -0.80000000000000004      -0.90000000000000002       -6.4293339963978818E-002
 -0.69999999999999996      -0.90000000000000002      -0.12486893140863180     
 -0.59999999999999998      -0.90000000000000002      -0.13688929153832544     
 -0.49999999999999994      -0.90000000000000002       -9.7863686959142007E-002
 -0.39999999999999991      -0.90000000000000002       -1.9960030338615306E-002
 -0.29999999999999993      -0.90000000000000002        6.6754443065818375E-002
 -0.19999999999999993      -0.90000000000000002       0.13019049832917137     
  -9.9999999999999978E-002 -0.90000000000000002       0.14267046532208341     
   2.7755575615628914E-017 -0.90000000000000002       0.10215228418757705     
  0.10000000000000009      -0.90000000000000002        2.1410031787679890E-002
  0.20000000000000009      -0.90000000000000002       -6.6107034495257511E-002
  0.30000000000000016      -0.90000000000000002      -0.12945195054087774     
  0.40000000000000013      -0.90000000000000002      -0.14211960137675717     
  0.50000000000000011      -0.90000000000000002      -0.10142435203711000     
  0.60000000000000009      -0.90000000000000002       -2.0923808835450100E-002
  0.70000000000000007      -0.90000000000000002        6.6748898966631609E-002
  0.80000000000000004      -0.90000000000000002       0.12984970665307238     
  0.90000000000000002      -0.90000000000000002       0.14255518705954032     
   1.0000000000000000      -0.90000000000000002       0.10021031663958263     
  -1.0000000000000000      -0.80000000000000004      -0.30273197631339527     
 -0.90000000000000002      -0.80000000000000004       -6.4293339963976764E-002
 -0.80000000000000004      -0.80000000000000004       0.19478183934412283     
 -0.69999999999999996      -0.80000000000000004       0.37980277792837203     
 -0.59999999999999998      -0.80000000000000004       0.41714266743698575     
 -0.49999999999999994      -0.80000000000000004       0.29892472251380614     
 -0.39999999999999991      -0.80000000000000004        6.1975318883115797E-002
 -0.29999999999999993      -0.80000000000000004      -0.20223033964319007     
 -0.19999999999999993      -0.80000000000000004      -0.39598778741924345     
  -9.9999999999999978E-002 -0.80000000000000004      -0.43475516953758381     
   2.7755575615628914E-017 -0.80000000000000004      -0.31200999809275098     
  0.10000000000000009      -0.80000000000000004       -6.6426856406025067E-002
  0.20000000000000009      -0.80000000000000004       0.20027160338544592     
  0.30000000000000016      -0.80000000000000004       0.39374233165468103     
  0.40000000000000013      -0.80000000000000004       0.43308617793285764     
  0.50000000000000011      -0.80000000000000004       0.30979977442390388     
  0.60000000000000009      -0.80000000000000004        6.4955771836038470E-002
  0.70000000000000007      -0.80000000000000004      -0.20221582046755340     
  0.80000000000000004      -0.80000000000000004      -0.39494492824387201     
  0.90000000000000002      -0.80000000000000004      -0.43440244692727903     
   1.0000000000000000      -0.80000000000000004      -0.30607972109620063     
  -1.0000000000000000      -0.69999999999999996      -0.58947956404867785     
 -0.90000000000000002      -0.69999999999999996      -0.12486893140863287     
 -0.80000000000000004      -0.69999999999999996       0.37980277792836420     
 -0.69999999999999996      -0.69999999999999996       0.74007987265406949     
 -0.59999999999999998      -0.69999999999999996       0.81258549319810247     
 -0.49999999999999994      -0.69999999999999996       0.58206938528963914     
 -0.39999999999999991      -0.69999999999999996       0.12035109686592424     
 -0.29999999999999993      -0.69999999999999996      -0.39432901676086185     
 -0.19999999999999993      -0.69999999999999996      -0.77161818856894593     
  -9.9999999999999978E-002 -0.69999999999999996      -0.84689574867087014     
   2.7755575615628914E-017 -0.69999999999999996      -0.60755381034093892     
  0.10000000000000009      -0.69999999999999996      -0.12901185226571055     
  0.20000000000000009      -0.69999999999999996       0.39050883403112313     
  0.30000000000000016      -0.69999999999999996       0.76724241545095651     
  0.40000000000000013      -0.69999999999999996       0.84364143636559874     
  0.50000000000000011      -0.69999999999999996       0.60324572800608001     
  0.60000000000000009      -0.69999999999999996       0.12614275661251259     
  0.70000000000000007      -0.69999999999999996      -0.39429995871816398     
  0.80000000000000004      -0.69999999999999996      -0.76958814401481801     
  0.90000000000000002      -0.69999999999999996      -0.84620912042349383     
   1.0000000000000000      -0.69999999999999996      -0.59600583552709485     
  -1.0000000000000000      -0.59999999999999998      -0.64701343631742203     
 -0.90000000000000002      -0.59999999999999998      -0.13688929153832224     
 -0.80000000000000004      -0.59999999999999998       0.41714266743699646     
 -0.69999999999999996      -0.59999999999999998       0.81258549319810702     
 -0.59999999999999998      -0.59999999999999998       0.89206301392865228     
 -0.49999999999999994      -0.59999999999999998       0.63888172377597652     
 -0.39999999999999991      -0.59999999999999998       0.13192834801804479     
 -0.29999999999999993      -0.59999999999999998      -0.43309832645919288     
 -0.19999999999999993      -0.59999999999999998      -0.84721380848337136     
  -9.9999999999999978E-002 -0.59999999999999998      -0.92972984647850287     
   2.7755575615628914E-017 -0.59999999999999998      -0.66685592982704400     
  0.10000000000000009      -0.59999999999999998      -0.14143064127666305     
  0.20000000000000009      -0.59999999999999998       0.42890211943038148     
  0.30000000000000016      -0.59999999999999998       0.84240918560298839     
  0.40000000000000013      -0.59999999999999998       0.92615560785654938     
  0.50000000000000011      -0.59999999999999998       0.66212513237457327     
  0.60000000000000009      -0.59999999999999998       0.13827914042901621     
  0.70000000000000007      -0.59999999999999998      -0.43306602583059933     
  0.80000000000000004      -0.59999999999999998      -0.84498594483131417     
  0.90000000000000002      -0.59999999999999998      -0.92897630232720640     
   1.0000000000000000      -0.59999999999999998      -0.65418057925273931     
  -1.0000000000000000      -0.49999999999999994      -0.46327068353404854     
 -0.90000000000000002      -0.49999999999999994       -9.7863686959143423E-002
 -0.80000000000000004      -0.49999999999999994       0.29892472251380420     
 -0.69999999999999996      -0.49999999999999994       0.58206938528964025     
 -0.59999999999999998      -0.49999999999999994       0.63888172377597352     
 -0.49999999999999994      -0.49999999999999994       0.45744980758426362     
 -0.39999999999999991      -0.49999999999999994        9.4309626343032013E-002
 -0.29999999999999993      -0.49999999999999994      -0.31035972337245826     
 -0.19999999999999993      -0.49999999999999994      -0.60687443343311676     
  -9.9999999999999978E-002 -0.49999999999999994      -0.66585880678816767     
   2.7755575615628914E-017 -0.49999999999999994      -0.47748196599522003     
  0.10000000000000009      -0.49999999999999994      -0.10111000070603993     
  0.20000000000000009      -0.49999999999999994       0.30735231443985978     
  0.30000000000000016      -0.49999999999999994       0.60343265659047374     
  0.40000000000000013      -0.49999999999999994       0.66329752101015826     
  0.50000000000000011      -0.49999999999999994       0.47409262243956968     
  0.60000000000000009      -0.49999999999999994        9.8851331964898467E-002
  0.70000000000000007      -0.49999999999999994      -0.31033622818917239     
  0.80000000000000004      -0.49999999999999994      -0.60527953712446259     
  0.90000000000000002      -0.49999999999999994      -0.66531934883086541     
   1.0000000000000000      -0.49999999999999994      -0.46840598396093686     
  -1.0000000000000000      -0.39999999999999991       -9.5507448819664609E-002
 -0.90000000000000002      -0.39999999999999991       -1.9960030338614102E-002
 -0.80000000000000004      -0.39999999999999991        6.1975318883117185E-002
 -0.69999999999999996      -0.39999999999999991       0.12035109686592206     
 -0.59999999999999998      -0.39999999999999991       0.13192834801805284     
 -0.49999999999999994      -0.39999999999999991        9.4309626343029598E-002
 -0.39999999999999991      -0.39999999999999991        1.9224537891602691E-002
 -0.29999999999999993      -0.39999999999999991       -6.4347769876091962E-002
 -0.19999999999999993      -0.39999999999999991      -0.12548013819222584     
  -9.9999999999999978E-002 -0.39999999999999991      -0.13750005595660666     
   2.7755575615628914E-017 -0.39999999999999991       -9.8442627129194077E-002
  0.10000000000000009      -0.39999999999999991       -2.0621642851208745E-002
  0.20000000000000009      -0.39999999999999991        6.3723674959885360E-002
  0.30000000000000016      -0.39999999999999991       0.12476830179046602     
  0.40000000000000013      -0.39999999999999991       0.13696905389113784     
  0.50000000000000011      -0.39999999999999991        9.7740991240143099E-002
  0.60000000000000009      -0.39999999999999991        2.0152929297902439E-002
  0.70000000000000007      -0.39999999999999991       -6.4342401644636546E-002
  0.80000000000000004      -0.39999999999999991      -0.12515174306864374     
  0.90000000000000002      -0.39999999999999991      -0.13738897054183039     
   1.0000000000000000      -0.39999999999999991       -9.6571169310990704E-002
  -1.0000000000000000      -0.29999999999999993       0.31431263598648213     
 -0.90000000000000002      -0.29999999999999993        6.6754443065818861E-002
 -0.80000000000000004      -0.29999999999999993      -0.20223033964318962     
 -0.69999999999999996      -0.29999999999999993      -0.39432901676086168     
 -0.59999999999999998      -0.29999999999999993      -0.43309832645918922     
 -0.49999999999999994      -0.29999999999999993      -0.31035972337245643     
 -0.39999999999999991      -0.29999999999999993       -6.4347769876088104E-002
 -0.29999999999999993      -0.29999999999999993       0.20996365960363300     
 -0.19999999999999993      -0.29999999999999993       0.41113304910187110     
  -9.9999999999999978E-002 -0.29999999999999993       0.45138449735205016     
   2.7755575615628914E-017 -0.29999999999999993       0.32394553672879201     
  0.10000000000000009      -0.29999999999999993        6.8969632742398826E-002
  0.20000000000000009      -0.29999999999999993      -0.20793002524930784     
  0.30000000000000016      -0.29999999999999993      -0.40880171338224586     
  0.40000000000000013      -0.29999999999999993      -0.44965168296356733     
  0.50000000000000011      -0.29999999999999993      -0.32165078549910597     
  0.60000000000000009      -0.29999999999999993       -6.7442296862303824E-002
  0.70000000000000007      -0.29999999999999993       0.20994858900180705     
  0.80000000000000004      -0.29999999999999993       0.41005029345283062     
  0.90000000000000002      -0.29999999999999993       0.45101828077622774     
   1.0000000000000000      -0.29999999999999993       0.31778840667075697     
  -1.0000000000000000      -0.19999999999999993       0.61460040151550788     
 -0.90000000000000002      -0.19999999999999993       0.13019049832916721     
 -0.80000000000000004      -0.19999999999999993      -0.39598778741925872     
 -0.69999999999999996      -0.19999999999999993      -0.77161818856894937     
 -0.59999999999999998      -0.19999999999999993      -0.84721380848337124     
 -0.49999999999999994      -0.19999999999999993      -0.60687443343311742     
 -0.39999999999999991      -0.19999999999999993      -0.12548013819221515     
 -0.29999999999999993      -0.19999999999999993       0.41113304910187420     
 -0.19999999999999993      -0.19999999999999993       0.80450050154134067     
  -9.9999999999999978E-002 -0.19999999999999993       0.88298619374908116     
   2.7755575615628914E-017 -0.19999999999999993       0.63344488083948669     
  0.10000000000000009      -0.19999999999999993       0.13450997952448604     
  0.20000000000000009      -0.19999999999999993      -0.40715007279962528     
  0.30000000000000016      -0.19999999999999993      -0.79993825618376568     
  0.40000000000000013      -0.19999999999999993      -0.87959320135122443     
  0.50000000000000011      -0.19999999999999993      -0.62895321160834483     
  0.60000000000000009      -0.19999999999999993      -0.13151861999431669     
  0.70000000000000007      -0.19999999999999993       0.41110275332954488     
  0.80000000000000004      -0.19999999999999993       0.80238394561950710     
  0.90000000000000002      -0.19999999999999993       0.88227030449797061     
   1.0000000000000000      -0.19999999999999993       0.62140478621415662     
  -1.0000000000000000       -9.9999999999999978E-002  0.67433389464405136     
 -0.90000000000000002       -9.9999999999999978E-002  0.14267046532208461     
 -0.80000000000000004       -9.9999999999999978E-002 -0.43475516953758098     
 -0.69999999999999996       -9.9999999999999978E-002 -0.84689574867086848     
 -0.59999999999999998       -9.9999999999999978E-002 -0.92972984647850132     
 -0.49999999999999994       -9.9999999999999978E-002 -0.66585880678816667     
 -0.39999999999999991       -9.9999999999999978E-002 -0.13750005595661022     
 -0.29999999999999993       -9.9999999999999978E-002  0.45138449735205310     
 -0.19999999999999993       -9.9999999999999978E-002  0.88298619374908172     
  -9.9999999999999978E-002  -9.9999999999999978E-002  0.96898713441820938     
   2.7755575615628914E-017  -9.9999999999999978E-002  0.69501422318810901     
  0.10000000000000009       -9.9999999999999978E-002  0.14740360971351504     
  0.20000000000000009       -9.9999999999999978E-002 -0.44701112158811790     
  0.30000000000000016       -9.9999999999999978E-002 -0.87797870345506934     
  0.40000000000000013       -9.9999999999999978E-002 -0.96526198501170135     
  0.50000000000000011       -9.9999999999999978E-002 -0.69008367833939888     
  0.60000000000000009       -9.9999999999999978E-002 -0.14411904882370566     
  0.70000000000000007       -9.9999999999999978E-002  0.45135083514108976     
  0.80000000000000004       -9.9999999999999978E-002  0.88066425566318352     
  0.90000000000000002       -9.9999999999999978E-002  0.96820177092413962     
   1.0000000000000000       -9.9999999999999978E-002  0.68180365134135923     
  -1.0000000000000000        2.7755575615628914E-017  0.48355777515995890     
 -0.90000000000000002        2.7755575615628914E-017  0.10215228418757361     
 -0.80000000000000004        2.7755575615628914E-017 -0.31200999809275953     
 -0.69999999999999996        2.7755575615628914E-017 -0.60755381034093991     
 -0.59999999999999998        2.7755575615628914E-017 -0.66685592982704645     
 -0.49999999999999994        2.7755575615628914E-017 -0.47748196599522352     
 -0.39999999999999991        2.7755575615628914E-017  -9.8442627129186125E-002
 -0.29999999999999993        2.7755575615628914E-017  0.32394553672879811     
 -0.19999999999999993        2.7755575615628914E-017  0.63344488083949457     
  -9.9999999999999978E-002   2.7755575615628914E-017  0.69501422318810757     
   2.7755575615628914E-017   2.7755575615628914E-017  0.49839130775907403     
  0.10000000000000009        2.7755575615628914E-017  0.10554086541973819     
  0.20000000000000009        2.7755575615628914E-017 -0.32080648817415758     
  0.30000000000000016        2.7755575615628914E-017 -0.62985241739957365     
  0.40000000000000013        2.7755575615628914E-017 -0.69234081812146675     
  0.50000000000000011        2.7755575615628914E-017 -0.49485358232817872     
  0.60000000000000009        2.7755575615628914E-017 -0.10318333069394345     
  0.70000000000000007        2.7755575615628914E-017  0.32392102008652091     
  0.80000000000000004        2.7755575615628914E-017  0.63178013664892907     
  0.90000000000000002        2.7755575615628914E-017  0.69445114000097652     
   1.0000000000000000        2.7755575615628914E-017  0.48891788441625478     
  -1.0000000000000000       0.10000000000000009       0.10239430556780481     
 -0.90000000000000002       0.10000000000000009        2.1410031787680764E-002
 -0.80000000000000004       0.10000000000000009       -6.6426856406026163E-002
 -0.69999999999999996       0.10000000000000009      -0.12901185226571069     
 -0.59999999999999998       0.10000000000000009      -0.14143064127666269     
 -0.49999999999999994       0.10000000000000009      -0.10111000070604019     
 -0.39999999999999991       0.10000000000000009       -2.0621642851209036E-002
 -0.29999999999999993       0.10000000000000009        6.8969632742399464E-002
 -0.19999999999999993       0.10000000000000009       0.13450997952448959     
  -9.9999999999999978E-002  0.10000000000000009       0.14740360971351624     
   2.7755575615628914E-017  0.10000000000000009       0.10554086541973944     
  0.10000000000000009       0.10000000000000009        2.2119732299506683E-002
  0.20000000000000009       0.10000000000000009       -6.8300739193247834E-002
  0.30000000000000016       0.10000000000000009      -0.13374692762600440     
  0.40000000000000013       0.10000000000000009      -0.14683446589873908     
  0.50000000000000011       0.10000000000000009      -0.10478877991086150     
  0.60000000000000009       0.10000000000000009       -2.1617373501048368E-002
  0.70000000000000007       0.10000000000000009        6.8963903541189156E-002
  0.80000000000000004       0.10000000000000009       0.13415788412746840     
  0.90000000000000002       0.10000000000000009       0.14728450776160082     
   1.0000000000000000       0.10000000000000009       0.10353447859408763     
  -1.0000000000000000       0.20000000000000009      -0.31126691733003509     
 -0.90000000000000002       0.20000000000000009       -6.6107034495255096E-002
 -0.80000000000000004       0.20000000000000009       0.20027160338544850     
 -0.69999999999999996       0.20000000000000009       0.39050883403112729     
 -0.59999999999999998       0.20000000000000009       0.42890211943037032     
 -0.49999999999999994       0.20000000000000009       0.30735231443986150     
 -0.39999999999999991       0.20000000000000009        6.3723674959886012E-002
 -0.29999999999999993       0.20000000000000009      -0.20793002524930487     
 -0.19999999999999993       0.20000000000000009      -0.40715007279960608     
  -9.9999999999999978E-002  0.20000000000000009      -0.44701112158811906     
   2.7755575615628914E-017  0.20000000000000009      -0.32080648817414847     
  0.10000000000000009       0.20000000000000009       -6.8300739193247806E-002
  0.20000000000000009       0.20000000000000009       0.20591608653927973     
  0.30000000000000016       0.20000000000000009       0.40484132209889956     
  0.40000000000000013       0.20000000000000009       0.44529509072236911     
  0.50000000000000011       0.20000000000000009       0.31853396590129318     
  0.60000000000000009       0.20000000000000009        6.6788195492978278E-002
  0.70000000000000007       0.20000000000000009      -0.20791509934353977     
  0.80000000000000004       0.20000000000000009      -0.40607781018123790     
  0.90000000000000002       0.20000000000000009      -0.44664845401911324     
   1.0000000000000000       0.20000000000000009      -0.31470902038555737     
  -1.0000000000000000       0.30000000000000016      -0.61111480623995129     
 -0.90000000000000002       0.30000000000000016      -0.12945195054087758     
 -0.80000000000000004       0.30000000000000016       0.39374233165468053     
 -0.69999999999999996       0.30000000000000016       0.76724241545095395     
 -0.59999999999999998       0.30000000000000016       0.84240918560298939     
 -0.49999999999999994       0.30000000000000016       0.60343265659047129     
 -0.39999999999999991       0.30000000000000016       0.12476830179046686     
 -0.29999999999999993       0.30000000000000016      -0.40880171338224602     
 -0.19999999999999993       0.30000000000000016      -0.79993825618376591     
  -9.9999999999999978E-002  0.30000000000000016      -0.87797870345506690     
   2.7755575615628914E-017  0.30000000000000016      -0.62985241739957365     
  0.10000000000000009       0.30000000000000016      -0.13374692762600326     
  0.20000000000000009       0.30000000000000016       0.40484132209890167     
  0.30000000000000016       0.30000000000000016       0.79540188270457168     
  0.40000000000000013       0.30000000000000016       0.87460495110012404     
  0.50000000000000011       0.30000000000000016       0.62538621923530846     
  0.60000000000000009       0.30000000000000016       0.13077253026742119     
  0.70000000000000007       0.30000000000000016      -0.40877158895173615     
  0.80000000000000004       0.30000000000000016      -0.79783370429116673     
  0.90000000000000002       0.30000000000000016      -0.87726687435948725     
   1.0000000000000000       0.30000000000000016      -0.61788060568274517     
  -1.0000000000000000       0.40000000000000013      -0.67173998728931483     
 -0.90000000000000002       0.40000000000000013      -0.14211960137675350     
 -0.80000000000000004       0.40000000000000013       0.43308617793287552     
 -0.69999999999999996       0.40000000000000013       0.84364143636560252     
 -0.59999999999999998       0.40000000000000013       0.92615560785655771     
 -0.49999999999999994       0.40000000000000013       0.66329752101016226     
 -0.39999999999999991       0.40000000000000013       0.13696905389113831     
 -0.29999999999999993       0.40000000000000013      -0.44965168296357244     
 -0.19999999999999993       0.40000000000000013      -0.87959320135123031     
  -9.9999999999999978E-002  0.40000000000000013      -0.96526198501170002     
   2.7755575615628914E-017  0.40000000000000013      -0.69234081812147297     
  0.10000000000000009       0.40000000000000013      -0.14683446589873955     
  0.20000000000000009       0.40000000000000013       0.44529509072238110     
  0.30000000000000016       0.40000000000000013       0.87460495110012426     
  0.40000000000000013       0.40000000000000013       0.96155113638726708     
  0.50000000000000011       0.40000000000000013       0.68742921149821767     
  0.60000000000000009       0.40000000000000013       0.14356251006432366     
  0.70000000000000007       0.40000000000000013      -0.44961814521163102     
  0.80000000000000004       0.40000000000000013      -0.87728019878682362     
  0.90000000000000002       0.40000000000000013      -0.96447964374673489     
   1.0000000000000000       0.40000000000000013      -0.67918105887326485     
  -1.0000000000000000       0.50000000000000011      -0.48012527415056516     
 -0.90000000000000002       0.50000000000000011      -0.10142435203711164     
 -0.80000000000000004       0.50000000000000011       0.30979977442390327     
 -0.69999999999999996       0.50000000000000011       0.60324572800607812     
 -0.59999999999999998       0.50000000000000011       0.66212513237457471     
 -0.49999999999999994       0.50000000000000011       0.47409262243956790     
 -0.39999999999999991       0.50000000000000011        9.7740991240145389E-002
 -0.29999999999999993       0.50000000000000011      -0.32165078549910636     
 -0.19999999999999993       0.50000000000000011      -0.62895321160835005     
  -9.9999999999999978E-002  0.50000000000000011      -0.69008367833939865     
   2.7755575615628914E-017  0.50000000000000011      -0.49485358232817983     
  0.10000000000000009       0.50000000000000011      -0.10478877991086098     
  0.20000000000000009       0.50000000000000011       0.31853396590129546     
  0.30000000000000016       0.50000000000000011       0.62538621923531124     
  0.40000000000000013       0.50000000000000011       0.68742921149822156     
  0.50000000000000011       0.50000000000000011       0.49134093146665175     
  0.60000000000000009       0.50000000000000011       0.10244793995187949     
  0.70000000000000007       0.50000000000000011      -0.32162643604604213     
  0.80000000000000004       0.50000000000000011      -0.62730028978964936     
  0.90000000000000002       0.50000000000000011      -0.68952459384203535     
   1.0000000000000000       0.50000000000000011      -0.48544740072185899     
  -1.0000000000000000       0.60000000000000009      -0.10010686492804571     
 -0.90000000000000002       0.60000000000000009       -2.0923808835450742E-002
 -0.80000000000000004       0.60000000000000009        6.4955771836058315E-002
 -0.69999999999999996       0.60000000000000009       0.12614275661251029     
 -0.59999999999999998       0.60000000000000009       0.13827914042903991     
 -0.49999999999999994       0.60000000000000009        9.8851331964899550E-002
 -0.39999999999999991       0.60000000000000009        2.0152929297891174E-002
 -0.29999999999999993       0.60000000000000009       -6.7442296862307932E-002
 -0.19999999999999993       0.60000000000000009      -0.13151861999435141     
  -9.9999999999999978E-002  0.60000000000000009      -0.14411904882370363     
   2.7755575615628914E-017  0.60000000000000009      -0.10318333069395094     
  0.10000000000000009       0.60000000000000009       -2.1617373501048500E-002
  0.20000000000000009       0.60000000000000009        6.6788195493004437E-002
  0.30000000000000016       0.60000000000000009       0.13077253026742142     
  0.40000000000000013       0.60000000000000009       0.14356251006434273     
  0.50000000000000011       0.60000000000000009       0.10244793995187987     
  0.60000000000000009       0.60000000000000009        2.1126124193500694E-002
  0.70000000000000007       0.60000000000000009       -6.7436676341537674E-002
  0.80000000000000004       0.60000000000000009      -0.13117440521994914     
  0.90000000000000002       0.60000000000000009      -0.14400261229787345     
   1.0000000000000000       0.60000000000000009      -0.10122175231747491     
  -1.0000000000000000       0.70000000000000007       0.31428883648787020     
 -0.90000000000000002       0.70000000000000007        6.6748898966631096E-002
 -0.80000000000000004       0.70000000000000007      -0.20221582046755246     
 -0.69999999999999996       0.70000000000000007      -0.39429995871816303     
 -0.59999999999999998       0.70000000000000007      -0.43306602583060189     
 -0.49999999999999994       0.70000000000000007      -0.31033622818917095     
 -0.39999999999999991       0.70000000000000007       -6.4342401644637656E-002
 -0.29999999999999993       0.70000000000000007       0.20994858900180638     
 -0.19999999999999993       0.70000000000000007       0.41110275332954449     
  -9.9999999999999978E-002  0.70000000000000007       0.45135083514108776     
   2.7755575615628914E-017  0.70000000000000007       0.32392102008652335     
  0.10000000000000009       0.70000000000000007        6.8963903541188198E-002
  0.20000000000000009       0.70000000000000007      -0.20791509934354033     
  0.30000000000000016       0.70000000000000007      -0.40877158895173499     
  0.40000000000000013       0.70000000000000007      -0.44961814521163090     
  0.50000000000000011       0.70000000000000007      -0.32162643604604052     
  0.60000000000000009       0.70000000000000007       -6.7436676341538035E-002
  0.70000000000000007       0.70000000000000007       0.20993351835056587     
  0.80000000000000004       0.70000000000000007       0.41002008058693062     
  0.90000000000000002       0.70000000000000007       0.45098464658858772     
   1.0000000000000000       0.70000000000000007       0.31776435542843473     
  -1.0000000000000000       0.80000000000000004       0.61298521497744640     
 -0.90000000000000002       0.80000000000000004       0.12984970665307002     
 -0.80000000000000004       0.80000000000000004      -0.39494492824389338     
 -0.69999999999999996       0.80000000000000004      -0.76958814401482689     
 -0.59999999999999998       0.80000000000000004      -0.84498594483133116     
 -0.49999999999999994       0.80000000000000004      -0.60527953712446692     
 -0.39999999999999991       0.80000000000000004      -0.12515174306864429     
 -0.29999999999999993       0.80000000000000004       0.41005029345283384     
 -0.19999999999999993       0.80000000000000004       0.80238394561951865     
  -9.9999999999999978E-002  0.80000000000000004       0.88066425566318896     
   2.7755575615628914E-017  0.80000000000000004       0.63178013664893895     
  0.10000000000000009       0.80000000000000004       0.13415788412746840     
  0.20000000000000009       0.80000000000000004      -0.40607781018125672     
  0.30000000000000016       0.80000000000000004      -0.79783370429116962     
  0.40000000000000013       0.80000000000000004      -0.87728019878682750     
  0.50000000000000011       0.80000000000000004      -0.62730028978965091     
  0.60000000000000009       0.80000000000000004      -0.13117440521992665     
  0.70000000000000007       0.80000000000000004       0.41002008058693207     
  0.80000000000000004       0.80000000000000004       0.80027294952112094     
  0.90000000000000002       0.80000000000000004       0.87995024697614010     
   1.0000000000000000       0.80000000000000004       0.61977168595890519     
  -1.0000000000000000       0.90000000000000002       0.67378757363160080     
 -0.90000000000000002       0.90000000000000002       0.14255518705954276     
 -0.80000000000000004       0.90000000000000002      -0.43440244692727342     
 -0.69999999999999996       0.90000000000000002      -0.84620912042349006     
 -0.59999999999999998       0.90000000000000002      -0.92897630232720718     
 -0.49999999999999994       0.90000000000000002      -0.66531934883086363     
 -0.39999999999999991       0.90000000000000002      -0.13738897054183702     
 -0.29999999999999993       0.90000000000000002       0.45101828077622702     
 -0.19999999999999993       0.90000000000000002       0.88227030449796806     
  -9.9999999999999978E-002  0.90000000000000002       0.96820177092413573     
   2.7755575615628914E-017  0.90000000000000002       0.69445114000097763     
  0.10000000000000009       0.90000000000000002       0.14728450776160060     
  0.20000000000000009       0.90000000000000002      -0.44664845401911041     
  0.30000000000000016       0.90000000000000002      -0.87726687435948580     
  0.40000000000000013       0.90000000000000002      -0.96447964374673467     
  0.50000000000000011       0.90000000000000002      -0.68952459384203368     
  0.60000000000000009       0.90000000000000002      -0.14400261229787575     
  0.70000000000000007       0.90000000000000002       0.45098464658858756     
  0.80000000000000004       0.90000000000000002       0.87995024697613244     
  0.90000000000000002       0.90000000000000002       0.96741704352033131     
   1.0000000000000000       0.90000000000000002       0.68125127141030983     
  -1.0000000000000000        1.0000000000000000       0.47436630146177411     
 -0.90000000000000002        1.0000000000000000       0.10021031663958130     
 -0.80000000000000004        1.0000000000000000      -0.30607972109620329     
 -0.69999999999999996        1.0000000000000000      -0.59600583552708997     
 -0.59999999999999998        1.0000000000000000      -0.65418057925273432     
 -0.49999999999999994        1.0000000000000000      -0.46840598396093808     
 -0.39999999999999991        1.0000000000000000       -9.6571169310986957E-002
 -0.29999999999999993        1.0000000000000000       0.31778840667076019     
 -0.19999999999999993        1.0000000000000000       0.62140478621415696     
  -9.9999999999999978E-002   1.0000000000000000       0.68180365134135634     
   2.7755575615628914E-017   1.0000000000000000       0.48891788441624900     
  0.10000000000000009        1.0000000000000000       0.10353447859408697     
  0.20000000000000009        1.0000000000000000      -0.31470902038556336     
  0.30000000000000016        1.0000000000000000      -0.61788060568274161     
  0.40000000000000013        1.0000000000000000      -0.67918105887324809     
  0.50000000000000011        1.0000000000000000      -0.48544740072185399     
  0.60000000000000009        1.0000000000000000      -0.10122175231746366     
  0.70000000000000007        1.0000000000000000       0.31776435542843329     
  0.80000000000000004        1.0000000000000000       0.61977168595888599     
  0.90000000000000002        1.0000000000000000       0.68125127141030595     
   1.0000000000000000        1.0000000000000000       0.47962453169472480     
