  -1.0000000000000000       -1.0000000000000000       0.83313451968442009     
 -0.90000000000000002       -1.0000000000000000       0.85510101447819031     
 -0.80000000000000004       -1.0000000000000000       0.56129375545696847     
 -0.69999999999999996       -1.0000000000000000        6.5860481143513588E-002
 -0.59999999999999998       -1.0000000000000000      -0.48174598208577679     
 -0.49999999999999994       -1.0000000000000000      -0.84340350030211308     
 -0.39999999999999991       -1.0000000000000000      -0.88896774831950554     
 -0.29999999999999993       -1.0000000000000000      -0.58997201947729283     
 -0.19999999999999993       -1.0000000000000000       -7.2093942778187994E-002
  -9.9999999999999978E-002  -1.0000000000000000       0.47872152028891390     
   2.7755575615628914E-017  -1.0000000000000000       0.83936561914418839     
  0.10000000000000009       -1.0000000000000000       0.88578065936017025     
  0.20000000000000009       -1.0000000000000000       0.58524276546846554     
  0.30000000000000016       -1.0000000000000000        6.8645178986871142E-002
  0.40000000000000013       -1.0000000000000000      -0.48418456238883301     
  0.50000000000000011       -1.0000000000000000      -0.84342908431753860     
  0.60000000000000009       -1.0000000000000000      -0.89180779790803699     
  0.70000000000000007       -1.0000000000000000      -0.58999530967114699     
  0.80000000000000004       -1.0000000000000000       -7.5326205049287817E-002
  0.90000000000000002       -1.0000000000000000       0.47780938289474706     
   1.0000000000000000       -1.0000000000000000       0.82294665352849095     
  -1.0000000000000000      -0.90000000000000002       0.85510101447818521     
 -0.90000000000000002      -0.90000000000000002       0.87758686310253442     
 -0.80000000000000004      -0.90000000000000002       0.57599550055738979     
 -0.69999999999999996      -0.90000000000000002        6.7497745850983712E-002
 -0.59999999999999998      -0.90000000000000002      -0.49451093123778739     
 -0.49999999999999994      -0.90000000000000002      -0.86564178399232616     
 -0.39999999999999991      -0.90000000000000002      -0.91234406064295159     
 -0.29999999999999993      -0.90000000000000002      -0.60542617667212617     
 -0.19999999999999993      -0.90000000000000002       -7.3892924854769171E-002
  -9.9999999999999978E-002 -0.90000000000000002       0.49140695777296972     
   2.7755575615628914E-017 -0.90000000000000002       0.86149767056169324     
  0.10000000000000009      -0.90000000000000002       0.90907333718221506     
  0.20000000000000009      -0.90000000000000002       0.60057296871267041     
  0.30000000000000016      -0.90000000000000002        7.0353367975452441E-002
  0.40000000000000013      -0.90000000000000002      -0.49701347607979762     
  0.50000000000000011      -0.90000000000000002      -0.86566798267102163     
  0.60000000000000009      -0.90000000000000002      -0.91525883463699620     
  0.70000000000000007      -0.90000000000000002      -0.60545001872457871     
  0.80000000000000004      -0.90000000000000002       -7.7209748635632708E-002
  0.90000000000000002      -0.90000000000000002       0.49047087535603895     
   1.0000000000000000      -0.90000000000000002       0.84464634348747880     
  -1.0000000000000000      -0.80000000000000004       0.56129375545695159     
 -0.90000000000000002      -0.80000000000000004       0.57599550055739179     
 -0.80000000000000004      -0.80000000000000004       0.37799252351338680     
 -0.69999999999999996      -0.80000000000000004        4.4209564301139738E-002
 -0.59999999999999998      -0.80000000000000004      -0.32466151708033053     
 -0.49999999999999994      -0.80000000000000004      -0.56821379025789331     
 -0.39999999999999991      -0.80000000000000004      -0.59880794756580846     
 -0.29999999999999993      -0.80000000000000004      -0.39730739167341877     
 -0.19999999999999993      -0.80000000000000004       -4.8404841161800945E-002
  -9.9999999999999978E-002 -0.80000000000000004       0.32262427405190791     
   2.7755575615628914E-017 -0.80000000000000004       0.56549379204511407     
  0.10000000000000009      -0.80000000000000004       0.59666140907546095     
  0.20000000000000009      -0.80000000000000004       0.39412243193432867     
  0.30000000000000016      -0.80000000000000004        4.6081586854060406E-002
  0.40000000000000013      -0.80000000000000004      -0.32630388164347929     
  0.50000000000000011      -0.80000000000000004      -0.56823092905980677     
  0.60000000000000009      -0.80000000000000004      -0.60072107168036193     
  0.70000000000000007      -0.80000000000000004      -0.39732298131155674     
  0.80000000000000004      -0.80000000000000004       -5.0581383694014243E-002
  0.90000000000000002      -0.80000000000000004       0.32200992507427845     
   1.0000000000000000      -0.80000000000000004       0.55443300044672739     
  -1.0000000000000000      -0.69999999999999996        6.5860481143516794E-002
 -0.90000000000000002      -0.69999999999999996        6.7497745850984905E-002
 -0.80000000000000004      -0.69999999999999996        4.4209564301138746E-002
 -0.69999999999999996      -0.69999999999999996        5.0417916721056267E-003
 -0.59999999999999998      -0.69999999999999996       -3.8187532736389140E-002
 -0.49999999999999994      -0.69999999999999996       -6.6673977403652995E-002
 -0.39999999999999991      -0.69999999999999996       -7.0170863712748999E-002
 -0.29999999999999993      -0.69999999999999996       -4.6470449526006694E-002
 -0.19999999999999993      -0.69999999999999996       -5.5301855785650578E-003
  -9.9999999999999978E-002 -0.69999999999999996        3.7948828773554648E-002
   2.7755575615628914E-017 -0.69999999999999996        6.6355159975347494E-002
  0.10000000000000009      -0.69999999999999996        6.9919577540546618E-002
  0.20000000000000009      -0.69999999999999996        4.6097819247368006E-002
  0.30000000000000016      -0.69999999999999996        5.2577836522936612E-003
  0.40000000000000013      -0.69999999999999996       -3.8379756550304164E-002
  0.50000000000000011      -0.69999999999999996       -6.6675900523891413E-002
  0.60000000000000009      -0.69999999999999996       -7.0395113991883987E-002
  0.70000000000000007      -0.69999999999999996       -4.6472187460221900E-002
  0.80000000000000004      -0.69999999999999996       -5.7846048682018564E-003
  0.90000000000000002      -0.69999999999999996        3.7876896285580094E-002
   1.0000000000000000      -0.69999999999999996        6.5058116808780722E-002
  -1.0000000000000000      -0.59999999999999998      -0.48174598208575531     
 -0.90000000000000002      -0.59999999999999998      -0.49451093123778078     
 -0.80000000000000004      -0.59999999999999998      -0.32466151708031316     
 -0.69999999999999996      -0.59999999999999998       -3.8187532736386476E-002
 -0.59999999999999998      -0.59999999999999998       0.27849472544257176     
 -0.49999999999999994      -0.59999999999999998       0.48768275231006247     
 -0.39999999999999991      -0.59999999999999998       0.51409640768166942     
 -0.29999999999999993      -0.59999999999999998       0.34124817103617605     
 -0.19999999999999993      -0.59999999999999998        4.1794710152899123E-002
  -9.9999999999999978E-002 -0.59999999999999998      -0.27674563680583264     
   2.7755575615628914E-017 -0.59999999999999998      -0.48534767177067223     
  0.10000000000000009      -0.59999999999999998      -0.51225310830605397     
  0.20000000000000009      -0.59999999999999998      -0.33851278005647223     
  0.30000000000000016      -0.59999999999999998       -3.9800375601686387E-002
  0.40000000000000013      -0.59999999999999998       0.27990514334430572     
  0.50000000000000011      -0.59999999999999998       0.48769760910368837     
  0.60000000000000009      -0.59999999999999998       0.51573878386962280     
  0.70000000000000007      -0.59999999999999998       0.34126170392297300     
  0.80000000000000004      -0.59999999999999998        4.3664409172561328E-002
  0.90000000000000002      -0.59999999999999998      -0.27621809837696276     
   1.0000000000000000      -0.59999999999999998      -0.47585310887393650     
  -1.0000000000000000      -0.49999999999999994      -0.84340350030211353     
 -0.90000000000000002      -0.49999999999999994      -0.86564178399232661     
 -0.80000000000000004      -0.49999999999999994      -0.56821379025788954     
 -0.69999999999999996      -0.49999999999999994       -6.6673977403655549E-002
 -0.59999999999999998      -0.49999999999999994       0.48768275231006164     
 -0.49999999999999994      -0.49999999999999994       0.85379903552798886     
 -0.39999999999999991      -0.49999999999999994       0.89992599239368243     
 -0.29999999999999993      -0.49999999999999994       0.59724559891388329     
 -0.19999999999999993      -0.49999999999999994        7.2984316535211591E-002
  -9.9999999999999978E-002 -0.49999999999999994      -0.48462100784474743     
   2.7755575615628914E-017 -0.49999999999999994      -0.84971138058725237     
  0.10000000000000009      -0.49999999999999994      -0.89669961341120208     
  0.20000000000000009      -0.49999999999999994      -0.59245804067289443     
  0.30000000000000016      -0.49999999999999994       -6.9493041886242599E-002
  0.40000000000000013      -0.49999999999999994       0.49015139560616844     
  0.50000000000000011      -0.49999999999999994       0.85382493592237496     
  0.60000000000000009      -0.49999999999999994       0.90280105034231661     
  0.70000000000000007      -0.49999999999999994       0.59726917725420425     
  0.80000000000000004      -0.49999999999999994        7.6256430205231249E-002
  0.90000000000000002      -0.49999999999999994      -0.48369762589351162     
   1.0000000000000000      -0.49999999999999994      -0.83309003005169968     
  -1.0000000000000000      -0.39999999999999991      -0.88896774831947900     
 -0.90000000000000002      -0.39999999999999991      -0.91234406064294349     
 -0.80000000000000004      -0.39999999999999991      -0.59880794756578870     
 -0.69999999999999996      -0.39999999999999991       -7.0170863712749137E-002
 -0.59999999999999998      -0.39999999999999991       0.51409640768167275     
 -0.49999999999999994      -0.39999999999999991       0.89992599239368321     
 -0.39999999999999991      -0.39999999999999991       0.94847783147530607     
 -0.29999999999999993      -0.39999999999999991       0.62940423513271038     
 -0.19999999999999993      -0.39999999999999991        7.6819322823634142E-002
  -9.9999999999999978E-002 -0.39999999999999991      -0.51086950006808007     
   2.7755575615628914E-017 -0.39999999999999991      -0.89561774952150208     
  0.10000000000000009      -0.39999999999999991      -0.94507756991977865     
  0.20000000000000009      -0.39999999999999991      -0.62435881451241015     
  0.30000000000000016      -0.39999999999999991       -7.3139580114877978E-002
  0.40000000000000013      -0.39999999999999991       0.51669806659165052     
  0.50000000000000011      -0.39999999999999991       0.89995322858409710     
  0.60000000000000009      -0.39999999999999991       0.95150804639304243     
  0.70000000000000007      -0.39999999999999991       0.62942902135718237     
  0.80000000000000004      -0.39999999999999991        8.0267510070060472E-002
  0.90000000000000002      -0.39999999999999991      -0.50989634378053894     
   1.0000000000000000      -0.39999999999999991      -0.87809901751285824     
  -1.0000000000000000      -0.29999999999999993      -0.58997201947729017     
 -0.90000000000000002      -0.29999999999999993      -0.60542617667212739     
 -0.80000000000000004      -0.29999999999999993      -0.39730739167341655     
 -0.69999999999999996      -0.29999999999999993       -4.6470449526006423E-002
 -0.59999999999999998      -0.29999999999999993       0.34124817103617772     
 -0.49999999999999994      -0.29999999999999993       0.59724559891388340     
 -0.39999999999999991      -0.29999999999999993       0.62940423513271171     
 -0.29999999999999993      -0.29999999999999993       0.41760919521661821     
 -0.19999999999999993      -0.29999999999999993        5.0880131506296333E-002
  -9.9999999999999978E-002 -0.29999999999999993      -0.33910683399758967     
   2.7755575615628914E-017 -0.29999999999999993      -0.59438662259675690     
  0.10000000000000009      -0.29999999999999993      -0.62714801492479000     
  0.20000000000000009      -0.29999999999999993      -0.41426149039702709     
  0.30000000000000016      -0.29999999999999993       -4.8438171945896329E-002
  0.40000000000000013      -0.29999999999999993       0.34297445611434008     
  0.50000000000000011      -0.29999999999999993       0.59726361464617417     
  0.60000000000000009      -0.29999999999999993       0.63141511005943496     
  0.70000000000000007      -0.29999999999999993       0.41762558268215810     
  0.80000000000000004      -0.29999999999999993        5.3167894288272934E-002
  0.90000000000000002      -0.29999999999999993      -0.33846109380811679     
   1.0000000000000000      -0.29999999999999993      -0.58276068898524780     
  -1.0000000000000000      -0.19999999999999993       -7.2093942778200137E-002
 -0.90000000000000002      -0.19999999999999993       -7.3892924854769393E-002
 -0.80000000000000004      -0.19999999999999993       -4.8404841161812165E-002
 -0.69999999999999996      -0.19999999999999993       -5.5301855785693304E-003
 -0.59999999999999998      -0.19999999999999993        4.1794710152873747E-002
 -0.49999999999999994      -0.19999999999999993        7.2984316535207885E-002
 -0.39999999999999991      -0.19999999999999993        7.6819322823625261E-002
 -0.29999999999999993      -0.19999999999999993        5.0880131506295279E-002
 -0.19999999999999993      -0.19999999999999993        6.0651021027306861E-003
  -9.9999999999999978E-002 -0.19999999999999993       -4.1533387510980832E-002
   2.7755575615628914E-017 -0.19999999999999993       -7.2635298126057887E-002
  0.10000000000000009      -0.19999999999999993       -7.6544208470883876E-002
  0.20000000000000009      -0.19999999999999993       -5.0472149757728971E-002
  0.30000000000000016      -0.19999999999999993       -5.7669026875127732E-003
  0.40000000000000013      -0.19999999999999993        4.2005164643126688E-002
  0.50000000000000011      -0.19999999999999993        7.2986428432064973E-002
  0.60000000000000009      -0.19999999999999993        7.7064815285879745E-002
  0.70000000000000007      -0.19999999999999993        5.0882040950084015E-002
  0.80000000000000004      -0.19999999999999993        6.3436758224780145E-003
  0.90000000000000002      -0.19999999999999993       -4.1454635065591237E-002
   1.0000000000000000      -0.19999999999999993       -7.1215433095518352E-002
  -1.0000000000000000       -9.9999999999999978E-002  0.47872152028891046     
 -0.90000000000000002       -9.9999999999999978E-002  0.49140695777296783     
 -0.80000000000000004       -9.9999999999999978E-002  0.32262427405190730     
 -0.69999999999999996       -9.9999999999999978E-002   3.7948828773554766E-002
 -0.59999999999999998       -9.9999999999999978E-002 -0.27674563680583314     
 -0.49999999999999994       -9.9999999999999978E-002 -0.48462100784474765     
 -0.39999999999999991       -9.9999999999999978E-002 -0.51086950006808163     
 -0.29999999999999993       -9.9999999999999978E-002 -0.33910683399758845     
 -0.19999999999999993       -9.9999999999999978E-002  -4.1533387510982241E-002
  -9.9999999999999978E-002  -9.9999999999999978E-002  0.27500752674057577     
   2.7755575615628914E-017  -9.9999999999999978E-002  0.48230058480511284     
  0.10000000000000009       -9.9999999999999978E-002  0.50903776899804987     
  0.20000000000000009       -9.9999999999999978E-002  0.33638860839270152     
  0.30000000000000016       -9.9999999999999978E-002   3.9551572213724309E-002
  0.40000000000000013       -9.9999999999999978E-002 -0.27814720341212129     
  0.50000000000000011       -9.9999999999999978E-002 -0.48463577199509816     
  0.60000000000000009       -9.9999999999999978E-002 -0.51250156685640613     
  0.70000000000000007       -9.9999999999999978E-002 -0.33912028257752458     
  0.80000000000000004       -9.9999999999999978E-002  -4.3391355272571201E-002
  0.90000000000000002       -9.9999999999999978E-002  0.27448329916729014     
   1.0000000000000000       -9.9999999999999978E-002  0.47286562427787648     
  -1.0000000000000000        2.7755575615628914E-017  0.83936561914415142     
 -0.90000000000000002        2.7755575615628914E-017  0.86149767056169069     
 -0.80000000000000004        2.7755575615628914E-017  0.56549379204508932     
 -0.69999999999999996        2.7755575615628914E-017   6.6355159975344843E-002
 -0.59999999999999998        2.7755575615628914E-017 -0.48534767177068744     
 -0.49999999999999994        2.7755575615628914E-017 -0.84971138058725970     
 -0.39999999999999991        2.7755575615628914E-017 -0.89561774952150353     
 -0.29999999999999993        2.7755575615628914E-017 -0.59438662259675845     
 -0.19999999999999993        2.7755575615628914E-017  -7.2635298126065714E-002
  -9.9999999999999978E-002   2.7755575615628914E-017  0.48230058480511467     
   2.7755575615628914E-017   2.7755575615628914E-017  0.84564329480881262     
  0.10000000000000009        2.7755575615628914E-017  0.89240681559332846     
  0.20000000000000009        2.7755575615628914E-017  0.58962198237717989     
  0.30000000000000016        2.7755575615628914E-017   6.9160737761451985E-002
  0.40000000000000013        2.7755575615628914E-017 -0.48780449748400007     
  0.50000000000000011        2.7755575615628914E-017 -0.84973715721648735     
  0.60000000000000009        2.7755575615628914E-017 -0.89847904345212215     
  0.70000000000000007        2.7755575615628914E-017 -0.59441008829784436     
  0.80000000000000004        2.7755575615628914E-017  -7.5891748810972479E-002
  0.90000000000000002        2.7755575615628914E-017  0.48138162322812994     
   1.0000000000000000        2.7755575615628914E-017  0.82910151855786829     
  -1.0000000000000000       0.10000000000000009       0.88578065936016781     
 -0.90000000000000002       0.10000000000000009       0.90907333718221384     
 -0.80000000000000004       0.10000000000000009       0.59666140907545939     
 -0.69999999999999996       0.10000000000000009        6.9919577540547256E-002
 -0.59999999999999998       0.10000000000000009      -0.51225310830605508     
 -0.49999999999999994       0.10000000000000009      -0.89669961341119930     
 -0.39999999999999991       0.10000000000000009      -0.94507756991978131     
 -0.29999999999999993       0.10000000000000009      -0.62714801492478878     
 -0.19999999999999993       0.10000000000000009       -7.6544208470885652E-002
  -9.9999999999999978E-002  0.10000000000000009       0.50903776899805042     
   2.7755575615628914E-017  0.10000000000000009       0.89240681559332635     
  0.10000000000000009       0.10000000000000009       0.94168949769296839     
  0.20000000000000009       0.10000000000000009       0.62212068078966765     
  0.30000000000000016       0.10000000000000009        7.2877657834408471E-002
  0.40000000000000013       0.10000000000000009      -0.51484544082580896     
  0.50000000000000011       0.10000000000000009      -0.89672675212959518     
  0.60000000000000009       0.10000000000000009      -0.94809692149395908     
  0.70000000000000007       0.10000000000000009      -0.62717271246786965     
  0.80000000000000004       0.10000000000000009       -7.9980035347710671E-002
  0.90000000000000002       0.10000000000000009       0.50806810132629576     
   1.0000000000000000       0.10000000000000009       0.87495088942634780     
  -1.0000000000000000       0.20000000000000009       0.58524276546844389     
 -0.90000000000000002       0.20000000000000009       0.60057296871267107     
 -0.80000000000000004       0.20000000000000009       0.39412243193432756     
 -0.69999999999999996       0.20000000000000009        4.6097819247371608E-002
 -0.59999999999999998       0.20000000000000009      -0.33851278005644780     
 -0.49999999999999994       0.20000000000000009      -0.59245804067289820     
 -0.39999999999999991       0.20000000000000009      -0.62435881451240360     
 -0.29999999999999993       0.20000000000000009      -0.41426149039703025     
 -0.19999999999999993       0.20000000000000009       -5.0472149757736784E-002
  -9.9999999999999978E-002  0.20000000000000009       0.33638860839270018     
   2.7755575615628914E-017  0.20000000000000009       0.58962198237717112     
  0.10000000000000009       0.20000000000000009       0.62212068078966998     
  0.20000000000000009       0.20000000000000009       0.41094062189103081     
  0.30000000000000016       0.20000000000000009        4.8049765264170707E-002
  0.40000000000000013       0.20000000000000009      -0.34022522671777405     
  0.50000000000000011       0.20000000000000009      -0.59247591191718707     
  0.60000000000000009       0.20000000000000009      -0.62635356994561853     
  0.70000000000000007       0.20000000000000009      -0.41427774642389797     
  0.80000000000000004       0.20000000000000009       -5.2741572881229562E-002
  0.90000000000000002       0.20000000000000009       0.33574804462482288     
   1.0000000000000000       0.20000000000000009       0.57808924365743952     
  -1.0000000000000000       0.30000000000000016        6.8645178986872044E-002
 -0.90000000000000002       0.30000000000000016        7.0353367975452497E-002
 -0.80000000000000004       0.30000000000000016        4.6081586854060053E-002
 -0.69999999999999996       0.30000000000000016        5.2577836522939968E-003
 -0.59999999999999998       0.30000000000000016       -3.9800375601685145E-002
 -0.49999999999999994       0.30000000000000016       -6.9493041886240559E-002
 -0.39999999999999991       0.30000000000000016       -7.3139580114875716E-002
 -0.29999999999999993       0.30000000000000016       -4.8438171945896412E-002
 -0.19999999999999993       0.30000000000000016       -5.7669026875113300E-003
  -9.9999999999999978E-002  0.30000000000000016        3.9551572213723976E-002
   2.7755575615628914E-017  0.30000000000000016        6.9160737761452096E-002
  0.10000000000000009       0.30000000000000016        7.2877657834408485E-002
  0.20000000000000009       0.30000000000000016        4.8049765264169063E-002
  0.30000000000000016       0.30000000000000016        5.4829791622944607E-003
  0.40000000000000013       0.30000000000000016       -4.0000736353649653E-002
  0.50000000000000011       0.30000000000000016       -6.9495048016709471E-002
  0.60000000000000009       0.30000000000000016       -7.3373316539143751E-002
  0.70000000000000007       0.30000000000000016       -4.8439985124722994E-002
  0.80000000000000004       0.30000000000000016       -6.0320979822758294E-003
  0.90000000000000002       0.30000000000000016        3.9476595325925956E-002
   1.0000000000000000       0.30000000000000016        6.7808837880924552E-002
  -1.0000000000000000       0.40000000000000013      -0.48418456238878593     
 -0.90000000000000002       0.40000000000000013      -0.49701347607979240     
 -0.80000000000000004       0.40000000000000013      -0.32630388164346291     
 -0.69999999999999996       0.40000000000000013       -3.8379756550300369E-002
 -0.59999999999999998       0.40000000000000013       0.27990514334432709     
 -0.49999999999999994       0.40000000000000013       0.49015139560617133     
 -0.39999999999999991       0.40000000000000013       0.51669806659166362     
 -0.29999999999999993       0.40000000000000013       0.34297445611433874     
 -0.19999999999999993       0.40000000000000013        4.2005164643140934E-002
  -9.9999999999999978E-002  0.40000000000000013      -0.27814720341212323     
   2.7755575615628914E-017  0.40000000000000013      -0.48780449748401139     
  0.10000000000000009       0.40000000000000013      -0.51484544082580830     
  0.20000000000000009       0.40000000000000013      -0.34022522671779543     
  0.30000000000000016       0.40000000000000013       -4.0000736353650174E-002
  0.40000000000000013       0.40000000000000013       0.28132269712924185     
  0.50000000000000011       0.40000000000000013       0.49016632695297008     
  0.60000000000000009       0.40000000000000013       0.51834875472209130     
  0.70000000000000007       0.40000000000000013       0.34298805682778827     
  0.80000000000000004       0.40000000000000013        4.3884320828432619E-002
  0.90000000000000002       0.40000000000000013      -0.27761699574086091     
   1.0000000000000000       0.40000000000000013      -0.47826187937405323     
  -1.0000000000000000       0.50000000000000011      -0.84342908431753660     
 -0.90000000000000002       0.50000000000000011      -0.86566798267102030     
 -0.80000000000000004       0.50000000000000011      -0.56823092905980588     
 -0.69999999999999996       0.50000000000000011       -6.6675900523892162E-002
 -0.59999999999999998       0.50000000000000011       0.48769760910368831     
 -0.49999999999999994       0.50000000000000011       0.85382493592237396     
 -0.39999999999999991       0.50000000000000011       0.89995322858409965     
 -0.29999999999999993       0.50000000000000011       0.59726361464617350     
 -0.19999999999999993       0.50000000000000011        7.2986428432066500E-002
  -9.9999999999999978E-002  0.50000000000000011      -0.48463577199509777     
   2.7755575615628914E-017  0.50000000000000011      -0.84973715721648513     
  0.10000000000000009       0.50000000000000011      -0.89672675212959552     
  0.20000000000000009       0.50000000000000011      -0.59247591191718718     
  0.30000000000000016       0.50000000000000011       -6.9495048016709846E-002
  0.40000000000000013       0.50000000000000011       0.49016632695297147     
  0.50000000000000011       0.50000000000000011       0.85385083704248232     
  0.60000000000000009       0.50000000000000011       0.90282837358859791     
  0.70000000000000007       0.50000000000000011       0.59728719363948890     
  0.80000000000000004       0.50000000000000011        7.6258640698343330E-002
  0.90000000000000002       0.50000000000000011      -0.48371236213843655     
   1.0000000000000000       0.50000000000000011      -0.83311530302869485     
  -1.0000000000000000       0.60000000000000009      -0.89180779790798992     
 -0.90000000000000002       0.60000000000000009      -0.91525883463699031     
 -0.80000000000000004       0.60000000000000009      -0.60072107168033917     
 -0.69999999999999996       0.60000000000000009       -7.0395113991883751E-002
 -0.59999999999999998       0.60000000000000009       0.51573878386962546     
 -0.49999999999999994       0.60000000000000009       0.90280105034231950     
 -0.39999999999999991       0.60000000000000009       0.95150804639304043     
 -0.29999999999999993       0.60000000000000009       0.63141511005943585     
 -0.19999999999999993       0.60000000000000009        7.7064815285881452E-002
  -9.9999999999999978E-002  0.60000000000000009      -0.51250156685640436     
   2.7755575615628914E-017  0.60000000000000009      -0.89847904345211993     
  0.10000000000000009       0.60000000000000009      -0.94809692149395841     
  0.20000000000000009       0.60000000000000009      -0.62635356994562019     
  0.30000000000000016       0.60000000000000009       -7.3373316539145458E-002
  0.40000000000000013       0.60000000000000009       0.51834875472208120     
  0.50000000000000011       0.60000000000000009       0.90282837358859591     
  0.60000000000000009       0.60000000000000009       0.95454794226822404     
  0.70000000000000007       0.60000000000000009       0.63143997551434494     
  0.80000000000000004       0.60000000000000009        8.0524019173959877E-002
  0.90000000000000002       0.60000000000000009      -0.51152530148189301     
   1.0000000000000000       0.60000000000000009      -0.88090434269735340     
  -1.0000000000000000       0.70000000000000007      -0.58999530967114711     
 -0.90000000000000002       0.70000000000000007      -0.60545001872457738     
 -0.80000000000000004       0.70000000000000007      -0.39732298131155447     
 -0.69999999999999996       0.70000000000000007       -4.6472187460221921E-002
 -0.59999999999999998       0.70000000000000007       0.34126170392297350     
 -0.49999999999999994       0.70000000000000007       0.59726917725420237     
 -0.39999999999999991       0.70000000000000007       0.62942902135718448     
 -0.29999999999999993       0.70000000000000007       0.41762558268215705     
 -0.19999999999999993       0.70000000000000007        5.0882040950081371E-002
  -9.9999999999999978E-002  0.70000000000000007      -0.33912028257752508     
   2.7755575615628914E-017  0.70000000000000007      -0.59441008829784370     
  0.10000000000000009       0.70000000000000007      -0.62717271246786832     
  0.20000000000000009       0.70000000000000007      -0.41427774642389403     
  0.30000000000000016       0.70000000000000007       -4.8439985124723306E-002
  0.40000000000000013       0.70000000000000007       0.34298805682779016     
  0.50000000000000011       0.70000000000000007       0.59728719363948790     
  0.60000000000000009       0.70000000000000007       0.63143997551434417     
  0.70000000000000007       0.70000000000000007       0.41764197073419362     
  0.80000000000000004       0.70000000000000007        5.3169893403948267E-002
  0.90000000000000002       0.70000000000000007      -0.33847451699805292     
   1.0000000000000000       0.70000000000000007      -0.58278369626106430     
  -1.0000000000000000       0.80000000000000004       -7.5326205049310369E-002
 -0.90000000000000002       0.80000000000000004       -7.7209748635633083E-002
 -0.80000000000000004       0.80000000000000004       -5.0581383694012771E-002
 -0.69999999999999996       0.80000000000000004       -5.7846048682061117E-003
 -0.59999999999999998       0.80000000000000004        4.3664409172534419E-002
 -0.49999999999999994       0.80000000000000004        7.6256430205227238E-002
 -0.39999999999999991       0.80000000000000004        8.0267510070036685E-002
 -0.29999999999999993       0.80000000000000004        5.3167894288272413E-002
 -0.19999999999999993       0.80000000000000004        6.3436758224664396E-003
  -9.9999999999999978E-002  0.80000000000000004       -4.3391355272570480E-002
   2.7755575615628914E-017  0.80000000000000004       -7.5891748810954812E-002
  0.10000000000000009       0.80000000000000004       -7.9980035347706924E-002
  0.20000000000000009       0.80000000000000004       -5.2741572881201335E-002
  0.30000000000000016       0.80000000000000004       -6.0320979822752882E-003
  0.40000000000000013       0.80000000000000004        4.3884320828423418E-002
  0.50000000000000011       0.80000000000000004        7.6258640698340180E-002
  0.60000000000000009       0.80000000000000004        8.0524019173937575E-002
  0.70000000000000007       0.80000000000000004        5.3169893403948558E-002
  0.80000000000000004       0.80000000000000004        6.6347822760251009E-003
  0.90000000000000002       0.80000000000000004       -4.3309065216496752E-002
   1.0000000000000000       0.80000000000000004       -7.4408190101880586E-002
  -1.0000000000000000       0.90000000000000002       0.47780938289474556     
 -0.90000000000000002       0.90000000000000002       0.49047087535603778     
 -0.80000000000000004       0.90000000000000002       0.32200992507428033     
 -0.69999999999999996       0.90000000000000002        3.7876896285580192E-002
 -0.59999999999999998       0.90000000000000002      -0.27621809837696387     
 -0.49999999999999994       0.90000000000000002      -0.48369762589351156     
 -0.39999999999999991       0.90000000000000002      -0.50989634378054371     
 -0.29999999999999993       0.90000000000000002      -0.33846109380811518     
 -0.19999999999999993       0.90000000000000002       -4.1454635065595664E-002
  -9.9999999999999978E-002  0.90000000000000002       0.27448329916728970     
   2.7755575615628914E-017  0.90000000000000002       0.48138162322812922     
  0.10000000000000009       0.90000000000000002       0.50806810132629499     
  0.20000000000000009       0.90000000000000002       0.33574804462482571     
  0.30000000000000016       0.90000000000000002        3.9476595325926608E-002
  0.40000000000000013       0.90000000000000002      -0.27761699574086018     
  0.50000000000000011       0.90000000000000002      -0.48371236213843577     
  0.60000000000000009       0.90000000000000002      -0.51152530148189745     
  0.70000000000000007       0.90000000000000002      -0.33847451699805270     
  0.80000000000000004       0.90000000000000002       -4.3309065216501769E-002
  0.90000000000000002       0.90000000000000002       0.27396007004335615     
   1.0000000000000000       0.90000000000000002       0.47196463766565849     
  -1.0000000000000000        1.0000000000000000       0.82294665352841834     
 -0.90000000000000002        1.0000000000000000       0.84464634348747014     
 -0.80000000000000004        1.0000000000000000       0.55443300044669452     
 -0.69999999999999996        1.0000000000000000        6.5058116808777822E-002
 -0.59999999999999998        1.0000000000000000      -0.47585310887395310     
 -0.49999999999999994        1.0000000000000000      -0.83309003005170346     
 -0.39999999999999991        1.0000000000000000      -0.87809901751285990     
 -0.29999999999999993        1.0000000000000000      -0.58276068898524702     
 -0.19999999999999993        1.0000000000000000       -7.1215433095526554E-002
  -9.9999999999999978E-002   1.0000000000000000       0.47286562427787454     
   2.7755575615628914E-017   1.0000000000000000       0.82910151855786651     
  0.10000000000000009        1.0000000000000000       0.87495088942634591     
  0.20000000000000009        1.0000000000000000       0.57808924365744596     
  0.30000000000000016        1.0000000000000000        6.7808837880925121E-002
  0.40000000000000013        1.0000000000000000      -0.47826187937404308     
  0.50000000000000011        1.0000000000000000      -0.83311530302868908     
  0.60000000000000009        1.0000000000000000      -0.88090434269735074     
  0.70000000000000007        1.0000000000000000      -0.58278369626106230     
  0.80000000000000004        1.0000000000000000       -7.4408190101901070E-002
  0.90000000000000002        1.0000000000000000       0.47196463766565550     
   1.0000000000000000        1.0000000000000000       0.81288331351481069     
