  -1.0000000000000000       -1.0000000000000000        5.9528949153184053E-002
 -0.90000000000000002       -1.0000000000000000       -8.9784532628540997E-002
 -0.80000000000000004       -1.0000000000000000      -0.20642705654889451     
 -0.69999999999999996       -1.0000000000000000      -0.24351158684546895     
 -0.59999999999999998       -1.0000000000000000      -0.18799460091172182     
 -0.49999999999999994       -1.0000000000000000       -6.0658251217043317E-002
 -0.39999999999999991       -1.0000000000000000        8.9835665570287007E-002
 -0.29999999999999993       -1.0000000000000000       0.20601695144589377     
 -0.19999999999999993       -1.0000000000000000       0.24350691159818844     
  -9.9999999999999978E-002  -1.0000000000000000       0.18798370467182762     
   2.7755575615628914E-017  -1.0000000000000000        6.0660993174497517E-002
  0.10000000000000009       -1.0000000000000000       -8.9836606647642217E-002
  0.20000000000000009       -1.0000000000000000      -0.20601629322718443     
  0.30000000000000016       -1.0000000000000000      -0.24350568365497482     
  0.40000000000000013       -1.0000000000000000      -0.18798440747345080     
  0.50000000000000011       -1.0000000000000000       -6.0657359597545292E-002
  0.60000000000000009       -1.0000000000000000        8.9848678702711945E-002
  0.70000000000000007       -1.0000000000000000       0.20602181289325808     
  0.80000000000000004       -1.0000000000000000       0.24357980792563710     
  0.90000000000000002       -1.0000000000000000       0.18796507401597096     
   1.0000000000000000       -1.0000000000000000        6.0043787018961854E-002
  -1.0000000000000000      -0.90000000000000002       -8.9784532628540567E-002
 -0.90000000000000002      -0.90000000000000002       0.13529892091442819     
 -0.80000000000000004      -0.90000000000000002       0.31115142992221956     
 -0.69999999999999996      -0.90000000000000002       0.36708434014527375     
 -0.59999999999999998      -0.90000000000000002       0.28342410530602807     
 -0.49999999999999994      -0.90000000000000002        9.1487584610799408E-002
 -0.39999999999999991      -0.90000000000000002      -0.13537621231604050     
 -0.29999999999999993      -0.90000000000000002      -0.31053320455369554     
 -0.19999999999999993      -0.90000000000000002      -0.36707730146279938     
  -9.9999999999999978E-002 -0.90000000000000002      -0.28340761995446434     
   2.7755575615628914E-017 -0.90000000000000002       -9.1491714952904993E-002
  0.10000000000000009      -0.90000000000000002       0.13537762333020711     
  0.20000000000000009      -0.90000000000000002       0.31053221619438820     
  0.30000000000000016      -0.90000000000000002       0.36707544506697221     
  0.40000000000000013      -0.90000000000000002       0.28340867028924438     
  0.50000000000000011      -0.90000000000000002        9.1486234040499215E-002
  0.60000000000000009      -0.90000000000000002      -0.13539589030657731     
  0.70000000000000007      -0.90000000000000002      -0.31054054732681674     
  0.80000000000000004      -0.90000000000000002      -0.36718737982026001     
  0.90000000000000002      -0.90000000000000002      -0.28337950038471299     
   1.0000000000000000      -0.90000000000000002       -9.0560494347703455E-002
  -1.0000000000000000      -0.80000000000000004      -0.20642705654889623     
 -0.90000000000000002      -0.80000000000000004       0.31115142992222172     
 -0.80000000000000004      -0.80000000000000004       0.71551060407454958     
 -0.69999999999999996      -0.80000000000000004       0.84410798375397034     
 -0.59999999999999998      -0.80000000000000004       0.65171180967653541     
 -0.49999999999999994      -0.80000000000000004       0.21034275638657557     
 -0.39999999999999991      -0.80000000000000004      -0.31132901804706387     
 -0.29999999999999993      -0.80000000000000004      -0.71408900421461885     
 -0.19999999999999993      -0.80000000000000004      -0.84409179218854702     
  -9.9999999999999978E-002 -0.80000000000000004      -0.65167394225914699     
   2.7755575615628914E-017 -0.80000000000000004      -0.21035225615423428     
  0.10000000000000009      -0.80000000000000004       0.31133226784235107     
  0.20000000000000009      -0.80000000000000004       0.71408672885390834     
  0.30000000000000016      -0.80000000000000004       0.84408752703103074     
  0.40000000000000013      -0.80000000000000004       0.65167636368539261     
  0.50000000000000011      -0.80000000000000004       0.21033965516579334     
  0.60000000000000009      -0.80000000000000004      -0.31137422589351088     
  0.70000000000000007      -0.80000000000000004      -0.71410587914105117     
  0.80000000000000004      -0.80000000000000004      -0.84434478762933884     
  0.90000000000000002      -0.80000000000000004      -0.65160930497775338     
   1.0000000000000000      -0.80000000000000004      -0.20821146807001692     
  -1.0000000000000000      -0.69999999999999996      -0.24351158684546773     
 -0.90000000000000002      -0.69999999999999996       0.36708434014527336     
 -0.80000000000000004      -0.69999999999999996       0.84410798375396745     
 -0.69999999999999996      -0.69999999999999996       0.99580777649940677     
 -0.59999999999999998      -0.69999999999999996       0.76882628477976400     
 -0.49999999999999994      -0.69999999999999996       0.24813080414477914     
 -0.39999999999999991      -0.69999999999999996      -0.36729378212619535     
 -0.29999999999999993      -0.69999999999999996      -0.84243090177441760     
 -0.19999999999999993      -0.69999999999999996      -0.99578867239419466     
  -9.9999999999999978E-002 -0.69999999999999996      -0.76878162944531814     
   2.7755575615628914E-017 -0.69999999999999996      -0.24814201206704672     
  0.10000000000000009      -0.69999999999999996       0.36729761819291556     
  0.20000000000000009      -0.69999999999999996       0.84242821635936060     
  0.30000000000000016      -0.69999999999999996       0.99578364227556770     
  0.40000000000000013      -0.69999999999999996       0.76878448870717742     
  0.50000000000000011      -0.69999999999999996       0.24812714748339151     
  0.60000000000000009      -0.69999999999999996      -0.36734709664264326     
  0.70000000000000007      -0.69999999999999996      -0.84245080520373261     
  0.80000000000000004      -0.69999999999999996      -0.99608707960124376     
  0.90000000000000002      -0.69999999999999996      -0.76870538592135551     
   1.0000000000000000      -0.69999999999999996      -0.24561672579486923     
  -1.0000000000000000      -0.59999999999999998      -0.18799460091172462     
 -0.90000000000000002      -0.59999999999999998       0.28342410530602891     
 -0.80000000000000004      -0.59999999999999998       0.65171180967654652     
 -0.69999999999999996      -0.59999999999999998       0.76882628477976556     
 -0.59999999999999998      -0.59999999999999998       0.59357495350419787     
 -0.49999999999999994      -0.59999999999999998       0.19156076015486967     
 -0.39999999999999991      -0.59999999999999998      -0.28358575535902386     
 -0.29999999999999993      -0.59999999999999998      -0.65041699874255277     
 -0.19999999999999993      -0.59999999999999998      -0.76881153295161642     
  -9.9999999999999978E-002 -0.59999999999999998      -0.59354049161932443     
   2.7755575615628914E-017 -0.59999999999999998      -0.19156941413564138     
  0.10000000000000009      -0.59999999999999998       0.28358871893993320     
  0.20000000000000009      -0.59999999999999998       0.65041492446818927     
  0.30000000000000016      -0.59999999999999998       0.76880765070615209     
  0.40000000000000013      -0.59999999999999998       0.59354270141548182     
  0.50000000000000011      -0.59999999999999998       0.19155793859568615     
  0.60000000000000009      -0.59999999999999998      -0.28362690230303544     
  0.70000000000000007      -0.59999999999999998      -0.65043236187947218     
  0.80000000000000004      -0.59999999999999998      -0.76904187486002296     
  0.90000000000000002      -0.59999999999999998      -0.59348163541782495     
   1.0000000000000000      -0.59999999999999998      -0.18961993464718152     
  -1.0000000000000000      -0.49999999999999994       -6.0658251217044039E-002
 -0.90000000000000002      -0.49999999999999994        9.1487584610799352E-002
 -0.80000000000000004      -0.49999999999999994       0.21034275638657551     
 -0.69999999999999996      -0.49999999999999994       0.24813080414477900     
 -0.59999999999999998      -0.49999999999999994       0.19156076015486936     
 -0.49999999999999994      -0.49999999999999994        6.1808976462718435E-002
 -0.39999999999999991      -0.49999999999999994       -9.1539687888966589E-002
 -0.29999999999999993      -0.49999999999999994      -0.20992487190583656     
 -0.19999999999999993      -0.49999999999999994      -0.24812604022833068     
  -9.9999999999999978E-002 -0.49999999999999994      -0.19154965711244060     
   2.7755575615628914E-017 -0.49999999999999994       -6.1811770427297422E-002
  0.10000000000000009      -0.49999999999999994        9.1540646803732056E-002
  0.20000000000000009      -0.49999999999999994       0.20992420120845137     
  0.30000000000000016      -0.49999999999999994       0.24812478898222645     
  0.40000000000000013      -0.49999999999999994       0.19155037322908824     
  0.50000000000000011      -0.49999999999999994        6.1808067918060261E-002
  0.60000000000000009      -0.49999999999999994       -9.1552947981841368E-002
  0.70000000000000007      -0.49999999999999994      -0.20992982559719939     
  0.80000000000000004      -0.49999999999999994      -0.24820031968880890     
  0.90000000000000002      -0.49999999999999994      -0.19153067298492341     
   1.0000000000000000      -0.49999999999999994       -6.1182854895099274E-002
  -1.0000000000000000      -0.39999999999999991        8.9835665570287160E-002
 -0.90000000000000002      -0.39999999999999991      -0.13537621231604194     
 -0.80000000000000004      -0.39999999999999991      -0.31132901804705992     
 -0.69999999999999996      -0.39999999999999991      -0.36729378212619757     
 -0.59999999999999998      -0.39999999999999991      -0.28358575535901348     
 -0.49999999999999994      -0.39999999999999991       -9.1539687888966312E-002
 -0.39999999999999991      -0.39999999999999991       0.13545354739472529     
 -0.29999999999999993      -0.39999999999999991       0.31071043996266862     
 -0.19999999999999993      -0.39999999999999991       0.36728673940958606     
  -9.9999999999999978E-002 -0.39999999999999991       0.28356926072138983     
   2.7755575615628914E-017 -0.39999999999999991        9.1543820593785519E-002
  0.10000000000000009      -0.39999999999999991      -0.13545495922927681     
  0.20000000000000009      -0.39999999999999991      -0.31070945103165670     
  0.30000000000000016      -0.39999999999999991      -0.36728488196527992     
  0.40000000000000013      -0.39999999999999991      -0.28357031167370977     
  0.50000000000000011      -0.39999999999999991       -9.1538336561088895E-002
  0.60000000000000009      -0.39999999999999991       0.13547323649006840     
  0.70000000000000007      -0.39999999999999991       0.31071778689652307     
  0.80000000000000004      -0.39999999999999991       0.36739688019198480     
  0.90000000000000002      -0.39999999999999991       0.28354112517714913     
   1.0000000000000000      -0.39999999999999991        9.0612070291293839E-002
  -1.0000000000000000      -0.29999999999999993       0.20601695144589394     
 -0.90000000000000002      -0.29999999999999993      -0.31053320455369515     
 -0.80000000000000004      -0.29999999999999993      -0.71408900421461774     
 -0.69999999999999996      -0.29999999999999993      -0.84243090177441726     
 -0.59999999999999998      -0.29999999999999993      -0.65041699874255188     
 -0.49999999999999994      -0.29999999999999993      -0.20992487190583636     
 -0.39999999999999991      -0.29999999999999993       0.31071043996266789     
 -0.29999999999999993      -0.29999999999999993       0.71267022880081510     
 -0.19999999999999993      -0.29999999999999993       0.84241474238388903     
  -9.9999999999999978E-002 -0.29999999999999993       0.65037920652722436     
   2.7755575615628914E-017 -0.29999999999999993       0.20993435279751255     
  0.10000000000000009      -0.29999999999999993      -0.31071368329692878     
  0.20000000000000009      -0.29999999999999993      -0.71266795796299598     
  0.30000000000000016      -0.29999999999999993      -0.84241048569737764     
  0.40000000000000013      -0.29999999999999993      -0.65038162313732695     
  0.50000000000000011      -0.29999999999999993      -0.20992177684292618     
  0.60000000000000009      -0.29999999999999993       0.31075555802422927     
  0.70000000000000007      -0.29999999999999993       0.71268707020799349     
  0.80000000000000004      -0.29999999999999993       0.84266723527678278     
  0.90000000000000002      -0.29999999999999993       0.65031469764827865     
   1.0000000000000000      -0.29999999999999993       0.20779781759885710     
  -1.0000000000000000      -0.19999999999999993       0.24350691159819088     
 -0.90000000000000002      -0.19999999999999993      -0.36707730146280054     
 -0.80000000000000004      -0.19999999999999993      -0.84409179218855623     
 -0.69999999999999996      -0.19999999999999993      -0.99578867239419555     
 -0.59999999999999998      -0.19999999999999993      -0.76881153295161841     
 -0.49999999999999994      -0.19999999999999993      -0.24812604022833082     
 -0.39999999999999991      -0.19999999999999993       0.36728673940959383     
 -0.29999999999999993      -0.19999999999999993       0.84241474238389014     
 -0.19999999999999993      -0.19999999999999993       0.99576956865479915     
  -9.9999999999999978E-002 -0.19999999999999993       0.76876687847848035     
   2.7755575615628914E-017 -0.19999999999999993       0.24813724793580846     
  0.10000000000000009      -0.19999999999999993      -0.36729057540332793     
  0.20000000000000009      -0.19999999999999993      -0.84241205702008504     
  0.30000000000000016      -0.19999999999999993      -0.99576453863309800     
  0.40000000000000013      -0.19999999999999993      -0.76876973768619872     
  0.50000000000000011      -0.19999999999999993      -0.24812238363758324     
  0.60000000000000009      -0.19999999999999993       0.36734005289865534     
  0.70000000000000007      -0.19999999999999993       0.84243464543027502     
  0.80000000000000004      -0.19999999999999993       0.99606797012258219     
  0.90000000000000002      -0.19999999999999993       0.76869063641984670     
   1.0000000000000000      -0.19999999999999993       0.24561201017146947     
  -1.0000000000000000       -9.9999999999999978E-002  0.18798370467182857     
 -0.90000000000000002       -9.9999999999999978E-002 -0.28340761995446373     
 -0.80000000000000004       -9.9999999999999978E-002 -0.65167394225914732     
 -0.69999999999999996       -9.9999999999999978E-002 -0.76878162944531736     
 -0.59999999999999998       -9.9999999999999978E-002 -0.59354049161932443     
 -0.49999999999999994       -9.9999999999999978E-002 -0.19154965711244062     
 -0.39999999999999991       -9.9999999999999978E-002  0.28356926072138927     
 -0.29999999999999993       -9.9999999999999978E-002  0.65037920652722436     
 -0.19999999999999993       -9.9999999999999978E-002  0.76876687847848069     
  -9.9999999999999978E-002  -9.9999999999999978E-002  0.59350603170685790     
   2.7755575615628914E-017  -9.9999999999999978E-002  0.19155831058907777     
  0.10000000000000009       -9.9999999999999978E-002 -0.28357222412640937     
  0.20000000000000009       -9.9999999999999978E-002 -0.65037713237524519     
  0.30000000000000016       -9.9999999999999978E-002 -0.76876299645586010     
  0.40000000000000013       -9.9999999999999978E-002 -0.59350824137020797     
  0.50000000000000011       -9.9999999999999978E-002 -0.19154683571396661     
  0.60000000000000009       -9.9999999999999978E-002  0.28361040530538145     
  0.70000000000000007       -9.9999999999999978E-002  0.65039456877882107     
  0.80000000000000004       -9.9999999999999978E-002  0.76899720710089536     
  0.90000000000000002       -9.9999999999999978E-002  0.59344717890695109     
   1.0000000000000000       -9.9999999999999978E-002  0.18960894393686895     
  -1.0000000000000000        2.7755575615628914E-017   6.0660993174496469E-002
 -0.90000000000000002        2.7755575615628914E-017  -9.1491714952903772E-002
 -0.80000000000000004        2.7755575615628914E-017 -0.21035225615423769     
 -0.69999999999999996        2.7755575615628914E-017 -0.24814201206704456     
 -0.59999999999999998        2.7755575615628914E-017 -0.19156941413564768     
 -0.49999999999999994        2.7755575615628914E-017  -6.1811770427298116E-002
 -0.39999999999999991        2.7755575615628914E-017   9.1543820593786587E-002
 -0.29999999999999993        2.7755575615628914E-017  0.20993435279751269     
 -0.19999999999999993        2.7755575615628914E-017  0.24813724793580774     
  -9.9999999999999978E-002   2.7755575615628914E-017  0.19155831058907685     
   2.7755575615628914E-017   2.7755575615628914E-017   6.1814564517933317E-002
  0.10000000000000009        2.7755575615628914E-017  -9.1544779551520086E-002
  0.20000000000000009        2.7755575615628914E-017 -0.20993368207001134     
  0.30000000000000016        2.7755575615628914E-017 -0.24813599663295291     
  0.40000000000000013        2.7755575615628914E-017 -0.19155902673766118     
  0.50000000000000011        2.7755575615628914E-017  -6.1810861841318607E-002
  0.60000000000000009        2.7755575615628914E-017   9.1557081288294012E-002
  0.70000000000000007        2.7755575615628914E-017  0.20993930671326144     
  0.80000000000000004        2.7755575615628914E-017  0.24821153075980007     
  0.90000000000000002        2.7755575615628914E-017  0.19153932560254217     
   1.0000000000000000        2.7755575615628914E-017   6.1185620542663022E-002
  -1.0000000000000000       0.10000000000000009       -8.9836606647642467E-002
 -0.90000000000000002       0.10000000000000009       0.13537762333020670     
 -0.80000000000000004       0.10000000000000009       0.31133226784235063     
 -0.69999999999999996       0.10000000000000009       0.36729761819291568     
 -0.59999999999999998       0.10000000000000009       0.28358871893993248     
 -0.49999999999999994       0.10000000000000009        9.1540646803731612E-002
 -0.39999999999999991       0.10000000000000009      -0.13545495922927689     
 -0.29999999999999993       0.10000000000000009      -0.31071368329692878     
 -0.19999999999999993       0.10000000000000009      -0.36729057540332788     
  -9.9999999999999978E-002  0.10000000000000009      -0.28357222412640981     
   2.7755575615628914E-017  0.10000000000000009       -9.1544779551520211E-002
  0.10000000000000009       0.10000000000000009       0.13545637107808300     
  0.20000000000000009       0.10000000000000009       0.31071269435583060     
  0.30000000000000016       0.10000000000000009       0.36728871793926632     
  0.40000000000000013       0.10000000000000009       0.28357327508913455     
  0.50000000000000011       0.10000000000000009        9.1539295461352713E-002
  0.60000000000000009       0.10000000000000009      -0.13547464853390018     
  0.70000000000000007       0.10000000000000009      -0.31072103030837639     
  0.80000000000000004       0.10000000000000009      -0.36740071734743923     
  0.90000000000000002       0.10000000000000009      -0.28354408828622968     
   1.0000000000000000       0.10000000000000009       -9.0613019469191466E-002
  -1.0000000000000000       0.20000000000000009      -0.20601629322718637     
 -0.90000000000000002       0.20000000000000009       0.31053221619439059     
 -0.80000000000000004       0.20000000000000009       0.71408672885391344     
 -0.69999999999999996       0.20000000000000009       0.84242821635936382     
 -0.59999999999999998       0.20000000000000009       0.65041492446818006     
 -0.49999999999999994       0.20000000000000009       0.20992420120845096     
 -0.39999999999999991       0.20000000000000009      -0.31070945103166220     
 -0.29999999999999993       0.20000000000000009      -0.71266795796299653     
 -0.19999999999999993       0.20000000000000009      -0.84241205702007627     
  -9.9999999999999978E-002  0.20000000000000009      -0.65037713237524553     
   2.7755575615628914E-017  0.20000000000000009      -0.20993368207000712     
  0.10000000000000009       0.20000000000000009       0.31071269435583121     
  0.20000000000000009       0.20000000000000009       0.71266568713235956     
  0.30000000000000016       0.20000000000000009       0.84240780034728779     
  0.40000000000000013       0.20000000000000009       0.65037954897799977     
  0.50000000000000011       0.20000000000000009       0.20992110615561244     
  0.60000000000000009       0.20000000000000009      -0.31075456894751380     
  0.70000000000000007       0.20000000000000009      -0.71268479931603579     
  0.80000000000000004       0.20000000000000009      -0.84266454910209954     
  0.90000000000000002       0.20000000000000009      -0.65031262370305110     
   1.0000000000000000       0.20000000000000009      -0.20779715370778168     
  -1.0000000000000000       0.30000000000000016      -0.24350568365497449     
 -0.90000000000000002       0.30000000000000016       0.36707544506697148     
 -0.80000000000000004       0.30000000000000016       0.84408752703103040     
 -0.69999999999999996       0.30000000000000016       0.99578364227556604     
 -0.59999999999999998       0.30000000000000016       0.76880765070615220     
 -0.49999999999999994       0.30000000000000016       0.24812478898222687     
 -0.39999999999999991       0.30000000000000016      -0.36728488196527881     
 -0.29999999999999993       0.30000000000000016      -0.84241048569737698     
 -0.19999999999999993       0.30000000000000016      -0.99576453863309833     
  -9.9999999999999978E-002  0.30000000000000016      -0.76876299645586021     
   2.7755575615628914E-017  0.30000000000000016      -0.24813599663295491     
  0.10000000000000009       0.30000000000000016       0.36728871793926626     
  0.20000000000000009       0.30000000000000016       0.84240780034728679     
  0.30000000000000016       0.30000000000000016       0.99575950863653839     
  0.40000000000000013       0.30000000000000016       0.76876585564869848     
  0.50000000000000011       0.30000000000000016       0.24812113240966163     
  0.60000000000000009       0.30000000000000016      -0.36733819518770600     
  0.70000000000000007       0.30000000000000016      -0.84243038864386488     
  0.80000000000000004       0.30000000000000016      -0.99606293860198636     
  0.90000000000000002       0.30000000000000016      -0.76868675478079340     
   1.0000000000000000       0.30000000000000016      -0.24561077158838837     
  -1.0000000000000000       0.40000000000000013      -0.18798440747345013     
 -0.90000000000000002       0.40000000000000013       0.28340867028924477     
 -0.80000000000000004       0.40000000000000013       0.65167636368540593     
 -0.69999999999999996       0.40000000000000013       0.76878448870717675     
 -0.59999999999999998       0.40000000000000013       0.59354270141548948     
 -0.49999999999999994       0.40000000000000013       0.19155037322908888     
 -0.39999999999999991       0.40000000000000013      -0.28357031167371510     
 -0.29999999999999993       0.40000000000000013      -0.65038162313732673     
 -0.19999999999999993       0.40000000000000013      -0.76876973768620138     
  -9.9999999999999978E-002  0.40000000000000013      -0.59350824137020708     
   2.7755575615628914E-017  0.40000000000000013      -0.19155902673766259     
  0.10000000000000009       0.40000000000000013       0.28357327508913582     
  0.20000000000000009       0.40000000000000013       0.65037954897800976     
  0.30000000000000016       0.40000000000000013       0.76876585564869804     
  0.40000000000000013       0.40000000000000013       0.59351045104111178     
  0.50000000000000011       0.40000000000000013       0.19154755181961811     
  0.60000000000000009       0.40000000000000013      -0.28361145641550939     
  0.70000000000000007       0.40000000000000013      -0.65039698544717406     
  0.80000000000000004       0.40000000000000013      -0.76900006718008806     
  0.90000000000000002       0.40000000000000013      -0.59344938834874394     
   1.0000000000000000       0.40000000000000013      -0.18960965277288033     
  -1.0000000000000000       0.50000000000000011       -6.0657359597546361E-002
 -0.90000000000000002       0.50000000000000011        9.1486234040499242E-002
 -0.80000000000000004       0.50000000000000011       0.21033965516579486     
 -0.69999999999999996       0.50000000000000011       0.24812714748339121     
 -0.59999999999999998       0.50000000000000011       0.19155793859568776     
 -0.49999999999999994       0.50000000000000011        6.1808067918060358E-002
 -0.39999999999999991       0.50000000000000011       -9.1538336561089548E-002
 -0.29999999999999993       0.50000000000000011      -0.20992177684292643     
 -0.19999999999999993       0.50000000000000011      -0.24812238363758485     
  -9.9999999999999978E-002  0.50000000000000011      -0.19154683571396655     
   2.7755575615628914E-017  0.50000000000000011       -6.1810861841318961E-002
  0.10000000000000009       0.50000000000000011        9.1539295461352810E-002
  0.20000000000000009       0.50000000000000011       0.20992110615561424     
  0.30000000000000016       0.50000000000000011       0.24812113240966188     
  0.40000000000000013       0.50000000000000011       0.19154755181961994     
  0.50000000000000011       0.50000000000000011        6.1807159386475720E-002
  0.60000000000000009       0.50000000000000011       -9.1551596461530133E-002
  0.70000000000000007       0.50000000000000011      -0.20992673046198704     
  0.80000000000000004       0.50000000000000011      -0.24819666201269147     
  0.90000000000000002       0.50000000000000011      -0.19152785186453253     
   1.0000000000000000       0.50000000000000011       -6.1181955538068399E-002
  -1.0000000000000000       0.60000000000000009        8.9848678702711141E-002
 -0.90000000000000002       0.60000000000000009      -0.13539589030657836     
 -0.80000000000000004       0.60000000000000009      -0.31137422589350128     
 -0.69999999999999996       0.60000000000000009      -0.36734709664264570     
 -0.59999999999999998       0.60000000000000009      -0.28362690230302112     
 -0.49999999999999994       0.60000000000000009       -9.1552947981841076E-002
 -0.39999999999999991       0.60000000000000009       0.13547323649006343     
 -0.29999999999999993       0.60000000000000009       0.31075555802422816     
 -0.19999999999999993       0.60000000000000009       0.36734005289864219     
  -9.9999999999999978E-002  0.60000000000000009       0.28361040530538179     
   2.7755575615628914E-017  0.60000000000000009        9.1557081288293415E-002
  0.10000000000000009       0.60000000000000009      -0.13547464853389982     
  0.20000000000000009       0.60000000000000009      -0.31075456894749920     
  0.30000000000000016       0.60000000000000009      -0.36733819518770700     
  0.40000000000000013       0.60000000000000009      -0.28361145641549784     
  0.50000000000000011       0.60000000000000009       -9.1551596461529910E-002
  0.60000000000000009       0.60000000000000009       0.13549292840831589     
  0.70000000000000007       0.60000000000000009       0.31076290601630197     
  0.80000000000000004       0.60000000000000009       0.36745020955940638     
  0.90000000000000002       0.60000000000000009       0.28358226569694100     
   1.0000000000000000       0.60000000000000009        9.0625196199991001E-002
  -1.0000000000000000       0.70000000000000007       0.20602181289325802     
 -0.90000000000000002       0.70000000000000007      -0.31054054732681646     
 -0.80000000000000004       0.70000000000000007      -0.71410587914105261     
 -0.69999999999999996       0.70000000000000007      -0.84245080520373239     
 -0.59999999999999998       0.70000000000000007      -0.65043236187947340     
 -0.49999999999999994       0.70000000000000007      -0.20992982559719950     
 -0.39999999999999991       0.70000000000000007       0.31071778689652324     
 -0.29999999999999993       0.70000000000000007       0.71268707020799271     
 -0.19999999999999993       0.70000000000000007       0.84243464543027657     
  -9.9999999999999978E-002  0.70000000000000007       0.65039456877882118     
   2.7755575615628914E-017  0.70000000000000007       0.20993930671326197     
  0.10000000000000009       0.70000000000000007      -0.31072103030837595     
  0.20000000000000009       0.70000000000000007      -0.71268479931603701     
  0.30000000000000016       0.70000000000000007      -0.84243038864386421     
  0.40000000000000013       0.70000000000000007      -0.65039698544717517     
  0.50000000000000011       0.70000000000000007      -0.20992673046198684     
  0.60000000000000009       0.70000000000000007       0.31076290601630308     
  0.70000000000000007       0.70000000000000007       0.71270391201125238     
  0.80000000000000004       0.70000000000000007       0.84268714426454250     
  0.90000000000000002       0.70000000000000007       0.65033005838015490     
   1.0000000000000000       0.70000000000000007       0.20780272113853546     
  -1.0000000000000000       0.80000000000000004       0.24357980792564268     
 -0.90000000000000002       0.80000000000000004      -0.36718737982026212     
 -0.80000000000000004       0.80000000000000004      -0.84434478762935272     
 -0.69999999999999996       0.80000000000000004      -0.99608707960124754     
 -0.59999999999999998       0.80000000000000004      -0.76904187486002584     
 -0.49999999999999994       0.80000000000000004      -0.24820031968880990     
 -0.39999999999999991       0.80000000000000004       0.36739688019199296     
 -0.29999999999999993       0.80000000000000004       0.84266723527678289     
 -0.19999999999999993       0.80000000000000004       0.99606797012258064     
  -9.9999999999999978E-002  0.80000000000000004       0.76899720710089592     
   2.7755575615628914E-017  0.80000000000000004       0.24821153075979743     
  0.10000000000000009       0.80000000000000004      -0.36740071734744006     
  0.20000000000000009       0.80000000000000004      -0.84266454910210831     
  0.30000000000000016       0.80000000000000004      -0.99606293860198747     
  0.40000000000000013       0.80000000000000004      -0.76900006718008229     
  0.50000000000000011       0.80000000000000004      -0.24819666201269067     
  0.60000000000000009       0.80000000000000004       0.36745020955941993     
  0.70000000000000007       0.80000000000000004       0.84268714426454161     
  0.80000000000000004       0.80000000000000004       0.99636646070775792     
  0.90000000000000002       0.80000000000000004       0.76892094225025642     
   1.0000000000000000       0.80000000000000004       0.24568553755095451     
  -1.0000000000000000       0.90000000000000002       0.18796507401596901     
 -0.90000000000000002       0.90000000000000002      -0.28337950038471243     
 -0.80000000000000004       0.90000000000000002      -0.65160930497775049     
 -0.69999999999999996       0.90000000000000002      -0.76870538592135518     
 -0.59999999999999998       0.90000000000000002      -0.59348163541782617     
 -0.49999999999999994       0.90000000000000002      -0.19153067298492363     
 -0.39999999999999991       0.90000000000000002       0.28354112517714530     
 -0.29999999999999993       0.90000000000000002       0.65031469764827898     
 -0.19999999999999993       0.90000000000000002       0.76869063641984525     
  -9.9999999999999978E-002  0.90000000000000002       0.59344717890695187     
   2.7755575615628914E-017  0.90000000000000002       0.19153932560254583     
  0.10000000000000009       0.90000000000000002      -0.28354408828622957     
  0.20000000000000009       0.90000000000000002      -0.65031262370304832     
  0.30000000000000016       0.90000000000000002      -0.76868675478079351     
  0.40000000000000013       0.90000000000000002      -0.59344938834874561     
  0.50000000000000011       0.90000000000000002      -0.19152785186453300     
  0.60000000000000009       0.90000000000000002       0.28358226569693729     
  0.70000000000000007       0.90000000000000002       0.65033005838015523     
  0.80000000000000004       0.90000000000000002       0.76892094225025376     
  0.90000000000000002       0.90000000000000002       0.59338833193453733     
   1.0000000000000000       0.90000000000000002       0.18959015206291110     
  -1.0000000000000000        1.0000000000000000        6.0043787018955998E-002
 -0.90000000000000002        1.0000000000000000       -9.0560494347702788E-002
 -0.80000000000000004        1.0000000000000000      -0.20821146807001459     
 -0.69999999999999996        1.0000000000000000      -0.24561672579486801     
 -0.59999999999999998        1.0000000000000000      -0.18961993464718951     
 -0.49999999999999994        1.0000000000000000       -6.1182854895100856E-002
 -0.39999999999999991        1.0000000000000000        9.0612070291287664E-002
 -0.29999999999999993        1.0000000000000000       0.20779781759885763     
 -0.19999999999999993        1.0000000000000000       0.24561201017146755     
  -9.9999999999999978E-002   1.0000000000000000       0.18960894393687022     
   2.7755575615628914E-017   1.0000000000000000        6.1185620542668538E-002
  0.10000000000000009        1.0000000000000000       -9.0613019469191439E-002
  0.20000000000000009        1.0000000000000000      -0.20779715370777985     
  0.30000000000000016        1.0000000000000000      -0.24561077158838834     
  0.40000000000000013        1.0000000000000000      -0.18960965277287964     
  0.50000000000000011        1.0000000000000000       -6.1181955538069328E-002
  0.60000000000000009        1.0000000000000000        9.0625196199986616E-002
  0.70000000000000007        1.0000000000000000       0.20780272113853471     
  0.80000000000000004        1.0000000000000000       0.24568553755095368     
  0.90000000000000002        1.0000000000000000       0.18959015206290952     
   1.0000000000000000        1.0000000000000000        6.0563075009203507E-002
