  -1.0000000000000000       -1.0000000000000000       0.93439313805123281     
 -0.90000000000000002       -1.0000000000000000       0.83199383864349707     
 -0.80000000000000004       -1.0000000000000000       0.42350187815225915     
 -0.69999999999999996       -1.0000000000000000      -0.13972588243523359     
 -0.59999999999999998       -1.0000000000000000      -0.65225616349132609     
 -0.49999999999999994       -1.0000000000000000      -0.91764171462104371     
 -0.39999999999999991       -1.0000000000000000      -0.83045359939725127     
 -0.29999999999999993       -1.0000000000000000      -0.42749479087710357     
 -0.19999999999999993       -1.0000000000000000       0.14495702830996926     
  -9.9999999999999978E-002  -1.0000000000000000       0.67719159795178607     
   2.7755575615628914E-017  -1.0000000000000000       0.95090763424921210     
  0.10000000000000009       -1.0000000000000000       0.86139555164671355     
  0.20000000000000009       -1.0000000000000000       0.44228489407931548     
  0.30000000000000016       -1.0000000000000000      -0.14481657676122195     
  0.40000000000000013       -1.0000000000000000      -0.67834334923704909     
  0.50000000000000011       -1.0000000000000000      -0.95106164236073876     
  0.60000000000000009       -1.0000000000000000      -0.86328106658218373     
  0.70000000000000007       -1.0000000000000000      -0.44311789620480552     
  0.80000000000000004       -1.0000000000000000       0.14214244497294906     
  0.90000000000000002       -1.0000000000000000       0.67623776722024698     
   1.0000000000000000       -1.0000000000000000       0.93327305619528622     
  -1.0000000000000000      -0.90000000000000002       0.83199383864349230     
 -0.90000000000000002      -0.90000000000000002       0.74068476991221466     
 -0.80000000000000004      -0.90000000000000002       0.37687769749077776     
 -0.69999999999999996      -0.90000000000000002      -0.12462842719634458     
 -0.59999999999999998      -0.90000000000000002      -0.58090870669696060     
 -0.49999999999999994      -0.90000000000000002      -0.81707964664061350     
 -0.39999999999999991      -0.90000000000000002      -0.73931315571698086     
 -0.29999999999999993      -0.90000000000000002      -0.38043180592681486     
 -0.19999999999999993      -0.90000000000000002       0.12929424834118228     
  -9.9999999999999978E-002 -0.90000000000000002       0.60311723788110039     
   2.7755575615628914E-017 -0.90000000000000002       0.84670108519179732     
  0.10000000000000009      -0.90000000000000002       0.76685945623362006     
  0.20000000000000009      -0.90000000000000002       0.39359397229570831     
  0.30000000000000016      -0.90000000000000002      -0.12916950161852381     
  0.40000000000000013      -0.90000000000000002      -0.60414227058368175     
  0.50000000000000011      -0.90000000000000002      -0.84683706628817101     
  0.60000000000000009      -0.90000000000000002      -0.76853709683793614     
  0.70000000000000007      -0.90000000000000002      -0.39433471573865725     
  0.80000000000000004      -0.90000000000000002       0.12678994970390997     
  0.90000000000000002      -0.90000000000000002       0.60226817645285824     
   1.0000000000000000      -0.90000000000000002       0.83099946730198182     
  -1.0000000000000000      -0.80000000000000004       0.42350187815224460     
 -0.90000000000000002      -0.80000000000000004       0.37687769749078054     
 -0.80000000000000004      -0.80000000000000004       0.19160218925702457     
 -0.69999999999999996      -0.80000000000000004       -6.3676886226848473E-002
 -0.59999999999999998      -0.80000000000000004      -0.29584161847679663     
 -0.49999999999999994      -0.80000000000000004      -0.41591186682223419     
 -0.39999999999999991      -0.80000000000000004      -0.37617933104033291     
 -0.29999999999999993      -0.80000000000000004      -0.19340994473709971     
 -0.19999999999999993      -0.80000000000000004        6.6060705328096908E-002
  -9.9999999999999978E-002 -0.80000000000000004       0.30715259158365771     
   2.7755575615628914E-017 -0.80000000000000004       0.43099100609521607     
  0.10000000000000009      -0.80000000000000004       0.39019569102749785     
  0.20000000000000009      -0.80000000000000004       0.20010187768783247     
  0.30000000000000016      -0.80000000000000004       -6.5997553723923727E-002
  0.40000000000000013      -0.80000000000000004      -0.30767380044343123     
  0.50000000000000011      -0.80000000000000004      -0.43105894825588176     
  0.60000000000000009      -0.80000000000000004      -0.39104826618481581     
  0.70000000000000007      -0.80000000000000004      -0.20047785443842212     
  0.80000000000000004      -0.80000000000000004        6.4788003872731093E-002
  0.90000000000000002      -0.80000000000000004       0.30672066801938663     
   1.0000000000000000      -0.80000000000000004       0.42299900819855052     
  -1.0000000000000000      -0.69999999999999996      -0.13972588243523243     
 -0.90000000000000002      -0.69999999999999996      -0.12462842719634407     
 -0.80000000000000004      -0.69999999999999996       -6.3676886226850707E-002
 -0.69999999999999996      -0.69999999999999996        2.0542980861529739E-002
 -0.59999999999999998      -0.69999999999999996        9.7319346565398937E-002
 -0.49999999999999994      -0.69999999999999996       0.13721855157460758     
 -0.39999999999999991      -0.69999999999999996       0.12439838022718573     
 -0.29999999999999993      -0.69999999999999996        6.4275972641995055E-002
 -0.19999999999999993      -0.69999999999999996       -2.1312239813340746E-002
  -9.9999999999999978E-002 -0.69999999999999996      -0.10103871488357861     
   2.7755575615628914E-017 -0.69999999999999996      -0.14219122254628414     
  0.10000000000000009      -0.69999999999999996      -0.12903309196555413     
  0.20000000000000009      -0.69999999999999996       -6.6499234457710346E-002
  0.30000000000000016      -0.69999999999999996        2.1290726180537192E-002
  0.40000000000000013      -0.69999999999999996       0.10121175912396536     
  0.50000000000000011      -0.69999999999999996       0.14221612978723461     
  0.60000000000000009      -0.69999999999999996       0.12931707466970718     
  0.70000000000000007      -0.69999999999999996        6.6625384259141870E-002
  0.80000000000000004      -0.69999999999999996       -2.0888356294843563E-002
  0.90000000000000002      -0.69999999999999996      -0.10089569059558966     
   1.0000000000000000      -0.69999999999999996      -0.13955355164600586     
  -1.0000000000000000      -0.59999999999999998      -0.65225616349131010     
 -0.90000000000000002      -0.59999999999999998      -0.58090870669695471     
 -0.80000000000000004      -0.59999999999999998      -0.29584161847678314     
 -0.69999999999999996      -0.59999999999999998        9.7319346565402531E-002
 -0.59999999999999998      -0.59999999999999998       0.45517572621775571     
 -0.49999999999999994      -0.59999999999999998       0.64056130782761256     
 -0.39999999999999991      -0.59999999999999998       0.57983370746251484     
 -0.29999999999999993      -0.59999999999999998       0.29863011890046220     
 -0.19999999999999993      -0.59999999999999998      -0.10096294718661517     
  -9.9999999999999978E-002 -0.59999999999999998      -0.47257619111404947     
   2.7755575615628914E-017 -0.59999999999999998      -0.66378158090821637     
  0.10000000000000009      -0.59999999999999998      -0.60143762820066815     
  0.20000000000000009      -0.59999999999999998      -0.30896156010124282     
  0.30000000000000016      -0.59999999999999998       0.10086458909769261     
  0.40000000000000013      -0.59999999999999998       0.47338067817496832     
  0.50000000000000011      -0.59999999999999998       0.66389024569963750     
  0.60000000000000009      -0.59999999999999998       0.60275507077598589     
  0.70000000000000007      -0.59999999999999998       0.30954401872435161     
  0.80000000000000004      -0.59999999999999998       -9.8996365901148090E-002
  0.90000000000000002      -0.59999999999999998      -0.47191012462982185     
   1.0000000000000000      -0.59999999999999998      -0.65147130040300760     
  -1.0000000000000000      -0.49999999999999994      -0.91764171462104216     
 -0.90000000000000002      -0.49999999999999994      -0.81707964664061739     
 -0.80000000000000004      -0.49999999999999994      -0.41591186682223302     
 -0.69999999999999996      -0.49999999999999994       0.13721855157460638     
 -0.59999999999999998      -0.49999999999999994       0.64056130782760690     
 -0.49999999999999994      -0.49999999999999994       0.90119058780495831     
 -0.39999999999999991      -0.49999999999999994       0.81556702204796061     
 -0.29999999999999993      -0.49999999999999994       0.41983320977814054     
 -0.19999999999999993      -0.49999999999999994      -0.14235582745397529     
  -9.9999999999999978E-002 -0.49999999999999994      -0.66504964619014606     
   2.7755575615628914E-017 -0.49999999999999994      -0.93386011723916773     
  0.10000000000000009      -0.49999999999999994      -0.84595431208387473     
  0.20000000000000009      -0.49999999999999994      -0.43435824065772138     
  0.30000000000000016      -0.49999999999999994       0.14221789042753638     
  0.40000000000000013      -0.49999999999999994       0.66618075487271333     
  0.50000000000000011      -0.49999999999999994       0.93401137708822335     
  0.60000000000000009      -0.49999999999999994       0.84780603803604926     
  0.70000000000000007      -0.49999999999999994       0.43517631981915611     
  0.80000000000000004      -0.49999999999999994      -0.13959168250814646     
  0.90000000000000002      -0.49999999999999994      -0.66411291269180572     
   1.0000000000000000      -0.49999999999999994      -0.91654168031704497     
  -1.0000000000000000      -0.39999999999999991      -0.83045359939723029     
 -0.90000000000000002      -0.39999999999999991      -0.73931315571697320     
 -0.80000000000000004      -0.39999999999999991      -0.37617933104032503     
 -0.69999999999999996      -0.39999999999999991       0.12439838022718373     
 -0.59999999999999998      -0.39999999999999991       0.57983370746251095     
 -0.49999999999999994      -0.39999999999999991       0.81556702204796128     
 -0.39999999999999991      -0.39999999999999991       0.73794408021053604     
 -0.29999999999999993      -0.39999999999999991       0.37972685605703399     
 -0.19999999999999993      -0.39999999999999991      -0.12905558861364255     
  -9.9999999999999978E-002 -0.39999999999999991      -0.60200114281585249     
   2.7755575615628914E-017 -0.39999999999999991      -0.84513362697984251     
  0.10000000000000009      -0.39999999999999991      -0.76543937041595289     
  0.20000000000000009      -0.39999999999999991      -0.39286463356269419     
  0.30000000000000016      -0.39999999999999991       0.12893107379984181     
  0.40000000000000013      -0.39999999999999991       0.60302427634930533     
  0.50000000000000011      -0.39999999999999991       0.84526935274158510     
  0.60000000000000009      -0.39999999999999991       0.76711390137489888     
  0.70000000000000007      -0.39999999999999991       0.39360400265267853     
  0.80000000000000004      -0.39999999999999991      -0.12655593183365973     
  0.90000000000000002      -0.39999999999999991      -0.60115365397487752     
   1.0000000000000000      -0.39999999999999991      -0.82946107817628101     
  -1.0000000000000000      -0.29999999999999993      -0.42749479087710079     
 -0.90000000000000002      -0.29999999999999993      -0.38043180592681730     
 -0.80000000000000004      -0.29999999999999993      -0.19340994473709872     
 -0.69999999999999996      -0.29999999999999993        6.4275972641996221E-002
 -0.59999999999999998      -0.29999999999999993       0.29863011890046365     
 -0.49999999999999994      -0.29999999999999993       0.41983320977814059     
 -0.39999999999999991      -0.29999999999999993       0.37972685605703638     
 -0.29999999999999993      -0.29999999999999993       0.19523475162438553     
 -0.19999999999999993      -0.29999999999999993       -6.6682219891382899E-002
  -9.9999999999999978E-002 -0.29999999999999993      -0.31004770129734610     
   2.7755575615628914E-017 -0.29999999999999993      -0.43505451350556390     
  0.10000000000000009      -0.29999999999999993      -0.39387539511256237     
  0.20000000000000009      -0.29999999999999993      -0.20198982057476139     
  0.30000000000000016      -0.29999999999999993        6.6618470938596505E-002
  0.40000000000000013      -0.29999999999999993       0.31057382725768851     
  0.50000000000000011      -0.29999999999999993       0.43512310309137442     
  0.60000000000000009      -0.29999999999999993       0.39473601601236347     
  0.70000000000000007      -0.29999999999999993       0.20236934791599676     
  0.80000000000000004      -0.29999999999999993       -6.5397507991420037E-002
  0.90000000000000002      -0.29999999999999993      -0.30961170399626975     
   1.0000000000000000      -0.29999999999999993      -0.42698716209829490     
  -1.0000000000000000      -0.19999999999999993       0.14495702830995436     
 -0.90000000000000002      -0.19999999999999993       0.12929424834117836     
 -0.80000000000000004      -0.19999999999999993        6.6060705328074773E-002
 -0.69999999999999996      -0.19999999999999993       -2.1312239813346616E-002
 -0.59999999999999998      -0.19999999999999993      -0.10096294718663916     
 -0.49999999999999994      -0.19999999999999993      -0.14235582745397846     
 -0.39999999999999991      -0.19999999999999993      -0.12905558861364400     
 -0.29999999999999993      -0.19999999999999993       -6.6682219891383399E-002
 -0.19999999999999993      -0.19999999999999993        2.2110304980278956E-002
  -9.9999999999999978E-002 -0.19999999999999993       0.10482156778643946     
   2.7755575615628914E-017 -0.19999999999999993       0.14751466926301551     
  0.10000000000000009      -0.19999999999999993       0.13386381416782225     
  0.20000000000000009      -0.19999999999999993        6.8988712397517735E-002
  0.30000000000000016      -0.19999999999999993       -2.2087985758063519E-002
  0.40000000000000013      -0.19999999999999993      -0.10500109021044106     
  0.50000000000000011      -0.19999999999999993      -0.14754050816064518     
  0.60000000000000009      -0.19999999999999993      -0.13415842783525439     
  0.70000000000000007      -0.19999999999999993       -6.9119584260291939E-002
  0.80000000000000004      -0.19999999999999993        2.1670552843484497E-002
  0.90000000000000002      -0.19999999999999993       0.10467318907302267     
   1.0000000000000000      -0.19999999999999993       0.14477824802076336     
  -1.0000000000000000       -9.9999999999999978E-002  0.67719159795177997     
 -0.90000000000000002       -9.9999999999999978E-002  0.60311723788109950     
 -0.80000000000000004       -9.9999999999999978E-002  0.30715259158365826     
 -0.69999999999999996       -9.9999999999999978E-002 -0.10103871488357780     
 -0.59999999999999998       -9.9999999999999978E-002 -0.47257619111404991     
 -0.49999999999999994       -9.9999999999999978E-002 -0.66504964619014650     
 -0.39999999999999991       -9.9999999999999978E-002 -0.60200114281585748     
 -0.29999999999999993       -9.9999999999999978E-002 -0.31004770129734416     
 -0.19999999999999993       -9.9999999999999978E-002  0.10482156778643828     
  -9.9999999999999978E-002  -9.9999999999999978E-002  0.49064183779438686     
   2.7755575615628914E-017  -9.9999999999999978E-002  0.68915761331815850     
  0.10000000000000009       -9.9999999999999978E-002  0.62443099525926971     
  0.20000000000000009       -9.9999999999999978E-002  0.32077414488194123     
  0.30000000000000016       -9.9999999999999978E-002 -0.10471944791127621     
  0.40000000000000013       -9.9999999999999978E-002 -0.49147708256385569     
  0.50000000000000011       -9.9999999999999978E-002 -0.68927043820737643     
  0.60000000000000009       -9.9999999999999978E-002 -0.62579880939432098     
  0.70000000000000007       -9.9999999999999978E-002 -0.32137887559341577     
  0.80000000000000004       -9.9999999999999978E-002  0.10277979563607439     
  0.90000000000000002       -9.9999999999999978E-002  0.48995030668357920     
   1.0000000000000000       -9.9999999999999978E-002  0.67637671473761107     
  -1.0000000000000000        2.7755575615628914E-017  0.95090763424917402     
 -0.90000000000000002        2.7755575615628914E-017  0.84670108519179321     
 -0.80000000000000004        2.7755575615628914E-017  0.43099100609519908     
 -0.69999999999999996        2.7755575615628914E-017 -0.14219122254628738     
 -0.59999999999999998        2.7755575615628914E-017 -0.66378158090822337     
 -0.49999999999999994        2.7755575615628914E-017 -0.93386011723917672     
 -0.39999999999999991        2.7755575615628914E-017 -0.84513362697984729     
 -0.29999999999999993        2.7755575615628914E-017 -0.43505451350556273     
 -0.19999999999999993        2.7755575615628914E-017  0.14751466926300863     
  -9.9999999999999978E-002   2.7755575615628914E-017  0.68915761331816083     
   2.7755575615628914E-017   2.7755575615628914E-017  0.96771395845837005     
  0.10000000000000009        2.7755575615628914E-017  0.87662254072593870     
  0.20000000000000009        2.7755575615628914E-017  0.45010615559818118     
  0.30000000000000016        2.7755575615628914E-017 -0.14737172928405723     
  0.40000000000000013        2.7755575615628914E-017 -0.69032973040223422     
  0.50000000000000011        2.7755575615628914E-017 -0.96787071086294096     
  0.60000000000000009        2.7755575615628914E-017 -0.87854140447454332     
  0.70000000000000007        2.7755575615628914E-017 -0.45095389910606809     
  0.80000000000000004        2.7755575615628914E-017  0.14465030516414909     
  0.90000000000000002        2.7755575615628914E-017  0.68818691988645542     
   1.0000000000000000        2.7755575615628914E-017  0.94976769844084319     
  -1.0000000000000000       0.10000000000000009       0.86139555164670878     
 -0.90000000000000002       0.10000000000000009       0.76685945623362195     
 -0.80000000000000004       0.10000000000000009       0.39019569102749785     
 -0.69999999999999996       0.10000000000000009      -0.12903309196555304     
 -0.59999999999999998       0.10000000000000009      -0.60143762820066604     
 -0.49999999999999994       0.10000000000000009      -0.84595431208387128     
 -0.39999999999999991       0.10000000000000009      -0.76543937041595245     
 -0.29999999999999993       0.10000000000000009      -0.39387539511256192     
 -0.19999999999999993       0.10000000000000009       0.13386381416782184     
  -9.9999999999999978E-002  0.10000000000000009       0.62443099525927126     
   2.7755575615628914E-017  0.10000000000000009       0.87662254072593648     
  0.10000000000000009       0.10000000000000009       0.79395911608073622     
  0.20000000000000009       0.10000000000000009       0.40750268294394482     
  0.30000000000000016       0.10000000000000009      -0.13373465962811612     
  0.40000000000000013       0.10000000000000009      -0.62549225043182277     
  0.50000000000000011       0.10000000000000009      -0.87676332489641162     
  0.60000000000000009       0.10000000000000009      -0.79569604005052075     
  0.70000000000000007       0.10000000000000009      -0.40826960142284280     
  0.80000000000000004       0.10000000000000009       0.13127102017540238     
  0.90000000000000002       0.10000000000000009       0.62355192946209859     
   1.0000000000000000       0.10000000000000009       0.86036604641488434     
  -1.0000000000000000       0.20000000000000009       0.44228489407929400     
 -0.90000000000000002       0.20000000000000009       0.39359397229570947     
 -0.80000000000000004       0.20000000000000009       0.20010187768784540     
 -0.69999999999999996       0.20000000000000009       -6.6499234457707973E-002
 -0.59999999999999998       0.20000000000000009      -0.30896156010122233     
 -0.49999999999999994       0.20000000000000009      -0.43435824065772261     
 -0.39999999999999991       0.20000000000000009      -0.39286463356269663     
 -0.29999999999999993       0.20000000000000009      -0.20198982057476314     
 -0.19999999999999993       0.20000000000000009        6.8988712397516389E-002
  -9.9999999999999978E-002  0.20000000000000009       0.32077414488193973     
   2.7755575615628914E-017  0.20000000000000009       0.45010615559817546     
  0.10000000000000009       0.20000000000000009       0.40750268294394432     
  0.20000000000000009       0.20000000000000009       0.20897861233779530     
  0.30000000000000016       0.20000000000000009       -6.8922757156050535E-002
  0.40000000000000013       0.20000000000000009      -0.32131847447467204     
  0.50000000000000011       0.20000000000000009      -0.45017712088325762     
  0.60000000000000009       0.20000000000000009      -0.40839308178744727     
  0.70000000000000007       0.20000000000000009      -0.20937127251457066     
  0.80000000000000004       0.20000000000000009        6.7659548794478691E-002
  0.90000000000000002       0.20000000000000009       0.32032306275483002     
   1.0000000000000000       0.20000000000000009       0.44175969585541863     
  -1.0000000000000000       0.30000000000000016      -0.14481657676122087     
 -0.90000000000000002       0.30000000000000016      -0.12916950161852170     
 -0.80000000000000004       0.30000000000000016       -6.5997553723922742E-002
 -0.69999999999999996       0.30000000000000016        2.1290726180537067E-002
 -0.59999999999999998       0.30000000000000016       0.10086458909769280     
 -0.49999999999999994       0.30000000000000016       0.14221789042753630     
 -0.39999999999999991       0.30000000000000016       0.12893107379984384     
 -0.29999999999999993       0.30000000000000016        6.6618470938595367E-002
 -0.19999999999999993       0.30000000000000016       -2.2087985758061431E-002
  -9.9999999999999978E-002  0.30000000000000016      -0.10471944791127522     
   2.7755575615628914E-017  0.30000000000000016      -0.14737172928405479     
  0.10000000000000009       0.30000000000000016      -0.13373465962811534     
  0.20000000000000009       0.30000000000000016       -6.8922757156050687E-002
  0.30000000000000016       0.30000000000000016        2.2065687286671971E-002
  0.40000000000000013       0.30000000000000016       0.10489879838760512     
  0.50000000000000011       0.30000000000000016       0.14739754775663746     
  0.60000000000000009       0.30000000000000016       0.13402899288001635     
  0.70000000000000007       0.30000000000000016        6.9053506218060570E-002
  0.80000000000000004       0.30000000000000016       -2.1648652675911938E-002
  0.90000000000000002       0.30000000000000016      -0.10457121196844785     
   1.0000000000000000       0.30000000000000016      -0.14463795763912074     
  -1.0000000000000000       0.40000000000000013      -0.67834334923699946     
 -0.90000000000000002       0.40000000000000013      -0.60414227058367409     
 -0.80000000000000004       0.40000000000000013      -0.30767380044341219     
 -0.69999999999999996       0.40000000000000013       0.10121175912397086     
 -0.59999999999999998       0.40000000000000013       0.47338067817498869     
 -0.49999999999999994       0.40000000000000013       0.66618075487271688     
 -0.39999999999999991       0.40000000000000013       0.60302427634931643     
 -0.29999999999999993       0.40000000000000013       0.31057382725768490     
 -0.19999999999999993       0.40000000000000013      -0.10500109021042685     
  -9.9999999999999978E-002  0.40000000000000013      -0.49147708256385503     
   2.7755575615628914E-017  0.40000000000000013      -0.69032973040224377     
  0.10000000000000009       0.40000000000000013      -0.62549225043182233     
  0.20000000000000009       0.40000000000000013      -0.32131847447468603     
  0.30000000000000016       0.40000000000000013       0.10489879838760573     
  0.40000000000000013       0.40000000000000013       0.49231374511048082     
  0.50000000000000011       0.40000000000000013       0.69044274076551782     
  0.60000000000000009       0.40000000000000013       0.62686238397519700     
  0.70000000000000007       0.40000000000000013       0.32192422827562228     
  0.80000000000000004       0.40000000000000013      -0.10295585570724503     
  0.90000000000000002       0.40000000000000013      -0.49078437665309194     
   1.0000000000000000       0.40000000000000013      -0.67752709662746369     
  -1.0000000000000000       0.50000000000000011      -0.95106164236073387     
 -0.90000000000000002       0.50000000000000011      -0.84683706628817157     
 -0.80000000000000004       0.50000000000000011      -0.43105894825588281     
 -0.69999999999999996       0.50000000000000011       0.14221612978723316     
 -0.59999999999999998       0.50000000000000011       0.66389024569963928     
 -0.49999999999999994       0.50000000000000011       0.93401137708821935     
 -0.39999999999999991       0.50000000000000011       0.84526935274159021     
 -0.29999999999999993       0.50000000000000011       0.43512310309137270     
 -0.19999999999999993       0.50000000000000011      -0.14754050816064532     
  -9.9999999999999978E-002  0.50000000000000011      -0.68927043820737688     
   2.7755575615628914E-017  0.50000000000000011      -0.96787071086294041     
  0.10000000000000009       0.50000000000000011      -0.87676332489640985     
  0.20000000000000009       0.50000000000000011      -0.45017712088325812     
  0.30000000000000016       0.50000000000000011       0.14739754775663899     
  0.40000000000000013       0.50000000000000011       0.69044274076552248     
  0.50000000000000011       0.50000000000000011       0.96802747861371652     
  0.60000000000000009       0.50000000000000011       0.87868248856711784     
  0.70000000000000007       0.50000000000000011       0.45102499320821998     
  0.80000000000000004       0.50000000000000011      -0.14467569619354259     
  0.90000000000000002       0.50000000000000011      -0.68829958965917104     
   1.0000000000000000       0.50000000000000011      -0.94992154780708804     
  -1.0000000000000000       0.60000000000000009      -0.86328106658213799     
 -0.90000000000000002       0.60000000000000009      -0.76853709683793270     
 -0.80000000000000004       0.60000000000000009      -0.39104826618480365     
 -0.69999999999999996       0.60000000000000009       0.12931707466970629     
 -0.59999999999999998       0.60000000000000009       0.60275507077599011     
 -0.49999999999999994       0.60000000000000009       0.84780603803605181     
 -0.39999999999999991       0.60000000000000009       0.76711390137489854     
 -0.29999999999999993       0.60000000000000009       0.39473601601236358     
 -0.19999999999999993       0.60000000000000009      -0.13415842783525944     
  -9.9999999999999978E-002  0.60000000000000009      -0.62579880939432031     
   2.7755575615628914E-017  0.60000000000000009      -0.87854140447453954     
  0.10000000000000009       0.60000000000000009      -0.79569604005052197     
  0.20000000000000009       0.60000000000000009      -0.40839308178744294     
  0.30000000000000016       0.60000000000000009       0.13402899288001549     
  0.40000000000000013       0.60000000000000009       0.62686238397519145     
  0.50000000000000011       0.60000000000000009       0.87868248856711495     
  0.60000000000000009       0.60000000000000009       0.79743675708420203     
  0.70000000000000007       0.60000000000000009       0.40916167203320475     
  0.80000000000000004       0.60000000000000009      -0.13155997167272990     
  0.90000000000000002       0.60000000000000009      -0.62491782111903182     
   1.0000000000000000       0.60000000000000009      -0.86224932907346052     
  -1.0000000000000000       0.70000000000000007      -0.44311789620480418     
 -0.90000000000000002       0.70000000000000007      -0.39433471573865853     
 -0.80000000000000004       0.70000000000000007      -0.20047785443842064     
 -0.69999999999999996       0.70000000000000007        6.6625384259140968E-002
 -0.59999999999999998       0.70000000000000007       0.30954401872435217     
 -0.49999999999999994       0.70000000000000007       0.43517631981915295     
 -0.39999999999999991       0.70000000000000007       0.39360400265267947     
 -0.29999999999999993       0.70000000000000007       0.20236934791599673     
 -0.19999999999999993       0.70000000000000007       -6.9119584260294825E-002
  -9.9999999999999978E-002  0.70000000000000007      -0.32137887559341577     
   2.7755575615628914E-017  0.70000000000000007      -0.45095389910606859     
  0.10000000000000009       0.70000000000000007      -0.40826960142284136     
  0.20000000000000009       0.70000000000000007      -0.20937127251456733     
  0.30000000000000016       0.70000000000000007        6.9053506218060876E-002
  0.40000000000000013       0.70000000000000007       0.32192422827562422     
  0.50000000000000011       0.70000000000000007       0.45102499320822037     
  0.60000000000000009       0.70000000000000007       0.40916167203320392     
  0.70000000000000007       0.70000000000000007       0.20976466817212996     
  0.80000000000000004       0.70000000000000007       -6.7787925128383372E-002
  0.90000000000000002       0.70000000000000007      -0.32092694489599577     
   1.0000000000000000       0.70000000000000007      -0.44259172124236040     
  -1.0000000000000000       0.80000000000000004       0.14214244497292783     
 -0.90000000000000002       0.80000000000000004       0.12678994970390756     
 -0.80000000000000004       0.80000000000000004        6.4788003872722530E-002
 -0.69999999999999996       0.80000000000000004       -2.0888356294849093E-002
 -0.59999999999999998       0.80000000000000004       -9.8996365901179981E-002
 -0.49999999999999994       0.80000000000000004      -0.13959168250815060     
 -0.39999999999999991       0.80000000000000004      -0.12655593183368202     
 -0.29999999999999993       0.80000000000000004       -6.5397507991418885E-002
 -0.19999999999999993       0.80000000000000004        2.1670552843475861E-002
  -9.9999999999999978E-002  0.80000000000000004       0.10277979563607507     
   2.7755575615628914E-017  0.80000000000000004       0.14465030516417457     
  0.10000000000000009       0.80000000000000004       0.13127102017540745     
  0.20000000000000009       0.80000000000000004        6.7659548794500507E-002
  0.30000000000000016       0.80000000000000004       -2.1648652675912646E-002
  0.40000000000000013       0.80000000000000004      -0.10295585570725839     
  0.50000000000000011       0.80000000000000004      -0.14467569619354587     
  0.60000000000000009       0.80000000000000004      -0.13155997167274816     
  0.70000000000000007       0.80000000000000004       -6.7787925128382567E-002
  0.80000000000000004       0.80000000000000004        2.1239253491614929E-002
  0.90000000000000002       0.80000000000000004       0.10263428667822991     
   1.0000000000000000       0.80000000000000004       0.14196699711702535     
  -1.0000000000000000       0.90000000000000002       0.67623776722024598     
 -0.90000000000000002       0.90000000000000002       0.60226817645285713     
 -0.80000000000000004       0.90000000000000002       0.30672066801938969     
 -0.69999999999999996       0.90000000000000002      -0.10089569059558934     
 -0.59999999999999998       0.90000000000000002      -0.47191012462982357     
 -0.49999999999999994       0.90000000000000002      -0.66411291269180484     
 -0.39999999999999991       0.90000000000000002      -0.60115365397488496     
 -0.29999999999999993       0.90000000000000002      -0.30961170399626736     
 -0.19999999999999993       0.90000000000000002       0.10467318907301813     
  -9.9999999999999978E-002  0.90000000000000002       0.48995030668357603     
   2.7755575615628914E-017  0.90000000000000002       0.68818691988645420     
  0.10000000000000009       0.90000000000000002       0.62355192946209770     
  0.20000000000000009       0.90000000000000002       0.32032306275483458     
  0.30000000000000016       0.90000000000000002      -0.10457121196844815     
  0.40000000000000013       0.90000000000000002      -0.49078437665309227     
  0.50000000000000011       0.90000000000000002      -0.68829958965916904     
  0.60000000000000009       0.90000000000000002      -0.62491782111903749     
  0.70000000000000007       0.90000000000000002      -0.32092694489599499     
  0.80000000000000004       0.90000000000000002       0.10263428667822426     
  0.90000000000000002       0.90000000000000002       0.48925974881107559     
   1.0000000000000000       0.90000000000000002       0.67542402200428886     
  -1.0000000000000000        1.0000000000000000       0.93327305619521783     
 -0.90000000000000002        1.0000000000000000       0.83099946730197416     
 -0.80000000000000004        1.0000000000000000       0.42299900819852609     
 -0.69999999999999996        1.0000000000000000      -0.13955355164600730     
 -0.59999999999999998        1.0000000000000000      -0.65147130040301182     
 -0.49999999999999994        1.0000000000000000      -0.91654168031705019     
 -0.39999999999999991        1.0000000000000000      -0.82946107817628190     
 -0.29999999999999993        1.0000000000000000      -0.42698716209829102     
 -0.19999999999999993        1.0000000000000000       0.14477824802075689     
  -9.9999999999999978E-002   1.0000000000000000       0.67637671473760697     
   2.7755575615628914E-017   1.0000000000000000       0.94976769844083542     
  0.10000000000000009        1.0000000000000000       0.86036604641488490     
  0.20000000000000009        1.0000000000000000       0.44175969585541675     
  0.30000000000000016        1.0000000000000000      -0.14463795763912055     
  0.40000000000000013        1.0000000000000000      -0.67752709662744992     
  0.50000000000000011        1.0000000000000000      -0.94992154780708238     
  0.60000000000000009        1.0000000000000000      -0.86224932907344976     
  0.70000000000000007        1.0000000000000000      -0.44259172124235913     
  0.80000000000000004        1.0000000000000000       0.14196699711699629     
  0.90000000000000002        1.0000000000000000       0.67542402200428542     
   1.0000000000000000        1.0000000000000000       0.93215425042396505     
