  -1.0000000000000000       -1.0000000000000000       0.68713533415628558     
 -0.90000000000000002       -1.0000000000000000       0.79614960719823269     
 -0.80000000000000004       -1.0000000000000000       0.61023518463696580     
 -0.69999999999999996       -1.0000000000000000       0.19833080409352280     
 -0.59999999999999998       -1.0000000000000000      -0.29345263640783714     
 -0.49999999999999994       -1.0000000000000000      -0.67312772085403061     
 -0.39999999999999991       -1.0000000000000000      -0.79638368445182239     
 -0.29999999999999993       -1.0000000000000000      -0.61467890288960980     
 -0.19999999999999993       -1.0000000000000000      -0.19992851773879652     
  -9.9999999999999978E-002  -1.0000000000000000       0.30372074292554041     
   2.7755575615628914E-017  -1.0000000000000000       0.69602572152168551     
  0.10000000000000009       -1.0000000000000000       0.82485495322398683     
  0.20000000000000009       -1.0000000000000000       0.63489519524003912     
  0.30000000000000016       -1.0000000000000000       0.20569114540809288     
  0.40000000000000013       -1.0000000000000000      -0.30684163012976268     
  0.50000000000000011       -1.0000000000000000      -0.69775539037158840     
  0.60000000000000009       -1.0000000000000000      -0.82830844488486732     
  0.70000000000000007       -1.0000000000000000      -0.63697580456985470     
  0.80000000000000004       -1.0000000000000000      -0.20962480405700692     
  0.90000000000000002       -1.0000000000000000       0.30328244321527814     
   1.0000000000000000       -1.0000000000000000       0.68281487394831353     
  -1.0000000000000000      -0.90000000000000002       0.79614960719822614     
 -0.90000000000000002      -0.90000000000000002       0.92226358043617984     
 -0.80000000000000004      -0.90000000000000002       0.70673267806959439     
 -0.69999999999999996      -0.90000000000000002       0.22947781071081569     
 -0.59999999999999998      -0.90000000000000002      -0.34020524186882806     
 -0.49999999999999994      -0.90000000000000002      -0.77992060635454985     
 -0.39999999999999991      -0.90000000000000002      -0.92253292579338397     
 -0.29999999999999993      -0.90000000000000002      -0.71188062025150733     
 -0.19999999999999993      -0.90000000000000002      -0.23132806653827084     
  -9.9999999999999978E-002 -0.90000000000000002       0.35211144196587418     
   2.7755575615628914E-017 -0.90000000000000002       0.80645308954067585     
  0.10000000000000009      -0.90000000000000002       0.95551569831007488     
  0.20000000000000009      -0.90000000000000002       0.73529448413238352     
  0.30000000000000016      -0.90000000000000002       0.23799445725233367     
  0.40000000000000013      -0.90000000000000002      -0.35572434200715802     
  0.50000000000000011      -0.90000000000000002      -0.80845565289600663     
  0.60000000000000009      -0.90000000000000002      -0.95951538753513632     
  0.70000000000000007      -0.90000000000000002      -0.73770314710272256     
  0.80000000000000004      -0.90000000000000002      -0.24255055025620623     
  0.90000000000000002      -0.90000000000000002       0.35160302848706626     
   1.0000000000000000      -0.90000000000000002       0.79114635287672586     
  -1.0000000000000000      -0.80000000000000004       0.61023518463694115     
 -0.90000000000000002      -0.80000000000000004       0.70673267806959583     
 -0.80000000000000004      -0.80000000000000004       0.54142859993972570     
 -0.69999999999999996      -0.80000000000000004       0.17561937533399033     
 -0.59999999999999998      -0.80000000000000004      -0.26092895173683250     
 -0.49999999999999994      -0.80000000000000004      -0.59779671990461847     
 -0.39999999999999991      -0.80000000000000004      -0.70693753296252471     
 -0.29999999999999993      -0.80000000000000004      -0.54537375044771497     
 -0.19999999999999993      -0.80000000000000004      -0.17703676685086087     
  -9.9999999999999978E-002 -0.80000000000000004       0.27006257639694009     
   2.7755575615628914E-017 -0.80000000000000004       0.61813487427437896     
  0.10000000000000009      -0.80000000000000004       0.73221360013054015     
  0.20000000000000009      -0.80000000000000004       0.56331176270218275     
  0.30000000000000016      -0.80000000000000004       0.18213750262845693     
  0.40000000000000013      -0.80000000000000004      -0.27282914405515762     
  0.50000000000000011      -0.80000000000000004      -0.61966851014939361     
  0.60000000000000009      -0.80000000000000004      -0.73527784383191597     
  0.70000000000000007      -0.80000000000000004      -0.56515622545245259     
  0.80000000000000004      -0.80000000000000004      -0.18562826997113194     
  0.90000000000000002      -0.80000000000000004       0.26967239355873901     
   1.0000000000000000      -0.80000000000000004       0.60640253424151003     
  -1.0000000000000000      -0.69999999999999996       0.19833080409352422     
 -0.90000000000000002      -0.69999999999999996       0.22947781071081602     
 -0.80000000000000004      -0.69999999999999996       0.17561937533399014     
 -0.69999999999999996      -0.69999999999999996        5.6726878865875720E-002
 -0.59999999999999998      -0.69999999999999996       -8.5020009572627009E-002
 -0.49999999999999994      -0.69999999999999996      -0.19428923375107010     
 -0.39999999999999991      -0.69999999999999996      -0.22954233130539967     
 -0.29999999999999993      -0.69999999999999996      -0.17690072508448468     
 -0.19999999999999993      -0.69999999999999996       -5.7186510269050222E-002
  -9.9999999999999978E-002 -0.69999999999999996        8.7998480308057736E-002
   2.7755575615628914E-017 -0.69999999999999996       0.20090115969999911     
  0.10000000000000009      -0.69999999999999996       0.23775120290294605     
  0.20000000000000009      -0.69999999999999996       0.18271996329669235     
  0.30000000000000016      -0.69999999999999996        5.8832738106742506E-002
  0.40000000000000013      -0.69999999999999996       -8.8894199949071509E-002
  0.50000000000000011      -0.69999999999999996      -0.20139792957021410     
  0.60000000000000009      -0.69999999999999996      -0.23874523066499359     
  0.70000000000000007      -0.69999999999999996      -0.18331718366647651     
  0.80000000000000004      -0.69999999999999996       -5.9965453154326762E-002
  0.90000000000000002      -0.69999999999999996        8.7871031910313341E-002
   1.0000000000000000      -0.69999999999999996       0.19708808361853516     
  -1.0000000000000000      -0.59999999999999998      -0.29345263640782071     
 -0.90000000000000002      -0.59999999999999998      -0.34020524186882178     
 -0.80000000000000004      -0.59999999999999998      -0.26092895173681008     
 -0.69999999999999996      -0.59999999999999998       -8.5020009572625774E-002
 -0.59999999999999998      -0.59999999999999998       0.12512683344214376     
 -0.49999999999999994      -0.59999999999999998       0.28746952171354534     
 -0.39999999999999991      -0.59999999999999998       0.34030708430583473     
 -0.29999999999999993      -0.59999999999999998       0.26282749258307031     
 -0.19999999999999993      -0.59999999999999998        8.5703279248206615E-002
  -9.9999999999999978E-002 -0.59999999999999998      -0.12950290906807324     
   2.7755575615628914E-017 -0.59999999999999998      -0.29724678272242633     
  0.10000000000000009      -0.59999999999999998      -0.35247171119050480     
  0.20000000000000009      -0.59999999999999998      -0.27147098806930808     
  0.30000000000000016      -0.59999999999999998       -8.8174827773831205E-002
  0.40000000000000013      -0.59999999999999998       0.13083886564529160     
  0.50000000000000011      -0.59999999999999998       0.29798699088571612     
  0.60000000000000009      -0.59999999999999998       0.35394828949617679     
  0.70000000000000007      -0.59999999999999998       0.27236159103724011     
  0.80000000000000004      -0.59999999999999998        8.9856411054769825E-002
  0.90000000000000002      -0.59999999999999998      -0.12931630550022177     
   1.0000000000000000      -0.59999999999999998      -0.29160485253626101     
  -1.0000000000000000      -0.49999999999999994      -0.67312772085402695     
 -0.90000000000000002      -0.49999999999999994      -0.77992060635455307     
 -0.80000000000000004      -0.49999999999999994      -0.59779671990461547     
 -0.69999999999999996      -0.49999999999999994      -0.19428923375107207     
 -0.59999999999999998      -0.49999999999999994       0.28746952171354362     
 -0.49999999999999994      -0.49999999999999994       0.65940565569628184     
 -0.39999999999999991      -0.49999999999999994       0.78014992066531241     
 -0.29999999999999993      -0.49999999999999994       0.60214985430750689     
 -0.19999999999999993      -0.49999999999999994       0.19585438161273647     
  -9.9999999999999978E-002 -0.49999999999999994      -0.29752826463888460     
   2.7755575615628914E-017 -0.49999999999999994      -0.68183686055968018     
  0.10000000000000009      -0.49999999999999994      -0.80804081364821334     
  0.20000000000000009      -0.49999999999999994      -0.62195407312711581     
  0.30000000000000016      -0.49999999999999994      -0.20149958470778417     
  0.40000000000000013      -0.49999999999999994       0.30058554568972462     
  0.50000000000000011      -0.49999999999999994       0.68353127639626499     
  0.60000000000000009      -0.49999999999999994       0.81142391212996767     
  0.70000000000000007      -0.49999999999999994       0.62399227778482014     
  0.80000000000000004      -0.49999999999999994       0.20535306144861037     
  0.90000000000000002      -0.49999999999999994      -0.29709890263339644     
   1.0000000000000000      -0.49999999999999994      -0.66889532294505316     
  -1.0000000000000000      -0.39999999999999991      -0.79638368445178942     
 -0.90000000000000002      -0.39999999999999991      -0.92253292579337287     
 -0.80000000000000004      -0.39999999999999991      -0.70693753296250528     
 -0.69999999999999996      -0.39999999999999991      -0.22954233130539972     
 -0.59999999999999998      -0.39999999999999991       0.34030708430584078     
 -0.49999999999999994      -0.39999999999999991       0.78014992066531064     
 -0.39999999999999991      -0.39999999999999991       0.92280233303465109     
 -0.29999999999999993      -0.39999999999999991       0.71208698151409000     
 -0.19999999999999993      -0.39999999999999991       0.23139312243348623     
  -9.9999999999999978E-002 -0.39999999999999991      -0.35221686884858838     
   2.7755575615628914E-017 -0.39999999999999991      -0.80669022052120531     
  0.10000000000000009      -0.39999999999999991      -0.95579475214928966     
  0.20000000000000009      -0.39999999999999991      -0.73550763900794902     
  0.30000000000000016      -0.39999999999999991      -0.23806137607684202     
  0.40000000000000013      -0.39999999999999991       0.35583080223068403     
  0.50000000000000011      -0.39999999999999991       0.80869335858220071     
  0.60000000000000009      -0.39999999999999991       0.95979560156748711     
  0.70000000000000007      -0.39999999999999991       0.73791699129525623     
  0.80000000000000004      -0.39999999999999991       0.24261879339749010     
  0.90000000000000002      -0.39999999999999991      -0.35170830053573959     
   1.0000000000000000      -0.39999999999999991      -0.79137898365645465     
  -1.0000000000000000      -0.29999999999999993      -0.61467890288960558     
 -0.90000000000000002      -0.29999999999999993      -0.71188062025150911     
 -0.80000000000000004      -0.29999999999999993      -0.54537375044771141     
 -0.69999999999999996      -0.29999999999999993      -0.17690072508448468     
 -0.59999999999999998      -0.29999999999999993       0.26282749258307148     
 -0.49999999999999994      -0.29999999999999993       0.60214985430750689     
 -0.39999999999999991      -0.29999999999999993       0.71208698151409378     
 -0.29999999999999993      -0.29999999999999993       0.54934763559897803     
 -0.19999999999999993      -0.29999999999999993       0.17832844547853960     
  -9.9999999999999978E-002 -0.29999999999999993      -0.27202755717174831     
   2.7755575615628914E-017 -0.29999999999999993      -0.62263609725893976     
  0.10000000000000009      -0.29999999999999993      -0.73754715134308080     
  0.20000000000000009      -0.29999999999999993      -0.56741634841703759     
  0.30000000000000016      -0.29999999999999993      -0.18346640666500638     
  0.40000000000000013      -0.29999999999999993       0.27481429540539115     
  0.50000000000000011      -0.29999999999999993       0.62418091296044209     
  0.60000000000000009      -0.29999999999999993       0.74063372216650813     
  0.70000000000000007      -0.29999999999999993       0.56927425843572665     
  0.80000000000000004      -0.29999999999999993       0.18698260662959656     
  0.90000000000000002      -0.29999999999999993      -0.27163453758175449     
   1.0000000000000000      -0.29999999999999993      -0.61081832245595280     
  -1.0000000000000000      -0.19999999999999993      -0.19992851773880388     
 -0.90000000000000002      -0.19999999999999993      -0.23132806653827234     
 -0.80000000000000004      -0.19999999999999993      -0.17703676685087746     
 -0.69999999999999996      -0.19999999999999993       -5.7186510269053414E-002
 -0.59999999999999998      -0.19999999999999993        8.5703279248185424E-002
 -0.49999999999999994      -0.19999999999999993       0.19585438161273383     
 -0.39999999999999991      -0.19999999999999993       0.23139312243348525     
 -0.29999999999999993      -0.19999999999999993       0.17832844547853807     
 -0.19999999999999993      -0.19999999999999993        5.7649852363819358E-002
  -9.9999999999999978E-002 -0.19999999999999993       -8.8705668582062705E-002
   2.7755575615628914E-017 -0.19999999999999993      -0.20251955769756605     
  0.10000000000000009      -0.19999999999999993      -0.23966816873867899     
  0.20000000000000009      -0.19999999999999993      -0.18419464351160786     
  0.30000000000000016      -0.19999999999999993       -5.9309428969120059E-002
  0.40000000000000013      -0.19999999999999993        8.9608630037334047E-002
  0.50000000000000011      -0.19999999999999993       0.20302034214015494     
  0.60000000000000009      -0.19999999999999993       0.24067021842760691     
  0.70000000000000007      -0.19999999999999993       0.18479669190166620     
  0.80000000000000004      -0.19999999999999993        6.0451282728553483E-002
  0.90000000000000002      -0.19999999999999993       -8.8577198336327670E-002
   1.0000000000000000      -0.19999999999999993      -0.19867576407048507     
  -1.0000000000000000       -9.9999999999999978E-002  0.30372074292553597     
 -0.90000000000000002       -9.9999999999999978E-002  0.35211144196587396     
 -0.80000000000000004       -9.9999999999999978E-002  0.27006257639694020     
 -0.69999999999999996       -9.9999999999999978E-002   8.7998480308057264E-002
 -0.59999999999999998       -9.9999999999999978E-002 -0.12950290906807574     
 -0.49999999999999994       -9.9999999999999978E-002 -0.29752826463888632     
 -0.39999999999999991       -9.9999999999999978E-002 -0.35221686884859382     
 -0.29999999999999993       -9.9999999999999978E-002 -0.27202755717174620     
 -0.19999999999999993       -9.9999999999999978E-002  -8.8705668582064134E-002
  -9.9999999999999978E-002  -9.9999999999999978E-002  0.13403200518412542     
   2.7755575615628914E-017  -9.9999999999999978E-002  0.30764761952524500     
  0.10000000000000009       -9.9999999999999978E-002  0.36480720556762603     
  0.20000000000000009       -9.9999999999999978E-002  0.28097360357754381     
  0.30000000000000016       -9.9999999999999978E-002   9.1263815536904463E-002
  0.40000000000000013       -9.9999999999999978E-002 -0.13541474271604723     
  0.50000000000000011       -9.9999999999999978E-002 -0.30841374508297431     
  0.60000000000000009       -9.9999999999999978E-002 -0.36633546940323064     
  0.70000000000000007       -9.9999999999999978E-002 -0.28189539213122539     
  0.80000000000000004       -9.9999999999999978E-002  -9.3004256969385676E-002
  0.90000000000000002       -9.9999999999999978E-002  0.13383887870713698     
   1.0000000000000000       -9.9999999999999978E-002  0.30180827418761907     
  -1.0000000000000000        2.7755575615628914E-017  0.69602572152164544     
 -0.90000000000000002        2.7755575615628914E-017  0.80645308954067063     
 -0.80000000000000004        2.7755575615628914E-017  0.61813487427435554     
 -0.69999999999999996        2.7755575615628914E-017  0.20090115969999611     
 -0.59999999999999998        2.7755575615628914E-017 -0.29724678272244409     
 -0.49999999999999994        2.7755575615628914E-017 -0.68183686055968806     
 -0.39999999999999991        2.7755575615628914E-017 -0.80669022052120898     
 -0.29999999999999993        2.7755575615628914E-017 -0.62263609725894009     
 -0.19999999999999993        2.7755575615628914E-017 -0.20251955769757249     
  -9.9999999999999978E-002   2.7755575615628914E-017  0.30764761952524600     
   2.7755575615628914E-017   2.7755575615628914E-017  0.70503110026318638     
  0.10000000000000009        2.7755575615628914E-017  0.83552993381485419     
  0.20000000000000009        2.7755575615628914E-017  0.64311408607004983     
  0.30000000000000016        2.7755575615628914E-017  0.20835688528826479     
  0.40000000000000013        2.7755575615628914E-017 -0.31080892778361902     
  0.50000000000000011        2.7755575615628914E-017 -0.70678316858910029     
  0.60000000000000009        2.7755575615628914E-017 -0.83902813080052563     
  0.70000000000000007        2.7755575615628914E-017 -0.64522164243304048     
  0.80000000000000004        2.7755575615628914E-017 -0.21234146104013676     
  0.90000000000000002        2.7755575615628914E-017  0.30720365671962946     
   1.0000000000000000        2.7755575615628914E-017  0.69164932608874419     
  -1.0000000000000000       0.10000000000000009       0.82485495322398250     
 -0.90000000000000002       0.10000000000000009       0.95551569831007654     
 -0.80000000000000004       0.10000000000000009       0.73221360013053871     
 -0.69999999999999996       0.10000000000000009       0.23775120290294754     
 -0.59999999999999998       0.10000000000000009      -0.35247171119050252     
 -0.49999999999999994       0.10000000000000009      -0.80804081364821001     
 -0.39999999999999991       0.10000000000000009      -0.95579475214929133     
 -0.29999999999999993       0.10000000000000009      -0.73754715134307947     
 -0.19999999999999993       0.10000000000000009      -0.23966816873868133     
  -9.9999999999999978E-002  0.10000000000000009       0.36480720556762658     
   2.7755575615628914E-017  0.10000000000000009       0.83552993381485174     
  0.10000000000000009       0.10000000000000009       0.98996671741566566     
  0.20000000000000009       0.10000000000000009       0.76180519243467948     
  0.30000000000000016       0.10000000000000009       0.24657490176008579     
  0.40000000000000013       0.10000000000000009      -0.36855036482445314     
  0.50000000000000011       0.10000000000000009      -0.83760469774610569     
  0.60000000000000009       0.10000000000000009      -0.99411061375321785     
  0.70000000000000007       0.10000000000000009      -0.76430069719341287     
  0.80000000000000004       0.10000000000000009      -0.25129526322914819     
  0.90000000000000002       0.10000000000000009       0.36428046026941230     
   1.0000000000000000       0.10000000000000009       0.81967130947485811     
  -1.0000000000000000       0.20000000000000009       0.63489519524001226     
 -0.90000000000000002       0.20000000000000009       0.73529448413238341     
 -0.80000000000000004       0.20000000000000009       0.56331176270218186     
 -0.69999999999999996       0.20000000000000009       0.18271996329669493     
 -0.59999999999999998       0.20000000000000009      -0.27147098806928793     
 -0.49999999999999994       0.20000000000000009      -0.62195407312711770     
 -0.39999999999999991       0.20000000000000009      -0.73550763900794491     
 -0.29999999999999993       0.20000000000000009      -0.56741634841704058     
 -0.19999999999999993       0.20000000000000009      -0.18419464351161091     
  -9.9999999999999978E-002  0.20000000000000009       0.28097360357754153     
   2.7755575615628914E-017  0.20000000000000009       0.64311408607003895     
  0.10000000000000009       0.20000000000000009       0.76180519243467848     
  0.20000000000000009       0.20000000000000009       0.58607936080435141     
  0.30000000000000016       0.20000000000000009       0.18950162488338601     
  0.40000000000000013       0.20000000000000009      -0.28385200629604562     
  0.50000000000000011       0.20000000000000009      -0.64470971482912054     
  0.60000000000000009       0.20000000000000009      -0.76499328403003608     
  0.70000000000000007       0.20000000000000009      -0.58799838312721697     
  0.80000000000000004       0.20000000000000009      -0.19313347556624608     
  0.90000000000000002       0.20000000000000009       0.28056765990949734     
   1.0000000000000000       0.20000000000000009       0.63090763414922890     
  -1.0000000000000000       0.30000000000000016       0.20569114540809114     
 -0.90000000000000002       0.30000000000000016       0.23799445725233448     
 -0.80000000000000004       0.30000000000000016       0.18213750262845729     
 -0.69999999999999996       0.30000000000000016        5.8832738106742985E-002
 -0.59999999999999998       0.30000000000000016       -8.8174827773830372E-002
 -0.49999999999999994       0.30000000000000016      -0.20149958470778220     
 -0.39999999999999991       0.30000000000000016      -0.23806137607683950     
 -0.29999999999999993       0.30000000000000016      -0.18346640666500730     
 -0.19999999999999993       0.30000000000000016       -5.9309428969117402E-002
  -9.9999999999999978E-002  0.30000000000000016        9.1263815536905241E-002
   2.7755575615628914E-017  0.30000000000000016       0.20835688528826668     
  0.10000000000000009       0.30000000000000016       0.24657490176008667     
  0.20000000000000009       0.30000000000000016       0.18950162488338468     
  0.30000000000000016       0.30000000000000016        6.1016771884629381E-002
  0.40000000000000013       0.30000000000000016       -9.2192782914286772E-002
  0.50000000000000011       0.30000000000000016      -0.20887209406760868     
  0.60000000000000009       0.30000000000000016      -0.24760582275249923     
  0.70000000000000007       0.30000000000000016      -0.19012101307604051     
  0.80000000000000004       0.30000000000000016       -6.2191526927727975E-002
  0.90000000000000002       0.30000000000000016        9.1131638510105611E-002
   1.0000000000000000       0.30000000000000016       0.20440230043853502     
  -1.0000000000000000       0.40000000000000013      -0.30684163012971921     
 -0.90000000000000002       0.40000000000000013      -0.35572434200714997     
 -0.80000000000000004       0.40000000000000013      -0.27282914405513370     
 -0.69999999999999996       0.40000000000000013       -8.8894199949066610E-002
 -0.59999999999999998       0.40000000000000013       0.13083886564531300     
 -0.49999999999999994       0.40000000000000013       0.30058554568972606     
 -0.39999999999999991       0.40000000000000013       0.35583080223068930     
 -0.29999999999999993       0.40000000000000013       0.27481429540538821     
 -0.19999999999999993       0.40000000000000013        8.9608630037345455E-002
  -9.9999999999999978E-002  0.40000000000000013      -0.13541474271604645     
   2.7755575615628914E-017  0.40000000000000013      -0.31080892778362368     
  0.10000000000000009       0.40000000000000013      -0.36855036482445414     
  0.20000000000000009       0.40000000000000013      -0.28385200629606400     
  0.30000000000000016       0.40000000000000013       -9.2192782914285218E-002
  0.40000000000000013       0.40000000000000013       0.13681160529410846     
  0.50000000000000011       0.40000000000000013       0.31158288510698129     
  0.60000000000000009       0.40000000000000013       0.37009428693734059     
  0.70000000000000007       0.40000000000000013       0.28478321225050351     
  0.80000000000000004       0.40000000000000013        9.3951064427777509E-002
  0.90000000000000002       0.40000000000000013      -0.13521961634689331     
   1.0000000000000000       0.40000000000000013      -0.30490958059681794     
  -1.0000000000000000       0.50000000000000011      -0.69775539037158385     
 -0.90000000000000002       0.50000000000000011      -0.80845565289600685     
 -0.80000000000000004       0.50000000000000011      -0.61966851014939506     
 -0.69999999999999996       0.50000000000000011      -0.20139792957021424     
 -0.59999999999999998       0.50000000000000011       0.29798699088571717     
 -0.49999999999999994       0.50000000000000011       0.68353127639626243     
 -0.39999999999999991       0.50000000000000011       0.80869335858220692     
 -0.29999999999999993       0.50000000000000011       0.62418091296043932     
 -0.19999999999999993       0.50000000000000011       0.20302034214015630     
  -9.9999999999999978E-002  0.50000000000000011      -0.30841374508297370     
   2.7755575615628914E-017  0.50000000000000011      -0.70678316858909951     
  0.10000000000000009       0.50000000000000011      -0.83760469774610358     
  0.20000000000000009       0.50000000000000011      -0.64470971482912154     
  0.30000000000000016       0.50000000000000011      -0.20887209406760721     
  0.40000000000000013       0.50000000000000011       0.31158288510698368     
  0.50000000000000011       0.50000000000000011       0.70853957908712173     
  0.60000000000000009       0.50000000000000011       0.84111157473289577     
  0.70000000000000007       0.50000000000000011       0.64682249271957670     
  0.80000000000000004       0.50000000000000011       0.21286655896368153     
  0.90000000000000002       0.50000000000000011      -0.30796867450677068     
   1.0000000000000000       0.50000000000000011      -0.69336813996713853     
  -1.0000000000000000       0.60000000000000009      -0.82830844488481414     
 -0.90000000000000002       0.60000000000000009      -0.95951538753513055     
 -0.80000000000000004       0.60000000000000009      -0.73527784383189165     
 -0.69999999999999996       0.60000000000000009      -0.23874523066499315     
 -0.59999999999999998       0.60000000000000009       0.35394828949617824     
 -0.49999999999999994       0.60000000000000009       0.81142391212997245     
 -0.39999999999999991       0.60000000000000009       0.95979560156748245     
 -0.29999999999999993       0.60000000000000009       0.74063372216650947     
 -0.19999999999999993       0.60000000000000009       0.24067021842760677     
  -9.9999999999999978E-002  0.60000000000000009      -0.36633546940322936     
   2.7755575615628914E-017  0.60000000000000009      -0.83902813080051597     
  0.10000000000000009       0.60000000000000009      -0.99411061375321641     
  0.20000000000000009       0.60000000000000009      -0.76499328403003508     
  0.30000000000000016       0.60000000000000009      -0.24760582275250115     
  0.40000000000000013       0.60000000000000009       0.37009428693733148     
  0.50000000000000011       0.60000000000000009       0.84111157473289377     
  0.60000000000000009       0.60000000000000009       0.99827185232527593     
  0.70000000000000007       0.60000000000000009       0.76749922806010829     
  0.80000000000000004       0.60000000000000009       0.25234594025738172     
  0.90000000000000002       0.60000000000000009      -0.36580651623641741     
   1.0000000000000000       0.60000000000000009      -0.82310310984954460     
  -1.0000000000000000       0.70000000000000007      -0.63697580456985181     
 -0.90000000000000002       0.70000000000000007      -0.73770314710272233     
 -0.80000000000000004       0.70000000000000007      -0.56515622545245237     
 -0.69999999999999996       0.70000000000000007      -0.18331718366647681     
 -0.59999999999999998       0.70000000000000007       0.27236159103724045     
 -0.49999999999999994       0.70000000000000007       0.62399227778481603     
 -0.39999999999999991       0.70000000000000007       0.73791699129525912     
 -0.29999999999999993       0.70000000000000007       0.56927425843572221     
 -0.19999999999999993       0.70000000000000007       0.18479669190166553     
  -9.9999999999999978E-002  0.70000000000000007      -0.28189539213122555     
   2.7755575615628914E-017  0.70000000000000007      -0.64522164243304259     
  0.10000000000000009       0.70000000000000007      -0.76430069719340954     
  0.20000000000000009       0.70000000000000007      -0.58799838312721520     
  0.30000000000000016       0.70000000000000007      -0.19012101307603985     
  0.40000000000000013       0.70000000000000007       0.28478321225050784     
  0.50000000000000011       0.70000000000000007       0.64682249271957737     
  0.60000000000000009       0.70000000000000007       0.76749922806011062     
  0.70000000000000007       0.70000000000000007       0.58992368422373320     
  0.80000000000000004       0.70000000000000007       0.19376475755206915     
  0.90000000000000002       0.70000000000000007      -0.28148811529631301     
   1.0000000000000000       0.70000000000000007      -0.63297518894402593     
  -1.0000000000000000       0.80000000000000004      -0.20962480405702291     
 -0.90000000000000002       0.80000000000000004      -0.24255055025620770     
 -0.80000000000000004       0.80000000000000004      -0.18562826997113308     
 -0.69999999999999996       0.80000000000000004       -5.9965453154331140E-002
 -0.59999999999999998       0.80000000000000004        8.9856411054749535E-002
 -0.49999999999999994       0.80000000000000004       0.20535306144860818     
 -0.39999999999999991       0.80000000000000004       0.24261879339747233     
 -0.29999999999999993       0.80000000000000004       0.18698260662959812     
 -0.19999999999999993       0.80000000000000004        6.0451282728536747E-002
  -9.9999999999999978E-002  0.80000000000000004       -9.3004256969386398E-002
   2.7755575615628914E-017  0.80000000000000004      -0.21234146104012211     
  0.10000000000000009       0.80000000000000004      -0.25129526322914486     
  0.20000000000000009       0.80000000000000004      -0.19313347556622038     
  0.30000000000000016       0.80000000000000004       -6.2191526927729231E-002
  0.40000000000000013       0.80000000000000004        9.3951064427770334E-002
  0.50000000000000011       0.80000000000000004       0.21286655896367948     
  0.60000000000000009       0.80000000000000004       0.25234594025736057     
  0.70000000000000007       0.80000000000000004       0.19376475755207026     
  0.80000000000000004       0.80000000000000004        6.3388787333251387E-002
  0.90000000000000002       0.80000000000000004       -9.2869565969296561E-002
   1.0000000000000000       0.80000000000000004      -0.20831124789151445     
  -1.0000000000000000       0.90000000000000002       0.30328244321527725     
 -0.90000000000000002       0.90000000000000002       0.35160302848706537     
 -0.80000000000000004       0.90000000000000002       0.26967239355874056     
 -0.69999999999999996       0.90000000000000002        8.7871031910312702E-002
 -0.59999999999999998       0.90000000000000002      -0.12931630550022344     
 -0.49999999999999994       0.90000000000000002      -0.29709890263339683     
 -0.39999999999999991       0.90000000000000002      -0.35170830053574764     
 -0.29999999999999993       0.90000000000000002      -0.27163453758175210     
 -0.19999999999999993       0.90000000000000002       -8.8577198336330543E-002
  -9.9999999999999978E-002  0.90000000000000002       0.13383887870713526     
   2.7755575615628914E-017  0.90000000000000002       0.30720365671962940     
  0.10000000000000009       0.90000000000000002       0.36428046026941180     
  0.20000000000000009       0.90000000000000002       0.28056765990950278     
  0.30000000000000016       0.90000000000000002        9.1131638510105042E-002
  0.40000000000000013       0.90000000000000002      -0.13521961634689275     
  0.50000000000000011       0.90000000000000002      -0.30796867450676979     
  0.60000000000000009       0.90000000000000002      -0.36580651623642318     
  0.70000000000000007       0.90000000000000002      -0.28148811529631146     
  0.80000000000000004       0.90000000000000002       -9.2869565969300266E-002
  0.90000000000000002       0.90000000000000002       0.13364603010822843     
   1.0000000000000000       0.90000000000000002       0.30137273816617616     
  -1.0000000000000000        1.0000000000000000       0.68281487394824403     
 -0.90000000000000002        1.0000000000000000       0.79114635287671942     
 -0.80000000000000004        1.0000000000000000       0.60640253424147894     
 -0.69999999999999996        1.0000000000000000       0.19708808361853272     
 -0.59999999999999998        1.0000000000000000      -0.29160485253628082     
 -0.49999999999999994        1.0000000000000000      -0.66889532294505816     
 -0.39999999999999991        1.0000000000000000      -0.79137898365645865     
 -0.29999999999999993        1.0000000000000000      -0.61081832245594891     
 -0.19999999999999993        1.0000000000000000      -0.19867576407048923     
  -9.9999999999999978E-002   1.0000000000000000       0.30180827418761552     
   2.7755575615628914E-017   1.0000000000000000       0.69164932608874163     
  0.10000000000000009        1.0000000000000000       0.81967130947485822     
  0.20000000000000009        1.0000000000000000       0.63090763414923134     
  0.30000000000000016        1.0000000000000000       0.20440230043853411     
  0.40000000000000013        1.0000000000000000      -0.30490958059681494     
  0.50000000000000011        1.0000000000000000      -0.69336813996713453     
  0.60000000000000009        1.0000000000000000      -0.82310310984954782     
  0.70000000000000007        1.0000000000000000      -0.63297518894402482     
  0.80000000000000004        1.0000000000000000      -0.20831124789153183     
  0.90000000000000002        1.0000000000000000       0.30137273816617383     
   1.0000000000000000        1.0000000000000000       0.67852154335579262     
