  -1.0000000000000000       -1.0000000000000000       0.71789089049482435     
 -0.90000000000000002       -1.0000000000000000       0.81382027753779329     
 -0.80000000000000004       -1.0000000000000000       0.60887208640505708     
 -0.69999999999999996       -1.0000000000000000       0.18343260879632170     
 -0.59999999999999998       -1.0000000000000000      -0.33412201842129569     
 -0.49999999999999994       -1.0000000000000000      -0.72559095919426797     
 -0.39999999999999991       -1.0000000000000000      -0.84620071060348112     
 -0.29999999999999993       -1.0000000000000000      -0.63837938880386880     
 -0.19999999999999993       -1.0000000000000000      -0.19351365039067436     
  -9.9999999999999978E-002  -1.0000000000000000       0.33107780452471647     
   2.7755575615628914E-017  -1.0000000000000000       0.72151609575724829     
  0.10000000000000009       -1.0000000000000000       0.84293474393904066     
  0.20000000000000009       -1.0000000000000000       0.63346747167585549     
  0.30000000000000016       -1.0000000000000000       0.18983311341654618     
  0.40000000000000013       -1.0000000000000000      -0.33662574349941599     
  0.50000000000000011       -1.0000000000000000      -0.72566685720536250     
  0.60000000000000009       -1.0000000000000000      -0.84904955379410285     
  0.70000000000000007       -1.0000000000000000      -0.63844585710483504     
  0.80000000000000004       -1.0000000000000000      -0.19670908217754632     
  0.90000000000000002       -1.0000000000000000       0.33022183054772136     
   1.0000000000000000       -1.0000000000000000       0.70694329080028173     
  -1.0000000000000000      -0.90000000000000002       0.81382027753778874     
 -0.90000000000000002      -0.90000000000000002       0.92249268755576974     
 -0.80000000000000004      -0.90000000000000002       0.69011078266372583     
 -0.69999999999999996      -0.90000000000000002       0.20782056894119347     
 -0.59999999999999998      -0.90000000000000002      -0.37884890602219057     
 -0.49999999999999994      -0.90000000000000002      -0.82255006041044709     
 -0.39999999999999991      -0.90000000000000002      -0.95919690072454789     
 -0.29999999999999993      -0.90000000000000002      -0.72355634983704020     
 -0.19999999999999993      -0.90000000000000002      -0.21924323350098188     
  -9.9999999999999978E-002 -0.90000000000000002       0.37539826996161441     
   2.7755575615628914E-017 -0.90000000000000002       0.81793181078849464     
  0.10000000000000009      -0.90000000000000002       0.95549498519776432     
  0.20000000000000009      -0.90000000000000002       0.71798889071541738     
  0.30000000000000016      -0.90000000000000002       0.21507187019951635     
  0.40000000000000013      -0.90000000000000002      -0.38168660648461183     
  0.50000000000000011      -0.90000000000000002      -0.82263606970748060     
  0.60000000000000009      -0.90000000000000002      -0.96242586949665254     
  0.70000000000000007      -0.90000000000000002      -0.72363167109716953     
  0.80000000000000004      -0.90000000000000002      -0.22286552132962961     
  0.90000000000000002      -0.90000000000000002       0.37442787418566675     
   1.0000000000000000      -0.90000000000000002       0.80141142401971499     
  -1.0000000000000000      -0.80000000000000004       0.60887208640503687     
 -0.90000000000000002      -0.80000000000000004       0.69011078266372838     
 -0.80000000000000004      -0.80000000000000004       0.51620944523805334     
 -0.69999999999999996      -0.80000000000000004       0.15537606459815620     
 -0.59999999999999998      -0.80000000000000004      -0.28351094871687249     
 -0.49999999999999994      -0.80000000000000004      -0.61540408883216302     
 -0.39999999999999991      -0.80000000000000004      -0.71756888016494902     
 -0.29999999999999993      -0.80000000000000004      -0.54122814732478164     
 -0.19999999999999993      -0.80000000000000004      -0.16391731746199345     
  -9.9999999999999978E-002 -0.80000000000000004       0.28092962282027778     
   2.7755575615628914E-017 -0.80000000000000004       0.61194985841546201     
  0.10000000000000009      -0.80000000000000004       0.71479964791449446     
  0.20000000000000009      -0.80000000000000004       0.53706348612473365     
  0.30000000000000016      -0.80000000000000004       0.16079731576674289     
  0.40000000000000013      -0.80000000000000004      -0.28563350230166296     
  0.50000000000000011      -0.80000000000000004      -0.61546841113412165     
  0.60000000000000009      -0.80000000000000004      -0.71998419619051679     
  0.70000000000000007      -0.80000000000000004      -0.54128447472419650     
  0.80000000000000004      -0.80000000000000004      -0.16662726594060376     
  0.90000000000000002      -0.80000000000000004       0.28020357065646273     
   1.0000000000000000      -0.80000000000000004       0.59958964560093153     
  -1.0000000000000000      -0.69999999999999996       0.18343260879632500     
 -0.90000000000000002      -0.69999999999999996       0.20782056894119463     
 -0.80000000000000004      -0.69999999999999996       0.15537606459815501     
 -0.69999999999999996      -0.69999999999999996        4.6668386296247977E-002
 -0.59999999999999998      -0.69999999999999996       -8.5502868172861637E-002
 -0.49999999999999994      -0.69999999999999996      -0.18540137136464072     
 -0.39999999999999991      -0.69999999999999996      -0.21608921255760691     
 -0.29999999999999993      -0.69999999999999996      -0.16290798547036286     
 -0.19999999999999993      -0.69999999999999996       -4.9235322363940008E-002
  -9.9999999999999978E-002 -0.69999999999999996        8.4725620121870432E-002
   2.7755575615628914E-017 -0.69999999999999996       0.18436201336342908     
  0.10000000000000009      -0.69999999999999996       0.21525547516536994     
  0.20000000000000009      -0.69999999999999996       0.16165425221039492     
  0.30000000000000016      -0.69999999999999996        4.8296504464862167E-002
  0.40000000000000013      -0.69999999999999996       -8.6141648597687970E-002
  0.50000000000000011      -0.69999999999999996      -0.18542071440542104     
  0.60000000000000009      -0.69999999999999996      -0.21681623043243733     
  0.70000000000000007      -0.69999999999999996      -0.16292492189487806     
  0.80000000000000004      -0.69999999999999996       -5.0051579582046389E-002
  0.90000000000000002      -0.69999999999999996        8.4506838433104470E-002
   1.0000000000000000      -0.69999999999999996       0.18063799422958490     
  -1.0000000000000000      -0.59999999999999998      -0.33412201842127592     
 -0.90000000000000002      -0.59999999999999998      -0.37884890602218357     
 -0.80000000000000004      -0.59999999999999998      -0.28351094871685018     
 -0.69999999999999996      -0.59999999999999998       -8.5502868172859833E-002
 -0.59999999999999998      -0.59999999999999998       0.15542465020376392     
 -0.49999999999999994      -0.59999999999999998       0.33770498158975359     
 -0.39999999999999991      -0.59999999999999998       0.39392271962929687     
 -0.29999999999999993      -0.59999999999999998       0.29724920800646581     
 -0.19999999999999993      -0.59999999999999998        9.0200534855220588E-002
  -9.9999999999999978E-002 -0.59999999999999998      -0.15400742361930703     
   2.7755575615628914E-017 -0.59999999999999998      -0.33580727432885166     
  0.10000000000000009      -0.59999999999999998      -0.39240217412502731     
  0.20000000000000009      -0.59999999999999998      -0.29496223513772329     
  0.30000000000000016      -0.59999999999999998       -8.8486494647904146E-002
  0.40000000000000013      -0.59999999999999998       0.15659055511505648     
  0.50000000000000011      -0.59999999999999998       0.33774033833217032     
  0.60000000000000009      -0.59999999999999998       0.39524921522782352     
  0.70000000000000007      -0.59999999999999998       0.29728017414194635     
  0.80000000000000004      -0.59999999999999998        9.1687903722807135E-002
  0.90000000000000002      -0.59999999999999998      -0.15360907748364400     
   1.0000000000000000      -0.59999999999999998      -0.32902505287363043     
  -1.0000000000000000      -0.49999999999999994      -0.72559095919426808     
 -0.90000000000000002      -0.49999999999999994      -0.82255006041044787     
 -0.80000000000000004      -0.49999999999999994      -0.61540408883216180     
 -0.69999999999999996      -0.49999999999999994      -0.18540137136464288     
 -0.59999999999999998      -0.49999999999999994       0.33770498158975210     
 -0.49999999999999994      -0.49999999999999994       0.73337361052717875     
 -0.39999999999999991      -0.49999999999999994       0.85527783671694335     
 -0.29999999999999993      -0.49999999999999994       0.64522793373943810     
 -0.19999999999999993      -0.49999999999999994       0.19559059818492322     
  -9.9999999999999978E-002 -0.49999999999999994      -0.33462811183369884     
   2.7755575615628914E-017 -0.49999999999999994      -0.72925502864738190     
  0.10000000000000009      -0.49999999999999994      -0.85197683456871254     
  0.20000000000000009      -0.49999999999999994      -0.64026332311553957     
  0.30000000000000016      -0.49999999999999994      -0.19187057371104888     
  0.40000000000000013      -0.49999999999999994       0.34023556761717461     
  0.50000000000000011      -0.49999999999999994       0.73345032293164392     
  0.60000000000000009      -0.49999999999999994       0.85815724220766720     
  0.70000000000000007      -0.49999999999999994       0.64529511527517447     
  0.80000000000000004      -0.49999999999999994       0.19882030547365587     
  0.90000000000000002      -0.49999999999999994      -0.33376295714526250     
   1.0000000000000000      -0.49999999999999994      -0.71452591918647979     
  -1.0000000000000000      -0.39999999999999991      -0.84620071060345159     
 -0.90000000000000002      -0.39999999999999991      -0.95919690072453878     
 -0.80000000000000004      -0.39999999999999991      -0.71756888016492681     
 -0.69999999999999996      -0.39999999999999991      -0.21608921255760719     
 -0.59999999999999998      -0.39999999999999991       0.39392271962930719     
 -0.49999999999999994      -0.39999999999999991       0.85527783671694146     
 -0.39999999999999991      -0.39999999999999991       0.99736150394867051     
 -0.29999999999999993      -0.39999999999999991       0.75234517972208681     
 -0.19999999999999993      -0.39999999999999991       0.22796635714103519     
  -9.9999999999999978E-002 -0.39999999999999991      -0.39033478949255285     
   2.7755575615628914E-017 -0.39999999999999991      -0.85047583677051408     
  0.10000000000000009      -0.39999999999999991      -0.99351229652672846     
  0.20000000000000009      -0.39999999999999991      -0.74655620256068633     
  0.30000000000000016      -0.39999999999999991      -0.22362902414208366     
  0.40000000000000013      -0.39999999999999991       0.39687332628606031     
  0.50000000000000011      -0.39999999999999991       0.85536726812808883     
  0.60000000000000009      -0.39999999999999991        1.0007189468132878     
  0.70000000000000007      -0.39999999999999991       0.75242349784104734     
  0.80000000000000004      -0.39999999999999991       0.23173276905365289     
  0.90000000000000002      -0.39999999999999991      -0.38932578337608936     
   1.0000000000000000      -0.39999999999999991      -0.83329813342951042     
  -1.0000000000000000      -0.29999999999999993      -0.63837938880386569     
 -0.90000000000000002      -0.29999999999999993      -0.72355634983704087     
 -0.80000000000000004      -0.29999999999999993      -0.54122814732477920     
 -0.69999999999999996      -0.29999999999999993      -0.16290798547036239     
 -0.59999999999999998      -0.29999999999999993       0.29724920800646776     
 -0.49999999999999994      -0.29999999999999993       0.64522793373943821     
 -0.39999999999999991      -0.29999999999999993       0.75234517972209058     
 -0.29999999999999993      -0.29999999999999993       0.56745938959213649     
 -0.19999999999999993      -0.29999999999999993       0.17186325734506475     
  -9.9999999999999978E-002 -0.29999999999999993      -0.29454277921310529     
   2.7755575615628914E-017 -0.29999999999999993      -0.64160628494176553     
  0.10000000000000009      -0.29999999999999993      -0.74944173646458723     
  0.20000000000000009      -0.29999999999999993      -0.56309288597563789     
  0.30000000000000016      -0.29999999999999993      -0.16859203694106312     
  0.40000000000000013      -0.29999999999999993       0.29947463505632244     
  0.50000000000000011      -0.29999999999999993       0.64529537375348978     
  0.60000000000000009      -0.29999999999999993       0.75487755658428601     
  0.70000000000000007      -0.29999999999999993       0.56751844722403155     
  0.80000000000000004      -0.29999999999999993       0.17470453828995278     
  0.90000000000000002      -0.29999999999999993      -0.29378154161567210     
   1.0000000000000000      -0.29999999999999993      -0.62864707299749767     
  -1.0000000000000000      -0.19999999999999993      -0.19351365039068452     
 -0.90000000000000002      -0.19999999999999993      -0.21924323350098074     
 -0.80000000000000004      -0.19999999999999993      -0.16391731746200319     
 -0.69999999999999996      -0.19999999999999993       -4.9235322363942728E-002
 -0.59999999999999998      -0.19999999999999993        9.0200534855201131E-002
 -0.49999999999999994      -0.19999999999999993       0.19559059818491653     
 -0.39999999999999991      -0.19999999999999993       0.22796635714103020     
 -0.29999999999999993      -0.19999999999999993       0.17186325734506172     
 -0.19999999999999993      -0.19999999999999993        5.1943426593424213E-002
  -9.9999999999999978E-002 -0.19999999999999993       -8.9380564670358181E-002
   2.7755575615628914E-017 -0.19999999999999993      -0.19449409983037363     
  0.10000000000000009      -0.19999999999999993      -0.22708679122815151     
  0.20000000000000009      -0.19999999999999993      -0.17054060744888028     
  0.30000000000000016      -0.19999999999999993       -5.0952996150567580E-002
  0.40000000000000013      -0.19999999999999993        9.0874431477404691E-002
  0.50000000000000011      -0.19999999999999993       0.19561100480752586     
  0.60000000000000009      -0.19999999999999993       0.22873333993638753     
  0.70000000000000007      -0.19999999999999993       0.17188112506102313     
  0.80000000000000004      -0.19999999999999993        5.2804545878141936E-002
  0.90000000000000002      -0.19999999999999993       -8.9149759954360211E-002
   1.0000000000000000      -0.19999999999999993      -0.19056542171903776     
  -1.0000000000000000       -9.9999999999999978E-002  0.33107780452471353     
 -0.90000000000000002       -9.9999999999999978E-002  0.37539826996161224     
 -0.80000000000000004       -9.9999999999999978E-002  0.28092962282027772     
 -0.69999999999999996       -9.9999999999999978E-002   8.4725620121870474E-002
 -0.59999999999999998       -9.9999999999999978E-002 -0.15400742361930794     
 -0.49999999999999994       -9.9999999999999978E-002 -0.33462811183369912     
 -0.39999999999999991       -9.9999999999999978E-002 -0.39033478949255490     
 -0.29999999999999993       -9.9999999999999978E-002 -0.29454277921310407     
 -0.19999999999999993       -9.9999999999999978E-002  -8.9380564670359236E-002
  -9.9999999999999978E-002  -9.9999999999999978E-002  0.15260310426209889     
   2.7755575615628914E-017  -9.9999999999999978E-002  0.33274767854552162     
  0.10000000000000009       -9.9999999999999978E-002  0.38882809102667215     
  0.20000000000000009       -9.9999999999999978E-002  0.29227663132962550     
  0.30000000000000016       -9.9999999999999978E-002   8.7682126972934329E-002
  0.40000000000000013       -9.9999999999999978E-002 -0.15516271436417831     
  0.50000000000000011       -9.9999999999999978E-002 -0.33466314687798171     
  0.60000000000000009       -9.9999999999999978E-002 -0.39164920726916302     
  0.70000000000000007       -9.9999999999999978E-002 -0.29457346363019471     
  0.80000000000000004       -9.9999999999999978E-002  -9.0854383991291851E-002
  0.90000000000000002       -9.9999999999999978E-002  0.15220838808660492     
   1.0000000000000000       -9.9999999999999978E-002  0.32602725436354180     
  -1.0000000000000000        2.7755575615628914E-017  0.72151609575720999     
 -0.90000000000000002        2.7755575615628914E-017  0.81793181078849242     
 -0.80000000000000004        2.7755575615628914E-017  0.61194985841543825     
 -0.69999999999999996        2.7755575615628914E-017  0.18436201336342786     
 -0.59999999999999998        2.7755575615628914E-017 -0.33580727432886903     
 -0.49999999999999994        2.7755575615628914E-017 -0.72925502864738789     
 -0.39999999999999991        2.7755575615628914E-017 -0.85047583677051353     
 -0.29999999999999993        2.7755575615628914E-017 -0.64160628494176719     
 -0.19999999999999993        2.7755575615628914E-017 -0.19449409983038021     
  -9.9999999999999978E-002   2.7755575615628914E-017  0.33274767854552217     
   2.7755575615628914E-017   2.7755575615628914E-017  0.72515955970884571     
  0.10000000000000009        2.7755575615628914E-017  0.84719336577350657     
  0.20000000000000009        2.7755575615628914E-017  0.63666954296911493     
  0.30000000000000016        2.7755575615628914E-017  0.19079495194240290     
  0.40000000000000013        2.7755575615628914E-017 -0.33832365752058241     
  0.50000000000000011        2.7755575615628914E-017 -0.72933131070137180     
  0.60000000000000009        2.7755575615628914E-017 -0.85333908002949332     
  0.70000000000000007        2.7755575615628914E-017 -0.64167308962305247     
  0.80000000000000004        2.7755575615628914E-017 -0.19770567140210055     
  0.90000000000000002        2.7755575615628914E-017  0.33188738309384580     
   1.0000000000000000        2.7755575615628914E-017  0.71051317166553618     
  -1.0000000000000000       0.10000000000000009       0.84293474393903800     
 -0.90000000000000002       0.10000000000000009       0.95549498519776244     
 -0.80000000000000004       0.10000000000000009       0.71479964791449313     
 -0.69999999999999996       0.10000000000000009       0.21525547516537041     
 -0.59999999999999998       0.10000000000000009      -0.39240217412502804     
 -0.49999999999999994       0.10000000000000009      -0.85197683456870976     
 -0.39999999999999991       0.10000000000000009      -0.99351229652673156     
 -0.29999999999999993       0.10000000000000009      -0.74944173646458556     
 -0.19999999999999993       0.10000000000000009      -0.22708679122815487     
  -9.9999999999999978E-002  0.10000000000000009       0.38882809102667315     
   2.7755575615628914E-017  0.10000000000000009       0.84719336577350479     
  0.10000000000000009       0.10000000000000009       0.98967794432932843     
  0.20000000000000009       0.10000000000000009       0.74367510042362095     
  0.30000000000000016       0.10000000000000009       0.22276619625677668     
  0.40000000000000013       0.10000000000000009      -0.39534139402236529     
  0.50000000000000011       0.10000000000000009      -0.85206592088154098     
  0.60000000000000009       0.10000000000000009      -0.99685678235039910     
  0.70000000000000007       0.10000000000000009      -0.74951975237370261     
  0.80000000000000004       0.10000000000000009      -0.23083866673635997     
  0.90000000000000002       0.10000000000000009       0.38782297932410703     
   1.0000000000000000       0.10000000000000009       0.83008196147626756     
  -1.0000000000000000       0.20000000000000009       0.63346747167583073     
 -0.90000000000000002       0.20000000000000009       0.71798889071541794     
 -0.80000000000000004       0.20000000000000009       0.53706348612472909     
 -0.69999999999999996       0.20000000000000009       0.16165425221039911     
 -0.59999999999999998       0.20000000000000009      -0.29496223513770226     
 -0.49999999999999994       0.20000000000000009      -0.64026332311553946     
 -0.39999999999999991       0.20000000000000009      -0.74655620256067923     
 -0.29999999999999993       0.20000000000000009      -0.56309288597564078     
 -0.19999999999999993       0.20000000000000009      -0.17054060744888841     
  -9.9999999999999978E-002  0.20000000000000009       0.29227663132962400     
   2.7755575615628914E-017  0.20000000000000009       0.63666954296910194     
  0.10000000000000009       0.20000000000000009       0.74367510042362239     
  0.20000000000000009       0.20000000000000009       0.55875998153046358     
  0.30000000000000016       0.20000000000000009       0.16729455907268673     
  0.40000000000000013       0.20000000000000009      -0.29717053770226226     
  0.50000000000000011       0.20000000000000009      -0.64033024415809670     
  0.60000000000000009       0.20000000000000009      -0.74906909324138815     
  0.70000000000000007       0.20000000000000009      -0.56315148913580415     
  0.80000000000000004       0.20000000000000009      -0.17336002627832536     
  0.90000000000000002       0.20000000000000009       0.29152125087243108     
   1.0000000000000000       0.20000000000000009       0.62381004319285860     
  -1.0000000000000000       0.30000000000000016       0.18983311341654630     
 -0.90000000000000002       0.30000000000000016       0.21507187019951648     
 -0.80000000000000004       0.30000000000000016       0.16079731576674294     
 -0.69999999999999996       0.30000000000000016        4.8296504464862319E-002
 -0.59999999999999998       0.30000000000000016       -8.8486494647901884E-002
 -0.49999999999999994       0.30000000000000016      -0.19187057371104677     
 -0.39999999999999991       0.30000000000000016      -0.22362902414208161     
 -0.29999999999999993       0.30000000000000016      -0.16859203694106270     
 -0.19999999999999993       0.30000000000000016       -5.0952996150567025E-002
  -9.9999999999999978E-002  0.30000000000000016        8.7682126972934357E-002
   2.7755575615628914E-017  0.30000000000000016       0.19079495194240254     
  0.10000000000000009       0.30000000000000016       0.22276619625677671     
  0.20000000000000009       0.30000000000000016       0.16729455907268487     
  0.30000000000000016       0.30000000000000016        4.9981422370826457E-002
  0.40000000000000013       0.30000000000000016       -8.9147562702282149E-002
  0.50000000000000011       0.30000000000000016      -0.19189059161628677     
  0.60000000000000009       0.30000000000000016      -0.22438140855648114     
  0.70000000000000007       0.30000000000000016      -0.16860956426193655     
  0.80000000000000004       0.30000000000000016       -5.1797734675101507E-002
  0.90000000000000002       0.30000000000000016        8.7455711263877994E-002
   1.0000000000000000       0.30000000000000016       0.18694099027080816     
  -1.0000000000000000       0.40000000000000013      -0.33662574349937407     
 -0.90000000000000002       0.40000000000000013      -0.38168660648460612     
 -0.80000000000000004       0.40000000000000013      -0.28563350230164519     
 -0.69999999999999996       0.40000000000000013       -8.6141648597684042E-002
 -0.59999999999999998       0.40000000000000013       0.15659055511507833     
 -0.49999999999999994       0.40000000000000013       0.34023556761717727     
 -0.39999999999999991       0.40000000000000013       0.39687332628606831     
 -0.29999999999999993       0.40000000000000013       0.29947463505632160     
 -0.19999999999999993       0.40000000000000013        9.0874431477417181E-002
  -9.9999999999999978E-002  0.40000000000000013      -0.15516271436417856     
   2.7755575615628914E-017  0.40000000000000013      -0.33832365752059118     
  0.10000000000000009       0.40000000000000013      -0.39534139402236440     
  0.20000000000000009       0.40000000000000013      -0.29717053770228402     
  0.30000000000000016       0.40000000000000013       -8.9147562702281774E-002
  0.40000000000000013       0.40000000000000013       0.15776518749122867     
  0.50000000000000011       0.40000000000000013       0.34027118882173846     
  0.60000000000000009       0.40000000000000013       0.39820975321859586     
  0.70000000000000007       0.40000000000000013       0.29950583278203113     
  0.80000000000000004       0.40000000000000013        9.2372943689988329E-002
  0.90000000000000002       0.40000000000000013      -0.15476138261503924     
   1.0000000000000000       0.40000000000000013      -0.33149060976918665     
  -1.0000000000000000       0.50000000000000011      -0.72566685720536028     
 -0.90000000000000002       0.50000000000000011      -0.82263606970747893     
 -0.80000000000000004       0.50000000000000011      -0.61546841113412165     
 -0.69999999999999996       0.50000000000000011      -0.18542071440542149     
 -0.59999999999999998       0.50000000000000011       0.33774033833217015     
 -0.49999999999999994       0.50000000000000011       0.73345032293164170     
 -0.39999999999999991       0.50000000000000011       0.85536726812809227     
 -0.29999999999999993       0.50000000000000011       0.64529537375348811     
 -0.19999999999999993       0.50000000000000011       0.19561100480752777     
  -9.9999999999999978E-002  0.50000000000000011      -0.33466314687798104     
   2.7755575615628914E-017  0.50000000000000011      -0.72933131070137025     
  0.10000000000000009       0.50000000000000011      -0.85206592088154087     
  0.20000000000000009       0.50000000000000011      -0.64033024415809825     
  0.30000000000000016       0.50000000000000011      -0.19189059161628741     
  0.40000000000000013       0.50000000000000011       0.34027118882173885     
  0.50000000000000011       0.50000000000000011       0.73352704334795771     
  0.60000000000000009       0.50000000000000011       0.85824697458325505     
  0.70000000000000007       0.50000000000000011       0.64536256230472910     
  0.80000000000000004       0.50000000000000011       0.19884104987249937     
  0.90000000000000002       0.50000000000000011      -0.33379790167573298     
   1.0000000000000000       0.50000000000000011      -0.71460066043889292     
  -1.0000000000000000       0.60000000000000009      -0.84904955379405433     
 -0.90000000000000002       0.60000000000000009      -0.96242586949664710     
 -0.80000000000000004       0.60000000000000009      -0.71998419619049359     
 -0.69999999999999996       0.60000000000000009      -0.21681623043243631     
 -0.59999999999999998       0.60000000000000009       0.39524921522782824     
 -0.49999999999999994       0.60000000000000009       0.85815724220766676     
 -0.39999999999999991       0.60000000000000009        1.0007189468132847     
 -0.29999999999999993       0.60000000000000009       0.75487755658428357     
 -0.19999999999999993       0.60000000000000009       0.22873333993638881     
  -9.9999999999999978E-002  0.60000000000000009      -0.39164920726916191     
   2.7755575615628914E-017  0.60000000000000009      -0.85333908002948788     
  0.10000000000000009       0.60000000000000009      -0.99685678235039621     
  0.20000000000000009       0.60000000000000009      -0.74906909324139193     
  0.30000000000000016       0.60000000000000009      -0.22438140855648281     
  0.40000000000000013       0.60000000000000009       0.39820975321858276     
  0.50000000000000011       0.60000000000000009       0.85824697458325205     
  0.60000000000000009       0.60000000000000009        1.0040876908056720     
  0.70000000000000007       0.60000000000000009       0.75495613825999985     
  0.80000000000000004       0.60000000000000009       0.23251243142458838     
  0.90000000000000002       0.60000000000000009      -0.39063680404735451     
   1.0000000000000000       0.60000000000000009      -0.83610354472533377     
  -1.0000000000000000       0.70000000000000007      -0.63844585710483359     
 -0.90000000000000002       0.70000000000000007      -0.72363167109716797     
 -0.80000000000000004       0.70000000000000007      -0.54128447472419572     
 -0.69999999999999996       0.70000000000000007      -0.16292492189487764     
 -0.59999999999999998       0.70000000000000007       0.29728017414194702     
 -0.49999999999999994       0.70000000000000007       0.64529511527517258     
 -0.39999999999999991       0.70000000000000007       0.75242349784105034     
 -0.29999999999999993       0.70000000000000007       0.56751844722403000     
 -0.19999999999999993       0.70000000000000007       0.17188112506102315     
  -9.9999999999999978E-002  0.70000000000000007      -0.29457346363019582     
   2.7755575615628914E-017  0.70000000000000007      -0.64167308962305147     
  0.10000000000000009       0.70000000000000007      -0.74951975237370172     
  0.20000000000000009       0.70000000000000007      -0.56315148913580193     
  0.30000000000000016       0.70000000000000007      -0.16860956426193638     
  0.40000000000000013       0.70000000000000007       0.29950583278203335     
  0.50000000000000011       0.70000000000000007       0.64536256230472866     
  0.60000000000000009       0.70000000000000007       0.75495613826000074     
  0.70000000000000007       0.70000000000000007       0.56757751099901110     
  0.80000000000000004       0.70000000000000007       0.17472270181232202     
  0.90000000000000002       0.70000000000000007      -0.29381214676398537     
   1.0000000000000000       0.70000000000000007      -0.62871252830585356     
  -1.0000000000000000       0.80000000000000004      -0.19670908217756519     
 -0.90000000000000002       0.80000000000000004      -0.22286552132963044     
 -0.80000000000000004       0.80000000000000004      -0.16662726594060343     
 -0.69999999999999996       0.80000000000000004       -5.0051579582049768E-002
 -0.59999999999999998       0.80000000000000004        9.1687903722786096E-002
 -0.49999999999999994       0.80000000000000004       0.19882030547365068     
 -0.39999999999999991       0.80000000000000004       0.23173276905363352     
 -0.29999999999999993       0.80000000000000004       0.17470453828995181     
 -0.19999999999999993       0.80000000000000004        5.2804545878129321E-002
  -9.9999999999999978E-002  0.80000000000000004       -9.0854383991292767E-002
   2.7755575615628914E-017  0.80000000000000004      -0.19770567140208520     
  0.10000000000000009       0.80000000000000004      -0.23083866673635706     
  0.20000000000000009       0.80000000000000004      -0.17336002627829894     
  0.30000000000000016       0.80000000000000004       -5.1797734675100453E-002
  0.40000000000000013       0.80000000000000004        9.2372943689980863E-002
  0.50000000000000011       0.80000000000000004       0.19884104987249646     
  0.60000000000000009       0.80000000000000004       0.23251243142456848     
  0.70000000000000007       0.80000000000000004       0.17472270181232114     
  0.80000000000000004       0.80000000000000004        5.3679888217030125E-002
  0.90000000000000002       0.80000000000000004       -9.0619769141379508E-002
   1.0000000000000000       0.80000000000000004      -0.19371212722725975     
  -1.0000000000000000       0.90000000000000002       0.33022183054771953     
 -0.90000000000000002       0.90000000000000002       0.37442787418566531     
 -0.80000000000000004       0.90000000000000002       0.28020357065646512     
 -0.69999999999999996       0.90000000000000002        8.4506838433104192E-002
 -0.59999999999999998       0.90000000000000002      -0.15360907748364555     
 -0.49999999999999994       0.90000000000000002      -0.33376295714526277     
 -0.39999999999999991       0.90000000000000002      -0.38932578337609441     
 -0.29999999999999993       0.90000000000000002      -0.29378154161567033     
 -0.19999999999999993       0.90000000000000002       -8.9149759954362959E-002
  -9.9999999999999978E-002  0.90000000000000002       0.15220838808660456     
   2.7755575615628914E-017  0.90000000000000002       0.33188738309384630     
  0.10000000000000009       0.90000000000000002       0.38782297932410703     
  0.20000000000000009       0.90000000000000002       0.29152125087243547     
  0.30000000000000016       0.90000000000000002        8.7455711263878314E-002
  0.40000000000000013       0.90000000000000002      -0.15476138261503902     
  0.50000000000000011       0.90000000000000002      -0.33379790167573253     
  0.60000000000000009       0.90000000000000002      -0.39063680404735990     
  0.70000000000000007       0.90000000000000002      -0.29381214676398487     
  0.80000000000000004       0.90000000000000002       -9.0619769141382950E-002
  0.90000000000000002       0.90000000000000002       0.15181469250919369     
   1.0000000000000000       0.90000000000000002       0.32518433461074647     
  -1.0000000000000000        1.0000000000000000       0.70694329080021046     
 -0.90000000000000002        1.0000000000000000       0.80141142401970700     
 -0.80000000000000004        1.0000000000000000       0.59958964560090044     
 -0.69999999999999996        1.0000000000000000       0.18063799422958102     
 -0.59999999999999998        1.0000000000000000      -0.32902505287365025     
 -0.49999999999999994        1.0000000000000000      -0.71452591918648223     
 -0.39999999999999991        1.0000000000000000      -0.83329813342951253     
 -0.29999999999999993        1.0000000000000000      -0.62864707299749567     
 -0.19999999999999993        1.0000000000000000      -0.19056542171904423     
  -9.9999999999999978E-002   1.0000000000000000       0.32602725436353996     
   2.7755575615628914E-017   1.0000000000000000       0.71051317166553851     
  0.10000000000000009        1.0000000000000000       0.83008196147626545     
  0.20000000000000009        1.0000000000000000       0.62381004319286792     
  0.30000000000000016        1.0000000000000000       0.18694099027080827     
  0.40000000000000013        1.0000000000000000      -0.33149060976917927     
  0.50000000000000011        1.0000000000000000      -0.71460066043888781     
  0.60000000000000009        1.0000000000000000      -0.83610354472533677     
  0.70000000000000007        1.0000000000000000      -0.62871252830585023     
  0.80000000000000004        1.0000000000000000      -0.19371212722727574     
  0.90000000000000002        1.0000000000000000       0.32518433461074397     
   1.0000000000000000        1.0000000000000000       0.69616260308012501     
