  -1.0000000000000000       -1.0000000000000000       0.96576774218389960     
 -0.90000000000000002       -1.0000000000000000       0.73086302588154539     
 -0.80000000000000004       -1.0000000000000000       0.22976905430637395     
 -0.69999999999999996       -1.0000000000000000      -0.36135021039030385     
 -0.59999999999999998       -1.0000000000000000      -0.83021557165375326     
 -0.49999999999999994       -1.0000000000000000      -0.98004424527975542     
 -0.39999999999999991       -1.0000000000000000      -0.75855676208182155     
 -0.29999999999999993       -1.0000000000000000      -0.24435087101669645     
 -0.19999999999999993       -1.0000000000000000       0.35846604060171794     
  -9.9999999999999978E-002  -1.0000000000000000       0.82888308144911504     
   2.7755575615628914E-017  -1.0000000000000000       0.97649243222577797     
  0.10000000000000009       -1.0000000000000000       0.75647508236815308     
  0.20000000000000009       -1.0000000000000000       0.24053965551509310     
  0.30000000000000016       -1.0000000000000000      -0.36147584401409577     
  0.40000000000000013       -1.0000000000000000      -0.83287505644601811     
  0.50000000000000011       -1.0000000000000000      -0.97998535020026312     
  0.60000000000000009       -1.0000000000000000      -0.76102070598982463     
  0.70000000000000007       -1.0000000000000000      -0.24430751814668258     
  0.80000000000000004       -1.0000000000000000       0.35612436153857846     
  0.90000000000000002       -1.0000000000000000       0.82802785980442828     
   1.0000000000000000       -1.0000000000000000       0.95938780441144977     
  -1.0000000000000000      -0.90000000000000002       0.73086302588154217     
 -0.90000000000000002      -0.90000000000000002       0.55305421098101748     
 -0.80000000000000004      -0.90000000000000002       0.17381700231231048     
 -0.69999999999999996      -0.90000000000000002      -0.27352681066863921     
 -0.59999999999999998      -0.90000000000000002      -0.62832330331585240     
 -0.49999999999999994      -0.90000000000000002      -0.74166742873536906     
 -0.39999999999999991      -0.90000000000000002      -0.57401043441819721     
 -0.29999999999999993      -0.90000000000000002      -0.18484940224714277     
 -0.19999999999999993      -0.90000000000000002       0.27134423083055892     
  -9.9999999999999978E-002 -0.90000000000000002       0.62731521143562397     
   2.7755575615628914E-017 -0.90000000000000002       0.73897978493012895     
  0.10000000000000009      -0.90000000000000002       0.57243515791605781     
  0.20000000000000009      -0.90000000000000002       0.18196517177618202     
  0.30000000000000016      -0.90000000000000002      -0.27362169870943776     
  0.40000000000000013      -0.90000000000000002      -0.63033613541126865     
  0.50000000000000011      -0.90000000000000002      -0.74162281349096981     
  0.60000000000000009      -0.90000000000000002      -0.57587491384726386     
  0.70000000000000007      -0.90000000000000002      -0.18481656826105047     
  0.80000000000000004      -0.90000000000000002       0.26957205346498359     
  0.90000000000000002      -0.90000000000000002       0.62666793758130623     
   1.0000000000000000      -0.90000000000000002       0.72603539667244243     
  -1.0000000000000000      -0.80000000000000004       0.22976905430636257     
 -0.90000000000000002      -0.80000000000000004       0.17381700231231384     
 -0.80000000000000004      -0.80000000000000004        5.4559829888486171E-002
 -0.69999999999999996      -0.80000000000000004       -8.6080386549033938E-002
 -0.59999999999999998      -0.80000000000000004      -0.19758725453325054     
 -0.49999999999999994      -0.80000000000000004      -0.23316625429265617     
 -0.39999999999999991      -0.80000000000000004      -0.18040322733786557     
 -0.29999999999999993      -0.80000000000000004       -5.8024725423038805E-002
 -0.19999999999999993      -0.80000000000000004        8.5394317655468538E-002
  -9.9999999999999978E-002 -0.80000000000000004       0.19727071513835942     
   2.7755575615628914E-017 -0.80000000000000004       0.23232164788203605     
  0.10000000000000009      -0.80000000000000004       0.17990808772470249     
  0.20000000000000009      -0.80000000000000004        5.7117952369711171E-002
  0.30000000000000016      -0.80000000000000004       -8.6109972959689779E-002
  0.40000000000000013      -0.80000000000000004      -0.19822033201670891     
  0.50000000000000011      -0.80000000000000004      -0.23315216910917272     
  0.60000000000000009      -0.80000000000000004      -0.18098917887819979     
  0.70000000000000007      -0.80000000000000004       -5.8014369318416581E-002
  0.80000000000000004      -0.80000000000000004        8.4837091908694637E-002
  0.90000000000000002      -0.80000000000000004       0.19706713535511491     
   1.0000000000000000      -0.80000000000000004       0.22825200622294078     
  -1.0000000000000000      -0.69999999999999996      -0.36135021039030052     
 -0.90000000000000002      -0.69999999999999996      -0.27352681066863793     
 -0.80000000000000004      -0.69999999999999996       -8.6080386549036145E-002
 -0.69999999999999996      -0.69999999999999996       0.13508662735084254     
 -0.59999999999999998      -0.69999999999999996       0.31056108986534342     
 -0.49999999999999994      -0.69999999999999996       0.36669122616952166     
 -0.39999999999999991      -0.69999999999999996       0.28389126141301085     
 -0.29999999999999993      -0.69999999999999996        9.1540817294353385E-002
 -0.19999999999999993      -0.69999999999999996      -0.13400737157514539     
  -9.9999999999999978E-002 -0.69999999999999996      -0.31006202663676913     
   2.7755575615628914E-017 -0.69999999999999996      -0.36536184772628139     
  0.10000000000000009      -0.69999999999999996      -0.28311225772664822     
  0.20000000000000009      -0.69999999999999996       -9.0114854176272796E-002
  0.30000000000000016      -0.69999999999999996       0.13513395228051864     
  0.40000000000000013      -0.69999999999999996       0.31155579143513901     
  0.50000000000000011      -0.69999999999999996       0.36666926684245088     
  0.60000000000000009      -0.69999999999999996       0.28481343278777144     
  0.70000000000000007      -0.69999999999999996        9.1524640329294110E-002
  0.80000000000000004      -0.69999999999999996      -0.13313132672056752     
  0.90000000000000002      -0.69999999999999996      -0.30974215463538884     
   1.0000000000000000      -0.69999999999999996      -0.35896223858908516     
  -1.0000000000000000      -0.59999999999999998      -0.83021557165373416     
 -0.90000000000000002      -0.59999999999999998      -0.62832330331584818     
 -0.80000000000000004      -0.59999999999999998      -0.19758725453323883     
 -0.69999999999999996      -0.59999999999999998       0.31056108986534886     
 -0.59999999999999998      -0.59999999999999998       0.71364533456877743     
 -0.49999999999999994      -0.59999999999999998       0.84248786348060878     
 -0.39999999999999991      -0.59999999999999998       0.65213163418634534     
 -0.29999999999999993      -0.59999999999999998       0.21012519300753704     
 -0.19999999999999993      -0.59999999999999998      -0.30808165996170628     
  -9.9999999999999978E-002 -0.59999999999999998      -0.71249956056490604     
   2.7755575615628914E-017 -0.59999999999999998      -0.83943430287138487     
  0.10000000000000009      -0.59999999999999998      -0.65034205536514900     
  0.20000000000000009      -0.59999999999999998      -0.20684892979449523     
  0.30000000000000016      -0.59999999999999998       0.31066928557644102     
  0.40000000000000013      -0.59999999999999998       0.71593131638287189     
  0.50000000000000011      -0.59999999999999998       0.84243728195196532     
  0.60000000000000009      -0.59999999999999998       0.65424991005229072     
  0.70000000000000007      -0.59999999999999998       0.21008795200512656     
  0.80000000000000004      -0.59999999999999998      -0.30606872198427298     
  0.90000000000000002      -0.59999999999999998      -0.71176444681021966     
   1.0000000000000000      -0.59999999999999998      -0.82473057081700862     
  -1.0000000000000000      -0.49999999999999994      -0.98004424527975842     
 -0.90000000000000002      -0.49999999999999994      -0.74166742873536984     
 -0.80000000000000004      -0.49999999999999994      -0.23316625429265311     
 -0.69999999999999996      -0.49999999999999994       0.36669122616952149     
 -0.59999999999999998      -0.49999999999999994       0.84248786348060645     
 -0.49999999999999994      -0.49999999999999994       0.99453178763837147     
 -0.39999999999999991      -0.49999999999999994       0.76977056363062624     
 -0.29999999999999993      -0.49999999999999994       0.24796365311282265     
 -0.19999999999999993      -0.49999999999999994      -0.36376442034421169     
  -9.9999999999999978E-002 -0.49999999999999994      -0.84113567282396529     
   2.7755575615628914E-017 -0.49999999999999994      -0.99092746726475733     
  0.10000000000000009      -0.49999999999999994      -0.76765811067791268     
  0.20000000000000009      -0.49999999999999994      -0.24409609835891685     
  0.30000000000000016      -0.49999999999999994       0.36681871879104133     
  0.40000000000000013      -0.49999999999999994       0.84518666012452892     
  0.50000000000000011      -0.49999999999999994       0.99447202237713073     
  0.60000000000000009      -0.49999999999999994       0.77227093240758649     
  0.70000000000000007      -0.49999999999999994       0.24791965962776621     
  0.80000000000000004      -0.49999999999999994      -0.36138812595339082     
  0.90000000000000002      -0.49999999999999994      -0.84026780949217761     
   1.0000000000000000      -0.49999999999999994      -0.97356999087620810     
  -1.0000000000000000      -0.39999999999999991      -0.75855676208180856     
 -0.90000000000000002      -0.39999999999999991      -0.57401043441819333     
 -0.80000000000000004      -0.39999999999999991      -0.18040322733785663     
 -0.69999999999999996      -0.39999999999999991       0.28389126141301013     
 -0.59999999999999998      -0.39999999999999991       0.65213163418633902     
 -0.49999999999999994      -0.39999999999999991       0.76977056363062601     
 -0.39999999999999991      -0.39999999999999991       0.59576072704918182     
 -0.29999999999999993      -0.39999999999999991       0.19185366433453671     
 -0.19999999999999993      -0.39999999999999991      -0.28162597968115677     
  -9.9999999999999978E-002 -0.39999999999999991      -0.65108534393168949     
   2.7755575615628914E-017 -0.39999999999999991      -0.76698108017594713     
  0.10000000000000009      -0.39999999999999991      -0.59412576044625909     
  0.20000000000000009      -0.39999999999999991      -0.18886014509901172     
  0.30000000000000016      -0.39999999999999991       0.28398974488090445     
  0.40000000000000013      -0.39999999999999991       0.65422073622213828     
  0.50000000000000011      -0.39999999999999991       0.76972425781829990     
  0.60000000000000009      -0.39999999999999991       0.59769585495377209     
  0.70000000000000007      -0.39999999999999991       0.19181958620307574     
  0.80000000000000004      -0.39999999999999991      -0.27978665122169905     
  0.90000000000000002      -0.39999999999999991      -0.65041354366625015     
   1.0000000000000000      -0.39999999999999991      -0.75354620531539551     
  -1.0000000000000000      -0.29999999999999993      -0.24435087101669534     
 -0.90000000000000002      -0.29999999999999993      -0.18484940224714402     
 -0.80000000000000004      -0.29999999999999993       -5.8024725423037916E-002
 -0.69999999999999996      -0.29999999999999993        9.1540817294353857E-002
 -0.59999999999999998      -0.29999999999999993       0.21012519300753613     
 -0.49999999999999994      -0.29999999999999993       0.24796365311282284     
 -0.39999999999999991      -0.29999999999999993       0.19185366433453843     
 -0.29999999999999993      -0.29999999999999993        6.1709610472090816E-002
 -0.19999999999999993      -0.29999999999999993       -9.0811205943394910E-002
  -9.9999999999999978E-002 -0.29999999999999993      -0.20978855432103408     
   2.7755575615628914E-017 -0.29999999999999993      -0.24706543613650470     
  0.10000000000000009      -0.29999999999999993      -0.19132709899159719     
  0.20000000000000009      -0.29999999999999993       -6.0745291720882069E-002
  0.30000000000000016      -0.29999999999999993        9.1572288174000760E-002
  0.40000000000000013      -0.29999999999999993       0.21079843953904021     
  0.50000000000000011      -0.29999999999999993       0.24794867568798448     
  0.60000000000000009      -0.29999999999999993       0.19247680776057957     
  0.70000000000000007      -0.29999999999999993        6.1698598083833996E-002
  0.80000000000000004      -0.29999999999999993       -9.0218619419549839E-002
  0.90000000000000002      -0.29999999999999993      -0.20957205726659203     
   1.0000000000000000      -0.29999999999999993      -0.24273752806052862     
  -1.0000000000000000      -0.19999999999999993       0.35846604060170484     
 -0.90000000000000002      -0.19999999999999993       0.27134423083055648     
 -0.80000000000000004      -0.19999999999999993        8.5394317655453300E-002
 -0.69999999999999996      -0.19999999999999993      -0.13400737157515022     
 -0.59999999999999998      -0.19999999999999993      -0.30808165996172598     
 -0.49999999999999994      -0.19999999999999993      -0.36376442034421463     
 -0.39999999999999991      -0.19999999999999993      -0.28162597968116626     
 -0.29999999999999993      -0.19999999999999993       -9.0811205943395923E-002
 -0.19999999999999993      -0.19999999999999993       0.13293672899284814     
  -9.9999999999999978E-002 -0.19999999999999993       0.30758657554978247     
   2.7755575615628914E-017 -0.19999999999999993       0.36244564860301948     
  0.10000000000000009      -0.19999999999999993       0.28085319257768027     
  0.20000000000000009      -0.19999999999999993        8.9396624687239731E-002
  0.30000000000000016      -0.19999999999999993      -0.13405432164026074     
  0.40000000000000013      -0.19999999999999993      -0.30906841885352027     
  0.50000000000000011      -0.19999999999999993      -0.36374263697869891     
  0.60000000000000009      -0.19999999999999993      -0.28254079299000306     
  0.70000000000000007      -0.19999999999999993       -9.0795158494658787E-002
  0.80000000000000004      -0.19999999999999993       0.13206767741103315     
  0.90000000000000002      -0.19999999999999993       0.30726925770143404     
   1.0000000000000000      -0.19999999999999993       0.35609712095364504     
  -1.0000000000000000       -9.9999999999999978E-002  0.82888308144911393     
 -0.90000000000000002       -9.9999999999999978E-002  0.62731521143562308     
 -0.80000000000000004       -9.9999999999999978E-002  0.19727071513835912     
 -0.69999999999999996       -9.9999999999999978E-002 -0.31006202663676896     
 -0.59999999999999998       -9.9999999999999978E-002 -0.71249956056490527     
 -0.49999999999999994       -9.9999999999999978E-002 -0.84113567282396406     
 -0.39999999999999991       -9.9999999999999978E-002 -0.65108534393169126     
 -0.29999999999999993       -9.9999999999999978E-002 -0.20978855432103310     
 -0.19999999999999993       -9.9999999999999978E-002  0.30758657554978058     
  -9.9999999999999978E-002  -9.9999999999999978E-002  0.71135562286862453     
   2.7755575615628914E-017  -9.9999999999999978E-002  0.83808701082347981     
  0.10000000000000009       -9.9999999999999978E-002  0.64929863671570609     
  0.20000000000000009       -9.9999999999999978E-002  0.20651754967220873     
  0.30000000000000016       -9.9999999999999978E-002 -0.31017005038561241     
  0.40000000000000013       -9.9999999999999978E-002 -0.71478187144810512     
  0.50000000000000011       -9.9999999999999978E-002 -0.84108517288768503     
  0.60000000000000009       -9.9999999999999978E-002 -0.65320022140245559     
  0.70000000000000007       -9.9999999999999978E-002 -0.20975137332223073     
  0.80000000000000004       -9.9999999999999978E-002  0.30557686895472314     
  0.90000000000000002       -9.9999999999999978E-002  0.71062168958667971     
   1.0000000000000000       -9.9999999999999978E-002  0.82340687941293011     
  -1.0000000000000000        2.7755575615628914E-017  0.97649243222574666     
 -0.90000000000000002        2.7755575615628914E-017  0.73897978493012784     
 -0.80000000000000004        2.7755575615628914E-017  0.23232164788201928     
 -0.69999999999999996        2.7755575615628914E-017 -0.36536184772628616     
 -0.59999999999999998        2.7755575615628914E-017 -0.83943430287138587     
 -0.49999999999999994        2.7755575615628914E-017 -0.99092746726476399     
 -0.39999999999999991        2.7755575615628914E-017 -0.76698108017595201     
 -0.29999999999999993        2.7755575615628914E-017 -0.24706543613650570     
 -0.19999999999999993        2.7755575615628914E-017  0.36244564860300854     
  -9.9999999999999978E-002   2.7755575615628914E-017  0.83808701082348369     
   2.7755575615628914E-017   2.7755575615628914E-017  0.98733620777985542     
  0.10000000000000009        2.7755575615628914E-017  0.76487628255240936     
  0.20000000000000009        2.7755575615628914E-017  0.24321189806380300     
  0.30000000000000016        2.7755575615628914E-017 -0.36548887950710524     
  0.40000000000000013        2.7755575615628914E-017 -0.84212331730813739     
  0.50000000000000011        2.7755575615628914E-017 -0.99086791889200787     
  0.60000000000000009        2.7755575615628914E-017 -0.76947238828153741     
  0.70000000000000007        2.7755575615628914E-017 -0.24702160225775530     
  0.80000000000000004        2.7755575615628914E-017  0.36007796664043845     
  0.90000000000000002        2.7755575615628914E-017  0.83722229318800234     
   1.0000000000000000        2.7755575615628914E-017  0.97004163810624455     
  -1.0000000000000000       0.10000000000000009       0.75647508236815264     
 -0.90000000000000002       0.10000000000000009       0.57243515791605748     
 -0.80000000000000004       0.10000000000000009       0.17990808772470143     
 -0.69999999999999996       0.10000000000000009      -0.28311225772664811     
 -0.59999999999999998       0.10000000000000009      -0.65034205536514922     
 -0.49999999999999994       0.10000000000000009      -0.76765811067791123     
 -0.39999999999999991       0.10000000000000009      -0.59412576044626098     
 -0.29999999999999993       0.10000000000000009      -0.19132709899159595     
 -0.19999999999999993       0.10000000000000009       0.28085319257767927     
  -9.9999999999999978E-002  0.10000000000000009       0.64929863671570676     
   2.7755575615628914E-017  0.10000000000000009       0.76487628255240769     
  0.10000000000000009       0.10000000000000009       0.59249528070818858     
  0.20000000000000009       0.10000000000000009       0.18834179473590126     
  0.30000000000000016       0.10000000000000009      -0.28321047074053929     
  0.40000000000000013       0.10000000000000009      -0.65242542458005026     
  0.50000000000000011       0.10000000000000009      -0.76761193189637211     
  0.60000000000000009       0.10000000000000009      -0.59605557770065387     
  0.70000000000000007       0.10000000000000009      -0.19129311435206836     
  0.80000000000000004       0.10000000000000009       0.27901891167610154     
  0.90000000000000002       0.10000000000000009       0.64862867997903262     
   1.0000000000000000       0.10000000000000009       0.75147827641041842     
  -1.0000000000000000       0.20000000000000009       0.24053965551508058     
 -0.90000000000000002       0.20000000000000009       0.18196517177618501     
 -0.80000000000000004       0.20000000000000009        5.7117952369715751E-002
 -0.69999999999999996       0.20000000000000009       -9.0114854176270617E-002
 -0.59999999999999998       0.20000000000000009      -0.20684892979448011     
 -0.49999999999999994       0.20000000000000009      -0.24409609835891941     
 -0.39999999999999991       0.20000000000000009      -0.18886014509900742     
 -0.29999999999999993       0.20000000000000009       -6.0745291720883263E-002
 -0.19999999999999993       0.20000000000000009        8.9396624687235512E-002
  -9.9999999999999978E-002  0.20000000000000009       0.20651754967220914     
   2.7755575615628914E-017  0.20000000000000009       0.24321189806379631     
  0.10000000000000009       0.20000000000000009       0.18834179473590199     
  0.20000000000000009       0.20000000000000009        5.9796013185067200E-002
  0.30000000000000016       0.20000000000000009       -9.0145829169326286E-002
  0.40000000000000013       0.20000000000000009      -0.20751168129391639     
  0.50000000000000011       0.20000000000000009      -0.24408135332799999     
  0.60000000000000009       0.20000000000000009      -0.18947356496137208     
  0.70000000000000007       0.20000000000000009       -6.0734450403380137E-002
  0.80000000000000004       0.20000000000000009        8.8813279101551332E-002
  0.90000000000000002       0.20000000000000009       0.20630442754818379     
   1.0000000000000000       0.20000000000000009       0.23895149001180652     
  -1.0000000000000000       0.30000000000000016      -0.36147584401409427     
 -0.90000000000000002       0.30000000000000016      -0.27362169870943692     
 -0.80000000000000004       0.30000000000000016       -8.6109972959690639E-002
 -0.69999999999999996       0.30000000000000016       0.13513395228051844     
 -0.59999999999999998       0.30000000000000016       0.31066928557644208     
 -0.49999999999999994       0.30000000000000016       0.36681871879104189     
 -0.39999999999999991       0.30000000000000016       0.28398974488090684     
 -0.29999999999999993       0.30000000000000016        9.1572288174000011E-002
 -0.19999999999999993       0.30000000000000016      -0.13405432164025954     
  -9.9999999999999978E-002  0.30000000000000016      -0.31017005038561329     
   2.7755575615628914E-017  0.30000000000000016      -0.36548887950710512     
  0.10000000000000009       0.30000000000000016      -0.28321047074053896     
  0.20000000000000009       0.30000000000000016       -9.0145829169327049E-002
  0.30000000000000016       0.30000000000000016       0.13518129267863624     
  0.40000000000000013       0.30000000000000016       0.31166433412026712     
  0.50000000000000011       0.30000000000000016       0.36679675159131619     
  0.60000000000000009       0.30000000000000016       0.28491223605085536     
  0.70000000000000007       0.30000000000000016        9.1556105448613243E-002
  0.80000000000000004       0.30000000000000016      -0.13317797184959157     
  0.90000000000000002       0.30000000000000016      -0.30985006681086363     
   1.0000000000000000       0.30000000000000016      -0.35908704464334051     
  -1.0000000000000000       0.40000000000000013      -0.83287505644597060     
 -0.90000000000000002       0.40000000000000013      -0.63033613541126199     
 -0.80000000000000004       0.40000000000000013      -0.19822033201669439     
 -0.69999999999999996       0.40000000000000013       0.31155579143514461     
 -0.59999999999999998       0.40000000000000013       0.71593131638289098     
 -0.49999999999999994       0.40000000000000013       0.84518666012453258     
 -0.39999999999999991       0.40000000000000013       0.65422073622215560     
 -0.29999999999999993       0.40000000000000013       0.21079843953904026     
 -0.19999999999999993       0.40000000000000013      -0.30906841885350766     
  -9.9999999999999978E-002  0.40000000000000013      -0.71478187144810557     
   2.7755575615628914E-017  0.40000000000000013      -0.84212331730815260     
  0.10000000000000009       0.40000000000000013      -0.65242542458005126     
  0.20000000000000009       0.40000000000000013      -0.20751168129393263     
  0.30000000000000016       0.40000000000000013       0.31166433412026701     
  0.40000000000000013       0.40000000000000013       0.71822462059643544     
  0.50000000000000011       0.40000000000000013       0.84513591665806342     
  0.60000000000000009       0.40000000000000013       0.65634579802898485     
  0.70000000000000007       0.40000000000000013       0.21076107929212556     
  0.80000000000000004       0.40000000000000013      -0.30704903285115015     
  0.90000000000000002       0.40000000000000013      -0.71404440299576966     
   1.0000000000000000       0.40000000000000013      -0.82737248410346098     
  -1.0000000000000000       0.50000000000000011      -0.97998535020026223     
 -0.90000000000000002       0.50000000000000011      -0.74162281349096992     
 -0.80000000000000004       0.50000000000000011      -0.23315216910917105     
 -0.69999999999999996       0.50000000000000011       0.36666926684245077     
 -0.59999999999999998       0.50000000000000011       0.84243728195196699     
 -0.49999999999999994       0.50000000000000011       0.99447202237712895     
 -0.39999999999999991       0.50000000000000011       0.76972425781830200     
 -0.29999999999999993       0.50000000000000011       0.24794867568798412     
 -0.19999999999999993       0.50000000000000011      -0.36374263697870102     
  -9.9999999999999978E-002  0.50000000000000011      -0.84108517288768525     
   2.7755575615628914E-017  0.50000000000000011      -0.99086791889200643     
  0.10000000000000009       0.50000000000000011      -0.76761193189637178     
  0.20000000000000009       0.50000000000000011      -0.24408135332799807     
  0.30000000000000016       0.50000000000000011       0.36679675159131619     
  0.40000000000000013       0.50000000000000011       0.84513591665806520     
  0.50000000000000011       0.50000000000000011       0.99441226065660382     
  0.60000000000000009       0.50000000000000011       0.77222447616184453     
  0.70000000000000007       0.50000000000000011       0.24790468481743000     
  0.80000000000000004       0.50000000000000011      -0.36136648531623883     
  0.90000000000000002       0.50000000000000011      -0.84021736163237304     
   1.0000000000000000       0.50000000000000011      -0.97351148543644062     
  -1.0000000000000000       0.60000000000000009      -0.76102070598978944     
 -0.90000000000000002       0.60000000000000009      -0.57587491384726186     
 -0.80000000000000004       0.60000000000000009      -0.18098917887818422     
 -0.69999999999999996       0.60000000000000009       0.28481343278777238     
 -0.59999999999999998       0.60000000000000009       0.65424991005230015     
 -0.49999999999999994       0.60000000000000009       0.77227093240759004     
 -0.39999999999999991       0.60000000000000009       0.59769585495377442     
 -0.29999999999999993       0.60000000000000009       0.19247680776058040     
 -0.19999999999999993       0.60000000000000009      -0.28254079299001089     
  -9.9999999999999978E-002  0.60000000000000009      -0.65320022140245515     
   2.7755575615628914E-017  0.60000000000000009      -0.76947238828154063     
  0.10000000000000009       0.60000000000000009      -0.59605557770065365     
  0.20000000000000009       0.60000000000000009      -0.18947356496136813     
  0.30000000000000016       0.60000000000000009       0.28491223605085403     
  0.40000000000000013       0.60000000000000009       0.65634579802898285     
  0.50000000000000011       0.60000000000000009       0.77222447616184342     
  0.60000000000000009       0.60000000000000009       0.59963726846552234     
  0.70000000000000007       0.60000000000000009       0.19244261892181391     
  0.80000000000000004       0.60000000000000009      -0.28069549000867938     
  0.90000000000000002       0.60000000000000009      -0.65252623896029061     
   1.0000000000000000       0.60000000000000009      -0.75599387420707842     
  -1.0000000000000000       0.70000000000000007      -0.24430751814668472     
 -0.90000000000000002       0.70000000000000007      -0.18481656826105075     
 -0.80000000000000004       0.70000000000000007       -5.8014369318413674E-002
 -0.69999999999999996       0.70000000000000007        9.1524640329294082E-002
 -0.59999999999999998       0.70000000000000007       0.21008795200512706     
 -0.49999999999999994       0.70000000000000007       0.24791965962776494     
 -0.39999999999999991       0.70000000000000007       0.19181958620307554     
 -0.29999999999999993       0.70000000000000007        6.1698598083833794E-002
 -0.19999999999999993       0.70000000000000007       -9.0795158494661451E-002
  -9.9999999999999978E-002  0.70000000000000007      -0.20975137332223123     
   2.7755575615628914E-017  0.70000000000000007      -0.24702160225775352     
  0.10000000000000009       0.70000000000000007      -0.19129311435206778     
  0.20000000000000009       0.70000000000000007       -6.0734450403376487E-002
  0.30000000000000016       0.70000000000000007        9.1556105448613256E-002
  0.40000000000000013       0.70000000000000007       0.21076107929212620     
  0.50000000000000011       0.70000000000000007       0.24790468481742953     
  0.60000000000000009       0.70000000000000007       0.19244261892181161     
  0.70000000000000007       0.70000000000000007        6.1687587625163826E-002
  0.80000000000000004       0.70000000000000007       -9.0202677041590448E-002
  0.90000000000000002       0.70000000000000007      -0.20953491461397367     
   1.0000000000000000       0.70000000000000007      -0.24269446191010982     
  -1.0000000000000000       0.80000000000000004       0.35612436153855986     
 -0.90000000000000002       0.80000000000000004       0.26957205346498275     
 -0.80000000000000004       0.80000000000000004        8.4837091908686629E-002
 -0.69999999999999996       0.80000000000000004      -0.13313132672057348     
 -0.59999999999999998       0.80000000000000004      -0.30606872198430546     
 -0.49999999999999994       0.80000000000000004      -0.36138812595339642     
 -0.39999999999999991       0.80000000000000004      -0.27978665122172169     
 -0.29999999999999993       0.80000000000000004       -9.0218619419550172E-002
 -0.19999999999999993       0.80000000000000004       0.13206767741103295     
  -9.9999999999999978E-002  0.80000000000000004       0.30557686895472397     
   2.7755575615628914E-017  0.80000000000000004       0.36007796664046376     
  0.10000000000000009       0.80000000000000004       0.27901891167610532     
  0.20000000000000009       0.80000000000000004        8.8813279101566639E-002
  0.30000000000000016       0.80000000000000004      -0.13317797184959249     
  0.40000000000000013       0.80000000000000004      -0.30704903285116492     
  0.50000000000000011       0.80000000000000004      -0.36136648531624149     
  0.60000000000000009       0.80000000000000004      -0.28069549000869104     
  0.70000000000000007       0.80000000000000004       -9.0202677041590990E-002
  0.80000000000000004       0.80000000000000004       0.13120430359183866     
  0.90000000000000002       0.80000000000000004       0.30526162463356460     
   1.0000000000000000       0.80000000000000004       0.35377091207365013     
  -1.0000000000000000       0.90000000000000002       0.82802785980442761     
 -0.90000000000000002       0.90000000000000002       0.62666793758130446     
 -0.80000000000000004       0.90000000000000002       0.19706713535511558     
 -0.69999999999999996       0.90000000000000002      -0.30974215463538768     
 -0.59999999999999998       0.90000000000000002      -0.71176444681021900     
 -0.49999999999999994       0.90000000000000002      -0.84026780949217639     
 -0.39999999999999991       0.90000000000000002      -0.65041354366625526     
 -0.29999999999999993       0.90000000000000002      -0.20957205726659173     
 -0.19999999999999993       0.90000000000000002       0.30726925770142882     
  -9.9999999999999978E-002  0.90000000000000002       0.71062168958667826     
   2.7755575615628914E-017  0.90000000000000002       0.83722229318799890     
  0.10000000000000009       0.90000000000000002       0.64862867997903295     
  0.20000000000000009       0.90000000000000002       0.20630442754818470     
  0.30000000000000016       0.90000000000000002      -0.30985006681086169     
  0.40000000000000013       0.90000000000000002      -0.71404440299576721     
  0.50000000000000011       0.90000000000000002      -0.84021736163237137     
  0.60000000000000009       0.90000000000000002      -0.65252623896029338     
  0.70000000000000007       0.90000000000000002      -0.20953491461397436     
  0.80000000000000004       0.90000000000000002       0.30526162463355838     
  0.90000000000000002       0.90000000000000002       0.70988851351669457     
   1.0000000000000000       0.90000000000000002       0.82255730830041263     
  -1.0000000000000000        1.0000000000000000       0.95938780441138227     
 -0.90000000000000002        1.0000000000000000       0.72603539667243466     
 -0.80000000000000004        1.0000000000000000       0.22825200622291783     
 -0.69999999999999996        1.0000000000000000      -0.35896223858908777     
 -0.59999999999999998        1.0000000000000000      -0.82473057081700651     
 -0.49999999999999994        1.0000000000000000      -0.97356999087621032     
 -0.39999999999999991        1.0000000000000000      -0.75354620531539585     
 -0.29999999999999993        1.0000000000000000      -0.24273752806052790     
 -0.19999999999999993        1.0000000000000000       0.35609712095363483     
  -9.9999999999999978E-002   1.0000000000000000       0.82340687941292734     
   2.7755575615628914E-017   1.0000000000000000       0.97004163810623811     
  0.10000000000000009        1.0000000000000000       0.75147827641041576     
  0.20000000000000009        1.0000000000000000       0.23895149001180693     
  0.30000000000000016        1.0000000000000000      -0.35908704464333685     
  0.40000000000000013        1.0000000000000000      -0.82737248410343878     
  0.50000000000000011        1.0000000000000000      -0.97351148543643395     
  0.60000000000000009        1.0000000000000000      -0.75599387420706110     
  0.70000000000000007        1.0000000000000000      -0.24269446191011002     
  0.80000000000000004        1.0000000000000000       0.35377091207361971     
  0.90000000000000002        1.0000000000000000       0.82255730830041063     
   1.0000000000000000        1.0000000000000000       0.95305000655973859     
