  -1.0000000000000000       -1.0000000000000000       0.84001399764151219     
 -0.90000000000000002       -1.0000000000000000       0.85175296415486967     
 -0.80000000000000004       -1.0000000000000000       0.54906730186352881     
 -0.69999999999999996       -1.0000000000000000        4.4214543378474726E-002
 -0.59999999999999998       -1.0000000000000000      -0.48134895931368515     
 -0.49999999999999994       -1.0000000000000000      -0.82369951551276044     
 -0.39999999999999991       -1.0000000000000000      -0.85090454417620431     
 -0.29999999999999993       -1.0000000000000000      -0.55363873827357502     
 -0.19999999999999993       -1.0000000000000000       -4.4255787406584826E-002
  -9.9999999999999978E-002  -1.0000000000000000       0.49923463825016662     
   2.7755575615628914E-017  -1.0000000000000000       0.85275145185841883     
  0.10000000000000009       -1.0000000000000000       0.88216490285584526     
  0.20000000000000009       -1.0000000000000000       0.57238691826206112     
  0.30000000000000016       -1.0000000000000000        4.6070735508055627E-002
  0.40000000000000013       -1.0000000000000000      -0.50105815794209962     
  0.50000000000000011       -1.0000000000000000      -0.85381229931863434     
  0.60000000000000009       -1.0000000000000000      -0.88496450996855669     
  0.70000000000000007       -1.0000000000000000      -0.57378952471019162     
  0.80000000000000004       -1.0000000000000000       -4.9605608489632878E-002
  0.90000000000000002       -1.0000000000000000       0.49835478005988010     
   1.0000000000000000       -1.0000000000000000       0.83679221144087690     
  -1.0000000000000000      -0.90000000000000002       0.85175296415486357     
 -0.90000000000000002      -0.90000000000000002       0.86350394191313873     
 -0.80000000000000004      -0.90000000000000002       0.55649348437465518     
 -0.69999999999999996      -0.90000000000000002        4.4583609755416025E-002
 -0.59999999999999998      -0.90000000000000002      -0.48822987752421326     
 -0.49999999999999994      -0.90000000000000002      -0.83521215132263926     
 -0.39999999999999991      -0.90000000000000002      -0.86264227038694241     
 -0.29999999999999993      -0.90000000000000002      -0.56112748459121387     
 -0.19999999999999993      -0.90000000000000002       -4.4620789246484271E-002
  -9.9999999999999978E-002 -0.90000000000000002       0.50637199619893025     
   2.7755575615628914E-017 -0.90000000000000002       0.86467135956508756     
  0.10000000000000009      -0.90000000000000002       0.89433497194210088     
  0.20000000000000009      -0.90000000000000002       0.58013011026466477     
  0.30000000000000016      -0.90000000000000002        4.6456581512450003E-002
  0.40000000000000013      -0.90000000000000002      -0.50821899131648929     
  0.50000000000000011      -0.90000000000000002      -0.86574567062141350     
  0.60000000000000009      -0.90000000000000002      -0.89717167542169041     
  0.70000000000000007      -0.90000000000000002      -0.58155117512142573     
  0.80000000000000004      -0.90000000000000002       -5.0039208977624927E-002
  0.90000000000000002      -0.90000000000000002       0.50547960346936205     
   1.0000000000000000      -0.90000000000000002       0.84848940643626924     
  -1.0000000000000000      -0.80000000000000004       0.54906730186350927     
 -0.90000000000000002      -0.80000000000000004       0.55649348437465818     
 -0.80000000000000004      -0.80000000000000004       0.35849181575149702     
 -0.69999999999999996      -0.80000000000000004        2.8496382097298371E-002
 -0.59999999999999998      -0.80000000000000004      -0.31487964135786239     
 -0.49999999999999994      -0.80000000000000004      -0.53840618812990049     
 -0.39999999999999991      -0.80000000000000004      -0.55593665714490459     
 -0.29999999999999993      -0.80000000000000004      -0.36147774775048125     
 -0.19999999999999993      -0.80000000000000004       -2.8515804939779340E-002
  -9.9999999999999978E-002 -0.80000000000000004       0.32658099060773632     
   2.7755575615628914E-017 -0.80000000000000004       0.55739779180653726     
  0.10000000000000009      -0.80000000000000004       0.57636237166170534     
  0.20000000000000009      -0.80000000000000004       0.37372005240525469     
  0.30000000000000016      -0.80000000000000004        2.9694790228166252E-002
  0.40000000000000013      -0.80000000000000004      -0.32776965690163457     
  0.50000000000000011      -0.80000000000000004      -0.55808899406102519     
  0.60000000000000009      -0.80000000000000004      -0.57818901656082666     
  0.70000000000000007      -0.80000000000000004      -0.37463499754236351     
  0.80000000000000004      -0.80000000000000004       -3.2002656693281568E-002
  0.90000000000000002      -0.80000000000000004       0.32600549179971183     
   1.0000000000000000      -0.80000000000000004       0.54696669220131044     
  -1.0000000000000000      -0.69999999999999996        4.4214543378476419E-002
 -0.90000000000000002      -0.69999999999999996        4.4583609755416524E-002
 -0.80000000000000004      -0.69999999999999996        2.8496382097296762E-002
 -0.69999999999999996      -0.69999999999999996        1.9200435492336696E-003
 -0.59999999999999998      -0.69999999999999996       -2.5588390528739000E-002
 -0.49999999999999994      -0.69999999999999996       -4.3358538921261854E-002
 -0.39999999999999991      -0.69999999999999996       -4.4536669541196637E-002
 -0.29999999999999993      -0.69999999999999996       -2.8734840344006047E-002
 -0.19999999999999993      -0.69999999999999996       -1.9146195048082026E-003
  -9.9999999999999978E-002 -0.69999999999999996        2.6540436889205810E-002
   2.7755575615628914E-017 -0.69999999999999996        4.4889794843576192E-002
  0.10000000000000009      -0.69999999999999996        4.6174689301126608E-002
  0.20000000000000009      -0.69999999999999996        2.9709295618470494E-002
  0.30000000000000016      -0.69999999999999996        2.0027539474085890E-003
  0.40000000000000013      -0.69999999999999996       -2.6633132802219711E-002
  0.50000000000000011      -0.69999999999999996       -4.4943404944541437E-002
  0.60000000000000009      -0.69999999999999996       -4.6318730006765549E-002
  0.70000000000000007      -0.69999999999999996       -2.9781252453031433E-002
  0.80000000000000004      -0.69999999999999996       -2.1861225131227951E-003
  0.90000000000000002      -0.69999999999999996        2.6493734352639974E-002
   1.0000000000000000      -0.69999999999999996        4.4050285299996030E-002
  -1.0000000000000000      -0.59999999999999998      -0.48134895931366811     
 -0.90000000000000002      -0.59999999999999998      -0.48822987752420671     
 -0.80000000000000004      -0.59999999999999998      -0.31487964135784480     
 -0.69999999999999996      -0.59999999999999998       -2.5588390528736519E-002
 -0.59999999999999998      -0.59999999999999998       0.27566856341831225     
 -0.49999999999999994      -0.59999999999999998       0.47199867109985805     
 -0.39999999999999991      -0.59999999999999998       0.48774512667316450     
 -0.29999999999999993      -0.59999999999999998       0.31750052790341438     
 -0.19999999999999993      -0.59999999999999998        2.5616731135429439E-002
  -9.9999999999999978E-002 -0.59999999999999998      -0.28591091879023872     
   2.7755575615628914E-017 -0.59999999999999998      -0.48864485760672216     
  0.10000000000000009      -0.59999999999999998      -0.50566266761837386     
  0.20000000000000009      -0.59999999999999998      -0.32825136470535277     
  0.30000000000000016      -0.59999999999999998       -2.6661325173012250E-002
  0.40000000000000013      -0.59999999999999998       0.28695787735859868     
  0.50000000000000011      -0.59999999999999998       0.48925413044695398     
  0.60000000000000009      -0.59999999999999998       0.50726896847654790     
  0.70000000000000007      -0.59999999999999998       0.32905625204782302     
  0.80000000000000004      -0.59999999999999998        2.8688563273837450E-002
  0.90000000000000002      -0.59999999999999998      -0.28540698028070860     
   1.0000000000000000      -0.59999999999999998      -0.47949949725131008     
  -1.0000000000000000      -0.49999999999999994      -0.82369951551275689     
 -0.90000000000000002      -0.49999999999999994      -0.83521215132264304     
 -0.80000000000000004      -0.49999999999999994      -0.53840618812989693     
 -0.69999999999999996      -0.49999999999999994       -4.3358538921263068E-002
 -0.59999999999999998      -0.49999999999999994       0.47199867109985383     
 -0.49999999999999994      -0.49999999999999994       0.80770186996016957     
 -0.39999999999999991      -0.49999999999999994       0.83438022434027836     
 -0.29999999999999993      -0.49999999999999994       0.54288885397973274     
 -0.19999999999999993      -0.49999999999999994        4.3399032363896820E-002
  -9.9999999999999978E-002 -0.49999999999999994      -0.48953690926792021     
   2.7755575615628914E-017 -0.49999999999999994      -0.83618955496046421     
  0.10000000000000009      -0.49999999999999994      -0.86503350360566833     
  0.20000000000000009      -0.49999999999999994      -0.56127299527146457     
  0.30000000000000016      -0.49999999999999994       -4.5178780648539439E-002
  0.40000000000000013      -0.49999999999999994       0.49132503514980208     
  0.50000000000000011      -0.49999999999999994       0.83722981384543982     
  0.60000000000000009      -0.49999999999999994       0.86777875980678909     
  0.70000000000000007      -0.49999999999999994       0.56264837325844097     
  0.80000000000000004      -0.49999999999999994        4.8645018423165702E-002
  0.90000000000000002      -0.49999999999999994      -0.48867414203353460     
   1.0000000000000000      -0.49999999999999994      -0.82054026633559030     
  -1.0000000000000000      -0.39999999999999991      -0.85090454417617689     
 -0.90000000000000002      -0.39999999999999991      -0.86264227038693198     
 -0.80000000000000004      -0.39999999999999991      -0.55593665714488849     
 -0.69999999999999996      -0.39999999999999991       -4.4536669541197102E-002
 -0.59999999999999998      -0.39999999999999991       0.48774512667316433     
 -0.49999999999999994      -0.39999999999999991       0.83438022434027692     
 -0.39999999999999991      -0.39999999999999991       0.86178144297805237     
 -0.29999999999999993      -0.39999999999999991       0.56056602805607392     
 -0.19999999999999993      -0.39999999999999991        4.4573764700840901E-002
  -9.9999999999999978E-002 -0.39999999999999991      -0.50586924026797442     
   2.7755575615628914E-017 -0.39999999999999991      -0.86381010165959349     
  0.10000000000000009      -0.39999999999999991      -0.89344252994237294     
  0.20000000000000009      -0.39999999999999991      -0.57954964859635150     
  0.30000000000000016      -0.39999999999999991       -4.6407682463828745E-002
  0.40000000000000013      -0.39999999999999991       0.50771437522876395     
  0.50000000000000011      -0.39999999999999991       0.86488332876023633     
  0.60000000000000009      -0.39999999999999991       0.89627638720506020     
  0.70000000000000007      -0.39999999999999991       0.58096928634108747     
  0.80000000000000004      -0.39999999999999991        4.9986724597745044E-002
  0.90000000000000002      -0.39999999999999991      -0.50497773402094548     
   1.0000000000000000      -0.39999999999999991      -0.84764427033855527     
  -1.0000000000000000      -0.29999999999999993      -0.55363873827357124     
 -0.90000000000000002      -0.29999999999999993      -0.56112748459121631     
 -0.80000000000000004      -0.29999999999999993      -0.36147774775047853     
 -0.69999999999999996      -0.29999999999999993       -2.8734840344005662E-002
 -0.59999999999999998      -0.29999999999999993       0.31750052790341532     
 -0.49999999999999994      -0.29999999999999993       0.54288885397973330     
 -0.39999999999999991      -0.29999999999999993       0.56056602805607736     
 -0.29999999999999993      -0.29999999999999993       0.36448854647061857     
 -0.19999999999999993      -0.29999999999999993        2.8754447354527406E-002
  -9.9999999999999978E-002 -0.29999999999999993      -0.32929926912313634     
   2.7755575615628914E-017 -0.29999999999999993      -0.56203857218031361     
  0.10000000000000009      -0.29999999999999993      -0.58116182523629945     
  0.20000000000000009      -0.29999999999999993      -0.37683281488557341     
  0.30000000000000016      -0.29999999999999993       -2.9943270478787653E-002
  0.40000000000000013      -0.29999999999999993       0.33049784173187807     
  0.50000000000000011      -0.29999999999999993       0.56273553584076841     
  0.60000000000000009      -0.29999999999999993       0.58300368824915028     
  0.70000000000000007      -0.29999999999999993       0.37775538320964186     
  0.80000000000000004      -0.29999999999999993        3.2270359773783168E-002
  0.90000000000000002      -0.29999999999999993      -0.32871897996506250     
   1.0000000000000000      -0.29999999999999993      -0.55152062359004228     
  -1.0000000000000000      -0.19999999999999993       -4.4255787406595942E-002
 -0.90000000000000002      -0.19999999999999993       -4.4620789246487089E-002
 -0.80000000000000004      -0.19999999999999993       -2.8515804939800559E-002
 -0.69999999999999996      -0.19999999999999993       -1.9146195048128239E-003
 -0.59999999999999998      -0.19999999999999993        2.5616731135406301E-002
 -0.49999999999999994      -0.19999999999999993        4.3399032363892927E-002
 -0.39999999999999991      -0.19999999999999993        4.4573764700839125E-002
 -0.29999999999999993      -0.19999999999999993        2.8754447354527025E-002
 -0.19999999999999993      -0.19999999999999993        1.9090566020035738E-003
  -9.9999999999999978E-002 -0.19999999999999993       -2.6569853780904956E-002
   2.7755575615628914E-017 -0.19999999999999993       -4.4931753768535282E-002
  0.10000000000000009      -0.19999999999999993       -4.6213181666879169E-002
  0.20000000000000009      -0.19999999999999993       -2.9729592675660249E-002
  0.30000000000000016      -0.19999999999999993       -1.9971415442575466E-003
  0.40000000000000013      -0.19999999999999993        2.6662577637910374E-002
  0.50000000000000011      -0.19999999999999993        4.4985374395085757E-002
  0.60000000000000009      -0.19999999999999993        4.6357297854398787E-002
  0.70000000000000007      -0.19999999999999993        2.9801583366883860E-002
  0.80000000000000004      -0.19999999999999993        2.1806334392112077E-003
  0.90000000000000002      -0.19999999999999993       -2.6523100663461818E-002
   1.0000000000000000      -0.19999999999999993       -4.4091470305982691E-002
  -1.0000000000000000       -9.9999999999999978E-002  0.49923463825016018     
 -0.90000000000000002       -9.9999999999999978E-002  0.50637199619893014     
 -0.80000000000000004       -9.9999999999999978E-002  0.32658099060773566     
 -0.69999999999999996       -9.9999999999999978E-002   2.6540436889205748E-002
 -0.59999999999999998       -9.9999999999999978E-002 -0.28591091879023983     
 -0.49999999999999994       -9.9999999999999978E-002 -0.48953690926792132     
 -0.39999999999999991       -9.9999999999999978E-002 -0.50586924026797786     
 -0.29999999999999993       -9.9999999999999978E-002 -0.32929926912313401     
 -0.19999999999999993       -9.9999999999999978E-002  -2.6569853780906615E-002
  -9.9999999999999978E-002  -9.9999999999999978E-002  0.29653382096139169     
   2.7755575615628914E-017  -9.9999999999999978E-002  0.50680161847617022     
  0.10000000000000009       -9.9999999999999978E-002  0.52445257319364713     
  0.20000000000000009       -9.9999999999999978E-002  0.34044961702593485     
  0.30000000000000016       -9.9999999999999978E-002   2.7653284943425099E-002
  0.40000000000000013       -9.9999999999999978E-002 -0.29761969188885867     
  0.50000000000000011       -9.9999999999999978E-002 -0.50743353714462380     
  0.60000000000000009       -9.9999999999999978E-002 -0.52611857020191666     
  0.70000000000000007       -9.9999999999999978E-002 -0.34128441763616829     
  0.80000000000000004       -9.9999999999999978E-002  -2.9755858205950676E-002
  0.90000000000000002       -9.9999999999999978E-002  0.29601115860843530     
   1.0000000000000000       -9.9999999999999978E-002  0.49731643866962660     
  -1.0000000000000000        2.7755575615628914E-017  0.85275145185837808     
 -0.90000000000000002        2.7755575615628914E-017  0.86467135956508212     
 -0.80000000000000004        2.7755575615628914E-017  0.55739779180651561     
 -0.69999999999999996        2.7755575615628914E-017   4.4889794843572924E-002
 -0.59999999999999998        2.7755575615628914E-017 -0.48864485760673387     
 -0.49999999999999994        2.7755575615628914E-017 -0.83618955496047243     
 -0.39999999999999991        2.7755575615628914E-017 -0.86381010165959671     
 -0.29999999999999993        2.7755575615628914E-017 -0.56203857218031295     
 -0.19999999999999993        2.7755575615628914E-017  -4.4931753768542103E-002
  -9.9999999999999978E-002   2.7755575615628914E-017  0.50680161847617267     
   2.7755575615628914E-017   2.7755575615628914E-017  0.86568199222653264     
  0.10000000000000009        2.7755575615628914E-017  0.89554456033332963     
  0.20000000000000009        2.7755575615628914E-017  0.58107118400152369     
  0.30000000000000016        2.7755575615628914E-017   4.6774310152487029E-002
  0.40000000000000013        2.7755575615628914E-017 -0.50865282778502519     
  0.50000000000000011        2.7755575615628914E-017 -0.86675895204004239     
  0.60000000000000009        2.7755575615628914E-017 -0.89838665817418206     
  0.70000000000000007        2.7755575615628914E-017 -0.58249508082981993     
  0.80000000000000004        2.7755575615628914E-017  -5.0362815561800195E-002
  0.90000000000000002        2.7755575615628914E-017  0.50590842329851771     
   1.0000000000000000        2.7755575615628914E-017  0.84948074964538822     
  -1.0000000000000000       0.10000000000000009       0.88216490285584037     
 -0.90000000000000002       0.10000000000000009       0.89433497194210254     
 -0.80000000000000004       0.10000000000000009       0.57636237166170268     
 -0.69999999999999996       0.10000000000000009        4.6174689301128127E-002
 -0.59999999999999998       0.10000000000000009      -0.50566266761837231     
 -0.49999999999999994       0.10000000000000009      -0.86503350360566422     
 -0.39999999999999991       0.10000000000000009      -0.89344252994237339     
 -0.29999999999999993       0.10000000000000009      -0.58116182523629834     
 -0.19999999999999993       0.10000000000000009       -4.6213181666879974E-002
  -9.9999999999999978E-002  0.10000000000000009       0.52445257319364813     
   2.7755575615628914E-017  0.10000000000000009       0.89554456033332697     
  0.10000000000000009       0.10000000000000009       0.92626680888683188     
  0.20000000000000009       0.10000000000000009       0.60084291808126089     
  0.30000000000000016       0.10000000000000009        4.8114506889723345E-002
  0.40000000000000013       0.10000000000000009      -0.52636550916952796     
  0.50000000000000011       0.10000000000000009      -0.89665722550433957     
  0.60000000000000009       0.10000000000000009      -0.92920479081211715     
  0.70000000000000007       0.10000000000000009      -0.60231471862832620     
  0.80000000000000004       0.10000000000000009       -5.1825047308458418E-002
  0.90000000000000002       0.10000000000000009       0.52352831672738886     
   1.0000000000000000       0.10000000000000009       0.87878482967010063     
  -1.0000000000000000       0.20000000000000009       0.57238691826203592     
 -0.90000000000000002       0.20000000000000009       0.58013011026466532     
 -0.80000000000000004       0.20000000000000009       0.37372005240526118     
 -0.69999999999999996       0.20000000000000009        2.9709295618473429E-002
 -0.59999999999999998       0.20000000000000009      -0.32825136470533217     
 -0.49999999999999994       0.20000000000000009      -0.56127299527146512     
 -0.39999999999999991       0.20000000000000009      -0.57954964859634994     
 -0.29999999999999993       0.20000000000000009      -0.37683281488557646     
 -0.19999999999999993       0.20000000000000009       -2.9729592675663871E-002
  -9.9999999999999978E-002  0.20000000000000009       0.34044961702593446     
   2.7755575615628914E-017  0.20000000000000009       0.58107118400151547     
  0.10000000000000009       0.20000000000000009       0.60084291808126067     
  0.20000000000000009       0.20000000000000009       0.38959514646981053     
  0.30000000000000016       0.20000000000000009        3.0958698737845503E-002
  0.40000000000000013       0.20000000000000009      -0.34168878874620590     
  0.50000000000000011       0.20000000000000009      -0.58179175694596041     
  0.60000000000000009       0.20000000000000009      -0.60274716445735110     
  0.70000000000000007       0.20000000000000009      -0.39054896260963468     
  0.80000000000000004       0.20000000000000009       -3.3364600754266671E-002
  0.90000000000000002       0.20000000000000009       0.33984967852859149     
   1.0000000000000000       0.20000000000000009       0.57019705846808000     
  -1.0000000000000000       0.30000000000000016        4.6070735508056314E-002
 -0.90000000000000002       0.30000000000000016        4.6456581512451522E-002
 -0.80000000000000004       0.30000000000000016        2.9694790228167130E-002
 -0.69999999999999996       0.30000000000000016        2.0027539474086436E-003
 -0.59999999999999998       0.30000000000000016       -2.6661325173011584E-002
 -0.49999999999999994       0.30000000000000016       -4.5178780648538523E-002
 -0.39999999999999991       0.30000000000000016       -4.6407682463826941E-002
 -0.29999999999999993       0.30000000000000016       -2.9943270478788569E-002
 -0.19999999999999993       0.30000000000000016       -1.9971415442556141E-003
  -9.9999999999999978E-002  0.30000000000000016        2.7653284943426105E-002
   2.7755575615628914E-017  0.30000000000000016        4.6774310152489867E-002
  0.10000000000000009       0.30000000000000016        4.8114506889723810E-002
  0.20000000000000009       0.30000000000000016        3.0958698737844126E-002
  0.30000000000000016       0.30000000000000016        2.0890141272940192E-003
  0.40000000000000013       0.30000000000000016       -2.7749889305534983E-002
  0.50000000000000011       0.30000000000000016       -4.6830182397487159E-002
  0.60000000000000009       0.30000000000000016       -4.8264611769675544E-002
  0.70000000000000007       0.30000000000000016       -3.1033686071650492E-002
  0.80000000000000004       0.30000000000000016       -2.2800946781575812E-003
  0.90000000000000002       0.30000000000000016        2.7604623771568665E-002
   1.0000000000000000       0.30000000000000016        4.5899554117149688E-002
  -1.0000000000000000       0.40000000000000013      -0.50105815794205133     
 -0.90000000000000002       0.40000000000000013      -0.50821899131648163     
 -0.80000000000000004       0.40000000000000013      -0.32776965690161342     
 -0.69999999999999996       0.40000000000000013       -2.6633132802214656E-002
 -0.59999999999999998       0.40000000000000013       0.28695787735861905     
 -0.49999999999999994       0.40000000000000013       0.49132503514980463     
 -0.39999999999999991       0.40000000000000013       0.50771437522877316     
 -0.29999999999999993       0.40000000000000013       0.33049784173187524     
 -0.19999999999999993       0.40000000000000013        2.6662577637924942E-002
  -9.9999999999999978E-002  0.40000000000000013      -0.29761969188885812     
   2.7755575615628914E-017  0.40000000000000013      -0.50865282778503362     
  0.10000000000000009       0.40000000000000013      -0.52636550916952707     
  0.20000000000000009       0.40000000000000013      -0.34168878874622122     
  0.30000000000000016       0.40000000000000013       -2.7749889305533980E-002
  0.40000000000000013       0.40000000000000013       0.29870949495411903     
  0.50000000000000011       0.40000000000000013       0.50928703138508435     
  0.60000000000000009       0.40000000000000013       0.52803755688473986     
  0.70000000000000007       0.40000000000000013       0.34252661912525689     
  0.80000000000000004       0.40000000000000013        2.9860114441407421E-002
  0.90000000000000002       0.40000000000000013      -0.29709511640450331     
   1.0000000000000000       0.40000000000000013      -0.49913300742839611     
  -1.0000000000000000       0.50000000000000011      -0.85381229931862990     
 -0.90000000000000002       0.50000000000000011      -0.86574567062141361     
 -0.80000000000000004       0.50000000000000011      -0.55808899406102719     
 -0.69999999999999996       0.50000000000000011       -4.4943404944542083E-002
 -0.59999999999999998       0.50000000000000011       0.48925413044695448     
 -0.49999999999999994       0.50000000000000011       0.83722981384543649     
 -0.39999999999999991       0.50000000000000011       0.86488332876024210     
 -0.29999999999999993       0.50000000000000011       0.56273553584076519     
 -0.19999999999999993       0.50000000000000011        4.4985374395086694E-002
  -9.9999999999999978E-002  0.50000000000000011      -0.50743353714462403     
   2.7755575615628914E-017  0.50000000000000011      -0.86675895204004205     
  0.10000000000000009       0.50000000000000011      -0.89665722550433802     
  0.20000000000000009       0.50000000000000011      -0.58179175694596175     
  0.30000000000000016       0.50000000000000011       -4.6830182397486007E-002
  0.40000000000000013       0.50000000000000011       0.50928703138508713     
  0.50000000000000011       0.50000000000000011       0.86783723939844948     
  0.60000000000000009       0.50000000000000011       0.89950284079398357     
  0.70000000000000007       0.50000000000000011       0.58321741488404499     
  0.80000000000000004       0.50000000000000011        5.0423137246716564E-002
  0.90000000000000002       0.50000000000000011      -0.50653922866288748     
   1.0000000000000000       0.50000000000000011      -0.85053755745759896     
  -1.0000000000000000       0.60000000000000009      -0.88496450996850573     
 -0.90000000000000002       0.60000000000000009      -0.89717167542168519     
 -0.80000000000000004       0.60000000000000009      -0.57818901656080957     
 -0.69999999999999996       0.60000000000000009       -4.6318730006765847E-002
 -0.59999999999999998       0.60000000000000009       0.50726896847654823     
 -0.49999999999999994       0.60000000000000009       0.86777875980679309     
 -0.39999999999999991       0.60000000000000009       0.89627638720505975     
 -0.29999999999999993       0.60000000000000009       0.58300368824915039     
 -0.19999999999999993       0.60000000000000009        4.6357297854396261E-002
  -9.9999999999999978E-002  0.60000000000000009      -0.52611857020191632     
   2.7755575615628914E-017  0.60000000000000009      -0.89838665817417318     
  0.10000000000000009       0.60000000000000009      -0.92920479081211749     
  0.20000000000000009       0.60000000000000009      -0.60274716445734999     
  0.30000000000000016       0.60000000000000009       -4.8264611769677411E-002
  0.40000000000000013       0.60000000000000009       0.52803755688472997     
  0.50000000000000011       0.60000000000000009       0.89950284079398046     
  0.60000000000000009       0.60000000000000009       0.93215207627114371     
  0.70000000000000007       0.60000000000000009       0.60422362440405875     
  0.80000000000000004       0.60000000000000009        5.1986911325362942E-002
  0.90000000000000002       0.60000000000000009      -0.52519137816239247     
   1.0000000000000000       0.60000000000000009      -0.88157374256044196     
  -1.0000000000000000       0.70000000000000007      -0.57378952471018951     
 -0.90000000000000002       0.70000000000000007      -0.58155117512142618     
 -0.80000000000000004       0.70000000000000007      -0.37463499754236401     
 -0.69999999999999996       0.70000000000000007       -2.9781252453032338E-002
 -0.59999999999999998       0.70000000000000007       0.32905625204782285     
 -0.49999999999999994       0.70000000000000007       0.56264837325843675     
 -0.39999999999999991       0.70000000000000007       0.58096928634109013     
 -0.29999999999999993       0.70000000000000007       0.37775538320963975     
 -0.19999999999999993       0.70000000000000007        2.9801583366881088E-002
  -9.9999999999999978E-002  0.70000000000000007      -0.34128441763616835     
   2.7755575615628914E-017  0.70000000000000007      -0.58249508082982260     
  0.10000000000000009       0.70000000000000007      -0.60231471862832409     
  0.20000000000000009       0.70000000000000007      -0.39054896260963184     
  0.30000000000000016       0.70000000000000007       -3.1033686071649955E-002
  0.40000000000000013       0.70000000000000007       0.34252661912526033     
  0.50000000000000011       0.70000000000000007       0.58321741488404621     
  0.60000000000000009       0.70000000000000007       0.60422362440405941     
  0.70000000000000007       0.70000000000000007       0.39150511217475947     
  0.80000000000000004       0.70000000000000007        3.3445478060615583E-002
  0.90000000000000002       0.70000000000000007      -0.34068300822407049     
   1.0000000000000000       0.70000000000000007      -0.57159430982354986     
  -1.0000000000000000       0.80000000000000004       -4.9605608489653091E-002
 -0.90000000000000002       0.80000000000000004       -5.0039208977627661E-002
 -0.80000000000000004       0.80000000000000004       -3.2002656693287099E-002
 -0.69999999999999996       0.80000000000000004       -2.1861225131285496E-003
 -0.59999999999999998       0.80000000000000004        2.8688563273809337E-002
 -0.49999999999999994       0.80000000000000004        4.8645018423162482E-002
 -0.39999999999999991       0.80000000000000004        4.9986724597724436E-002
 -0.29999999999999993       0.80000000000000004        3.2270359773784750E-002
 -0.19999999999999993       0.80000000000000004        2.1806334391991692E-003
  -9.9999999999999978E-002  0.80000000000000004       -2.9755858205950857E-002
   2.7755575615628914E-017  0.80000000000000004       -5.0362815561778337E-002
  0.10000000000000009       0.80000000000000004       -5.1825047308453789E-002
  0.20000000000000009       0.80000000000000004       -3.3364600754240657E-002
  0.30000000000000016       0.80000000000000004       -2.2800946781578761E-003
  0.40000000000000013       0.80000000000000004        2.9860114441397571E-002
  0.50000000000000011       0.80000000000000004        5.0423137246713844E-002
  0.60000000000000009       0.80000000000000004        5.1986911325339481E-002
  0.70000000000000007       0.80000000000000004        3.3445478060617179E-002
  0.80000000000000004       0.80000000000000004        2.4860325865574268E-003
  0.90000000000000002       0.80000000000000004       -2.9703491914094573E-002
   1.0000000000000000       0.80000000000000004       -4.9420904639417250E-002
  -1.0000000000000000       0.90000000000000002       0.49835478005987954     
 -0.90000000000000002       0.90000000000000002       0.50547960346936105     
 -0.80000000000000004       0.90000000000000002       0.32600549179971355     
 -0.69999999999999996       0.90000000000000002        2.6493734352639905E-002
 -0.59999999999999998       0.90000000000000002      -0.28540698028070943     
 -0.49999999999999994       0.90000000000000002      -0.48867414203353426     
 -0.39999999999999991       0.90000000000000002      -0.50497773402095425     
 -0.29999999999999993       0.90000000000000002      -0.32871897996505989     
 -0.19999999999999993       0.90000000000000002       -2.6523100663466317E-002
  -9.9999999999999978E-002  0.90000000000000002       0.29601115860843297     
   2.7755575615628914E-017  0.90000000000000002       0.50590842329851760     
  0.10000000000000009       0.90000000000000002       0.52352831672738820     
  0.20000000000000009       0.90000000000000002       0.33984967852859738     
  0.30000000000000016       0.90000000000000002        2.7604623771567988E-002
  0.40000000000000013       0.90000000000000002      -0.29709511640450381     
  0.50000000000000011       0.90000000000000002      -0.50653922866288614     
  0.60000000000000009       0.90000000000000002      -0.52519137816239858     
  0.70000000000000007       0.90000000000000002      -0.34068300822406949     
  0.80000000000000004       0.90000000000000002       -2.9703491914099354E-002
  0.90000000000000002       0.90000000000000002       0.29548941748379243     
   1.0000000000000000       0.90000000000000002       0.49643996020325848     
  -1.0000000000000000        1.0000000000000000       0.83679221144080507     
 -0.90000000000000002        1.0000000000000000       0.84848940643626058     
 -0.80000000000000004        1.0000000000000000       0.54696669220128091     
 -0.69999999999999996        1.0000000000000000        4.4050285299993421E-002
 -0.59999999999999998        1.0000000000000000      -0.47949949725132274     
 -0.49999999999999994        1.0000000000000000      -0.82054026633559474     
 -0.39999999999999991        1.0000000000000000      -0.84764427033855505     
 -0.29999999999999993        1.0000000000000000      -0.55152062359003839     
 -0.19999999999999993        1.0000000000000000       -4.4091470305987576E-002
  -9.9999999999999978E-002   1.0000000000000000       0.49731643866962388     
   2.7755575615628914E-017   1.0000000000000000       0.84948074964538478     
  0.10000000000000009        1.0000000000000000       0.87878482967010152     
  0.20000000000000009        1.0000000000000000       0.57019705846808155     
  0.30000000000000016        1.0000000000000000        4.5899554117149084E-002
  0.40000000000000013        1.0000000000000000      -0.49913300742838701     
  0.50000000000000011        1.0000000000000000      -0.85053755745759407     
  0.60000000000000009        1.0000000000000000      -0.88157374256043952     
  0.70000000000000007        1.0000000000000000      -0.57159430982354897     
  0.80000000000000004        1.0000000000000000       -4.9420904639441675E-002
  0.90000000000000002        1.0000000000000000       0.49643996020325604     
   1.0000000000000000        1.0000000000000000       0.83358271251573424     
