  -1.0000000000000000       -1.0000000000000000       0.26715408871995849     
 -0.90000000000000002       -1.0000000000000000       0.46008259582143091     
 -0.80000000000000004       -1.0000000000000000       0.48081273265056196     
 -0.69999999999999996       -1.0000000000000000       0.32198629428022357     
 -0.59999999999999998       -1.0000000000000000        3.6672722344172778E-002
 -0.49999999999999994       -1.0000000000000000      -0.26079565426278212     
 -0.39999999999999991       -1.0000000000000000      -0.46111478243055443     
 -0.29999999999999993       -1.0000000000000000      -0.48314623538810525     
 -0.19999999999999993       -1.0000000000000000      -0.32366355296515942     
  -9.9999999999999978E-002  -1.0000000000000000       -3.7506848135999873E-002
   2.7755575615628914E-017  -1.0000000000000000       0.26839705011200427     
  0.10000000000000009       -1.0000000000000000       0.47658246635940638     
  0.20000000000000009       -1.0000000000000000       0.49862095675124662     
  0.30000000000000016       -1.0000000000000000       0.33381209619637936     
  0.40000000000000013       -1.0000000000000000        3.6883951118873937E-002
  0.50000000000000011       -1.0000000000000000      -0.27040505733140985     
  0.60000000000000009       -1.0000000000000000      -0.47915422600371099     
  0.70000000000000007       -1.0000000000000000      -0.50099657769776951     
  0.80000000000000004       -1.0000000000000000      -0.33645917370801132     
  0.90000000000000002       -1.0000000000000000       -3.9538239372870231E-002
   1.0000000000000000       -1.0000000000000000       0.26345274922361678     
  -1.0000000000000000      -0.90000000000000002       0.46008259582142907     
 -0.90000000000000002      -0.90000000000000002       0.79178909845463141     
 -0.80000000000000004      -0.90000000000000002       0.82715232119158999     
 -0.69999999999999996      -0.90000000000000002       0.55362246814403993     
 -0.59999999999999998      -0.90000000000000002        6.2608453079728177E-002
 -0.49999999999999994      -0.90000000000000002      -0.44913546878993421     
 -0.39999999999999991      -0.90000000000000002      -0.79356309847714745     
 -0.29999999999999993      -0.90000000000000002      -0.83116731719141668     
 -0.19999999999999993      -0.90000000000000002      -0.55650487715839447     
  -9.9999999999999978E-002 -0.90000000000000002       -6.4036282463190028E-002
   2.7755575615628914E-017 -0.90000000000000002       0.46223101211927087     
  0.10000000000000009      -0.90000000000000002       0.82018501043238035     
  0.20000000000000009      -0.90000000000000002       0.85778896011122130     
  0.30000000000000016      -0.90000000000000002       0.57395575772592100     
  0.40000000000000013      -0.90000000000000002        6.2951699595478944E-002
  0.50000000000000011      -0.90000000000000002      -0.46568382210612819     
  0.60000000000000009      -0.90000000000000002      -0.82460975126451730     
  0.70000000000000007      -0.90000000000000002      -0.86187627919154097     
  0.80000000000000004      -0.90000000000000002      -0.57851086521742123     
  0.90000000000000002      -0.90000000000000002       -6.7519696628969839E-002
   1.0000000000000000      -0.90000000000000002       0.45371487556648421     
  -1.0000000000000000      -0.80000000000000004       0.48081273265053942     
 -0.90000000000000002      -0.80000000000000004       0.82715232119159154     
 -0.80000000000000004      -0.80000000000000004       0.86391620955551818     
 -0.69999999999999996      -0.80000000000000004       0.57805894424376003     
 -0.59999999999999998      -0.80000000000000004        6.5116509037037820E-002
 -0.49999999999999994      -0.80000000000000004      -0.46937414190900550     
 -0.39999999999999991      -0.80000000000000004      -0.82900420140808717     
 -0.29999999999999993      -0.80000000000000004      -0.86811001294142942     
 -0.19999999999999993      -0.80000000000000004      -0.58106774225935498     
  -9.9999999999999978E-002 -0.80000000000000004       -6.6603720979941078E-002
   2.7755575615628914E-017 -0.80000000000000004       0.48306242602012928     
  0.10000000000000009      -0.80000000000000004       0.85681652224164850     
  0.20000000000000009      -0.80000000000000004       0.89591497732109704     
  0.30000000000000016      -0.80000000000000004       0.59928974920970957     
  0.40000000000000013      -0.80000000000000004        6.5463500041718428E-002
  0.50000000000000011      -0.80000000000000004      -0.48666778180183623     
  0.60000000000000009      -0.80000000000000004      -0.86143820574124186     
  0.70000000000000007      -0.80000000000000004      -0.90018424178570167     
  0.80000000000000004      -0.80000000000000004      -0.60404804863465167     
  0.90000000000000002      -0.80000000000000004       -7.0235539044213022E-002
   1.0000000000000000      -0.80000000000000004       0.47416186046304887     
  -1.0000000000000000      -0.69999999999999996       0.32198629428022563     
 -0.90000000000000002      -0.69999999999999996       0.55362246814404015     
 -0.80000000000000004      -0.69999999999999996       0.57805894424375948     
 -0.69999999999999996      -0.69999999999999996       0.38662593200056006     
 -0.59999999999999998      -0.69999999999999996        4.3309105007987438E-002
 -0.49999999999999994      -0.69999999999999996      -0.31432790074640626     
 -0.39999999999999991      -0.69999999999999996      -0.55486066770024001     
 -0.29999999999999993      -0.69999999999999996      -0.58086541755101118     
 -0.19999999999999993      -0.69999999999999996      -0.38863752299310322     
  -9.9999999999999978E-002 -0.69999999999999996       -4.4300339315021531E-002
   2.7755575615628914E-017 -0.69999999999999996       0.32349710327805531     
  0.10000000000000009      -0.69999999999999996       0.57347711159015224     
  0.20000000000000009      -0.69999999999999996       0.59947020781783078     
  0.30000000000000016      -0.69999999999999996       0.40082585141161692     
  0.40000000000000013      -0.69999999999999996        4.3530330065378396E-002
  0.50000000000000011      -0.69999999999999996      -0.32590862519532326     
  0.60000000000000009      -0.69999999999999996      -0.57656981304534027     
  0.70000000000000007      -0.69999999999999996      -0.60232710041849657     
  0.80000000000000004      -0.69999999999999996      -0.40401039740194272     
  0.90000000000000002      -0.69999999999999996       -4.6724333071120963E-002
   1.0000000000000000      -0.69999999999999996       0.31753597484848711     
  -1.0000000000000000      -0.59999999999999998        3.6672722344185504E-002
 -0.90000000000000002      -0.59999999999999998        6.2608453079733076E-002
 -0.80000000000000004      -0.59999999999999998        6.5116509037063577E-002
 -0.69999999999999996      -0.59999999999999998        4.3309105007988874E-002
 -0.59999999999999998      -0.59999999999999998        4.4859292421043657E-003
 -0.49999999999999994      -0.59999999999999998       -3.5803016850615030E-002
 -0.39999999999999991      -0.59999999999999998       -6.2746548913038547E-002
 -0.29999999999999993      -0.59999999999999998       -6.5433157730607178E-002
 -0.19999999999999993      -0.59999999999999998       -4.3533240143202048E-002
  -9.9999999999999978E-002 -0.59999999999999998       -4.5917560617719250E-003
   2.7755575615628914E-017 -0.59999999999999998        3.6851185528804897E-002
  0.10000000000000009      -0.59999999999999998        6.4853873122194122E-002
  0.20000000000000009      -0.59999999999999998        6.7529052866044589E-002
  0.30000000000000016      -0.59999999999999998        4.4899780838167654E-002
  0.40000000000000013      -0.59999999999999998        4.4943904839884873E-003
  0.50000000000000011      -0.59999999999999998       -3.7121521937569034E-002
  0.60000000000000009      -0.59999999999999998       -6.5202655267313739E-002
  0.70000000000000007      -0.59999999999999998       -6.7851271677303537E-002
  0.80000000000000004      -0.59999999999999998       -4.5259559468016228E-002
  0.90000000000000002      -0.59999999999999998       -4.8556306707280856E-003
   1.0000000000000000      -0.59999999999999998        3.6171221920625669E-002
  -1.0000000000000000      -0.49999999999999994      -0.26079565426277979     
 -0.90000000000000002      -0.49999999999999994      -0.44913546878993554     
 -0.80000000000000004      -0.49999999999999994      -0.46937414190900240     
 -0.69999999999999996      -0.49999999999999994      -0.31432790074640721     
 -0.59999999999999998      -0.49999999999999994       -3.5803016850614933E-002
 -0.49999999999999994      -0.49999999999999994       0.25458853667326015     
 -0.39999999999999991      -0.49999999999999994       0.45014310921678558     
 -0.29999999999999993      -0.49999999999999994       0.47165212679085827     
 -0.19999999999999993      -0.49999999999999994       0.31596527445945266     
  -9.9999999999999978E-002 -0.49999999999999994        3.6617339456148069E-002
   2.7755575615628914E-017 -0.49999999999999994      -0.26200898766156749     
  0.10000000000000009      -0.49999999999999994      -0.46524274362573143     
  0.20000000000000009      -0.49999999999999994      -0.48675870186441478     
  0.30000000000000016      -0.49999999999999994      -0.32587242762579521     
  0.40000000000000013      -0.49999999999999994       -3.6009335431258171E-002
  0.50000000000000011      -0.49999999999999994       0.26396923333300376     
  0.60000000000000009      -0.49999999999999994       0.46775331802347109     
  0.70000000000000007      -0.49999999999999994       0.48907780373372955     
  0.80000000000000004      -0.49999999999999994       0.32845652352501764     
  0.90000000000000002      -0.49999999999999994        3.8600467760745626E-002
   1.0000000000000000      -0.49999999999999994      -0.25718237136232297     
  -1.0000000000000000      -0.39999999999999991      -0.46111478243051363     
 -0.90000000000000002      -0.39999999999999991      -0.79356309847713646     
 -0.80000000000000004      -0.39999999999999991      -0.82900420140806141     
 -0.69999999999999996      -0.39999999999999991      -0.55486066770023867     
 -0.59999999999999998      -0.39999999999999991       -6.2746548913020131E-002
 -0.49999999999999994      -0.39999999999999991       0.45014310921678402     
 -0.39999999999999991      -0.39999999999999991       0.79534106296590690     
 -0.29999999999999993      -0.39999999999999991       0.83302818915075072     
 -0.19999999999999993      -0.39999999999999991       0.55774951703373965     
  -9.9999999999999978E-002 -0.39999999999999991        6.4177543986669486E-002
   2.7755575615628914E-017 -0.39999999999999991      -0.46326805246176506     
  0.10000000000000009      -0.39999999999999991      -0.82202263183273105     
  0.20000000000000009      -0.39999999999999991      -0.85970943493841268     
  0.30000000000000016      -0.39999999999999991      -0.57523943366066854     
  0.40000000000000013      -0.39999999999999991       -6.3090476863753311E-002
  0.50000000000000011      -0.39999999999999991       0.46672858587379484     
  0.60000000000000009      -0.39999999999999991       0.82645728114741313     
  0.70000000000000007      -0.39999999999999991       0.86380590702156135     
  0.80000000000000004      -0.39999999999999991       0.57980474496299672     
  0.90000000000000002      -0.39999999999999991        6.7668708660991922E-002
   1.0000000000000000      -0.39999999999999991      -0.45473280473459488     
  -1.0000000000000000      -0.29999999999999993      -0.48314623538809787     
 -0.90000000000000002      -0.29999999999999993      -0.83116731719141723     
 -0.80000000000000004      -0.29999999999999993      -0.86811001294142254     
 -0.69999999999999996      -0.29999999999999993      -0.58086541755101084     
 -0.59999999999999998      -0.29999999999999993       -6.5433157730602029E-002
 -0.49999999999999994      -0.29999999999999993       0.47165212679085683     
 -0.39999999999999991      -0.29999999999999993       0.83302818915075394     
 -0.29999999999999993      -0.29999999999999993       0.87232417408742979     
 -0.19999999999999993      -0.29999999999999993       0.58388882495904337     
  -9.9999999999999978E-002 -0.29999999999999993        6.6927597164156027E-002
   2.7755575615628914E-017 -0.29999999999999993      -0.48540683816081748     
  0.10000000000000009      -0.29999999999999993      -0.86097550812169688     
  0.20000000000000009      -0.29999999999999993      -0.90026411500078696     
  0.30000000000000016      -0.29999999999999993      -0.60219929792161508     
  0.40000000000000013      -0.29999999999999993       -6.5781856040416836E-002
  0.50000000000000011      -0.29999999999999993       0.48902969764861137     
  0.60000000000000009      -0.29999999999999993       0.86561962660061842     
  0.70000000000000007      -0.29999999999999993       0.90455410362662814     
  0.80000000000000004      -0.29999999999999993       0.60698069462403814     
  0.90000000000000002      -0.29999999999999993        7.0577058466935794E-002
   1.0000000000000000      -0.29999999999999993      -0.47646307739423405     
  -1.0000000000000000      -0.19999999999999993      -0.32366355296515886     
 -0.90000000000000002      -0.19999999999999993      -0.55650487715839214     
 -0.80000000000000004      -0.19999999999999993      -0.58106774225936098     
 -0.69999999999999996      -0.19999999999999993      -0.38863752299310156     
 -0.59999999999999998      -0.19999999999999993       -4.3533240143212956E-002
 -0.49999999999999994      -0.19999999999999993       0.31596527445945183     
 -0.39999999999999991      -0.19999999999999993       0.55774951703374487     
 -0.29999999999999993      -0.19999999999999993       0.58388882495904471     
 -0.19999999999999993      -0.19999999999999993       0.39065957625448677     
  -9.9999999999999978E-002 -0.19999999999999993        4.4529614538291497E-002
   2.7755575615628914E-017 -0.19999999999999993      -0.32518225287112218     
  0.10000000000000009      -0.19999999999999993      -0.57646289314854915     
  0.20000000000000009      -0.19999999999999993      -0.60259045361807784     
  0.30000000000000016      -0.19999999999999993      -0.40291132379547578     
  0.40000000000000013      -0.19999999999999993       -4.3755562626363570E-002
  0.50000000000000011      -0.19999999999999993       0.32760632245637678     
  0.60000000000000009      -0.19999999999999993       0.57957169342144543     
  0.70000000000000007      -0.19999999999999993       0.60546221762137409     
  0.80000000000000004      -0.19999999999999993       0.40611244880263381     
  0.90000000000000002      -0.19999999999999993        4.6966195173324780E-002
   1.0000000000000000      -0.19999999999999993      -0.31919006899418600     
  -1.0000000000000000       -9.9999999999999978E-002  -3.7506848136003045E-002
 -0.90000000000000002       -9.9999999999999978E-002  -6.4036282463191652E-002
 -0.80000000000000004       -9.9999999999999978E-002  -6.6603720979940995E-002
 -0.69999999999999996       -9.9999999999999978E-002  -4.4300339315023404E-002
 -0.59999999999999998       -9.9999999999999978E-002  -4.5917560617745002E-003
 -0.49999999999999994       -9.9999999999999978E-002   3.6617339456147154E-002
 -0.39999999999999991       -9.9999999999999978E-002   6.4177543986664920E-002
 -0.29999999999999993       -9.9999999999999978E-002   6.6927597164158401E-002
 -0.19999999999999993       -9.9999999999999978E-002   4.4529614538291809E-002
  -9.9999999999999978E-002  -9.9999999999999978E-002   4.7000509375851969E-003
   2.7755575615628914E-017  -9.9999999999999978E-002  -3.7689316330630787E-002
  0.10000000000000009       -9.9999999999999978E-002  -6.6332910070236700E-002
  0.20000000000000009       -9.9999999999999978E-002  -6.9071359816997843E-002
  0.30000000000000016       -9.9999999999999978E-002  -4.5927421452533833E-002
  0.40000000000000013       -9.9999999999999978E-002  -4.6005520750060308E-003
  0.50000000000000011       -9.9999999999999978E-002   3.7965838280421625E-002
  0.60000000000000009       -9.9999999999999978E-002   6.6689654776828006E-002
  0.70000000000000007       -9.9999999999999978E-002   6.9400934697835912E-002
  0.80000000000000004       -9.9999999999999978E-002   4.6295408127439687E-002
  0.90000000000000002       -9.9999999999999978E-002   4.9700302836475762E-003
   1.0000000000000000       -9.9999999999999978E-002  -3.6993895455353219E-002
  -1.0000000000000000        2.7755575615628914E-017  0.26839705011197518     
 -0.90000000000000002        2.7755575615628914E-017  0.46223101211926843     
 -0.80000000000000004        2.7755575615628914E-017  0.48306242602010585     
 -0.69999999999999996        2.7755575615628914E-017  0.32349710327805359     
 -0.59999999999999998        2.7755575615628914E-017   3.6851185528784150E-002
 -0.49999999999999994        2.7755575615628914E-017 -0.26200898766157166     
 -0.39999999999999991        2.7755575615628914E-017 -0.46326805246176417     
 -0.29999999999999993        2.7755575615628914E-017 -0.48540683816081520     
 -0.19999999999999993        2.7755575615628914E-017 -0.32518225287112396     
  -9.9999999999999978E-002   2.7755575615628914E-017  -3.7689316330634610E-002
   2.7755575615628914E-017   2.7755575615628914E-017  0.26964568240213144     
  0.10000000000000009        2.7755575615628914E-017  0.47880792949790651     
  0.20000000000000009        2.7755575615628914E-017  0.50095396261260583     
  0.30000000000000016        2.7755575615628914E-017  0.33537839318816676     
  0.40000000000000013        2.7755575615628914E-017   3.7063690743174435E-002
  0.50000000000000011        2.7755575615628914E-017 -0.27166310796193766     
  0.60000000000000009        2.7755575615628914E-017 -0.48139171526893465     
  0.70000000000000007        2.7755575615628914E-017 -0.50334069198780318     
  0.80000000000000004        2.7755575615628914E-017 -0.33803783784149277     
  0.90000000000000002        2.7755575615628914E-017  -3.9730372941168018E-002
   1.0000000000000000        2.7755575615628914E-017  0.26467839553198391     
  -1.0000000000000000       0.10000000000000009       0.47658246635940449     
 -0.90000000000000002       0.10000000000000009       0.82018501043238046     
 -0.80000000000000004       0.10000000000000009       0.85681652224164595     
 -0.69999999999999996       0.10000000000000009       0.57347711159015169     
 -0.59999999999999998       0.10000000000000009        6.4853873122197037E-002
 -0.49999999999999994       0.10000000000000009      -0.46524274362572943     
 -0.39999999999999991       0.10000000000000009      -0.82202263183273472     
 -0.29999999999999993       0.10000000000000009      -0.86097550812169610     
 -0.19999999999999993       0.10000000000000009      -0.57646289314855181     
  -9.9999999999999978E-002  0.10000000000000009       -6.6332910070237075E-002
   2.7755575615628914E-017  0.10000000000000009       0.47880792949790607     
  0.10000000000000009       0.10000000000000009       0.84959928425582243     
  0.20000000000000009       0.10000000000000009       0.88855188420206610     
  0.30000000000000016       0.10000000000000009       0.59453961689509305     
  0.40000000000000013       0.10000000000000009        6.5209433267781766E-002
  0.50000000000000011       0.10000000000000009      -0.48238456806880564     
  0.60000000000000009       0.10000000000000009      -0.85418270967055088     
  0.70000000000000007       0.10000000000000009      -0.89278578687656907     
  0.80000000000000004       0.10000000000000009      -0.59925808417221782     
  0.90000000000000002       0.10000000000000009       -6.9941252254257152E-002
   1.0000000000000000       0.10000000000000009       0.46998638030509493     
  -1.0000000000000000       0.20000000000000009       0.49862095675122042     
 -0.90000000000000002       0.20000000000000009       0.85778896011121775     
 -0.80000000000000004       0.20000000000000009       0.89591497732107994     
 -0.69999999999999996       0.20000000000000009       0.59947020781783189     
 -0.59999999999999998       0.20000000000000009        6.7529052866054387E-002
 -0.49999999999999994       0.20000000000000009      -0.48675870186441667     
 -0.39999999999999991       0.20000000000000009      -0.85970943493840191     
 -0.29999999999999993       0.20000000000000009      -0.90026411500078818     
 -0.19999999999999993       0.20000000000000009      -0.60259045361807428     
  -9.9999999999999978E-002  0.20000000000000009       -6.9071359817000522E-002
   2.7755575615628914E-017  0.20000000000000009       0.50095396261259340     
  0.10000000000000009       0.20000000000000009       0.88855188420206543     
  0.20000000000000009       0.20000000000000009       0.92909895290110012     
  0.30000000000000016       0.20000000000000009       0.62148740027861626     
  0.40000000000000013       0.20000000000000009        6.7888924598869610E-002
  0.50000000000000011       0.20000000000000009      -0.50469286017916781     
  0.60000000000000009       0.20000000000000009      -0.89334475046658801     
  0.70000000000000007       0.20000000000000009      -0.93352634676342261     
  0.80000000000000004       0.20000000000000009      -0.62642194150711661     
  0.90000000000000002       0.20000000000000009       -7.2837713622025402E-002
   1.0000000000000000       0.20000000000000009       0.49172374187266932     
  -1.0000000000000000       0.30000000000000016       0.33381209619637592     
 -0.90000000000000002       0.30000000000000016       0.57395575772592056     
 -0.80000000000000004       0.30000000000000016       0.59928974920970801     
 -0.69999999999999996       0.30000000000000016       0.40082585141161664     
 -0.59999999999999998       0.30000000000000016        4.4899780838167765E-002
 -0.49999999999999994       0.30000000000000016      -0.32587242762579421     
 -0.39999999999999991       0.30000000000000016      -0.57523943366066765     
 -0.29999999999999993       0.30000000000000016      -0.60219929792161531     
 -0.19999999999999993       0.30000000000000016      -0.40291132379547656     
  -9.9999999999999978E-002  0.30000000000000016       -4.5927421452531980E-002
   2.7755575615628914E-017  0.30000000000000016       0.33537839318816937     
  0.10000000000000009       0.30000000000000016       0.59453961689509427     
  0.20000000000000009       0.30000000000000016       0.62148740027861527     
  0.30000000000000016       0.30000000000000016       0.41554730260596751     
  0.40000000000000013       0.30000000000000016        4.5129132256087973E-002
  0.50000000000000011       0.30000000000000016      -0.33787848498062284     
  0.60000000000000009       0.30000000000000016      -0.59774590629297553     
  0.70000000000000007       0.30000000000000016      -0.62444922010452986     
  0.80000000000000004       0.30000000000000016      -0.41884880972802707     
  0.90000000000000002       0.30000000000000016       -4.8440443698258985E-002
   1.0000000000000000       0.30000000000000016       0.32919832655683562     
  -1.0000000000000000       0.40000000000000013        3.6883951118896752E-002
 -0.90000000000000002       0.40000000000000013        6.2951699595484037E-002
 -0.80000000000000004       0.40000000000000013        6.5463500041744116E-002
 -0.69999999999999996       0.40000000000000013        4.3530330065381470E-002
 -0.59999999999999998       0.40000000000000013        4.4943904840062405E-003
 -0.49999999999999994       0.40000000000000013       -3.6009335431257457E-002
 -0.39999999999999991       0.40000000000000013       -6.3090476863754588E-002
 -0.29999999999999993       0.40000000000000013       -6.5781856040422693E-002
 -0.19999999999999993       0.40000000000000013       -4.3755562626360371E-002
  -9.9999999999999978E-002  0.40000000000000013       -4.6005520750059493E-003
   2.7755575615628914E-017  0.40000000000000013        3.7063690743174983E-002
  0.10000000000000009       0.40000000000000013        6.5209433267782030E-002
  0.20000000000000009       0.40000000000000013        6.7888924598861228E-002
  0.30000000000000016       0.40000000000000013        4.5129132256089680E-002
  0.40000000000000013       0.40000000000000013        4.5022496005594215E-003
  0.50000000000000011       0.40000000000000013       -3.7335416039958803E-002
  0.60000000000000009       0.40000000000000013       -6.5560089703792193E-002
  0.70000000000000007       0.40000000000000013       -6.8212876185051050E-002
  0.80000000000000004       0.40000000000000013       -4.5490869337997036E-002
  0.90000000000000002       0.40000000000000013       -4.8654716099479963E-003
   1.0000000000000000       0.40000000000000013        3.6379771005117280E-002
  -1.0000000000000000       0.50000000000000011      -0.27040505733140596     
 -0.90000000000000002       0.50000000000000011      -0.46568382210612708     
 -0.80000000000000004       0.50000000000000011      -0.48666778180183651     
 -0.69999999999999996       0.50000000000000011      -0.32590862519532188     
 -0.59999999999999998       0.50000000000000011       -3.7121521937568118E-002
 -0.49999999999999994       0.50000000000000011       0.26396923333300248     
 -0.39999999999999991       0.50000000000000011       0.46672858587379717     
 -0.29999999999999993       0.50000000000000011       0.48902969764860804     
 -0.19999999999999993       0.50000000000000011       0.32760632245637950     
  -9.9999999999999978E-002  0.50000000000000011        3.7965838280421549E-002
   2.7755575615628914E-017  0.50000000000000011      -0.27166310796193721     
  0.10000000000000009       0.50000000000000011      -0.48238456806880470     
  0.20000000000000009       0.50000000000000011      -0.50469286017916881     
  0.30000000000000016       0.50000000000000011      -0.33787848498062101     
  0.40000000000000013       0.50000000000000011       -3.7335416039957992E-002
  0.50000000000000011       0.50000000000000011       0.27369557491997804     
  0.60000000000000009       0.50000000000000011       0.48498764280780793     
  0.70000000000000007       0.50000000000000011       0.50709740777791679     
  0.80000000000000004       0.50000000000000011       0.34055779107762973     
  0.90000000000000002       0.50000000000000011        4.0022018445924984E-002
   1.0000000000000000       0.50000000000000011      -0.26665864619606627     
  -1.0000000000000000       0.60000000000000009      -0.47915422600366836     
 -0.90000000000000002       0.60000000000000009      -0.82460975126451086     
 -0.80000000000000004       0.60000000000000009      -0.86143820574120589     
 -0.69999999999999996       0.60000000000000009      -0.57656981304534038     
 -0.59999999999999998       0.60000000000000009       -6.5202655267304802E-002
 -0.49999999999999994       0.60000000000000009       0.46775331802347175     
 -0.39999999999999991       0.60000000000000009       0.82645728114740047     
 -0.29999999999999993       0.60000000000000009       0.86561962660061742     
 -0.19999999999999993       0.60000000000000009       0.57957169342143733     
  -9.9999999999999978E-002  0.60000000000000009        6.6689654776830892E-002
   2.7755575615628914E-017  0.60000000000000009      -0.48139171526892460     
  0.10000000000000009       0.60000000000000009      -0.85418270967055032     
  0.20000000000000009       0.60000000000000009      -0.89334475046658657     
  0.30000000000000016       0.60000000000000009      -0.59774590629297553     
  0.40000000000000013       0.60000000000000009       -6.5560089703795899E-002
  0.50000000000000011       0.60000000000000009       0.48498764280780610     
  0.60000000000000009       0.60000000000000009       0.85879085922573195     
  0.70000000000000007       0.60000000000000009       0.89760149196235239     
  0.80000000000000004       0.60000000000000009       0.60248982784664695     
  0.90000000000000002       0.60000000000000009        7.0317436036206882E-002
   1.0000000000000000       0.60000000000000009      -0.47252256005394960     
  -1.0000000000000000       0.70000000000000007      -0.50099657769776518     
 -0.90000000000000002       0.70000000000000007      -0.86187627919153875     
 -0.80000000000000004       0.70000000000000007      -0.90018424178570078     
 -0.69999999999999996       0.70000000000000007      -0.60232710041849602     
 -0.59999999999999998       0.70000000000000007       -6.7851271677302399E-002
 -0.49999999999999994       0.70000000000000007       0.48907780373372611     
 -0.39999999999999991       0.70000000000000007       0.86380590702156634     
 -0.29999999999999993       0.70000000000000007       0.90455410362662370     
 -0.19999999999999993       0.70000000000000007       0.60546221762137531     
  -9.9999999999999978E-002  0.70000000000000007        6.9400934697834482E-002
   2.7755575615628914E-017  0.70000000000000007      -0.50334069198780695     
  0.10000000000000009       0.70000000000000007      -0.89278578687656529     
  0.20000000000000009       0.70000000000000007      -0.93352634676342261     
  0.30000000000000016       0.70000000000000007      -0.62444922010452775     
  0.40000000000000013       0.70000000000000007       -6.8212876185047483E-002
  0.50000000000000011       0.70000000000000007       0.50709740777791712     
  0.60000000000000009       0.70000000000000007       0.89760149196235650     
  0.70000000000000007       0.70000000000000007       0.93797483792922354     
  0.80000000000000004       0.70000000000000007       0.62940727454435241     
  0.90000000000000002       0.70000000000000007        7.3185245884060890E-002
   1.0000000000000000       0.70000000000000007      -0.49406649603493408     
  -1.0000000000000000       0.80000000000000004      -0.33645917370801187     
 -0.90000000000000002       0.80000000000000004      -0.57851086521742034     
 -0.80000000000000004       0.80000000000000004      -0.60404804863464945     
 -0.69999999999999996       0.80000000000000004      -0.40401039740194666     
 -0.59999999999999998       0.80000000000000004       -4.5259559468022320E-002
 -0.49999999999999994       0.80000000000000004       0.32845652352501736     
 -0.39999999999999991       0.80000000000000004       0.57980474496299006     
 -0.29999999999999993       0.80000000000000004       0.60698069462404181     
 -0.19999999999999993       0.80000000000000004       0.40611244880261804     
  -9.9999999999999978E-002  0.80000000000000004        4.6295408127440402E-002
   2.7755575615628914E-017  0.80000000000000004      -0.33803783784148855     
  0.10000000000000009       0.80000000000000004      -0.59925808417221627     
  0.20000000000000009       0.80000000000000004      -0.62642194150710229     
  0.30000000000000016       0.80000000000000004      -0.41884880972802840     
  0.40000000000000013       0.80000000000000004       -4.5490869337993525E-002
  0.50000000000000011       0.80000000000000004       0.34055779107762840     
  0.60000000000000009       0.80000000000000004       0.60248982784664229     
  0.70000000000000007       0.80000000000000004       0.62940727454435430     
  0.80000000000000004       0.80000000000000004       0.42217652171465359     
  0.90000000000000002       0.80000000000000004        4.8828460181654439E-002
   1.0000000000000000       0.80000000000000004      -0.33180877276254217     
  -1.0000000000000000       0.90000000000000002       -3.9538239372872271E-002
 -0.90000000000000002       0.90000000000000002       -6.7519696628971101E-002
 -0.80000000000000004       0.90000000000000002       -7.0235539044211509E-002
 -0.69999999999999996       0.90000000000000002       -4.6724333071122025E-002
 -0.59999999999999998       0.90000000000000002       -4.8556306707301369E-003
 -0.49999999999999994       0.90000000000000002        3.8600467760744599E-002
 -0.39999999999999991       0.90000000000000002        6.7668708660986690E-002
 -0.29999999999999993       0.90000000000000002        7.0577058466937778E-002
 -0.19999999999999993       0.90000000000000002        4.6966195173325738E-002
  -9.9999999999999978E-002  0.90000000000000002        4.9700302836471434E-003
   2.7755575615628914E-017  0.90000000000000002       -3.9730372941167359E-002
  0.10000000000000009       0.90000000000000002       -6.9941252254256861E-002
  0.20000000000000009       0.90000000000000002       -7.2837713622019837E-002
  0.30000000000000016       0.90000000000000002       -4.8440443698259700E-002
  0.40000000000000013       0.90000000000000002       -4.8654716099472686E-003
  0.50000000000000011       0.90000000000000002        4.0022018445925581E-002
  0.60000000000000009       0.90000000000000002        7.0317436036201539E-002
  0.70000000000000007       0.90000000000000002        7.3185245884060932E-002
  0.80000000000000004       0.90000000000000002        4.8828460181652079E-002
  0.90000000000000002       0.90000000000000002        5.2550473464545999E-003
   1.0000000000000000       0.90000000000000002       -3.8997322380360799E-002
  -1.0000000000000000        1.0000000000000000       0.26345274922356759     
 -0.90000000000000002        1.0000000000000000       0.45371487556647977     
 -0.80000000000000004        1.0000000000000000       0.47416186046302256     
 -0.69999999999999996        1.0000000000000000       0.31753597484848495     
 -0.59999999999999998        1.0000000000000000        3.6171221920596894E-002
 -0.49999999999999994        1.0000000000000000      -0.25718237136232475     
 -0.39999999999999991        1.0000000000000000      -0.45473280473460154     
 -0.29999999999999993        1.0000000000000000      -0.47646307739423155     
 -0.19999999999999993        1.0000000000000000      -0.31919006899418656     
  -9.9999999999999978E-002   1.0000000000000000       -3.6993895455356217E-002
   2.7755575615628914E-017   1.0000000000000000       0.26467839553198852     
  0.10000000000000009        1.0000000000000000       0.46998638030509421     
  0.20000000000000009        1.0000000000000000       0.49172374187267875     
  0.30000000000000016        1.0000000000000000       0.32919832655683529     
  0.40000000000000013        1.0000000000000000        3.6379771005111486E-002
  0.50000000000000011        1.0000000000000000      -0.26665864619606539     
  0.60000000000000009        1.0000000000000000      -0.47252256005396442     
  0.70000000000000007        1.0000000000000000      -0.49406649603493219     
  0.80000000000000004        1.0000000000000000      -0.33180877276254328     
  0.90000000000000002        1.0000000000000000       -3.8997322380363117E-002
   1.0000000000000000        1.0000000000000000       0.25980261147327216     
