  -1.0000000000000000       -1.0000000000000000       0.72962377787970656     
 -0.90000000000000002       -1.0000000000000000       0.81682343083704156     
 -0.80000000000000004       -1.0000000000000000       0.60173207023532171     
 -0.69999999999999996       -1.0000000000000000       0.16409314961580734     
 -0.59999999999999998       -1.0000000000000000      -0.34029237552886238     
 -0.49999999999999994       -1.0000000000000000      -0.71488562650566012     
 -0.39999999999999991       -1.0000000000000000      -0.81680474168396600     
 -0.29999999999999993       -1.0000000000000000      -0.60630655487323937     
 -0.19999999999999993       -1.0000000000000000      -0.16559551209562365     
  -9.9999999999999978E-002  -1.0000000000000000       0.35250108862739454     
   2.7755575615628914E-017  -1.0000000000000000       0.73945138324204351     
  0.10000000000000009       -1.0000000000000000       0.84622113001179433     
  0.20000000000000009       -1.0000000000000000       0.62635650438445278     
  0.30000000000000016       -1.0000000000000000       0.17024309349170022     
  0.40000000000000013       -1.0000000000000000      -0.35533869075914709     
  0.50000000000000011       -1.0000000000000000      -0.74105578350256407     
  0.60000000000000009       -1.0000000000000000      -0.84961869178701566     
  0.70000000000000007       -1.0000000000000000      -0.62827393190972591     
  0.80000000000000004       -1.0000000000000000      -0.17415580544197623     
  0.90000000000000002       -1.0000000000000000       0.35194495907484002     
   1.0000000000000000       -1.0000000000000000       0.72543462427077932     
  -1.0000000000000000      -0.90000000000000002       0.81682343083703557     
 -0.90000000000000002      -0.90000000000000002       0.91426237796319842     
 -0.80000000000000004      -0.90000000000000002       0.67335197480083064     
 -0.69999999999999996      -0.90000000000000002       0.18340764182117247     
 -0.59999999999999998      -0.90000000000000002      -0.38114510292524895     
 -0.49999999999999994      -0.90000000000000002      -0.80032477289818271     
 -0.39999999999999991      -0.90000000000000002      -0.91423978000405770     
 -0.29999999999999993      -0.90000000000000002      -0.67847205000213195     
 -0.19999999999999993      -0.90000000000000002      -0.18508785944988149     
  -9.9999999999999978E-002 -0.90000000000000002       0.39482110811466009     
   2.7755575615628914E-017 -0.90000000000000002       0.82782807809076442     
  0.10000000000000009      -0.90000000000000002       0.94716651860175927     
  0.20000000000000009      -0.90000000000000002       0.70090925637871404     
  0.30000000000000016      -0.90000000000000002       0.19028196491854160     
  0.40000000000000013      -0.90000000000000002      -0.39799469489457390     
  0.50000000000000011      -0.90000000000000002      -0.82962267953782387     
  0.60000000000000009      -0.90000000000000002      -0.95096825074862301     
  0.70000000000000007      -0.90000000000000002      -0.70305401591938843     
  0.80000000000000004      -0.90000000000000002      -0.19466045781151442     
  0.90000000000000002      -0.90000000000000002       0.39419791186063502     
   1.0000000000000000      -0.90000000000000002       0.81213628105571323     
  -1.0000000000000000      -0.80000000000000004       0.60173207023529884     
 -0.90000000000000002      -0.80000000000000004       0.67335197480083331     
 -0.80000000000000004      -0.80000000000000004       0.49578017603804214     
 -0.69999999999999996      -0.80000000000000004       0.13484964782784858     
 -0.59999999999999998      -0.80000000000000004      -0.28094118498526677     
 -0.49999999999999994      -0.80000000000000004      -0.58957873944300998     
 -0.39999999999999991      -0.80000000000000004      -0.67333384939121410     
 -0.29999999999999993      -0.80000000000000004      -0.49955101034475469     
 -0.19999999999999993      -0.80000000000000004      -0.13608592213321477     
  -9.9999999999999978E-002 -0.80000000000000004       0.29102316020214786     
   2.7755575615628914E-017 -0.80000000000000004       0.60984111865275259     
  0.10000000000000009      -0.80000000000000004       0.69758542837409876     
  0.20000000000000009      -0.80000000000000004       0.51607198275686783     
  0.30000000000000016      -0.80000000000000004       0.13990440811591368     
  0.40000000000000013      -0.80000000000000004      -0.29335828108371803     
  0.50000000000000011      -0.80000000000000004      -0.61116178985507752     
  0.60000000000000009      -0.80000000000000004      -0.70038440176015082     
  0.70000000000000007      -0.80000000000000004      -0.51765035899975564     
  0.80000000000000004      -0.80000000000000004      -0.14312830402501153     
  0.90000000000000002      -0.80000000000000004       0.29056353704533799     
   1.0000000000000000      -0.80000000000000004       0.59828152134832180     
  -1.0000000000000000      -0.69999999999999996       0.16409314961580906     
 -0.90000000000000002      -0.69999999999999996       0.18340764182117283     
 -0.80000000000000004      -0.69999999999999996       0.13484964782784797     
 -0.69999999999999996      -0.69999999999999996        3.6421271743449203E-002
 -0.59999999999999998      -0.69999999999999996       -7.6830691277461838E-002
 -0.49999999999999994      -0.69999999999999996      -0.16077998453003992     
 -0.39999999999999991      -0.69999999999999996      -0.18340070991963003     
 -0.29999999999999993      -0.69999999999999996      -0.13587662891157992     
 -0.19999999999999993      -0.69999999999999996       -3.6756390619476893E-002
  -9.9999999999999978E-002 -0.69999999999999996        7.9589784132004154E-002
   2.7755575615628914E-017 -0.69999999999999996       0.16630748261525941     
  0.10000000000000009      -0.69999999999999996       0.19000786049163848     
  0.20000000000000009      -0.69999999999999996       0.14037126240899800     
  0.30000000000000016      -0.69999999999999996        3.7787101837400201E-002
  0.40000000000000013      -0.69999999999999996       -8.0222839110753882E-002
  0.50000000000000011      -0.69999999999999996      -0.16666579605136417     
  0.60000000000000009      -0.69999999999999996      -0.19076890853517375     
  0.70000000000000007      -0.69999999999999996      -0.14079951981635666     
  0.80000000000000004      -0.69999999999999996       -3.8664078278845153E-002
  0.90000000000000002      -0.69999999999999996        7.9463729611027989E-002
   1.0000000000000000      -0.69999999999999996       0.16315534202082019     
  -1.0000000000000000      -0.59999999999999998      -0.34029237552884534     
 -0.90000000000000002      -0.59999999999999998      -0.38114510292524267     
 -0.80000000000000004      -0.59999999999999998      -0.28094118498524639     
 -0.69999999999999996      -0.59999999999999998       -7.6830691277460617E-002
 -0.59999999999999998      -0.59999999999999998       0.15852602139353805     
 -0.49999999999999994      -0.59999999999999998       0.33341768362325858     
 -0.39999999999999991      -0.59999999999999998       0.38113807167030134     
 -0.29999999999999993      -0.59999999999999998       0.28307582582436314     
 -0.19999999999999993      -0.59999999999999998        7.7533091493238004E-002
  -9.9999999999999978E-002 -0.59999999999999998      -0.16421185643559871     
   2.7755575615628914E-017 -0.59999999999999998      -0.34487338607588319     
  0.10000000000000009      -0.59999999999999998      -0.39486303505911940     
  0.20000000000000009      -0.59999999999999998      -0.29243603819343694     
  0.30000000000000016      -0.59999999999999998       -7.9709673856582175E-002
  0.40000000000000013      -0.59999999999999998       0.16553846293632474     
  0.50000000000000011      -0.59999999999999998       0.34562322424787928     
  0.60000000000000009      -0.59999999999999998       0.39644953275696238     
  0.70000000000000007      -0.59999999999999998       0.29333215227111537     
  0.80000000000000004      -0.59999999999999998        8.1536391082354054E-002
  0.90000000000000002      -0.59999999999999998      -0.16395308628062158     
   1.0000000000000000      -0.59999999999999998      -0.33833589937089148     
  -1.0000000000000000      -0.49999999999999994      -0.71488562650565746     
 -0.90000000000000002      -0.49999999999999994      -0.80032477289818649     
 -0.80000000000000004      -0.49999999999999994      -0.58957873944300732     
 -0.69999999999999996      -0.49999999999999994      -0.16077998453004180     
 -0.59999999999999998      -0.49999999999999994       0.33341768362325630     
 -0.49999999999999994      -0.49999999999999994       0.70044517635458881     
 -0.39999999999999991      -0.49999999999999994       0.80030646950566287     
 -0.29999999999999993      -0.49999999999999994       0.59406082654475389     
 -0.19999999999999993      -0.49999999999999994       0.16225200809291337     
  -9.9999999999999978E-002 -0.49999999999999994      -0.34537974456134779     
   2.7755575615628914E-017 -0.49999999999999994      -0.72451470522978589     
  0.10000000000000009      -0.49999999999999994      -0.82912868287676866     
  0.20000000000000009      -0.49999999999999994      -0.61370581809628633     
  0.30000000000000016      -0.49999999999999994      -0.16680575389966945     
  0.40000000000000013      -0.49999999999999994       0.34816004357146230     
  0.50000000000000011      -0.49999999999999994       0.72608670475281800     
  0.60000000000000009      -0.49999999999999994       0.83245762430920600     
  0.70000000000000007      -0.49999999999999994       0.61558452322882495     
  0.80000000000000004      -0.49999999999999994       0.17063943944017010     
  0.90000000000000002      -0.49999999999999994      -0.34483485159706845     
   1.0000000000000000      -0.49999999999999994      -0.71078107928369461     
  -1.0000000000000000      -0.39999999999999991      -0.81680474168393624     
 -0.90000000000000002      -0.39999999999999991      -0.91423978000404682     
 -0.80000000000000004      -0.39999999999999991      -0.67333384939119523     
 -0.69999999999999996      -0.39999999999999991      -0.18340070991963051     
 -0.59999999999999998      -0.39999999999999991       0.38113807167030556     
 -0.49999999999999994      -0.39999999999999991       0.80030646950566120     
 -0.39999999999999991      -0.39999999999999991       0.91421716712244316     
 -0.29999999999999993      -0.39999999999999991       0.67845379711036424     
 -0.19999999999999993      -0.39999999999999991       0.18508087344795343     
  -9.9999999999999978E-002 -0.39999999999999991      -0.39481383942805937     
   2.7755575615628914E-017 -0.39999999999999991      -0.82780916031698049     
  0.10000000000000009      -0.39999999999999991      -0.94714310353777054     
  0.20000000000000009      -0.39999999999999991      -0.70089040738933162     
  0.30000000000000016      -0.39999999999999991      -0.19027477784978145     
  0.40000000000000013      -0.39999999999999991       0.39798732459703462     
  0.50000000000000011      -0.39999999999999991       0.82960370645493942     
  0.60000000000000009      -0.39999999999999991       0.95094473133946922     
  0.70000000000000007      -0.39999999999999991       0.70303510103062872     
  0.80000000000000004      -0.39999999999999991       0.19465315360240473     
  0.90000000000000002      -0.39999999999999991      -0.39419065188574598     
   1.0000000000000000      -0.39999999999999991      -0.81211772369367963     
  -1.0000000000000000      -0.29999999999999993      -0.60630655487323526     
 -0.90000000000000002      -0.29999999999999993      -0.67847205000213373     
 -0.80000000000000004      -0.29999999999999993      -0.49955101034475141     
 -0.69999999999999996      -0.29999999999999993      -0.13587662891157981     
 -0.59999999999999998      -0.29999999999999993       0.28307582582436441     
 -0.49999999999999994      -0.29999999999999993       0.59406082654475401     
 -0.39999999999999991      -0.29999999999999993       0.67845379711036757     
 -0.29999999999999993      -0.29999999999999993       0.50335051823063226     
 -0.19999999999999993      -0.29999999999999993       0.13712231223745519     
  -9.9999999999999978E-002 -0.29999999999999993      -0.29323439580192462     
   2.7755575615628914E-017 -0.29999999999999993      -0.61447723435864932     
  0.10000000000000009      -0.29999999999999993      -0.70288977396377506     
  0.20000000000000009      -0.29999999999999993      -0.51999714155389887     
  0.30000000000000016      -0.29999999999999993      -0.14096988187355727     
  0.40000000000000013      -0.29999999999999993       0.29558728812333074     
  0.50000000000000011      -0.29999999999999993       0.61580795509769659     
  0.60000000000000009      -0.29999999999999993       0.70571003734621296     
  0.70000000000000007      -0.29999999999999993       0.52158752815258080     
  0.80000000000000004      -0.29999999999999993       0.14421829784085977     
  0.90000000000000002      -0.29999999999999993      -0.29277128220711790     
   1.0000000000000000      -0.29999999999999993      -0.60282975778768011     
  -1.0000000000000000      -0.19999999999999993      -0.16559551209563267     
 -0.90000000000000002      -0.19999999999999993      -0.18508785944988326     
 -0.80000000000000004      -0.19999999999999993      -0.13608592213323240     
 -0.69999999999999996      -0.19999999999999993       -3.6756390619480300E-002
 -0.59999999999999998      -0.19999999999999993        7.7533091493216161E-002
 -0.49999999999999994      -0.19999999999999993       0.16225200809290999     
 -0.39999999999999991      -0.19999999999999993       0.18508087344795254     
 -0.29999999999999993      -0.19999999999999993       0.13712231223745305     
 -0.19999999999999993      -0.19999999999999993        3.7094587674890669E-002
  -9.9999999999999978E-002 -0.19999999999999993       -8.0317399631475037E-002
   2.7755575615628914E-017 -0.19999999999999993      -0.16783010438811588     
  0.10000000000000009      -0.19999999999999993      -0.19174854581947134     
  0.20000000000000009      -0.19999999999999993      -0.14165814676928065     
  0.30000000000000016      -0.19999999999999993       -3.8134785109877042E-002
  0.40000000000000013      -0.19999999999999993        8.0956268257384389E-002
  0.50000000000000011      -0.19999999999999993       0.16819170708686071     
  0.60000000000000009      -0.19999999999999993       0.19251657238421568     
  0.70000000000000007      -0.19999999999999993       0.14209033529861703     
  0.80000000000000004      -0.19999999999999993        3.9019801178126583E-002
  0.90000000000000002      -0.19999999999999993       -8.0190194386493288E-002
   1.0000000000000000      -0.19999999999999993      -0.16464910329754065     
  -1.0000000000000000       -9.9999999999999978E-002  0.35250108862738910     
 -0.90000000000000002       -9.9999999999999978E-002  0.39482110811465987     
 -0.80000000000000004       -9.9999999999999978E-002  0.29102316020214763     
 -0.69999999999999996       -9.9999999999999978E-002   7.9589784132003835E-002
 -0.59999999999999998       -9.9999999999999978E-002 -0.16421185643560088     
 -0.49999999999999994       -9.9999999999999978E-002 -0.34537974456134951     
 -0.39999999999999991       -9.9999999999999978E-002 -0.39481383942806508     
 -0.29999999999999993       -9.9999999999999978E-002 -0.29323439580192251     
 -0.19999999999999993       -9.9999999999999978E-002  -8.0317399631476383E-002
  -9.9999999999999978E-002  -9.9999999999999978E-002  0.17010161042986224     
   2.7755575615628914E-017  -9.9999999999999978E-002  0.35724643039795922     
  0.10000000000000009       -9.9999999999999978E-002  0.40903126200089307     
  0.20000000000000009       -9.9999999999999978E-002  0.30293050517641024     
  0.30000000000000016       -9.9999999999999978E-002   8.2572150382813944E-002
  0.40000000000000013       -9.9999999999999978E-002 -0.17147583964239146     
  0.50000000000000011       -9.9999999999999978E-002 -0.35802318431451424     
  0.60000000000000009       -9.9999999999999978E-002 -0.41067469540749468     
  0.70000000000000007       -9.9999999999999978E-002 -0.30385878541111527     
  0.80000000000000004       -9.9999999999999978E-002  -8.4464421307297574E-002
  0.90000000000000002       -9.9999999999999978E-002  0.16983356167580740     
   1.0000000000000000       -9.9999999999999978E-002  0.35047439609512360     
  -1.0000000000000000        2.7755575615628914E-017  0.73945138324200355     
 -0.90000000000000002        2.7755575615628914E-017  0.82782807809075953     
 -0.80000000000000004        2.7755575615628914E-017  0.60984111865272916     
 -0.69999999999999996        2.7755575615628914E-017  0.16630748261525666     
 -0.59999999999999998        2.7755575615628914E-017 -0.34487338607589946     
 -0.49999999999999994        2.7755575615628914E-017 -0.72451470522979433     
 -0.39999999999999991        2.7755575615628914E-017 -0.82780916031698570     
 -0.29999999999999993        2.7755575615628914E-017 -0.61447723435864943     
 -0.19999999999999993        2.7755575615628914E-017 -0.16783010438812349     
  -9.9999999999999978E-002   2.7755575615628914E-017  0.35724643039796078     
   2.7755575615628914E-017   2.7755575615628914E-017  0.74941132603038541     
  0.10000000000000009        2.7755575615628914E-017  0.85762184322653223     
  0.20000000000000009        2.7755575615628914E-017  0.63479736879055093     
  0.30000000000000016        2.7755575615628914E-017  0.17254040913844931     
  0.40000000000000013        2.7755575615628914E-017 -0.36012229676212743     
  0.50000000000000011        2.7755575615628914E-017 -0.75103735794085702     
  0.60000000000000009        2.7755575615628914E-017 -0.86106519412581317     
  0.70000000000000007        2.7755575615628914E-017 -0.63674064813382758     
  0.80000000000000004        2.7755575615628914E-017 -0.17650584839065503     
  0.90000000000000002        2.7755575615628914E-017  0.35668281840800453     
   1.0000000000000000        2.7755575615628914E-017  0.73520576746930577     
  -1.0000000000000000       0.10000000000000009       0.84622113001178989     
 -0.90000000000000002       0.10000000000000009       0.94716651860176149     
 -0.80000000000000004       0.10000000000000009       0.69758542837409743     
 -0.69999999999999996       0.10000000000000009       0.19000786049163998     
 -0.59999999999999998       0.10000000000000009      -0.39486303505911707     
 -0.49999999999999994       0.10000000000000009      -0.82912868287676511     
 -0.39999999999999991       0.10000000000000009      -0.94714310353777198     
 -0.29999999999999993       0.10000000000000009      -0.70288977396377406     
 -0.19999999999999993       0.10000000000000009      -0.19174854581947409     
  -9.9999999999999978E-002  0.10000000000000009       0.40903126200089379     
   2.7755575615628914E-017  0.10000000000000009       0.85762184322652957     
  0.10000000000000009       0.10000000000000009       0.98125487248852583     
  0.20000000000000009       0.10000000000000009       0.72613448119874346     
  0.30000000000000016       0.10000000000000009       0.19712956829345443     
  0.40000000000000013       0.10000000000000009      -0.41231905991495627     
  0.50000000000000011       0.10000000000000009      -0.85948102937363946     
  0.60000000000000009       0.10000000000000009      -0.98519342576770352     
  0.70000000000000007       0.10000000000000009      -0.72835642708165693     
  0.80000000000000004       0.10000000000000009      -0.20166564018965677     
  0.90000000000000002       0.10000000000000009       0.40838563537890643     
   1.0000000000000000       0.10000000000000009       0.84136529444344699     
  -1.0000000000000000       0.20000000000000009       0.62635650438442592     
 -0.90000000000000002       0.20000000000000009       0.70090925637871426     
 -0.80000000000000004       0.20000000000000009       0.51607198275686939     
 -0.69999999999999996       0.20000000000000009       0.14037126240900077     
 -0.59999999999999998       0.20000000000000009      -0.29243603819341579     
 -0.49999999999999994       0.20000000000000009      -0.61370581809628788     
 -0.39999999999999991       0.20000000000000009      -0.70089040738932851     
 -0.29999999999999993       0.20000000000000009      -0.51999714155390275     
 -0.19999999999999993       0.20000000000000009      -0.14165814676928379     
  -9.9999999999999978E-002  0.20000000000000009       0.30293050517640779     
   2.7755575615628914E-017  0.20000000000000009       0.63479736879054005     
  0.10000000000000009       0.20000000000000009       0.72613448119874269     
  0.20000000000000009       0.20000000000000009       0.53719429223314097     
  0.30000000000000016       0.20000000000000009       0.14563299171590027     
  0.40000000000000013       0.20000000000000009      -0.30536121937335498     
  0.50000000000000011       0.20000000000000009      -0.63617210204791197     
  0.60000000000000009       0.20000000000000009      -0.72904801627539362     
  0.70000000000000007       0.20000000000000009      -0.53883727950575788     
  0.80000000000000004       0.20000000000000009      -0.14898883776536387     
  0.90000000000000002       0.20000000000000009       0.30245207957586701     
   1.0000000000000000       0.20000000000000009       0.62276472119800674     
  -1.0000000000000000       0.30000000000000016       0.17024309349169892     
 -0.90000000000000002       0.30000000000000016       0.19028196491854249     
 -0.80000000000000004       0.30000000000000016       0.13990440811591454     
 -0.69999999999999996       0.30000000000000016        3.7787101837400514E-002
 -0.59999999999999998       0.30000000000000016       -7.9709673856581439E-002
 -0.49999999999999994       0.30000000000000016      -0.16680575389966770     
 -0.39999999999999991       0.30000000000000016      -0.19027477784977914     
 -0.29999999999999993       0.30000000000000016      -0.14096988187355816     
 -0.19999999999999993       0.30000000000000016       -3.8134785109874801E-002
  -9.9999999999999978E-002  0.30000000000000016        8.2572150382814680E-002
   2.7755575615628914E-017  0.30000000000000016       0.17254040913845148     
  0.10000000000000009       0.30000000000000016       0.19712956829345510     
  0.20000000000000009       0.30000000000000016       0.14563299171589922     
  0.30000000000000016       0.30000000000000016        3.9204150365060877E-002
  0.40000000000000013       0.30000000000000016       -8.3228939924936851E-002
  0.50000000000000011       0.30000000000000016      -0.17291215584979472     
  0.60000000000000009       0.30000000000000016      -0.19791914438038527     
  0.70000000000000007       0.30000000000000016      -0.14607730455871865     
  0.80000000000000004       0.30000000000000016       -4.0113999538065576E-002
  0.90000000000000002       0.30000000000000016        8.2441373207200033E-002
   1.0000000000000000       0.30000000000000016       0.16927013103855035     
  -1.0000000000000000       0.40000000000000013      -0.35533869075910218     
 -0.90000000000000002       0.40000000000000013      -0.39799469489456613     
 -0.80000000000000004       0.40000000000000013      -0.29335828108369549     
 -0.69999999999999996       0.40000000000000013       -8.0222839110748803E-002
 -0.59999999999999998       0.40000000000000013       0.16553846293634619     
 -0.49999999999999994       0.40000000000000013       0.34816004357146429     
 -0.39999999999999991       0.40000000000000013       0.39798732459704117     
 -0.29999999999999993       0.40000000000000013       0.29558728812332830     
 -0.19999999999999993       0.40000000000000013        8.0956268257397185E-002
  -9.9999999999999978E-002  0.40000000000000013      -0.17147583964239083     
   2.7755575615628914E-017  0.40000000000000013      -0.36012229676213248     
  0.10000000000000009       0.40000000000000013      -0.41231905991495654     
  0.20000000000000009       0.40000000000000013      -0.30536121937337357     
  0.30000000000000016       0.40000000000000013       -8.3228939924935394E-002
  0.40000000000000013       0.40000000000000013       0.17286105034274366     
  0.50000000000000011       0.40000000000000013       0.36090526371641440     
  0.60000000000000009       0.40000000000000013       0.41397567439141103     
  0.70000000000000007       0.40000000000000013       0.30629692520381724     
  0.80000000000000004       0.40000000000000013        8.5136396147137000E-002
  0.90000000000000002       0.40000000000000013      -0.17120561763489556     
   1.0000000000000000       0.40000000000000013      -0.35329575201896857     
  -1.0000000000000000       0.50000000000000011      -0.74105578350255918     
 -0.90000000000000002       0.50000000000000011      -0.82962267953782409     
 -0.80000000000000004       0.50000000000000011      -0.61116178985507930     
 -0.69999999999999996       0.50000000000000011      -0.16666579605136431     
 -0.59999999999999998       0.50000000000000011       0.34562322424787961     
 -0.49999999999999994       0.50000000000000011       0.72608670475281534     
 -0.39999999999999991       0.50000000000000011       0.82960370645494630     
 -0.29999999999999993       0.50000000000000011       0.61580795509769348     
 -0.19999999999999993       0.50000000000000011       0.16819170708686254     
  -9.9999999999999978E-002  0.50000000000000011      -0.35802318431451380     
   2.7755575615628914E-017  0.50000000000000011      -0.75103735794085569     
  0.10000000000000009       0.50000000000000011      -0.85948102937363735     
  0.20000000000000009       0.50000000000000011      -0.63617210204791319     
  0.30000000000000016       0.50000000000000011      -0.17291215584979339     
  0.40000000000000013       0.50000000000000011       0.36090526371641674     
  0.50000000000000011       0.50000000000000011       0.75266690472589459     
  0.60000000000000009       0.50000000000000011       0.86293183535667872     
  0.70000000000000007       0.50000000000000011       0.63811958221005904     
  0.80000000000000004       0.50000000000000011       0.17688618333413300     
  0.90000000000000002       0.50000000000000011      -0.35745834432198753     
   1.0000000000000000       0.50000000000000011      -0.73680097859871185     
  -1.0000000000000000       0.60000000000000009      -0.84961869178696359     
 -0.90000000000000002       0.60000000000000009      -0.95096825074861835     
 -0.80000000000000004       0.60000000000000009      -0.70038440176012851     
 -0.69999999999999996       0.60000000000000009      -0.19076890853517373     
 -0.59999999999999998       0.60000000000000009       0.39644953275696265     
 -0.49999999999999994       0.60000000000000009       0.83245762430921022     
 -0.39999999999999991       0.60000000000000009       0.95094473133946522     
 -0.29999999999999993       0.60000000000000009       0.70571003734621385     
 -0.19999999999999993       0.60000000000000009       0.19251657238421532     
  -9.9999999999999978E-002  0.60000000000000009      -0.41067469540749363     
   2.7755575615628914E-017  0.60000000000000009      -0.86106519412580407     
  0.10000000000000009       0.60000000000000009      -0.98519342576770286     
  0.20000000000000009       0.60000000000000009      -0.72904801627539273     
  0.30000000000000016       0.60000000000000009      -0.19791914438038710     
  0.40000000000000013       0.60000000000000009       0.41397567439140098     
  0.50000000000000011       0.60000000000000009       0.86293183535667661     
  0.60000000000000009       0.60000000000000009       0.98914778071069009     
  0.70000000000000007       0.60000000000000009       0.73127887195997632     
  0.80000000000000004       0.60000000000000009       0.20247341721949016     
  0.90000000000000002       0.60000000000000009      -0.41002647289685523     
   1.0000000000000000       0.60000000000000009      -0.84474337649720399     
  -1.0000000000000000       0.70000000000000007      -0.62827393190972280     
 -0.90000000000000002       0.70000000000000007      -0.70305401591938843     
 -0.80000000000000004       0.70000000000000007      -0.51765035899975531     
 -0.69999999999999996       0.70000000000000007      -0.14079951981635697     
 -0.59999999999999998       0.70000000000000007       0.29333215227111598     
 -0.49999999999999994       0.70000000000000007       0.61558452322882029     
 -0.39999999999999991       0.70000000000000007       0.70303510103063038     
 -0.29999999999999993       0.70000000000000007       0.52158752815257692     
 -0.19999999999999993       0.70000000000000007       0.14209033529861628     
  -9.9999999999999978E-002  0.70000000000000007      -0.30385878541111561     
   2.7755575615628914E-017  0.70000000000000007      -0.63674064813382936     
  0.10000000000000009       0.70000000000000007      -0.72835642708165393     
  0.20000000000000009       0.70000000000000007      -0.53883727950575511     
  0.30000000000000016       0.70000000000000007      -0.14607730455871798     
  0.40000000000000013       0.70000000000000007       0.30629692520382096     
  0.50000000000000011       0.70000000000000007       0.63811958221006004     
  0.60000000000000009       0.70000000000000007       0.73127887195997809     
  0.70000000000000007       0.70000000000000007       0.54048528742235069     
  0.80000000000000004       0.70000000000000007       0.14944341464483712     
  0.90000000000000002       0.70000000000000007      -0.30337889228884302     
   1.0000000000000000       0.70000000000000007      -0.62467116645735421     
  -1.0000000000000000       0.80000000000000004      -0.17415580544199316     
 -0.90000000000000002       0.80000000000000004      -0.19466045781151689     
 -0.80000000000000004       0.80000000000000004      -0.14312830402501442     
 -0.69999999999999996       0.80000000000000004       -3.8664078278849483E-002
 -0.59999999999999998       0.80000000000000004        8.1536391082331738E-002
 -0.49999999999999994       0.80000000000000004       0.17063943944016768     
 -0.39999999999999991       0.80000000000000004       0.19465315360238553     
 -0.29999999999999993       0.80000000000000004       0.14421829784086201     
 -0.19999999999999993       0.80000000000000004        3.9019801178111796E-002
  -9.9999999999999978E-002  0.80000000000000004       -8.4464421307298143E-002
   2.7755575615628914E-017  0.80000000000000004      -0.17650584839063765     
  0.10000000000000009       0.80000000000000004      -0.20166564018965299     
  0.20000000000000009       0.80000000000000004      -0.14898883776533745     
  0.30000000000000016       0.80000000000000004       -4.0113999538066360E-002
  0.40000000000000013       0.80000000000000004        8.5136396147128021E-002
  0.50000000000000011       0.80000000000000004       0.17688618333413042     
  0.60000000000000009       0.80000000000000004       0.20247341721946824     
  0.70000000000000007       0.80000000000000004       0.14944341464483846     
  0.80000000000000004       0.80000000000000004        4.1044812646641594E-002
  0.90000000000000002       0.80000000000000004       -8.4330655730653403E-002
   1.0000000000000000       0.80000000000000004      -0.17316040489777437     
  -1.0000000000000000       0.90000000000000002       0.35194495907483841     
 -0.90000000000000002       0.90000000000000002       0.39419791186063391     
 -0.80000000000000004       0.90000000000000002       0.29056353704533927     
 -0.69999999999999996       0.90000000000000002        7.9463729611027517E-002
 -0.59999999999999998       0.90000000000000002      -0.16395308628062319     
 -0.49999999999999994       0.90000000000000002      -0.34483485159706845     
 -0.39999999999999991       0.90000000000000002      -0.39419065188575431     
 -0.29999999999999993       0.90000000000000002      -0.29277128220711540     
 -0.19999999999999993       0.90000000000000002       -8.0190194386496660E-002
  -9.9999999999999978E-002  0.90000000000000002       0.16983356167580560     
   2.7755575615628914E-017  0.90000000000000002       0.35668281840800442     
  0.10000000000000009       0.90000000000000002       0.40838563537890588     
  0.20000000000000009       0.90000000000000002       0.30245207957587289     
  0.30000000000000016       0.90000000000000002        8.2441373207199589E-002
  0.40000000000000013       0.90000000000000002      -0.17120561763489489     
  0.50000000000000011       0.90000000000000002      -0.35745834432198653     
  0.60000000000000009       0.90000000000000002      -0.41002647289686106     
  0.70000000000000007       0.90000000000000002      -0.30337889228884174     
  0.80000000000000004       0.90000000000000002       -8.4330655730657705E-002
  0.90000000000000002       0.90000000000000002       0.16956593482306317     
   1.0000000000000000       0.90000000000000002       0.34992146836933324     
  -1.0000000000000000        1.0000000000000000       0.72543462427070959     
 -0.90000000000000002        1.0000000000000000       0.81213628105570679     
 -0.80000000000000004        1.0000000000000000       0.59828152134829216     
 -0.69999999999999996        1.0000000000000000       0.16315534202081741     
 -0.59999999999999998        1.0000000000000000      -0.33833589937091002     
 -0.49999999999999994        1.0000000000000000      -0.71078107928369971     
 -0.39999999999999991        1.0000000000000000      -0.81211772369368307     
 -0.29999999999999993        1.0000000000000000      -0.60282975778767656     
 -0.19999999999999993        1.0000000000000000      -0.16464910329754595     
  -9.9999999999999978E-002   1.0000000000000000       0.35047439609512004     
   2.7755575615628914E-017   1.0000000000000000       0.73520576746930244     
  0.10000000000000009        1.0000000000000000       0.84136529444344788     
  0.20000000000000009        1.0000000000000000       0.62276472119800919     
  0.30000000000000016        1.0000000000000000       0.16927013103854988     
  0.40000000000000013        1.0000000000000000      -0.35329575201896418     
  0.50000000000000011        1.0000000000000000      -0.73680097859870797     
  0.60000000000000009        1.0000000000000000      -0.84474337649720543     
  0.70000000000000007        1.0000000000000000      -0.62467116645735221     
  0.80000000000000004        1.0000000000000000      -0.17316040489779275     
  0.90000000000000002        1.0000000000000000       0.34992146836933058     
   1.0000000000000000        1.0000000000000000       0.72126948392520418     
