  -1.0000000000000000       -1.0000000000000000       0.51753631788385701     
 -0.90000000000000002       -1.0000000000000000       0.13841111556724658     
 -0.80000000000000004       -1.0000000000000000      -0.28676693437978734     
 -0.69999999999999996       -1.0000000000000000      -0.60271156226671430     
 -0.59999999999999998       -1.0000000000000000      -0.68441333609257704     
 -0.49999999999999994       -1.0000000000000000      -0.51072408906220046     
 -0.39999999999999991       -1.0000000000000000      -0.13473946955899907     
 -0.29999999999999993       -1.0000000000000000       0.29753331375297637     
 -0.19999999999999993       -1.0000000000000000       0.62835482913400098     
  -9.9999999999999978E-002  -1.0000000000000000       0.71318086796416846     
   2.7755575615628914E-017  -1.0000000000000000       0.53267634190319568     
  0.10000000000000009       -1.0000000000000000       0.14306455570045154     
  0.20000000000000009       -1.0000000000000000      -0.29473246053093938     
  0.30000000000000016       -1.0000000000000000      -0.62482282924464394     
  0.40000000000000013       -1.0000000000000000      -0.71071450941750969     
  0.50000000000000011       -1.0000000000000000      -0.52928984870447082     
  0.60000000000000009       -1.0000000000000000      -0.14095954248951073     
  0.70000000000000007       -1.0000000000000000       0.29758005381481201     
  0.80000000000000004       -1.0000000000000000       0.62650259454216539     
  0.90000000000000002       -1.0000000000000000       0.71256490424993102     
   1.0000000000000000       -1.0000000000000000       0.52261625406715906     
  -1.0000000000000000      -0.90000000000000002       0.13841111556724489     
 -0.90000000000000002      -0.90000000000000002        3.6821996960325988E-002
 -0.80000000000000004      -0.90000000000000002       -7.7010038282679896E-002
 -0.69999999999999996      -0.90000000000000002      -0.16150926650033212     
 -0.59999999999999998      -0.90000000000000002      -0.18323758279165250     
 -0.49999999999999994      -0.90000000000000002      -0.13659140195470226     
 -0.39999999999999991      -0.90000000000000002       -3.5838540502998423E-002
 -0.29999999999999993      -0.90000000000000002        7.9902744739328097E-002
 -0.19999999999999993      -0.90000000000000002       0.16838126299188244     
  -9.9999999999999978E-002 -0.90000000000000002       0.19094040150592703     
   2.7755575615628914E-017 -0.90000000000000002       0.14246517897630082     
  0.10000000000000009      -0.90000000000000002        3.8059666112996590E-002
  0.20000000000000009      -0.90000000000000002       -7.9149946697991649E-002
  0.30000000000000016      -0.90000000000000002      -0.16743453497803618     
  0.40000000000000013      -0.90000000000000002      -0.19027820682479971     
  0.50000000000000011      -0.90000000000000002      -0.14155674978435109     
  0.60000000000000009      -0.90000000000000002       -3.7493930088699313E-002
  0.70000000000000007      -0.90000000000000002        7.9914753022738136E-002
  0.80000000000000004      -0.90000000000000002       0.16788647753686214     
  0.90000000000000002      -0.90000000000000002       0.19077572997003561     
   1.0000000000000000      -0.90000000000000002       0.13977396896923103     
  -1.0000000000000000      -0.80000000000000004      -0.28676693437978479     
 -0.90000000000000002      -0.80000000000000004       -7.7010038282678231E-002
 -0.80000000000000004      -0.80000000000000004       0.15838412100548890     
 -0.69999999999999996      -0.80000000000000004       0.33344540453354182     
 -0.59999999999999998      -0.80000000000000004       0.37891465882540504     
 -0.49999999999999994      -0.80000000000000004       0.28298876487891578     
 -0.39999999999999991      -0.80000000000000004        7.4978017713525469E-002
 -0.29999999999999993      -0.80000000000000004      -0.16432815668644155     
 -0.19999999999999993      -0.80000000000000004      -0.34763178307115294     
  -9.9999999999999978E-002 -0.80000000000000004      -0.39483988224291577     
   2.7755575615628914E-017 -0.80000000000000004      -0.29514794191611471     
  0.10000000000000009      -0.80000000000000004       -7.9599638232056832E-002
  0.20000000000000009      -0.80000000000000004       0.16278225859412723     
  0.30000000000000016      -0.80000000000000004       0.34567814456555879     
  0.40000000000000013      -0.80000000000000004       0.39347746912625964     
  0.50000000000000011      -0.80000000000000004       0.29327592800137903     
  0.60000000000000009      -0.80000000000000004        7.8437739320217997E-002
  0.70000000000000007      -0.80000000000000004      -0.16435485372775507     
  0.80000000000000004      -0.80000000000000004      -0.34660451773550482     
  0.90000000000000002      -0.80000000000000004      -0.39449847406481436     
   1.0000000000000000      -0.80000000000000004      -0.28957480911543598     
  -1.0000000000000000      -0.69999999999999996      -0.60271156226671063     
 -0.90000000000000002      -0.69999999999999996      -0.16150926650033334     
 -0.80000000000000004      -0.69999999999999996       0.33344540453353427     
 -0.69999999999999996      -0.69999999999999996       0.70138396231606348     
 -0.59999999999999998      -0.69999999999999996       0.79673178449946158     
 -0.49999999999999994      -0.69999999999999996       0.59477465059426537     
 -0.39999999999999991      -0.69999999999999996       0.15723580350955785     
 -0.29999999999999993      -0.69999999999999996      -0.34596192532177505     
 -0.19999999999999993      -0.69999999999999996      -0.73122483434366359     
  -9.9999999999999978E-002 -0.69999999999999996      -0.83021885201303725     
   2.7755575615628914E-017 -0.69999999999999996      -0.62033516626860974     
  0.10000000000000009      -0.69999999999999996      -0.16693976967211371     
  0.20000000000000009      -0.69999999999999996       0.34270621074080004     
  0.30000000000000016      -0.69999999999999996       0.72711501160818892     
  0.40000000000000013      -0.69999999999999996       0.82735081081635775     
  0.50000000000000011      -0.69999999999999996       0.61639580393706417     
  0.60000000000000009      -0.69999999999999996       0.16449283821058788     
  0.70000000000000007      -0.69999999999999996      -0.34601716185754100     
  0.80000000000000004      -0.69999999999999996      -0.72906681345438529     
  0.90000000000000002      -0.69999999999999996      -0.82950141070114436     
   1.0000000000000000      -0.69999999999999996      -0.60862057773756661     
  -1.0000000000000000      -0.59999999999999998      -0.68441333609256816     
 -0.90000000000000002      -0.59999999999999998      -0.18323758279164917     
 -0.80000000000000004      -0.59999999999999998       0.37891465882541603     
 -0.69999999999999996      -0.59999999999999998       0.79673178449946613     
 -0.59999999999999998      -0.59999999999999998       0.90490102357980873     
 -0.49999999999999994      -0.59999999999999998       0.67540235658282932     
 -0.39999999999999991      -0.59999999999999998       0.17838354721414201     
 -0.29999999999999993      -0.59999999999999998      -0.39313918065749015     
 -0.19999999999999993      -0.59999999999999998      -0.83062958727621639     
  -9.9999999999999978E-002 -0.59999999999999998      -0.94293526993822596     
   2.7755575615628914E-017 -0.59999999999999998      -0.70443016733436292     
  0.10000000000000009      -0.59999999999999998      -0.18939841192229726     
  0.20000000000000009      -0.59999999999999998       0.38943896619072754     
  0.30000000000000016      -0.59999999999999998       0.82596084957986271     
  0.40000000000000013      -0.59999999999999998       0.93967625218082729     
  0.50000000000000011      -0.59999999999999998       0.69995447478858319     
  0.60000000000000009      -0.59999999999999998       0.18661743527530919     
  0.70000000000000007      -0.59999999999999998      -0.39320148758323620     
  0.80000000000000004      -0.59999999999999998      -0.82817952391161564     
  0.90000000000000002      -0.59999999999999998      -0.94212062806243579     
   1.0000000000000000      -0.59999999999999998      -0.69112697631242148     
  -1.0000000000000000      -0.49999999999999994      -0.51072408906220068     
 -0.90000000000000002      -0.49999999999999994      -0.13659140195470382     
 -0.80000000000000004      -0.49999999999999994       0.28298876487891350     
 -0.69999999999999996      -0.49999999999999994       0.59477465059426649     
 -0.59999999999999998      -0.49999999999999994       0.67540235658282732     
 -0.49999999999999994      -0.49999999999999994       0.50400150424910484     
 -0.39999999999999991      -0.49999999999999994       0.13296810183850399     
 -0.29999999999999993      -0.49999999999999994      -0.29361328061958181     
 -0.19999999999999993      -0.49999999999999994      -0.62008022585679023     
  -9.9999999999999978E-002 -0.49999999999999994      -0.70379112535820465     
   2.7755575615628914E-017 -0.49999999999999994      -0.52566477263867817     
  0.10000000000000009      -0.49999999999999994      -0.14118366590198542     
  0.20000000000000009      -0.49999999999999994       0.29084933591041973     
  0.30000000000000016      -0.49999999999999994       0.61659474054030028     
  0.40000000000000013      -0.49999999999999994       0.70135725972267726     
  0.50000000000000011      -0.49999999999999994       0.52232288556939399     
  0.60000000000000009      -0.49999999999999994       0.13910639128900718     
  0.70000000000000007      -0.49999999999999994      -0.29365941091405656     
  0.80000000000000004      -0.49999999999999994      -0.61825236543205131     
  0.90000000000000002      -0.49999999999999994      -0.70318326874848069     
   1.0000000000000000      -0.49999999999999994      -0.51573711169907810     
  -1.0000000000000000      -0.39999999999999991      -0.13473946955898733     
 -0.90000000000000002      -0.39999999999999991       -3.5838540502997271E-002
 -0.80000000000000004      -0.39999999999999991        7.4978017713526024E-002
 -0.69999999999999996      -0.39999999999999991       0.15723580350955532     
 -0.59999999999999998      -0.39999999999999991       0.17838354721414804     
 -0.49999999999999994      -0.39999999999999991       0.13296810183850152     
 -0.39999999999999991      -0.39999999999999991        3.4881121111067774E-002
 -0.29999999999999993      -0.39999999999999991       -7.7794445001277482E-002
 -0.19999999999999993      -0.39999999999999991      -0.16392598177016404     
  -9.9999999999999978E-002 -0.39999999999999991      -0.18588234612623739     
   2.7755575615628914E-017 -0.39999999999999991      -0.13868616092362132     
  0.10000000000000009      -0.39999999999999991       -3.7043143117378143E-002
  0.20000000000000009      -0.39999999999999991        7.7061488818052776E-002
  0.30000000000000016      -0.39999999999999991       0.16300429506256192     
  0.40000000000000013      -0.39999999999999991       0.18523762907069871     
  0.50000000000000011      -0.39999999999999991       0.13780173597811227     
  0.60000000000000009      -0.39999999999999991        3.6492319785891646E-002
  0.70000000000000007      -0.39999999999999991       -7.7806117902709124E-002
  0.80000000000000004      -0.39999999999999991      -0.16344434146825448     
  0.90000000000000002      -0.39999999999999991      -0.18572204499980358     
   1.0000000000000000      -0.39999999999999991      -0.13606631629123889     
  -1.0000000000000000      -0.29999999999999993       0.29753331375297581     
 -0.90000000000000002      -0.29999999999999993        7.9902744739328485E-002
 -0.80000000000000004      -0.29999999999999993      -0.16432815668644163     
 -0.69999999999999996      -0.29999999999999993      -0.34596192532177500     
 -0.59999999999999998      -0.29999999999999993      -0.39313918065748649     
 -0.49999999999999994      -0.29999999999999993      -0.29361328061957992     
 -0.39999999999999991      -0.29999999999999993       -7.7794445001273693E-002
 -0.29999999999999993      -0.29999999999999993       0.17049525685005074     
 -0.19999999999999993      -0.29999999999999993       0.36068081458512241     
  -9.9999999999999978E-002 -0.29999999999999993       0.40966223303734933     
   2.7755575615628914E-017 -0.29999999999999993       0.30622894106844123     
  0.10000000000000009      -0.29999999999999993        8.2589619323933897E-002
  0.20000000000000009      -0.29999999999999993      -0.16889134711375028     
  0.30000000000000016      -0.29999999999999993      -0.35865384434866948     
  0.40000000000000013      -0.29999999999999993      -0.40824868857196089     
  0.50000000000000011      -0.29999999999999993      -0.30428666449493869     
  0.60000000000000009      -0.29999999999999993       -8.1384118499327945E-002
  0.70000000000000007      -0.29999999999999993       0.17052295983952293     
  0.80000000000000004      -0.29999999999999993       0.35961497728598057     
  0.90000000000000002      -0.29999999999999993       0.40930800656593158     
   1.0000000000000000      -0.29999999999999993       0.30044657586667434     
  -1.0000000000000000      -0.19999999999999993       0.62835482913399299     
 -0.90000000000000002      -0.19999999999999993       0.16838126299187792     
 -0.80000000000000004      -0.19999999999999993      -0.34763178307116888     
 -0.69999999999999996      -0.19999999999999993      -0.73122483434366736     
 -0.59999999999999998      -0.19999999999999993      -0.83062958727621627     
 -0.49999999999999994      -0.19999999999999993      -0.62008022585679101     
 -0.39999999999999991      -0.19999999999999993      -0.16392598177015355     
 -0.29999999999999993      -0.19999999999999993       0.36068081458512502     
 -0.19999999999999993      -0.19999999999999993       0.76233530657502857     
  -9.9999999999999978E-002 -0.19999999999999993       0.86554139616976578     
   2.7755575615628914E-017 -0.19999999999999993       0.64672824703544696     
  0.10000000000000009      -0.19999999999999993       0.17404282711249200     
  0.20000000000000009      -0.19999999999999993      -0.35728658730737844     
  0.30000000000000016      -0.19999999999999993      -0.75805062899865827     
  0.40000000000000013      -0.19999999999999993      -0.86255133440888354     
  0.50000000000000011      -0.19999999999999993      -0.64262128343727642     
  0.60000000000000009      -0.19999999999999993      -0.17149179214939586     
  0.70000000000000007      -0.19999999999999993       0.36073840210708047     
  0.80000000000000004      -0.19999999999999993       0.76008546843573976     
  0.90000000000000002      -0.19999999999999993       0.86479343012980958     
   1.0000000000000000      -0.19999999999999993       0.63451524502903667     
  -1.0000000000000000       -9.9999999999999978E-002  0.71318086796416291     
 -0.90000000000000002       -9.9999999999999978E-002  0.19094040150592817     
 -0.80000000000000004       -9.9999999999999978E-002 -0.39483988224291239     
 -0.69999999999999996       -9.9999999999999978E-002 -0.83021885201303558     
 -0.59999999999999998       -9.9999999999999978E-002 -0.94293526993822496     
 -0.49999999999999994       -9.9999999999999978E-002 -0.70379112535820310     
 -0.39999999999999991       -9.9999999999999978E-002 -0.18588234612624105     
 -0.29999999999999993       -9.9999999999999978E-002  0.40966223303735216     
 -0.19999999999999993       -9.9999999999999978E-002  0.86554139616976622     
  -9.9999999999999978E-002  -9.9999999999999978E-002  0.98256814428537387     
   2.7755575615628914E-017  -9.9999999999999978E-002  0.73403903147264626     
  0.10000000000000009       -9.9999999999999978E-002  0.19736021684038368     
  0.20000000000000009       -9.9999999999999978E-002 -0.40580650699216131     
  0.30000000000000016       -9.9999999999999978E-002 -0.86067643008495087     
  0.40000000000000013       -9.9999999999999978E-002 -0.97917215419210912     
  0.50000000000000011       -9.9999999999999978E-002 -0.72937522754625239     
  0.60000000000000009       -9.9999999999999978E-002 -0.19446236190647109     
  0.70000000000000007       -9.9999999999999978E-002  0.40972716115340280     
  0.80000000000000004       -9.9999999999999978E-002  0.86298834807516767     
  0.90000000000000002       -9.9999999999999978E-002  0.98171926076859850     
   1.0000000000000000       -9.9999999999999978E-002  0.72017667880138847     
  -1.0000000000000000        2.7755575615628914E-017  0.53267634190318192     
 -0.90000000000000002        2.7755575615628914E-017  0.14246517897629715     
 -0.80000000000000004        2.7755575615628914E-017 -0.29514794191612276     
 -0.69999999999999996        2.7755575615628914E-017 -0.62033516626861029     
 -0.59999999999999998        2.7755575615628914E-017 -0.70443016733436370     
 -0.49999999999999994        2.7755575615628914E-017 -0.52566477263868105     
 -0.39999999999999991        2.7755575615628914E-017 -0.13868616092361435     
 -0.29999999999999993        2.7755575615628914E-017  0.30622894106844689     
 -0.19999999999999993        2.7755575615628914E-017  0.64672824703545406     
  -9.9999999999999978E-002   2.7755575615628914E-017  0.73403903147264449     
   2.7755575615628914E-017   2.7755575615628914E-017  0.54825914547572419     
  0.10000000000000009        2.7755575615628914E-017  0.14725492614480162     
  0.20000000000000009        2.7755575615628914E-017 -0.30334624690072137     
  0.30000000000000016        2.7755575615628914E-017 -0.64309297609790306     
  0.40000000000000013        2.7755575615628914E-017 -0.73150058804610496     
  0.50000000000000011        2.7755575615628914E-017 -0.54477365361311758     
  0.60000000000000009        2.7755575615628914E-017 -0.14508840346975233     
  0.70000000000000007        2.7755575615628914E-017  0.30627706103160673     
  0.80000000000000004        2.7755575615628914E-017  0.64482181229266611     
  0.90000000000000002        2.7755575615628914E-017  0.73340504672014550     
   1.0000000000000000        2.7755575615628914E-017  0.53790477780636536     
  -1.0000000000000000       0.10000000000000009       0.14306455570045265     
 -0.90000000000000002       0.10000000000000009        3.8059666112997659E-002
 -0.80000000000000004       0.10000000000000009       -7.9599638232057651E-002
 -0.69999999999999996       0.10000000000000009      -0.16693976967211380     
 -0.59999999999999998       0.10000000000000009      -0.18939841192229664     
 -0.49999999999999994       0.10000000000000009      -0.14118366590198572     
 -0.39999999999999991       0.10000000000000009       -3.7043143117378129E-002
 -0.29999999999999993       0.10000000000000009        8.2589619323934438E-002
 -0.19999999999999993       0.10000000000000009       0.17404282711249541     
  -9.9999999999999978E-002  0.10000000000000009       0.19736021684038516     
   2.7755575615628914E-017  0.10000000000000009       0.14725492614480279     
  0.10000000000000009       0.10000000000000009        3.9338935606901555E-002
  0.20000000000000009       0.10000000000000009       -8.1811506119158953E-002
  0.30000000000000016       0.10000000000000009      -0.17306426641754796     
  0.40000000000000013       0.10000000000000009      -0.19667575489237468     
  0.50000000000000011       0.10000000000000009      -0.14631595093997368     
  0.60000000000000009       0.10000000000000009       -3.8754175017777143E-002
  0.70000000000000007       0.10000000000000009        8.2602030569391235E-002
  0.80000000000000004       0.10000000000000009       0.17353140766248007     
  0.90000000000000002       0.10000000000000009       0.19719000907530834     
   1.0000000000000000       0.10000000000000009       0.14447323540787654     
  -1.0000000000000000       0.20000000000000009      -0.29473246053094165     
 -0.90000000000000002       0.20000000000000009       -7.9149946697989082E-002
 -0.80000000000000004       0.20000000000000009       0.16278225859413156     
 -0.69999999999999996       0.20000000000000009       0.34270621074080410     
 -0.59999999999999998       0.20000000000000009       0.38943896619071788     
 -0.49999999999999994       0.20000000000000009       0.29084933591042134     
 -0.39999999999999991       0.20000000000000009        7.7061488818053470E-002
 -0.29999999999999993       0.20000000000000009      -0.16889134711374756     
 -0.19999999999999993       0.20000000000000009      -0.35728658730736157     
  -9.9999999999999978E-002  0.20000000000000009      -0.40580650699216197     
   2.7755575615628914E-017  0.20000000000000009      -0.30334624690071177     
  0.10000000000000009       0.20000000000000009       -8.1811506119158731E-002
  0.20000000000000009       0.20000000000000009       0.16730252391024358     
  0.30000000000000016       0.20000000000000009       0.35527869128712636     
  0.40000000000000013       0.20000000000000009       0.40440626072751984     
  0.50000000000000011       0.20000000000000009       0.30142224528847017     
  0.60000000000000009       0.20000000000000009        8.0617344480371056E-002
  0.70000000000000007       0.20000000000000009      -0.16891878773685373     
  0.80000000000000004       0.20000000000000009      -0.35623078522917390     
  0.90000000000000002       0.20000000000000009      -0.40545561526036272     
   1.0000000000000000       0.20000000000000009      -0.29761831212504491     
  -1.0000000000000000       0.30000000000000016      -0.62482282924464272     
 -0.90000000000000002       0.30000000000000016      -0.16743453497803590     
 -0.80000000000000004       0.30000000000000016       0.34567814456555790     
 -0.69999999999999996       0.30000000000000016       0.72711501160818659     
 -0.59999999999999998       0.30000000000000016       0.82596084957986426     
 -0.49999999999999994       0.30000000000000016       0.61659474054029817     
 -0.39999999999999991       0.30000000000000016       0.16300429506256320     
 -0.29999999999999993       0.30000000000000016      -0.35865384434866976     
 -0.19999999999999993       0.30000000000000016      -0.75805062899865827     
  -9.9999999999999978E-002  0.30000000000000016      -0.86067643008494854     
   2.7755575615628914E-017  0.30000000000000016      -0.64309297609790217     
  0.10000000000000009       0.30000000000000016      -0.17306426641754682     
  0.20000000000000009       0.30000000000000016       0.35527869128712802     
  0.30000000000000016       0.30000000000000016       0.75379003296877001     
  0.40000000000000013       0.30000000000000016       0.85770317219658543     
  0.50000000000000011       0.30000000000000016       0.63900909431492892     
  0.60000000000000009       0.30000000000000016       0.17052756731146032     
  0.70000000000000007       0.30000000000000016      -0.35871110753282975     
  0.80000000000000004       0.30000000000000016      -0.75581343801099388     
  0.90000000000000002       0.30000000000000016      -0.85993266846507488     
   1.0000000000000000       0.30000000000000016      -0.63094862278948582     
  -1.0000000000000000       0.40000000000000013      -0.71071450941748882     
 -0.90000000000000002       0.40000000000000013      -0.19027820682479524     
 -0.80000000000000004       0.40000000000000013       0.39347746912627823     
 -0.69999999999999996       0.40000000000000013       0.82735081081636208     
 -0.59999999999999998       0.40000000000000013       0.93967625218083561     
 -0.49999999999999994       0.40000000000000013       0.70135725972268093     
 -0.39999999999999991       0.40000000000000013       0.18523762907070115     
 -0.29999999999999993       0.40000000000000013      -0.40824868857196611     
 -0.19999999999999993       0.40000000000000013      -0.86255133440888854     
  -9.9999999999999978E-002  0.40000000000000013      -0.97917215419210712     
   2.7755575615628914E-017  0.40000000000000013      -0.73150058804611062     
  0.10000000000000009       0.40000000000000013      -0.19667575489237538     
  0.20000000000000009       0.40000000000000013       0.40440626072753022     
  0.30000000000000016       0.40000000000000013       0.85770317219658587     
  0.40000000000000013       0.40000000000000013       0.97578788343039957     
  0.50000000000000011       0.40000000000000013       0.72685288639823931     
  0.60000000000000009       0.40000000000000013       0.19378789488046819     
  0.70000000000000007       0.40000000000000013      -0.40831338742083689     
  0.80000000000000004       0.40000000000000013      -0.86000712098772081     
  0.90000000000000002       0.40000000000000013      -0.97832620693302930     
   1.0000000000000000       0.40000000000000013      -0.71768616796256324     
  -1.0000000000000000       0.50000000000000011      -0.52928984870447315     
 -0.90000000000000002       0.50000000000000011      -0.14155674978435290     
 -0.80000000000000004       0.50000000000000011       0.29327592800137836     
 -0.69999999999999996       0.50000000000000011       0.61639580393706250     
 -0.59999999999999998       0.50000000000000011       0.69995447478858519     
 -0.49999999999999994       0.50000000000000011       0.52232288556939177     
 -0.39999999999999991       0.50000000000000011       0.13780173597811488     
 -0.29999999999999993       0.50000000000000011      -0.30428666449493902     
 -0.19999999999999993       0.50000000000000011      -0.64262128343728109     
  -9.9999999999999978E-002  0.50000000000000011      -0.72937522754625206     
   2.7755575615628914E-017  0.50000000000000011      -0.54477365361311858     
  0.10000000000000009       0.50000000000000011      -0.14631595093997313     
  0.20000000000000009       0.50000000000000011       0.30142224528847256     
  0.30000000000000016       0.50000000000000011       0.63900909431493147     
  0.40000000000000013       0.50000000000000011       0.72685288639824308     
  0.50000000000000011       0.50000000000000011       0.54131028280067417     
  0.60000000000000009       0.50000000000000011       0.14416316355069667     
  0.70000000000000007       0.50000000000000011      -0.30433447170717803     
  0.80000000000000004       0.50000000000000011      -0.64072697691435088     
  0.90000000000000002       0.50000000000000011      -0.72874527423478908     
   1.0000000000000000       0.50000000000000011      -0.53448510396543414     
  -1.0000000000000000       0.60000000000000009      -0.14095954248950682     
 -0.90000000000000002       0.60000000000000009       -3.7493930088700417E-002
 -0.80000000000000004       0.60000000000000009        7.8437739320235636E-002
 -0.69999999999999996       0.60000000000000009       0.16449283821058500     
 -0.59999999999999998       0.60000000000000009       0.18661743527533145     
 -0.49999999999999994       0.60000000000000009       0.13910639128900801     
 -0.39999999999999991       0.60000000000000009        3.6492319785881307E-002
 -0.29999999999999993       0.60000000000000009       -8.1384118499332039E-002
 -0.19999999999999993       0.60000000000000009      -0.17149179214943011     
  -9.9999999999999978E-002  0.60000000000000009      -0.19446236190646957     
   2.7755575615628914E-017  0.60000000000000009      -0.14508840346975987     
  0.10000000000000009       0.60000000000000009       -3.8754175017776900E-002
  0.20000000000000009       0.60000000000000009        8.0617344480397521E-002
  0.30000000000000016       0.60000000000000009       0.17052756731146018     
  0.40000000000000013       0.60000000000000009       0.19378789488048520     
  0.50000000000000011       0.60000000000000009       0.14416316355069714     
  0.60000000000000009       0.60000000000000009        3.8177937066512943E-002
  0.70000000000000007       0.60000000000000009       -8.1396332656526890E-002
  0.80000000000000004       0.60000000000000009      -0.17098791467692828     
  0.90000000000000002       0.60000000000000009      -0.19429466038939402     
   1.0000000000000000       0.60000000000000009      -0.14234762067119303     
  -1.0000000000000000       0.70000000000000007       0.29758005381481051     
 -0.90000000000000002       0.70000000000000007        7.9914753022737539E-002
 -0.80000000000000004       0.70000000000000007      -0.16435485372775421     
 -0.69999999999999996       0.70000000000000007      -0.34601716185753995     
 -0.59999999999999998       0.70000000000000007      -0.39320148758323853     
 -0.49999999999999994       0.70000000000000007      -0.29365941091405523     
 -0.39999999999999991       0.70000000000000007       -7.7806117902710623E-002
 -0.29999999999999993       0.70000000000000007       0.17052295983952234     
 -0.19999999999999993       0.70000000000000007       0.36073840210707980     
  -9.9999999999999978E-002  0.70000000000000007       0.40972716115340102     
   2.7755575615628914E-017  0.70000000000000007       0.30627706103160907     
  0.10000000000000009       0.70000000000000007        8.2602030569390236E-002
  0.20000000000000009       0.70000000000000007      -0.16891878773685384     
  0.30000000000000016       0.70000000000000007      -0.35871110753282881     
  0.40000000000000013       0.70000000000000007      -0.40831338742083700     
  0.50000000000000011       0.70000000000000007      -0.30433447170717642     
  0.60000000000000009       0.70000000000000007       -8.1396332656527515E-002
  0.70000000000000007       0.70000000000000007       0.17055066580893005     
  0.80000000000000004       0.70000000000000007       0.35967239899371001     
  0.90000000000000002       0.70000000000000007       0.40937287921191512     
   1.0000000000000000       0.70000000000000007       0.30049378546633537     
  -1.0000000000000000       0.80000000000000004       0.62650259454216772     
 -0.90000000000000002       0.80000000000000004       0.16788647753686017     
 -0.80000000000000004       0.80000000000000004      -0.34660451773552664     
 -0.69999999999999996       0.80000000000000004      -0.72906681345439395     
 -0.59999999999999998       0.80000000000000004      -0.82817952391163463     
 -0.49999999999999994       0.80000000000000004      -0.61825236543205531     
 -0.39999999999999991       0.80000000000000004      -0.16344434146825701     
 -0.29999999999999993       0.80000000000000004       0.35961497728598341     
 -0.19999999999999993       0.80000000000000004       0.76008546843575042     
  -9.9999999999999978E-002  0.80000000000000004       0.86298834807517300     
   2.7755575615628914E-017  0.80000000000000004       0.64482181229267677     
  0.10000000000000009       0.80000000000000004       0.17353140766248049     
  0.20000000000000009       0.80000000000000004      -0.35623078522919133     
  0.30000000000000016       0.80000000000000004      -0.75581343801099699     
  0.40000000000000013       0.80000000000000004      -0.86000712098772591     
  0.50000000000000011       0.80000000000000004      -0.64072697691435299     
  0.60000000000000009       0.80000000000000004      -0.17098791467690810     
  0.70000000000000007       0.80000000000000004       0.35967239899371189     
  0.80000000000000004       0.80000000000000004       0.75784225762794732     
  0.90000000000000002       0.80000000000000004       0.86224258634493733     
   1.0000000000000000       0.80000000000000004       0.63264481691225050     
  -1.0000000000000000       0.90000000000000002       0.71256490424993002     
 -0.90000000000000002       0.90000000000000002       0.19077572997003789     
 -0.80000000000000004       0.90000000000000002      -0.39449847406480859     
 -0.69999999999999996       0.90000000000000002      -0.82950141070114058     
 -0.59999999999999998       0.90000000000000002      -0.94212062806243690     
 -0.49999999999999994       0.90000000000000002      -0.70318326874847903     
 -0.39999999999999991       0.90000000000000002      -0.18572204499981065     
 -0.29999999999999993       0.90000000000000002       0.40930800656593080     
 -0.19999999999999993       0.90000000000000002       0.86479343012980681     
  -9.9999999999999978E-002  0.90000000000000002       0.98171926076859439     
   2.7755575615628914E-017  0.90000000000000002       0.73340504672014672     
  0.10000000000000009       0.90000000000000002       0.19719000907530834     
  0.20000000000000009       0.90000000000000002      -0.40545561526035967     
  0.30000000000000016       0.90000000000000002      -0.85993266846507321     
  0.40000000000000013       0.90000000000000002      -0.97832620693302830     
  0.50000000000000011       0.90000000000000002      -0.72874527423478719     
  0.60000000000000009       0.90000000000000002      -0.19429466038939661     
  0.70000000000000007       0.90000000000000002       0.40937287921191490     
  0.80000000000000004       0.90000000000000002       0.86224258634493012     
  0.90000000000000002       0.90000000000000002       0.98087111034253271     
   1.0000000000000000       0.90000000000000002       0.71955466764717602     
  -1.0000000000000000        1.0000000000000000       0.52261625406713064     
 -0.90000000000000002        1.0000000000000000       0.13977396896922925     
 -0.80000000000000004        1.0000000000000000      -0.28957480911543898     
 -0.69999999999999996        1.0000000000000000      -0.60862057773756217     
 -0.59999999999999998        1.0000000000000000      -0.69112697631241471     
 -0.49999999999999994        1.0000000000000000      -0.51573711169907888     
 -0.39999999999999991        1.0000000000000000      -0.13606631629123614     
 -0.29999999999999993        1.0000000000000000       0.30044657586667739     
 -0.19999999999999993        1.0000000000000000       0.63451524502903744     
  -9.9999999999999978E-002   1.0000000000000000       0.72017667880138569     
   2.7755575615628914E-017   1.0000000000000000       0.53790477780635881     
  0.10000000000000009        1.0000000000000000       0.14447323540787618     
  0.20000000000000009        1.0000000000000000      -0.29761831212505074     
  0.30000000000000016        1.0000000000000000      -0.63094862278948249     
  0.40000000000000013        1.0000000000000000      -0.71768616796254447     
  0.50000000000000011        1.0000000000000000      -0.53448510396542925     
  0.60000000000000009        1.0000000000000000      -0.14234762067118026     
  0.70000000000000007        1.0000000000000000       0.30049378546633365     
  0.80000000000000004        1.0000000000000000       0.63264481691223085     
  0.90000000000000002        1.0000000000000000       0.71955466764717313     
   1.0000000000000000        1.0000000000000000       0.52774595973970140     
