  -1.0000000000000000       -1.0000000000000000        9.5329130023487821E-002
 -0.90000000000000002       -1.0000000000000000       -8.8542557475642866E-002
 -0.80000000000000004       -1.0000000000000000      -0.23747832203633915     
 -0.69999999999999996       -1.0000000000000000      -0.29763277234790675     
 -0.59999999999999998       -1.0000000000000000      -0.24113248919616823     
 -0.49999999999999994       -1.0000000000000000       -9.5353632766842514E-002
 -0.39999999999999991       -1.0000000000000000        9.3614359214316642E-002
 -0.29999999999999993       -1.0000000000000000       0.24742025820012595     
 -0.19999999999999993       -1.0000000000000000       0.31029715949028824     
  -9.9999999999999978E-002  -1.0000000000000000       0.25168049163837414     
   2.7755575615628914E-017  -1.0000000000000000       0.10058548514038464     
  0.10000000000000009       -1.0000000000000000       -9.1920230545746565E-002
  0.20000000000000009       -1.0000000000000000      -0.24555119693294758     
  0.30000000000000016       -1.0000000000000000      -0.30850985244659362     
  0.40000000000000013       -1.0000000000000000      -0.24969585769970581     
  0.50000000000000011       -1.0000000000000000       -9.8781868639320564E-002
  0.60000000000000009       -1.0000000000000000        9.3829797263135784E-002
  0.70000000000000007       -1.0000000000000000       0.24742954428685943     
  0.80000000000000004       -1.0000000000000000       0.31023731931105653     
  0.90000000000000002       -1.0000000000000000       0.25162729554621016     
   1.0000000000000000       -1.0000000000000000        9.9050036313784728E-002
  -1.0000000000000000      -0.90000000000000002       -8.8542557475642936E-002
 -0.90000000000000002      -0.90000000000000002        8.1316421986448645E-002
 -0.80000000000000004      -0.90000000000000002       0.21907953125736834     
 -0.69999999999999996      -0.90000000000000002       0.27493480952297550     
 -0.59999999999999998      -0.90000000000000002       0.22303674763809295     
 -0.49999999999999994      -0.90000000000000002        8.8554496192317866E-002
 -0.39999999999999991      -0.90000000000000002       -8.5981857076967941E-002
 -0.29999999999999993      -0.90000000000000002      -0.22824795978857959     
 -0.19999999999999993      -0.90000000000000002      -0.28663150620783717     
  -9.9999999999999978E-002 -0.90000000000000002      -0.23278982257142147     
   2.7755575615628914E-017 -0.90000000000000002       -9.3404626778594207E-002
  0.10000000000000009      -0.90000000000000002        8.4418963553089449E-002
  0.20000000000000009      -0.90000000000000002       0.22652121350806309     
  0.30000000000000016      -0.90000000000000002       0.28498170616066726     
  0.40000000000000013      -0.90000000000000002       0.23095794483531717     
  0.50000000000000011      -0.90000000000000002        9.1739333893047337E-002
  0.60000000000000009      -0.90000000000000002       -8.6180993112413617E-002
  0.70000000000000007      -0.90000000000000002      -0.22825641309253253     
  0.80000000000000004      -0.90000000000000002      -0.28657428827252818     
  0.90000000000000002      -0.90000000000000002      -0.23274041932738346     
   1.0000000000000000      -0.90000000000000002       -9.1975942643171341E-002
  -1.0000000000000000      -0.80000000000000004      -0.23747832203633965     
 -0.90000000000000002      -0.80000000000000004       0.21907953125737176     
 -0.80000000000000004      -0.80000000000000004       0.58917793514783134     
 -0.69999999999999996      -0.80000000000000004       0.73900412108927804     
 -0.59999999999999998      -0.80000000000000004       0.59919194846443646     
 -0.49999999999999994      -0.80000000000000004       0.23752186100844286     
 -0.39999999999999991      -0.80000000000000004      -0.23164083219309017     
 -0.29999999999999993      -0.80000000000000004      -0.61383838059321605     
 -0.19999999999999993      -0.80000000000000004      -0.77044597959617400     
  -9.9999999999999978E-002 -0.80000000000000004      -0.62539733343656556     
   2.7755575615628914E-017 -0.80000000000000004      -0.25054016395233869     
  0.10000000000000009      -0.80000000000000004       0.22743771010985189     
  0.20000000000000009      -0.80000000000000004       0.60919725463551022     
  0.30000000000000016      -0.80000000000000004       0.76601015213293222     
  0.40000000000000013      -0.80000000000000004       0.62047188001287512     
  0.50000000000000011      -0.80000000000000004       0.24606315016223099     
  0.60000000000000009      -0.80000000000000004      -0.23217595820783321     
  0.70000000000000007      -0.80000000000000004      -0.61386123582111085     
  0.80000000000000004      -0.80000000000000004      -0.77029426005307511     
  0.90000000000000002      -0.80000000000000004      -0.62526482378667336     
   1.0000000000000000      -0.80000000000000004      -0.24671102696570427     
  -1.0000000000000000      -0.69999999999999996      -0.29763277234790314     
 -0.90000000000000002      -0.69999999999999996       0.27493480952297489     
 -0.80000000000000004      -0.69999999999999996       0.73900412108926983     
 -0.69999999999999996      -0.69999999999999996       0.92678857868362963     
 -0.59999999999999998      -0.69999999999999996       0.75133418638828897     
 -0.49999999999999994      -0.69999999999999996       0.29769157695879883     
 -0.39999999999999991      -0.69999999999999996      -0.29069569067516188     
 -0.29999999999999993      -0.69999999999999996      -0.76993692175867989     
 -0.19999999999999993      -0.69999999999999996      -0.96622070282177308     
  -9.9999999999999978E-002 -0.69999999999999996      -0.78419475932024008     
   2.7755575615628914E-017 -0.69999999999999996      -0.31401110804276572     
  0.10000000000000009      -0.69999999999999996       0.28542373454336262     
  0.20000000000000009      -0.69999999999999996       0.76411655114181476     
  0.30000000000000016      -0.69999999999999996       0.96065723747273635     
  0.40000000000000013      -0.69999999999999996       0.77801717283697047     
  0.50000000000000011      -0.69999999999999996       0.30839615855385771     
  0.60000000000000009      -0.69999999999999996      -0.29136674462404799     
  0.70000000000000007      -0.69999999999999996      -0.76996563356914605     
  0.80000000000000004      -0.69999999999999996      -0.96603119333863718     
  0.90000000000000002      -0.69999999999999996      -0.78402868205368037     
   1.0000000000000000      -0.69999999999999996      -0.30921302822806934     
  -1.0000000000000000      -0.59999999999999998      -0.24113248919616045     
 -0.90000000000000002      -0.59999999999999998       0.22303674763809606     
 -0.80000000000000004      -0.59999999999999998       0.59919194846445645     
 -0.69999999999999996      -0.59999999999999998       0.75133418638829530     
 -0.59999999999999998      -0.59999999999999998       0.60900227704812260     
 -0.49999999999999994      -0.59999999999999998       0.24118357139731775     
 -0.39999999999999991      -0.59999999999999998      -0.23582011138517267     
 -0.29999999999999993      -0.59999999999999998      -0.62427361004407866     
 -0.19999999999999993      -0.59999999999999998      -0.78330184347814036     
  -9.9999999999999978E-002 -0.59999999999999998      -0.63563884863990439     
   2.7755575615628914E-017 -0.59999999999999998      -0.25440807504640672     
  0.10000000000000009      -0.59999999999999998       0.23154556246051874     
  0.20000000000000009      -0.59999999999999998       0.61955519020351102     
  0.30000000000000016      -0.59999999999999998       0.77879123815497475     
  0.40000000000000013      -0.59999999999999998       0.63063032008127107     
  0.50000000000000011      -0.59999999999999998       0.24985586846138033     
  0.60000000000000009      -0.59999999999999998      -0.23636408452957297     
  0.70000000000000007      -0.59999999999999998      -0.62429692603077303     
  0.80000000000000004      -0.59999999999999998      -0.78314882982349865     
  0.90000000000000002      -0.59999999999999998      -0.63550429635350680     
   1.0000000000000000      -0.59999999999999998      -0.25052163468857630     
  -1.0000000000000000      -0.49999999999999994       -9.5353632766842111E-002
 -0.90000000000000002      -0.49999999999999994        8.8554496192317866E-002
 -0.80000000000000004      -0.49999999999999994       0.23752186100844425     
 -0.69999999999999996      -0.49999999999999994       0.29769157695879855     
 -0.59999999999999998      -0.49999999999999994       0.24118357139731691     
 -0.49999999999999994      -0.49999999999999994        9.5378014946303380E-002
 -0.39999999999999991      -0.49999999999999994       -9.3627070368124940E-002
 -0.29999999999999993      -0.49999999999999994      -0.24746558180635206     
 -0.19999999999999993      -0.49999999999999994      -0.31035844418739422     
  -9.9999999999999978E-002 -0.49999999999999994      -0.25173376904438305     
   2.7755575615628914E-017 -0.49999999999999994      -0.10061110349219780     
  0.10000000000000009      -0.49999999999999994        9.1932630871363052E-002
  0.20000000000000009      -0.49999999999999994       0.24559614864969581     
  0.30000000000000016      -0.49999999999999994       0.30857079812993538     
  0.40000000000000013      -0.49999999999999994       0.24974875949747075     
  0.50000000000000011      -0.49999999999999994        9.8807139752773193E-002
  0.60000000000000009      -0.49999999999999994       -9.3842552443509392E-002
  0.70000000000000007      -0.49999999999999994      -0.24747486826422316     
  0.80000000000000004      -0.49999999999999994      -0.31029856942153899     
  0.90000000000000002      -0.49999999999999994      -0.25168055934545674     
   1.0000000000000000      -0.49999999999999994       -9.9075230158589545E-002
  -1.0000000000000000      -0.39999999999999991        9.3614359214339998E-002
 -0.90000000000000002      -0.39999999999999991       -8.5981857076965804E-002
 -0.80000000000000004      -0.39999999999999991      -0.23164083219307846     
 -0.69999999999999996      -0.39999999999999991      -0.29069569067516410     
 -0.59999999999999998      -0.39999999999999991      -0.23582011138515144     
 -0.49999999999999994      -0.39999999999999991       -9.3627070368125911E-002
 -0.39999999999999991      -0.39999999999999991        9.0914903548219697E-002
 -0.29999999999999993      -0.39999999999999991       0.24133497508868407     
 -0.19999999999999993      -0.39999999999999991       0.30306292635644044     
  -9.9999999999999978E-002 -0.39999999999999991       0.24613221194868104     
   2.7755575615628914E-017 -0.39999999999999991        9.8755096856975866E-002
  0.10000000000000009      -0.39999999999999991       -8.9262398988386810E-002
  0.20000000000000009      -0.39999999999999991      -0.23950924338305221     
  0.30000000000000016      -0.39999999999999991      -0.30131854014818304     
  0.40000000000000013      -0.39999999999999991      -0.24419530866126968     
  0.50000000000000011      -0.39999999999999991       -9.6994333189980381E-002
  0.60000000000000009      -0.39999999999999991        9.1125454159554947E-002
  0.70000000000000007      -0.39999999999999991       0.24134391400988886     
  0.80000000000000004      -0.39999999999999991       0.30300244433054196     
  0.90000000000000002      -0.39999999999999991       0.24607997879188814     
   1.0000000000000000      -0.39999999999999991        9.7244597175417322E-002
  -1.0000000000000000      -0.29999999999999993       0.24742025820012731     
 -0.90000000000000002      -0.29999999999999993      -0.22824795978857784     
 -0.80000000000000004      -0.29999999999999993      -0.61383838059321216     
 -0.69999999999999996      -0.29999999999999993      -0.76993692175867856     
 -0.59999999999999998      -0.29999999999999993      -0.62427361004407189     
 -0.49999999999999994      -0.29999999999999993      -0.24746558180635211     
 -0.39999999999999991      -0.29999999999999993       0.24133497508868890     
 -0.29999999999999993      -0.29999999999999993       0.63953099435909566     
 -0.19999999999999993      -0.29999999999999993       0.80269484845997652     
  -9.9999999999999978E-002 -0.29999999999999993       0.65157591812539761     
   2.7755575615628914E-017 -0.29999999999999993       0.26102885824245153     
  0.10000000000000009      -0.29999999999999993      -0.23695592839478027     
  0.20000000000000009      -0.29999999999999993      -0.63469560208859843     
  0.30000000000000016      -0.29999999999999993      -0.79807335299168614     
  0.40000000000000013      -0.29999999999999993      -0.64644430291520127     
  0.50000000000000011      -0.29999999999999993      -0.25636445098232580     
  0.60000000000000009      -0.29999999999999993       0.24189250056000722     
  0.70000000000000007      -0.29999999999999993       0.63955480580842572     
  0.80000000000000004      -0.29999999999999993       0.80253677147038294     
  0.90000000000000002      -0.29999999999999993       0.65143786103218648     
   1.0000000000000000      -0.29999999999999993       0.25703940698310568     
  -1.0000000000000000      -0.19999999999999993       0.31029715949028841     
 -0.90000000000000002      -0.19999999999999993      -0.28663150620783895     
 -0.80000000000000004      -0.19999999999999993      -0.77044597959617633     
 -0.69999999999999996      -0.19999999999999993      -0.96622070282177563     
 -0.59999999999999998      -0.19999999999999993      -0.78330184347813603     
 -0.49999999999999994      -0.19999999999999993      -0.31035844418739222     
 -0.39999999999999991      -0.19999999999999993       0.30306292635645504     
 -0.29999999999999993      -0.19999999999999993       0.80269484845997940     
 -0.19999999999999993      -0.19999999999999993        1.0073305438591562     
  -9.9999999999999978E-002 -0.19999999999999993       0.81756055643406367     
   2.7755575615628914E-017 -0.19999999999999993       0.32737235860691283     
  0.10000000000000009      -0.19999999999999993      -0.29756666817594490     
  0.20000000000000009      -0.19999999999999993      -0.79662683776190202     
  0.30000000000000016      -0.19999999999999993       -1.0015303719024238     
  0.40000000000000013      -0.19999999999999993      -0.81112013476630362     
  0.50000000000000011      -0.19999999999999993      -0.32151851114722763     
  0.60000000000000009      -0.19999999999999993       0.30376253188343999     
  0.70000000000000007      -0.19999999999999993       0.80272478161487004     
  0.80000000000000004      -0.19999999999999993        1.0071329673318321     
  0.90000000000000002      -0.19999999999999993       0.81738741252688119     
   1.0000000000000000      -0.19999999999999993       0.32237011348577727     
  -1.0000000000000000       -9.9999999999999978E-002  0.25168049163837092     
 -0.90000000000000002       -9.9999999999999978E-002 -0.23278982257142125     
 -0.80000000000000004       -9.9999999999999978E-002 -0.62539733343656245     
 -0.69999999999999996       -9.9999999999999978E-002 -0.78419475932023985     
 -0.59999999999999998       -9.9999999999999978E-002 -0.63563884863990283     
 -0.49999999999999994       -9.9999999999999978E-002 -0.25173376904438388     
 -0.39999999999999991       -9.9999999999999978E-002  0.24613221194867871     
 -0.29999999999999993       -9.9999999999999978E-002  0.65157591812540072     
 -0.19999999999999993       -9.9999999999999978E-002  0.81756055643406300     
  -9.9999999999999978E-002  -9.9999999999999978E-002  0.66344043975182931     
   2.7755575615628914E-017  -9.9999999999999978E-002  0.26553672640516235     
  0.10000000000000009       -9.9999999999999978E-002 -0.24167071749453672     
  0.20000000000000009       -9.9999999999999978E-002 -0.64665113127615903     
  0.30000000000000016       -9.9999999999999978E-002 -0.81285267832173591     
  0.40000000000000013       -9.9999999999999978E-002 -0.65821286191132700     
  0.50000000000000011       -9.9999999999999978E-002 -0.26078542600550592     
  0.60000000000000009       -9.9999999999999978E-002  0.24669997684218956     
  0.70000000000000007       -9.9999999999999978E-002  0.65160025340727901     
  0.80000000000000004       -9.9999999999999978E-002  0.81740084345568709     
  0.90000000000000002       -9.9999999999999978E-002  0.66330000168242220     
   1.0000000000000000       -9.9999999999999978E-002  0.26148026991535750     
  -1.0000000000000000        2.7755575615628914E-017  0.10058548514037531     
 -0.90000000000000002        2.7755575615628914E-017  -9.3404626778596289E-002
 -0.80000000000000004        2.7755575615628914E-017 -0.25054016395235085     
 -0.69999999999999996        2.7755575615628914E-017 -0.31401110804276411     
 -0.59999999999999998        2.7755575615628914E-017 -0.25440807504641560     
 -0.49999999999999994        2.7755575615628914E-017 -0.10061110349219878     
 -0.39999999999999991        2.7755575615628914E-017   9.8755096856985650E-002
 -0.29999999999999993        2.7755575615628914E-017  0.26102885824245670     
 -0.19999999999999993        2.7755575615628914E-017  0.32737235860691921     
  -9.9999999999999978E-002   2.7755575615628914E-017  0.26553672640515935     
   2.7755575615628914E-017   2.7755575615628914E-017  0.10613123356427250     
  0.10000000000000009        2.7755575615628914E-017  -9.6967786874100334E-002
  0.20000000000000009        2.7755575615628914E-017 -0.25905694017339281     
  0.30000000000000016        2.7755575615628914E-017 -0.32548672462408379     
  0.40000000000000013        2.7755575615628914E-017 -0.26344291133759851     
  0.50000000000000011        2.7755575615628914E-017 -0.10422838335341605     
  0.60000000000000009        2.7755575615628914E-017   9.8982392880993003E-002
  0.70000000000000007        2.7755575615628914E-017  0.26103865261345999     
  0.80000000000000004        2.7755575615628914E-017  0.32730918325354225     
  0.90000000000000002        2.7755575615628914E-017  0.26548059725544110     
   1.0000000000000000        2.7755575615628914E-017  0.10451106619682603     
  -1.0000000000000000       0.10000000000000009       -9.1920230545746676E-002
 -0.90000000000000002       0.10000000000000009        8.4418963553089005E-002
 -0.80000000000000004       0.10000000000000009       0.22743771010984914     
 -0.69999999999999996       0.10000000000000009       0.28542373454336140     
 -0.59999999999999998       0.10000000000000009       0.23154556246051725     
 -0.49999999999999994       0.10000000000000009        9.1932630871362983E-002
 -0.39999999999999991       0.10000000000000009       -8.9262398988387032E-002
 -0.29999999999999993       0.10000000000000009      -0.23695592839477975     
 -0.19999999999999993       0.10000000000000009      -0.29756666817594163     
  -9.9999999999999978E-002  0.10000000000000009      -0.24167071749453614     
   2.7755575615628914E-017  0.10000000000000009       -9.6967786874099085E-002
  0.10000000000000009       0.10000000000000009        8.7639878989585543E-002
  0.20000000000000009       0.10000000000000009       0.23516330585375833     
  0.30000000000000016       0.10000000000000009       0.29585392659578141     
  0.40000000000000013       0.10000000000000009       0.23976895172183602     
  0.50000000000000011       0.10000000000000009        9.5238961637073932E-002
  0.60000000000000009       0.10000000000000009       -8.9469132123816353E-002
  0.70000000000000007       0.10000000000000009      -0.23696470426992911     
  0.80000000000000004       0.10000000000000009      -0.29750726845813230     
  0.90000000000000002       0.10000000000000009      -0.24161942963982400     
   1.0000000000000000       0.10000000000000009       -9.5484603530984924E-002
  -1.0000000000000000       0.20000000000000009      -0.24555119693295527     
 -0.90000000000000002       0.20000000000000009       0.22652121350806340     
 -0.80000000000000004       0.20000000000000009       0.60919725463549546     
 -0.69999999999999996       0.20000000000000009       0.76411655114181976     
 -0.59999999999999998       0.20000000000000009       0.61955519020349437     
 -0.49999999999999994       0.20000000000000009       0.24559614864969465     
 -0.39999999999999991       0.20000000000000009      -0.23950924338304522     
 -0.29999999999999993       0.20000000000000009      -0.63469560208859754     
 -0.19999999999999993       0.20000000000000009      -0.79662683776188081     
  -9.9999999999999978E-002  0.20000000000000009      -0.64665113127616158     
   2.7755575615628914E-017  0.20000000000000009      -0.25905694017338854     
  0.10000000000000009       0.20000000000000009       0.23516330585375922     
  0.20000000000000009       0.20000000000000009       0.62989676256053029     
  0.30000000000000016       0.20000000000000009       0.79204028197773158     
  0.40000000000000013       0.20000000000000009       0.64155831257203999     
  0.50000000000000011       0.20000000000000009       0.25442779582222530     
  0.60000000000000009       0.20000000000000009      -0.24006255456598896     
  0.70000000000000007       0.20000000000000009      -0.63471923319328594     
  0.80000000000000004       0.20000000000000009      -0.79646995045046942     
  0.90000000000000002       0.20000000000000009      -0.64651411710906326     
   1.0000000000000000       0.20000000000000009      -0.25509761907159550     
  -1.0000000000000000       0.30000000000000016      -0.30850985244659423     
 -0.90000000000000002       0.30000000000000016       0.28498170616066559     
 -0.80000000000000004       0.30000000000000016       0.76601015213293122     
 -0.69999999999999996       0.30000000000000016       0.96065723747273257     
 -0.59999999999999998       0.30000000000000016       0.77879123815497420     
 -0.49999999999999994       0.30000000000000016       0.30857079812993571     
 -0.39999999999999991       0.30000000000000016      -0.30131854014818493     
 -0.29999999999999993       0.30000000000000016      -0.79807335299168569     
 -0.19999999999999993       0.30000000000000016       -1.0015303719024258     
  -9.9999999999999978E-002  0.30000000000000016      -0.81285267832173402     
   2.7755575615628914E-017  0.30000000000000016      -0.32548672462408457     
  0.10000000000000009       0.30000000000000016       0.29585392659578269     
  0.20000000000000009       0.30000000000000016       0.79204028197773402     
  0.30000000000000016       0.30000000000000016       0.99576359557746486     
  0.40000000000000013       0.30000000000000016       0.80644933853677403     
  0.50000000000000011       0.30000000000000016       0.31966658240762430     
  0.60000000000000009       0.30000000000000016      -0.30201411722688398     
  0.70000000000000007       0.30000000000000016      -0.79810311395552680     
  0.80000000000000004       0.30000000000000016       -1.0013339355310478     
  0.90000000000000002       0.30000000000000016      -0.81268053171420140     
   1.0000000000000000       0.30000000000000016      -0.32051329565137854     
  -1.0000000000000000       0.40000000000000013      -0.24969585769970370     
 -0.90000000000000002       0.40000000000000013       0.23095794483531834     
 -0.80000000000000004       0.40000000000000013       0.62047188001289366     
 -0.69999999999999996       0.40000000000000013       0.77801717283697280     
 -0.59999999999999998       0.40000000000000013       0.63063032008127895     
 -0.49999999999999994       0.40000000000000013       0.24974875949747433     
 -0.39999999999999991       0.40000000000000013      -0.24419530866127570     
 -0.29999999999999993       0.40000000000000013      -0.64644430291520638     
 -0.19999999999999993       0.40000000000000013      -0.81112013476631228     
  -9.9999999999999978E-002  0.40000000000000013      -0.65821286191132988     
   2.7755575615628914E-017  0.40000000000000013      -0.26344291133760050     
  0.10000000000000009       0.40000000000000013       0.23976895172183615     
  0.20000000000000009       0.40000000000000013       0.64155831257205387     
  0.30000000000000016       0.40000000000000013       0.80644933853677481     
  0.40000000000000013       0.40000000000000013       0.65302645925447456     
  0.50000000000000011       0.40000000000000013       0.25872903666710412     
  0.60000000000000009       0.40000000000000013      -0.24475860027180121     
  0.70000000000000007       0.40000000000000013      -0.64646844699814687     
  0.80000000000000004       0.40000000000000013      -0.81096168794073487     
  0.90000000000000002       0.40000000000000013      -0.65807353124249712     
   1.0000000000000000       0.40000000000000013      -0.25941845262441404     
  -1.0000000000000000       0.50000000000000011       -9.8781868639321604E-002
 -0.90000000000000002       0.50000000000000011        9.1739333893046685E-002
 -0.80000000000000004       0.50000000000000011       0.24606315016223212     
 -0.69999999999999996       0.50000000000000011       0.30839615855385721     
 -0.59999999999999998       0.50000000000000011       0.24985586846138141     
 -0.49999999999999994       0.50000000000000011        9.8807139752773748E-002
 -0.39999999999999991       0.50000000000000011       -9.6994333189979548E-002
 -0.29999999999999993       0.50000000000000011      -0.25636445098232602     
 -0.19999999999999993       0.50000000000000011      -0.32151851114723085     
  -9.9999999999999978E-002  0.50000000000000011      -0.26078542600550531     
   2.7755575615628914E-017  0.50000000000000011      -0.10422838335341608     
  0.10000000000000009       0.50000000000000011        9.5238961637074265E-002
  0.20000000000000009       0.50000000000000011       0.25442779582222791     
  0.30000000000000016       0.50000000000000011       0.31966658240762513     
  0.40000000000000013       0.50000000000000011       0.25872903666710489     
  0.50000000000000011       0.50000000000000011       0.10235955066344911     
  0.60000000000000009       0.50000000000000011       -9.7217563522961487E-002
  0.70000000000000007       0.50000000000000011      -0.25637407150783698     
  0.80000000000000004       0.50000000000000011      -0.32145648557583922     
  0.90000000000000002       0.50000000000000011      -0.26073030325782409     
   1.0000000000000000       0.50000000000000011      -0.10263729387862867     
  -1.0000000000000000       0.60000000000000009        9.3829797263136880E-002
 -0.90000000000000002       0.60000000000000009       -8.6180993112412396E-002
 -0.80000000000000004       0.60000000000000009      -0.23217595820780018     
 -0.69999999999999996       0.60000000000000009      -0.29136674462405082     
 -0.59999999999999998       0.60000000000000009      -0.23636408452954716     
 -0.49999999999999994       0.60000000000000009       -9.3842552443508587E-002
 -0.39999999999999991       0.60000000000000009        9.1125454159535088E-002
 -0.29999999999999993       0.60000000000000009       0.24189250056000283     
 -0.19999999999999993       0.60000000000000009       0.30376253188340718     
  -9.9999999999999978E-002  0.60000000000000009       0.24669997684219327     
   2.7755575615628914E-017  0.60000000000000009        9.8982392880991990E-002
  0.10000000000000009       0.60000000000000009       -8.9469132123815534E-002
  0.20000000000000009       0.60000000000000009      -0.24006255456596498     
  0.30000000000000016       0.60000000000000009      -0.30201411722688370     
  0.40000000000000013       0.60000000000000009      -0.24475860027178295     
  0.50000000000000011       0.60000000000000009       -9.7217563522959557E-002
  0.60000000000000009       0.60000000000000009        9.1336490768964093E-002
  0.70000000000000007       0.60000000000000009       0.24190146029637602     
  0.80000000000000004       0.60000000000000009       0.30370191291156540     
  0.90000000000000002       0.60000000000000009       0.24664762347605174     
   1.0000000000000000       0.60000000000000009        9.7468420511897733E-002
  -1.0000000000000000       0.70000000000000007       0.24742954428686056     
 -0.90000000000000002       0.70000000000000007      -0.22825641309253211     
 -0.80000000000000004       0.70000000000000007      -0.61386123582111263     
 -0.69999999999999996       0.70000000000000007      -0.76996563356914338     
 -0.59999999999999998       0.70000000000000007      -0.62429692603077214     
 -0.49999999999999994       0.70000000000000007      -0.24747486826422221     
 -0.39999999999999991       0.70000000000000007       0.24134391400988936     
 -0.29999999999999993       0.70000000000000007       0.63955480580842328     
 -0.19999999999999993       0.70000000000000007       0.80272478161487137     
  -9.9999999999999978E-002  0.70000000000000007       0.65160025340727656     
   2.7755575615628914E-017  0.70000000000000007       0.26103865261345982     
  0.10000000000000009       0.70000000000000007      -0.23696470426992877     
  0.20000000000000009       0.70000000000000007      -0.63471923319328627     
  0.30000000000000016       0.70000000000000007      -0.79810311395552480     
  0.40000000000000013       0.70000000000000007      -0.64646844699814754     
  0.50000000000000011       0.70000000000000007      -0.25637407150783581     
  0.60000000000000009       0.70000000000000007       0.24190146029637885     
  0.70000000000000007       0.70000000000000007       0.63957861813095473     
  0.80000000000000004       0.70000000000000007       0.80256669849153606     
  0.90000000000000002       0.70000000000000007       0.65146219113356474     
   1.0000000000000000       0.70000000000000007       0.25704905131083977     
  -1.0000000000000000       0.80000000000000004       0.31023731931107101     
 -0.90000000000000002       0.80000000000000004      -0.28657428827252940     
 -0.80000000000000004       0.80000000000000004      -0.77029426005308899     
 -0.69999999999999996       0.80000000000000004      -0.96603119333864418     
 -0.59999999999999998       0.80000000000000004      -0.78314882982350154     
 -0.49999999999999994       0.80000000000000004      -0.31029856942153916     
 -0.39999999999999991       0.80000000000000004       0.30300244433054890     
 -0.29999999999999993       0.80000000000000004       0.80253677147038860     
 -0.19999999999999993       0.80000000000000004        1.0071329673318397     
  -9.9999999999999978E-002  0.80000000000000004       0.81740084345569253     
   2.7755575615628914E-017  0.80000000000000004       0.32730918325354319     
  0.10000000000000009       0.80000000000000004      -0.29750726845813458     
  0.20000000000000009       0.80000000000000004      -0.79646995045049052     
  0.30000000000000016       0.80000000000000004       -1.0013339355310491     
  0.40000000000000013       0.80000000000000004      -0.81096168794072965     
  0.50000000000000011       0.80000000000000004      -0.32145648557583834     
  0.60000000000000009       0.80000000000000004       0.30370191291159421     
  0.70000000000000007       0.80000000000000004       0.80256669849153628     
  0.80000000000000004       0.80000000000000004        1.0069354254602494     
  0.90000000000000002       0.80000000000000004       0.81722773295115558     
   1.0000000000000000       0.80000000000000004       0.32230789744902433     
  -1.0000000000000000       0.90000000000000002       0.25162729554621016     
 -0.90000000000000002       0.90000000000000002      -0.23274041932738163     
 -0.80000000000000004       0.90000000000000002      -0.62526482378666892     
 -0.69999999999999996       0.90000000000000002      -0.78402868205367682     
 -0.59999999999999998       0.90000000000000002      -0.63550429635350536     
 -0.49999999999999994       0.90000000000000002      -0.25168055934545713     
 -0.39999999999999991       0.90000000000000002       0.24607997879188287     
 -0.29999999999999993       0.90000000000000002       0.65143786103218682     
 -0.19999999999999993       0.90000000000000002       0.81738741252688041     
  -9.9999999999999978E-002  0.90000000000000002       0.66330000168241943     
   2.7755575615628914E-017  0.90000000000000002       0.26548059725544260     
  0.10000000000000009       0.90000000000000002      -0.24161942963982452     
  0.20000000000000009       0.90000000000000002      -0.64651411710905904     
  0.30000000000000016       0.90000000000000002      -0.81268053171420029     
  0.40000000000000013       0.90000000000000002      -0.65807353124249524     
  0.50000000000000011       0.90000000000000002      -0.26073030325782315     
  0.60000000000000009       0.90000000000000002       0.24664762347604946     
  0.70000000000000007       0.90000000000000002       0.65146219113356529     
  0.80000000000000004       0.90000000000000002       0.81722773295115003     
  0.90000000000000002       0.90000000000000002       0.66315959329790863     
   1.0000000000000000       0.90000000000000002       0.26142499760108767     
  -1.0000000000000000        1.0000000000000000        9.9050036313771794E-002
 -0.90000000000000002        1.0000000000000000       -9.1975942643171632E-002
 -0.80000000000000004        1.0000000000000000      -0.24671102696570940     
 -0.69999999999999996        1.0000000000000000      -0.30921302822806562     
 -0.59999999999999998        1.0000000000000000      -0.25052163468858696     
 -0.49999999999999994        1.0000000000000000       -9.9075230158591293E-002
 -0.39999999999999991        1.0000000000000000        9.7244597175417224E-002
 -0.29999999999999993        1.0000000000000000       0.25703940698310873     
 -0.19999999999999993        1.0000000000000000       0.32237011348577910     
  -9.9999999999999978E-002   1.0000000000000000       0.26148026991535661     
   2.7755575615628914E-017   1.0000000000000000       0.10451106619682793     
  0.10000000000000009        1.0000000000000000       -9.5484603530985299E-002
  0.20000000000000009        1.0000000000000000      -0.25509761907159351     
  0.30000000000000016        1.0000000000000000      -0.32051329565137687     
  0.40000000000000013        1.0000000000000000      -0.25941845262440871     
  0.50000000000000011        1.0000000000000000      -0.10263729387862766     
  0.60000000000000009        1.0000000000000000        9.7468420511894027E-002
  0.70000000000000007        1.0000000000000000       0.25704905131083766     
  0.80000000000000004        1.0000000000000000       0.32230789744901894     
  0.90000000000000002        1.0000000000000000       0.26142499760108517     
   1.0000000000000000        1.0000000000000000       0.10291562300066645     
