  -1.0000000000000000       -1.0000000000000000       0.11555203368152220     
 -0.90000000000000002       -1.0000000000000000       0.27178837100282055     
 -0.80000000000000004       -1.0000000000000000       0.32563629482067574     
 -0.69999999999999996       -1.0000000000000000       0.25767920673846373     
 -0.59999999999999998       -1.0000000000000000        8.8821117018060128E-002
 -0.49999999999999994       -1.0000000000000000      -0.11238007260423356     
 -0.39999999999999991       -1.0000000000000000      -0.27278446306644144     
 -0.29999999999999993       -1.0000000000000000      -0.32719822268720078     
 -0.19999999999999993       -1.0000000000000000      -0.25915512396611540     
  -9.9999999999999978E-002  -1.0000000000000000       -8.9860439283722809E-002
   2.7755575615628914E-017  -1.0000000000000000       0.11495982869880660     
  0.10000000000000009       -1.0000000000000000       0.28158036814290632     
  0.20000000000000009       -1.0000000000000000       0.33766883818995103     
  0.30000000000000016       -1.0000000000000000       0.26710389396810674     
  0.40000000000000013       -1.0000000000000000        9.1526329677698734E-002
  0.50000000000000011       -1.0000000000000000      -0.11656498455616632     
  0.60000000000000009       -1.0000000000000000      -0.28325910486275585     
  0.70000000000000007       -1.0000000000000000      -0.33914360567440682     
  0.80000000000000004       -1.0000000000000000      -0.26879866533383878     
  0.90000000000000002       -1.0000000000000000       -9.3162013960340226E-002
   1.0000000000000000       -1.0000000000000000       0.11296504363776888     
  -1.0000000000000000      -0.90000000000000002       0.27178837100281855     
 -0.90000000000000002      -0.90000000000000002       0.63796286505457656     
 -0.80000000000000004      -0.90000000000000002       0.76381196360997350     
 -0.69999999999999996      -0.90000000000000002       0.60395770234023172     
 -0.59999999999999998      -0.90000000000000002       0.20760524728379043     
 -0.49999999999999994      -0.90000000000000002      -0.26433455684341711     
 -0.39999999999999991      -0.90000000000000002      -0.64029522270499617     
 -0.29999999999999993      -0.90000000000000002      -0.76747594294273991     
 -0.19999999999999993      -0.90000000000000002      -0.60741799283162912     
  -9.9999999999999978E-002 -0.90000000000000002      -0.21004093123390907     
   2.7755575615628914E-017 -0.90000000000000002       0.27041534708687370     
  0.10000000000000009      -0.90000000000000002       0.66094618583759202     
  0.20000000000000009      -0.90000000000000002       0.79203615945897066     
  0.30000000000000016      -0.90000000000000002       0.62604824418590010     
  0.40000000000000013      -0.90000000000000002       0.21392179283035939     
  0.50000000000000011      -0.90000000000000002      -0.27417805979786097     
  0.60000000000000009      -0.90000000000000002      -0.66488434578923250     
  0.70000000000000007      -0.90000000000000002      -0.79549660669725641     
  0.80000000000000004      -0.90000000000000002      -0.63002383235008697     
  0.90000000000000002      -0.90000000000000002      -0.21775919968560761     
   1.0000000000000000      -0.90000000000000002       0.26572241739809249     
  -1.0000000000000000      -0.80000000000000004       0.32563629482065609     
 -0.90000000000000002      -0.80000000000000004       0.76381196360997339     
 -0.80000000000000004      -0.80000000000000004       0.91425757594356460     
 -0.69999999999999996      -0.80000000000000004       0.72272670268888617     
 -0.59999999999999998      -0.80000000000000004       0.24818879502566032     
 -0.49999999999999994      -0.80000000000000004      -0.31670859073581259     
 -0.39999999999999991      -0.80000000000000004      -0.76660200845443305     
 -0.29999999999999993      -0.80000000000000004      -0.91864337355365533     
 -0.19999999999999993      -0.80000000000000004      -0.72686787634195571     
  -9.9999999999999978E-002 -0.80000000000000004      -0.25110332616381464     
   2.7755575615628914E-017 -0.80000000000000004       0.32399956697234011     
  0.10000000000000009      -0.80000000000000004       0.79132862684313621     
  0.20000000000000009      -0.80000000000000004       0.94804128794591691     
  0.30000000000000016      -0.80000000000000004       0.74916163803299851     
  0.40000000000000013      -0.80000000000000004       0.25573740515957100     
  0.50000000000000011      -0.80000000000000004      -0.32850242794315404     
  0.60000000000000009      -0.80000000000000004      -0.79604269095277780     
  0.70000000000000007      -0.80000000000000004      -0.95218384676844836     
  0.80000000000000004      -0.80000000000000004      -0.75392042582467766     
  0.90000000000000002      -0.80000000000000004      -0.26033096793735300     
   1.0000000000000000      -0.80000000000000004       0.31837642508804720     
  -1.0000000000000000      -0.69999999999999996       0.25767920673846567     
 -0.90000000000000002      -0.69999999999999996       0.60395770234023183     
 -0.80000000000000004      -0.69999999999999996       0.72272670268888506     
 -0.69999999999999996      -0.69999999999999996       0.57116180837268626     
 -0.59999999999999998      -0.69999999999999996       0.19593903089482947     
 -0.49999999999999994      -0.69999999999999996      -0.25061702909039535     
 -0.39999999999999991      -0.69999999999999996      -0.60616182998206580     
 -0.29999999999999993      -0.69999999999999996      -0.72619381791577842     
 -0.19999999999999993      -0.69999999999999996      -0.57443486913143293     
  -9.9999999999999978E-002 -0.69999999999999996      -0.19824223760554668     
   2.7755575615628914E-017 -0.69999999999999996       0.25639096208767476     
  0.10000000000000009      -0.69999999999999996       0.62571512046162481     
  0.20000000000000009      -0.69999999999999996       0.74943318986833529     
  0.30000000000000016      -0.69999999999999996       0.59205322275162842     
  0.40000000000000013      -0.69999999999999996       0.20189621126356030     
  0.50000000000000011      -0.69999999999999996      -0.25994968798489609     
  0.60000000000000009      -0.69999999999999996      -0.62944180019326146     
  0.70000000000000007      -0.69999999999999996      -0.75270834104342210     
  0.80000000000000004      -0.69999999999999996      -0.59581519313068043     
  0.90000000000000002      -0.69999999999999996      -0.20552771432237202     
   1.0000000000000000      -0.69999999999999996       0.25194095910981329     
  -1.0000000000000000      -0.59999999999999998        8.8821117018071910E-002
 -0.90000000000000002      -0.59999999999999998       0.20760524728379515     
 -0.80000000000000004      -0.59999999999999998       0.24818879502568786     
 -0.69999999999999996      -0.59999999999999998       0.19593903089483158     
 -0.59999999999999998      -0.59999999999999998        6.6961399745673625E-002
 -0.49999999999999994      -0.59999999999999998       -8.6389860293059145E-002
 -0.39999999999999991      -0.59999999999999998      -0.20836035132403719     
 -0.29999999999999993      -0.59999999999999998      -0.24937956738378944     
 -0.19999999999999993      -0.59999999999999998      -0.19706230235813102     
  -9.9999999999999978E-002 -0.59999999999999998       -6.7751382213538311E-002
   2.7755575615628914E-017 -0.59999999999999998        8.8385844400056146E-002
  0.10000000000000009      -0.59999999999999998       0.21508363212095799     
  0.20000000000000009      -0.59999999999999998       0.25736026935243017     
  0.30000000000000016      -0.59999999999999998       0.20310617995493785     
  0.40000000000000013      -0.59999999999999998        6.8994360838129529E-002
  0.50000000000000011      -0.59999999999999998       -8.9606895822380891E-002
  0.60000000000000009      -0.59999999999999998      -0.21636362652555080     
  0.70000000000000007      -0.59999999999999998      -0.25848552411037284     
  0.80000000000000004      -0.59999999999999998      -0.20439821237775671     
  0.90000000000000002      -0.59999999999999998       -7.0241773233763558E-002
   1.0000000000000000      -0.59999999999999998        8.6851492635628066E-002
  -1.0000000000000000      -0.49999999999999994      -0.11238007260423068     
 -0.90000000000000002      -0.49999999999999994      -0.26433455684341733     
 -0.80000000000000004      -0.49999999999999994      -0.31670859073581076     
 -0.69999999999999996      -0.49999999999999994      -0.25061702909039613     
 -0.59999999999999998      -0.49999999999999994       -8.6389860293058451E-002
 -0.49999999999999994      -0.49999999999999994       0.10929514692483000     
 -0.39999999999999991      -0.49999999999999994       0.26530336144066813     
 -0.29999999999999993      -0.49999999999999994       0.31822769476158830     
 -0.19999999999999993      -0.49999999999999994       0.25205249077643077     
  -9.9999999999999978E-002 -0.49999999999999994        8.7400699635442419E-002
   2.7755575615628914E-017 -0.49999999999999994      -0.11180401880475091     
  0.10000000000000009      -0.49999999999999994      -0.27385801427196155     
  0.20000000000000009      -0.49999999999999994      -0.32841124405781180     
  0.30000000000000016      -0.49999999999999994      -0.25978341194529836     
  0.40000000000000013      -0.49999999999999994       -8.9021058666963498E-002
  0.50000000000000011      -0.49999999999999994       0.11336517971911653     
  0.60000000000000009      -0.49999999999999994       0.27549072369402061     
  0.70000000000000007      -0.49999999999999994       0.32984557254256369     
  0.80000000000000004      -0.49999999999999994       0.26143171738292886     
  0.90000000000000002      -0.49999999999999994        9.0611894801526330E-002
   1.0000000000000000      -0.49999999999999994      -0.10986399691754720     
  -1.0000000000000000      -0.39999999999999991      -0.27278446306640097     
 -0.90000000000000002      -0.39999999999999991      -0.64029522270498618     
 -0.80000000000000004      -0.39999999999999991      -0.76660200845440629     
 -0.69999999999999996      -0.39999999999999991      -0.60616182998206469     
 -0.59999999999999998      -0.39999999999999991      -0.20836035132401509     
 -0.49999999999999994      -0.39999999999999991       0.26530336144066780     
 -0.39999999999999991      -0.39999999999999991       0.64263608201617761     
 -0.29999999999999993      -0.39999999999999991       0.77027937294648552     
 -0.19999999999999993      -0.39999999999999991       0.60963475299960723     
  -9.9999999999999978E-002 -0.39999999999999991       0.21080492281777774     
   2.7755575615628914E-017 -0.39999999999999991      -0.27140649461534871     
  0.10000000000000009      -0.39999999999999991      -0.66336256390131443     
  0.20000000000000009      -0.39999999999999991      -0.79492930435354670     
  0.30000000000000016      -0.39999999999999991      -0.62833299343000515     
  0.40000000000000013      -0.39999999999999991      -0.21469984289536390     
  0.50000000000000011      -0.39999999999999991       0.27518294137652111     
  0.60000000000000009      -0.39999999999999991       0.66731511140489352     
  0.70000000000000007      -0.39999999999999991       0.79840239734195351     
  0.80000000000000004      -0.39999999999999991       0.63232310506548994     
  0.90000000000000002      -0.39999999999999991       0.21855127031095029     
   1.0000000000000000      -0.39999999999999991      -0.26669636100465777     
  -1.0000000000000000      -0.29999999999999993      -0.32719822268719378     
 -0.90000000000000002      -0.29999999999999993      -0.76747594294273969     
 -0.80000000000000004      -0.29999999999999993      -0.91864337355364867     
 -0.69999999999999996      -0.29999999999999993      -0.72619381791577886     
 -0.59999999999999998      -0.29999999999999993      -0.24937956738378414     
 -0.49999999999999994      -0.29999999999999993       0.31822769476158752     
 -0.39999999999999991      -0.29999999999999993       0.77027937294648752     
 -0.29999999999999993      -0.29999999999999993       0.92305021027190504     
 -0.19999999999999993      -0.29999999999999993       0.73035485771011543     
  -9.9999999999999978E-002 -0.29999999999999993       0.25230808042039626     
   2.7755575615628914E-017 -0.29999999999999993      -0.32555363922261421     
  0.10000000000000009      -0.29999999999999993      -0.79512460294173992     
  0.20000000000000009      -0.29999999999999993      -0.95258914972082598     
  0.30000000000000016      -0.29999999999999993      -0.75275556863060633     
  0.40000000000000013      -0.29999999999999993      -0.25696439622077710     
  0.50000000000000011      -0.29999999999999993       0.33007810155376982     
  0.60000000000000009      -0.29999999999999993       0.79986128082822083     
  0.70000000000000007      -0.29999999999999993       0.95675158054422127     
  0.80000000000000004      -0.29999999999999993       0.75753718478099386     
  0.90000000000000002      -0.29999999999999993       0.26157999463592213     
   1.0000000000000000      -0.29999999999999993      -0.31990352601558630     
  -1.0000000000000000      -0.19999999999999993      -0.25915512396611251     
 -0.90000000000000002      -0.19999999999999993      -0.60741799283162656     
 -0.80000000000000004      -0.19999999999999993      -0.72686787634195582     
 -0.69999999999999996      -0.19999999999999993      -0.57443486913143105     
 -0.59999999999999998      -0.19999999999999993      -0.19706230235813846     
 -0.49999999999999994      -0.19999999999999993       0.25205249077643049     
 -0.39999999999999991      -0.19999999999999993       0.60963475299961367     
 -0.29999999999999993      -0.19999999999999993       0.73035485771011710     
 -0.19999999999999993      -0.19999999999999993       0.57772668569619523     
  -9.9999999999999978E-002 -0.19999999999999993       0.19937870798457411     
   2.7755575615628914E-017 -0.19999999999999993      -0.25785948546350435     
  0.10000000000000009      -0.19999999999999993      -0.62930006790152415     
  0.20000000000000009      -0.19999999999999993      -0.75372738939069894     
  0.30000000000000016      -0.19999999999999993      -0.59544600194739494     
  0.40000000000000013      -0.19999999999999993      -0.20305363871586227     
  0.50000000000000011      -0.19999999999999993       0.26143860451113365     
  0.60000000000000009      -0.19999999999999993       0.63304810087039598     
  0.70000000000000007      -0.19999999999999993       0.75702130596639006     
  0.80000000000000004      -0.19999999999999993       0.59922952788947836     
  0.90000000000000002      -0.19999999999999993       0.20670594940955070     
   1.0000000000000000      -0.19999999999999993      -0.25338399500081632     
  -1.0000000000000000       -9.9999999999999978E-002  -8.9860439283725224E-002
 -0.90000000000000002       -9.9999999999999978E-002 -0.21004093123391060     
 -0.80000000000000004       -9.9999999999999978E-002 -0.25110332616381403     
 -0.69999999999999996       -9.9999999999999978E-002 -0.19824223760554918     
 -0.59999999999999998       -9.9999999999999978E-002  -6.7751382213540726E-002
 -0.49999999999999994       -9.9999999999999978E-002   8.7400699635441434E-002
 -0.39999999999999991       -9.9999999999999978E-002  0.21080492281777338     
 -0.29999999999999993       -9.9999999999999978E-002  0.25230808042039859     
 -0.19999999999999993       -9.9999999999999978E-002  0.19937870798457449     
  -9.9999999999999978E-002  -9.9999999999999978E-002   6.8550652306027887E-002
   2.7755575615628914E-017  -9.9999999999999978E-002  -8.9419975406478391E-002
  0.10000000000000009       -9.9999999999999978E-002 -0.21760706063774618     
  0.20000000000000009       -9.9999999999999978E-002 -0.26038249961427457     
  0.30000000000000016       -9.9999999999999978E-002 -0.20549363132620757     
  0.40000000000000013       -9.9999999999999978E-002  -6.9808359742552464E-002
  0.50000000000000011       -9.9999999999999978E-002   9.0655377551482896E-002
  0.60000000000000009       -9.9999999999999978E-002  0.21890208371098002     
  0.70000000000000007       -9.9999999999999978E-002  0.26152096231063798     
  0.80000000000000004       -9.9999999999999978E-002  0.20680083467774166     
  0.90000000000000002       -9.9999999999999978E-002   7.1070417011951326E-002
   1.0000000000000000       -9.9999999999999978E-002  -8.7867674846296692E-002
  -1.0000000000000000        2.7755575615628914E-017  0.11495982869878185     
 -0.90000000000000002        2.7755575615628914E-017  0.27041534708687093     
 -0.80000000000000004        2.7755575615628914E-017  0.32399956697231846     
 -0.69999999999999996        2.7755575615628914E-017  0.25639096208767498     
 -0.59999999999999998        2.7755575615628914E-017   8.8385844400035551E-002
 -0.49999999999999994        2.7755575615628914E-017 -0.11180401880475392     
 -0.39999999999999991        2.7755575615628914E-017 -0.27140649461534616     
 -0.29999999999999993        2.7755575615628914E-017 -0.32555363922261193     
 -0.19999999999999993        2.7755575615628914E-017 -0.25785948546350657     
  -9.9999999999999978E-002   2.7755575615628914E-017  -8.9419975406482333E-002
   2.7755575615628914E-017   2.7755575615628914E-017  0.11437035610783740     
  0.10000000000000009        2.7755575615628914E-017  0.28015789547388770     
  0.20000000000000009        2.7755575615628914E-017  0.33597162138143055     
  0.30000000000000016        2.7755575615628914E-017  0.26576852191476891     
  0.40000000000000013        2.7755575615628914E-017   9.1077898351429709E-002
  0.50000000000000011        2.7755575615628914E-017 -0.11596747952934972     
  0.60000000000000009        2.7755575615628914E-017 -0.28182818655795672     
  0.70000000000000007        2.7755575615628914E-017 -0.33743895757572040     
  0.80000000000000004        2.7755575615628914E-017 -0.26745476985434746     
  0.90000000000000002        2.7755575615628914E-017  -9.2705349948280946E-002
   1.0000000000000000        2.7755575615628914E-017  0.11238580974410275     
  -1.0000000000000000       0.10000000000000009       0.28158036814290310     
 -0.90000000000000002       0.10000000000000009       0.66094618583759213     
 -0.80000000000000004       0.10000000000000009       0.79132862684313499     
 -0.69999999999999996       0.10000000000000009       0.62571512046162370     
 -0.59999999999999998       0.10000000000000009       0.21508363212095738     
 -0.49999999999999994       0.10000000000000009      -0.27385801427195977     
 -0.39999999999999991       0.10000000000000009      -0.66336256390131798     
 -0.29999999999999993       0.10000000000000009      -0.79512460294173903     
 -0.19999999999999993       0.10000000000000009      -0.62930006790152548     
  -9.9999999999999978E-002  0.10000000000000009      -0.21760706063774568     
   2.7755575615628914E-017  0.10000000000000009       0.28015789547388797     
  0.10000000000000009       0.10000000000000009       0.68475750514543454     
  0.20000000000000009       0.10000000000000009       0.82056961243370286     
  0.30000000000000016       0.10000000000000009       0.64860146887849346     
  0.40000000000000013       0.10000000000000009       0.22162770708208834     
  0.50000000000000011       0.10000000000000009      -0.28405615936153972     
  0.60000000000000009       0.10000000000000009      -0.68883753952994220     
  0.70000000000000007       0.10000000000000009      -0.82415472497613651     
  0.80000000000000004       0.10000000000000009      -0.65272027967716451     
  0.90000000000000002       0.10000000000000009      -0.22560335892400860     
   1.0000000000000000       0.10000000000000009       0.27529588783216902     
  -1.0000000000000000       0.20000000000000009       0.33766883818992738     
 -0.90000000000000002       0.20000000000000009       0.79203615945896710     
 -0.80000000000000004       0.20000000000000009       0.94804128794589482     
 -0.69999999999999996       0.20000000000000009       0.74943318986833685     
 -0.59999999999999998       0.20000000000000009       0.25736026935243217     
 -0.49999999999999994       0.20000000000000009      -0.32841124405781225     
 -0.39999999999999991       0.20000000000000009      -0.79492930435353548     
 -0.29999999999999993       0.20000000000000009      -0.95258914972082798     
 -0.19999999999999993       0.20000000000000009      -0.75372738939069139     
  -9.9999999999999978E-002  0.20000000000000009      -0.26038249961427784     
   2.7755575615628914E-017  0.20000000000000009       0.33597162138141801     
  0.10000000000000009       0.20000000000000009       0.82056961243370219     
  0.20000000000000009       0.20000000000000009       0.98307337778954040     
  0.30000000000000016       0.20000000000000009       0.77684495922586216     
  0.40000000000000013       0.20000000000000009       0.26518783134816559     
  0.50000000000000011       0.20000000000000009      -0.34064087367584250     
  0.60000000000000009       0.20000000000000009      -0.82545787071521370     
  0.70000000000000007       0.20000000000000009      -0.98736901207524863     
  0.80000000000000004       0.20000000000000009      -0.78177959390712926     
  0.90000000000000002       0.20000000000000009      -0.26995113537246668     
   1.0000000000000000       0.20000000000000009       0.33014070013448493     
  -1.0000000000000000       0.30000000000000016       0.26710389396810263     
 -0.90000000000000002       0.30000000000000016       0.62604824418589977     
 -0.80000000000000004       0.30000000000000016       0.74916163803299662     
 -0.69999999999999996       0.30000000000000016       0.59205322275162775     
 -0.59999999999999998       0.30000000000000016       0.20310617995493693     
 -0.49999999999999994       0.30000000000000016      -0.25978341194529714     
 -0.39999999999999991       0.30000000000000016      -0.62833299343000548     
 -0.29999999999999993       0.30000000000000016      -0.75275556863060533     
 -0.19999999999999993       0.30000000000000016      -0.59544600194739505     
  -9.9999999999999978E-002  0.30000000000000016      -0.20549363132620557     
   2.7755575615628914E-017  0.30000000000000016       0.26576852191476996     
  0.10000000000000009       0.30000000000000016       0.64860146887849512     
  0.20000000000000009       0.30000000000000016       0.77684495922586050     
  0.30000000000000016       0.30000000000000016       0.61370878315186017     
  0.40000000000000013       0.30000000000000016       0.20928126795838550     
  0.50000000000000011       0.30000000000000016      -0.26945741527405032     
  0.60000000000000009       0.30000000000000016      -0.65246445789268559     
  0.70000000000000007       0.30000000000000016      -0.78023990392835474     
  0.80000000000000004       0.30000000000000016      -0.61760835371529565     
  0.90000000000000002       0.30000000000000016      -0.21304559894305711     
   1.0000000000000000       0.30000000000000016       0.26115575935412172     
  -1.0000000000000000       0.40000000000000013        9.1526329677711321E-002
 -0.90000000000000002       0.40000000000000013       0.21392179283036222     
 -0.80000000000000004       0.40000000000000013       0.25573740515959537     
 -0.69999999999999996       0.40000000000000013       0.20189621126356225     
 -0.59999999999999998       0.40000000000000013        6.8994360838144989E-002
 -0.49999999999999994       0.40000000000000013       -8.9021058666964192E-002
 -0.39999999999999991       0.40000000000000013      -0.21469984289536959     
 -0.29999999999999993       0.40000000000000013      -0.25696439622078254     
 -0.19999999999999993       0.40000000000000013      -0.20305363871586299     
  -9.9999999999999978E-002  0.40000000000000013       -6.9808359742551354E-002
   2.7755575615628914E-017  0.40000000000000013        9.1077898351430389E-002
  0.10000000000000009       0.40000000000000013       0.22162770708208779     
  0.20000000000000009       0.40000000000000013       0.26518783134816376     
  0.30000000000000016       0.40000000000000013       0.20928126795838645     
  0.40000000000000013       0.40000000000000013        7.1089010474326586E-002
  0.50000000000000011       0.40000000000000013       -9.2336076134991021E-002
  0.60000000000000009       0.40000000000000013      -0.22294663482864432     
  0.70000000000000007       0.40000000000000013      -0.26634731665249145     
  0.80000000000000004       0.40000000000000013      -0.21061259894785184     
  0.90000000000000002       0.40000000000000013       -7.2374366390202796E-002
   1.0000000000000000       0.40000000000000013        8.9496809980790112E-002
  -1.0000000000000000       0.50000000000000011      -0.11656498455616433     
 -0.90000000000000002       0.50000000000000011      -0.27417805979785975     
 -0.80000000000000004       0.50000000000000011      -0.32850242794315404     
 -0.69999999999999996       0.50000000000000011      -0.25994968798489404     
 -0.59999999999999998       0.50000000000000011       -8.9606895822379434E-002
 -0.49999999999999994       0.50000000000000011       0.11336517971911649     
 -0.39999999999999991       0.50000000000000011       0.27518294137652277     
 -0.29999999999999993       0.50000000000000011       0.33007810155376666     
 -0.19999999999999993       0.50000000000000011       0.26143860451113549     
  -9.9999999999999978E-002  0.50000000000000011        9.0655377551482647E-002
   2.7755575615628914E-017  0.50000000000000011      -0.11596747952934866     
  0.10000000000000009       0.50000000000000011      -0.28405615936153872     
  0.20000000000000009       0.50000000000000011      -0.34064087367584367     
  0.30000000000000016       0.50000000000000011      -0.26945741527404848     
  0.40000000000000013       0.50000000000000011       -9.2336076134989994E-002
  0.50000000000000011       0.50000000000000011       0.11758677613881770     
  0.60000000000000009       0.50000000000000011       0.28574966888376430     
  0.70000000000000007       0.50000000000000011       0.34212861479454015     
  0.80000000000000004       0.50000000000000011       0.27116710157637469     
  0.90000000000000002       0.50000000000000011        9.3986153042847215E-002
   1.0000000000000000       0.50000000000000011      -0.11395521336139175     
  -1.0000000000000000       0.60000000000000009      -0.28325910486272282     
 -0.90000000000000002       0.60000000000000009      -0.66488434578922628     
 -0.80000000000000004       0.60000000000000009      -0.79604269095274038     
 -0.69999999999999996       0.60000000000000009      -0.62944180019326268     
 -0.59999999999999998       0.60000000000000009      -0.21636362652553737     
 -0.49999999999999994       0.60000000000000009       0.27549072369402139     
 -0.39999999999999991       0.60000000000000009       0.66731511140487865     
 -0.29999999999999993       0.60000000000000009       0.79986128082821828     
 -0.19999999999999993       0.60000000000000009       0.63304810087038377     
  -9.9999999999999978E-002  0.60000000000000009       0.21890208371098338     
   2.7755575615628914E-017  0.60000000000000009      -0.28182818655794623     
  0.10000000000000009       0.60000000000000009      -0.68883753952994076     
  0.20000000000000009       0.60000000000000009      -0.82545787071520671     
  0.30000000000000016       0.60000000000000009      -0.65246445789268404     
  0.40000000000000013       0.60000000000000009      -0.22294663482864277     
  0.50000000000000011       0.60000000000000009       0.28574966888376258     
  0.60000000000000009       0.60000000000000009       0.69294188020737324     
  0.70000000000000007       0.60000000000000009       0.82906434248446881     
  0.80000000000000004       0.60000000000000009       0.65660780565797716     
  0.90000000000000002       0.60000000000000009       0.22694597154178389     
   1.0000000000000000       0.60000000000000009      -0.27693719062749234     
  -1.0000000000000000       0.70000000000000007      -0.33914360567440310     
 -0.90000000000000002       0.70000000000000007      -0.79549660669725464     
 -0.80000000000000004       0.70000000000000007      -0.95218384676844958     
 -0.69999999999999996       0.70000000000000007      -0.75270834104342044     
 -0.59999999999999998       0.70000000000000007      -0.25848552411037135     
 -0.49999999999999994       0.70000000000000007       0.32984557254256042     
 -0.39999999999999991       0.70000000000000007       0.79840239734195784     
 -0.29999999999999993       0.70000000000000007       0.95675158054421516     
 -0.19999999999999993       0.70000000000000007       0.75702130596639117     
  -9.9999999999999978E-002  0.70000000000000007       0.26152096231063554     
   2.7755575615628914E-017  0.70000000000000007      -0.33743895757572384     
  0.10000000000000009       0.70000000000000007      -0.82415472497613418     
  0.20000000000000009       0.70000000000000007      -0.98736901207524996     
  0.30000000000000016       0.70000000000000007      -0.78023990392835196     
  0.40000000000000013       0.70000000000000007      -0.26634731665248973     
  0.50000000000000011       0.70000000000000007       0.34212861479454137     
  0.60000000000000009       0.70000000000000007       0.82906434248447425     
  0.70000000000000007       0.70000000000000007       0.99168341540211880     
  0.80000000000000004       0.70000000000000007       0.78519610066338941     
  0.90000000000000002       0.70000000000000007       0.27113143370837167     
   1.0000000000000000       0.70000000000000007      -0.33158257071229963     
  -1.0000000000000000       0.80000000000000004      -0.26879866533383368     
 -0.90000000000000002       0.80000000000000004      -0.63002383235008552     
 -0.80000000000000004       0.80000000000000004      -0.75392042582467889     
 -0.69999999999999996       0.80000000000000004      -0.59581519313068365     
 -0.59999999999999998       0.80000000000000004      -0.20439821237775621     
 -0.49999999999999994       0.80000000000000004       0.26143171738292836     
 -0.39999999999999991       0.80000000000000004       0.63232310506548894     
 -0.29999999999999993       0.80000000000000004       0.75753718478099885     
 -0.19999999999999993       0.80000000000000004       0.59922952788946415     
  -9.9999999999999978E-002  0.80000000000000004       0.20680083467774396     
   2.7755575615628914E-017  0.80000000000000004      -0.26745476985434630     
  0.10000000000000009       0.80000000000000004      -0.65272027967716517     
  0.20000000000000009       0.80000000000000004      -0.78177959390712615     
  0.30000000000000016       0.80000000000000004      -0.61760835371529721     
  0.40000000000000013       0.80000000000000004      -0.21061259894784387     
  0.50000000000000011       0.80000000000000004       0.27116710157637441     
  0.60000000000000009       0.80000000000000004       0.65660780565798293     
  0.70000000000000007       0.80000000000000004       0.78519610066339129     
  0.80000000000000004       0.80000000000000004       0.62153269408482270     
  0.90000000000000002       0.80000000000000004       0.21440083962545720     
   1.0000000000000000       0.80000000000000004      -0.26281274194911947     
  -1.0000000000000000       0.90000000000000002       -9.3162013960342918E-002
 -0.90000000000000002       0.90000000000000002      -0.21775919968560728     
 -0.80000000000000004       0.90000000000000002      -0.26033096793734928     
 -0.69999999999999996       0.90000000000000002      -0.20552771432237332     
 -0.59999999999999998       0.90000000000000002       -7.0241773233764890E-002
 -0.49999999999999994       0.90000000000000002        9.0611894801524664E-002
 -0.39999999999999991       0.90000000000000002       0.21855127031094471     
 -0.29999999999999993       0.90000000000000002       0.26157999463592352     
 -0.19999999999999993       0.90000000000000002       0.20670594940955131     
  -9.9999999999999978E-002  0.90000000000000002        7.1070417011950687E-002
   2.7755575615628914E-017  0.90000000000000002       -9.2705349948278601E-002
  0.10000000000000009       0.90000000000000002      -0.22560335892400848     
  0.20000000000000009       0.90000000000000002      -0.26995113537246174     
  0.30000000000000016       0.90000000000000002      -0.21304559894305669     
  0.40000000000000013       0.90000000000000002       -7.2374366390201922E-002
  0.50000000000000011       0.90000000000000002        9.3986153042847673E-002
  0.60000000000000009       0.90000000000000002       0.22694597154178048     
  0.70000000000000007       0.90000000000000002       0.27113143370837162     
  0.80000000000000004       0.90000000000000002       0.21440083962545395     
  0.90000000000000002       0.90000000000000002        7.3682801627023661E-002
   1.0000000000000000       0.90000000000000002       -9.1096016837049751E-002
  -1.0000000000000000        1.0000000000000000       0.11296504363773179     
 -0.90000000000000002        1.0000000000000000       0.26572241739808894     
 -0.80000000000000004        1.0000000000000000       0.31837642508802505     
 -0.69999999999999996        1.0000000000000000       0.25194095910981207     
 -0.59999999999999998        1.0000000000000000        8.6851492635599672E-002
 -0.49999999999999994        1.0000000000000000      -0.10986399691754795     
 -0.39999999999999991        1.0000000000000000      -0.26669636100466254     
 -0.29999999999999993        1.0000000000000000      -0.31990352601558247     
 -0.19999999999999993        1.0000000000000000      -0.25338399500081593     
  -9.9999999999999978E-002   1.0000000000000000       -8.7867674846299149E-002
   2.7755575615628914E-017   1.0000000000000000       0.11238580974410931     
  0.10000000000000009        1.0000000000000000       0.27529588783216852     
  0.20000000000000009        1.0000000000000000       0.33014070013449676     
  0.30000000000000016        1.0000000000000000       0.26115575935412089     
  0.40000000000000013        1.0000000000000000        8.9496809980785491E-002
  0.50000000000000011        1.0000000000000000      -0.11395521336139013     
  0.60000000000000009        1.0000000000000000      -0.27693719062750932     
  0.70000000000000007        1.0000000000000000      -0.33158257071229852     
  0.80000000000000004        1.0000000000000000      -0.26281274194911680     
  0.90000000000000002        1.0000000000000000       -9.1096016837051125E-002
   1.0000000000000000        1.0000000000000000       0.11043569889234252     
