  -1.0000000000000000       -1.0000000000000000        6.0340654898658190E-002
 -0.90000000000000002       -1.0000000000000000       0.18239428595979107     
 -0.80000000000000004       -1.0000000000000000       0.23546525371567173     
 -0.69999999999999996       -1.0000000000000000       0.20037317664664195     
 -0.59999999999999998       -1.0000000000000000        8.6909756706417915E-002
 -0.49999999999999994       -1.0000000000000000       -5.8490553952532706E-002
 -0.39999999999999991       -1.0000000000000000      -0.18325340080283969     
 -0.29999999999999993       -1.0000000000000000      -0.23656561227200401     
 -0.19999999999999993       -1.0000000000000000      -0.20145050306775153     
  -9.9999999999999978E-002  -1.0000000000000000       -8.7715425158415003E-002
   2.7755575615628914E-017  -1.0000000000000000        5.9474325166247934E-002
  0.10000000000000009       -1.0000000000000000       0.18901019046520842     
  0.20000000000000009       -1.0000000000000000       0.24412537195268647     
  0.30000000000000016       -1.0000000000000000       0.20768496536931785     
  0.40000000000000013       -1.0000000000000000        8.9759896834728750E-002
  0.50000000000000011       -1.0000000000000000       -6.0654693811559718E-002
  0.60000000000000009       -1.0000000000000000      -0.19019641094518716     
  0.70000000000000007       -1.0000000000000000      -0.24516603418167518     
  0.80000000000000004       -1.0000000000000000      -0.20889839988020800     
  0.90000000000000002       -1.0000000000000000       -9.0932420760887978E-002
   1.0000000000000000       -1.0000000000000000        5.8415087272891179E-002
  -1.0000000000000000      -0.90000000000000002       0.18239428595979013     
 -0.90000000000000002      -0.90000000000000002       0.54878246020290922     
 -0.80000000000000004      -0.90000000000000002       0.70763076046974482     
 -0.69999999999999996      -0.90000000000000002       0.60153219137266578     
 -0.59999999999999998      -0.90000000000000002       0.26015408470446982     
 -0.49999999999999994      -0.90000000000000002      -0.17681363379059786     
 -0.39999999999999991      -0.90000000000000002      -0.55135768088698178     
 -0.29999999999999993      -0.90000000000000002      -0.71093978306596783     
 -0.19999999999999993      -0.90000000000000002      -0.60477058316145815     
  -9.9999999999999978E-002 -0.90000000000000002      -0.26257303983843050     
   2.7755575615628914E-017 -0.90000000000000002       0.17980806819944672     
  0.10000000000000009      -0.90000000000000002       0.56868581802614304     
  0.20000000000000009      -0.90000000000000002       0.73365908011876968     
  0.30000000000000016      -0.90000000000000002       0.62348312206130962     
  0.40000000000000013      -0.90000000000000002       0.26867867523069972     
  0.50000000000000011      -0.90000000000000002      -0.18335716079614631     
  0.60000000000000009      -0.90000000000000002      -0.57225268805262508     
  0.70000000000000007      -0.90000000000000002      -0.73678731686004928     
  0.80000000000000004      -0.90000000000000002      -0.62713056187262683     
  0.90000000000000002      -0.90000000000000002      -0.27220250358230436     
   1.0000000000000000      -0.90000000000000002       0.17660941925756873     
  -1.0000000000000000      -0.80000000000000004       0.23546525371565635     
 -0.90000000000000002      -0.80000000000000004       0.70763076046974493     
 -0.80000000000000004      -0.80000000000000004       0.91218704492900027     
 -0.69999999999999996      -0.80000000000000004       0.77520925286353481     
 -0.59999999999999998      -0.80000000000000004       0.33501961762500543     
 -0.49999999999999994      -0.80000000000000004      -0.22826462772768286     
 -0.39999999999999991      -0.80000000000000004      -0.71094823368662652     
 -0.29999999999999993      -0.80000000000000004      -0.91645332619268005     
 -0.19999999999999993      -0.80000000000000004      -0.77938402285665975     
  -9.9999999999999978E-002 -0.80000000000000004      -0.33813707956749861     
   2.7755575615628914E-017 -0.80000000000000004       0.23213710490528103     
  0.10000000000000009      -0.80000000000000004       0.73329448403462405     
  0.20000000000000009      -0.80000000000000004       0.94574025775736714     
  0.30000000000000016      -0.80000000000000004       0.80349812031117873     
  0.40000000000000013      -0.80000000000000004       0.34599507072909047     
  0.50000000000000011      -0.80000000000000004      -0.23671272919515790     
  0.60000000000000009      -0.80000000000000004      -0.73789308740977588     
  0.70000000000000007      -0.80000000000000004      -0.94977303975337601     
  0.80000000000000004      -0.80000000000000004      -0.80820018592997755     
  0.90000000000000002      -0.80000000000000004      -0.35053757439405614     
   1.0000000000000000      -0.80000000000000004       0.22800877775358752     
  -1.0000000000000000      -0.69999999999999996       0.20037317664664414     
 -0.90000000000000002      -0.69999999999999996       0.60153219137266556     
 -0.80000000000000004      -0.69999999999999996       0.77520925286353304     
 -0.69999999999999996      -0.69999999999999996       0.65863959128621341     
 -0.59999999999999998      -0.69999999999999996       0.28445157984306757     
 -0.49999999999999994      -0.69999999999999996      -0.19424861813588304     
 -0.39999999999999991      -0.69999999999999996      -0.60434982649701674     
 -0.29999999999999993      -0.69999999999999996      -0.77883544049547571     
 -0.19999999999999993      -0.69999999999999996      -0.66218765274023783     
  -9.9999999999999978E-002 -0.69999999999999996      -0.28710033660719086     
   2.7755575615628914E-017 -0.69999999999999996       0.19754916467006409     
  0.10000000000000009      -0.69999999999999996       0.62334742745691007     
  0.20000000000000009      -0.69999999999999996       0.80372461761006464     
  0.30000000000000016      -0.69999999999999996       0.68267473681583024     
  0.40000000000000013      -0.69999999999999996       0.29376862589280694     
  0.50000000000000011      -0.69999999999999996      -0.20143814727953996     
  0.60000000000000009      -0.69999999999999996      -0.62725598673339455     
  0.70000000000000007      -0.69999999999999996      -0.80715202008823472     
  0.80000000000000004      -0.69999999999999996      -0.68667091548388359     
  0.90000000000000002      -0.69999999999999996      -0.29762903528982287     
   1.0000000000000000      -0.69999999999999996       0.19403688437058969     
  -1.0000000000000000      -0.59999999999999998        8.6909756706429239E-002
 -0.90000000000000002      -0.59999999999999998       0.26015408470447388     
 -0.80000000000000004      -0.59999999999999998       0.33501961762503163     
 -0.69999999999999996      -0.59999999999999998       0.28445157984306996     
 -0.59999999999999998      -0.59999999999999998       0.12262276144106432     
 -0.49999999999999994      -0.59999999999999998       -8.4256764254943842E-002
 -0.39999999999999991      -0.59999999999999998      -0.26136979389552673     
 -0.29999999999999993      -0.59999999999999998      -0.33658738450322040     
 -0.19999999999999993      -0.59999999999999998      -0.28598516126105455     
  -9.9999999999999978E-002 -0.59999999999999998      -0.12376678658206777     
   2.7755575615628914E-017 -0.59999999999999998        8.5694481030898884E-002
  0.10000000000000009      -0.59999999999999998       0.26958815450828538     
  0.20000000000000009      -0.59999999999999998       0.34734376753475971     
  0.30000000000000016      -0.59999999999999998       0.29483196825233110     
  0.40000000000000013      -0.59999999999999998       0.12663710689561741     
  0.50000000000000011      -0.59999999999999998       -8.7375705737495313E-002
  0.60000000000000009      -0.59999999999999998      -0.27127789668940405     
  0.70000000000000007      -0.59999999999999998      -0.34882521307370090     
  0.80000000000000004      -0.59999999999999998      -0.29655921395625828     
  0.90000000000000002      -0.59999999999999998      -0.12830547911920692     
   1.0000000000000000      -0.59999999999999998        8.4171999991577109E-002
  -1.0000000000000000      -0.49999999999999994       -5.8490553952530167E-002
 -0.90000000000000002      -0.49999999999999994      -0.17681363379059789     
 -0.80000000000000004      -0.49999999999999994      -0.22826462772768186     
 -0.69999999999999996      -0.49999999999999994      -0.19424861813588368     
 -0.59999999999999998      -0.49999999999999994       -8.4256764254942745E-002
 -0.49999999999999994      -0.49999999999999994        5.6697124866366778E-002
 -0.39999999999999991      -0.49999999999999994       0.17764650704746665     
 -0.29999999999999993      -0.49999999999999994       0.22933132685090787     
 -0.19999999999999993      -0.49999999999999994       0.19529299596227570     
  -9.9999999999999978E-002 -0.49999999999999994        8.5037805502084229E-002
   2.7755575615628914E-017 -0.49999999999999994       -5.7650637258914630E-002
  0.10000000000000009      -0.49999999999999994      -0.18322712479102912     
  0.20000000000000009      -0.49999999999999994      -0.23665990422491176     
  0.30000000000000016      -0.49999999999999994      -0.20133691414663099     
  0.40000000000000013      -0.49999999999999994       -8.7019933549519785E-002
  0.50000000000000011      -0.49999999999999994        5.8794901483638765E-002
  0.60000000000000009      -0.49999999999999994       0.18437706101214535     
  0.70000000000000007      -0.49999999999999994       0.23766873892276116     
  0.80000000000000004      -0.49999999999999994       0.20251323777111155     
  0.90000000000000002      -0.49999999999999994        8.8156600710511790E-002
   1.0000000000000000      -0.49999999999999994       -5.6623862080304226E-002
  -1.0000000000000000      -0.39999999999999991      -0.18325340080279992     
 -0.90000000000000002      -0.39999999999999991      -0.55135768088697323     
 -0.80000000000000004      -0.39999999999999991      -0.71094823368660098     
 -0.69999999999999996      -0.39999999999999991      -0.60434982649701630     
 -0.59999999999999998      -0.39999999999999991      -0.26136979389550402     
 -0.49999999999999994      -0.39999999999999991       0.17764650704746582     
 -0.39999999999999991      -0.39999999999999991       0.55394494929735438     
 -0.29999999999999993      -0.39999999999999991       0.71427277774408848     
 -0.19999999999999993      -0.39999999999999991       0.60760340323255624     
  -9.9999999999999978E-002 -0.39999999999999991       0.26380008075925782     
   2.7755575615628914E-017 -0.39999999999999991      -0.18065512448300816     
  0.10000000000000009      -0.39999999999999991      -0.57135442830443461     
  0.20000000000000009      -0.39999999999999991      -0.73709858747966905     
  0.30000000000000016      -0.39999999999999991      -0.62640357940508762     
  0.40000000000000013      -0.39999999999999991      -0.26993419347099623     
  0.50000000000000011      -0.39999999999999991       0.18422086257823722     
  0.60000000000000009      -0.39999999999999991       0.57493802789813364     
  0.70000000000000007      -0.39999999999999991       0.74024149285546992     
  0.80000000000000004      -0.39999999999999991       0.63006812187342154     
  0.90000000000000002      -0.39999999999999991       0.27347454243491581     
   1.0000000000000000      -0.39999999999999991      -0.17744142120219450     
  -1.0000000000000000      -0.29999999999999993      -0.23656561227199810     
 -0.90000000000000002      -0.29999999999999993      -0.71093978306596795     
 -0.80000000000000004      -0.29999999999999993      -0.91645332619267461     
 -0.69999999999999996      -0.29999999999999993      -0.77883544049547626     
 -0.59999999999999998      -0.29999999999999993      -0.33658738450321385     
 -0.49999999999999994      -0.29999999999999993       0.22933132685090735     
 -0.39999999999999991      -0.29999999999999993       0.71427277774409048     
 -0.29999999999999993      -0.29999999999999993       0.92073955893242099     
 -0.19999999999999993      -0.29999999999999993       0.78302973517910668     
  -9.9999999999999978E-002 -0.29999999999999993       0.33971942870847482     
   2.7755575615628914E-017 -0.29999999999999993      -0.23322188279572456     
  0.10000000000000009      -0.29999999999999993      -0.73672351736033337     
  0.20000000000000009      -0.29999999999999993      -0.95016346458629619     
  0.30000000000000016      -0.29999999999999993      -0.80725663401379599     
  0.40000000000000013      -0.29999999999999993      -0.34761420464991744     
  0.50000000000000011      -0.29999999999999993       0.23781890575758868     
  0.60000000000000009      -0.29999999999999993       0.74134362663696096     
  0.70000000000000007      -0.29999999999999993       0.95421510713623348     
  0.80000000000000004      -0.29999999999999993       0.81198069045110988     
  0.90000000000000002      -0.29999999999999993       0.35217795341997515     
   1.0000000000000000      -0.29999999999999993      -0.22907426083465157     
  -1.0000000000000000      -0.19999999999999993      -0.20145050306774881     
 -0.90000000000000002      -0.19999999999999993      -0.60477058316145593     
 -0.80000000000000004      -0.19999999999999993      -0.77938402285666109     
 -0.69999999999999996      -0.19999999999999993      -0.66218765274023539     
 -0.59999999999999998      -0.19999999999999993      -0.28598516126105750     
 -0.49999999999999994      -0.19999999999999993       0.19529299596227551     
 -0.39999999999999991      -0.19999999999999993       0.60760340323256379     
 -0.29999999999999993      -0.19999999999999993       0.78302973517910879     
 -0.19999999999999993      -0.19999999999999993       0.66575482048897183     
  -9.9999999999999978E-002 -0.19999999999999993       0.28864818627004224     
   2.7755575615628914E-017 -0.19999999999999993      -0.19861125399630961     
  0.10000000000000009      -0.19999999999999993      -0.62670326707436896     
  0.20000000000000009      -0.19999999999999993      -0.80805294850328402     
  0.30000000000000016      -0.19999999999999993      -0.68635227365156226     
  0.40000000000000013      -0.19999999999999993      -0.29535245050486980     
  0.50000000000000011      -0.19999999999999993       0.20252117723502136     
  0.60000000000000009      -0.19999999999999993       0.63063287202258045     
  0.70000000000000007      -0.19999999999999993       0.81149880740775293     
  0.80000000000000004      -0.19999999999999993       0.69036997185319737     
  0.90000000000000002      -0.19999999999999993       0.29923364936093988     
   1.0000000000000000      -0.19999999999999993      -0.19508008444021524     
  -1.0000000000000000       -9.9999999999999978E-002  -8.7715425158419069E-002
 -0.90000000000000002       -9.9999999999999978E-002 -0.26257303983843172     
 -0.80000000000000004       -9.9999999999999978E-002 -0.33813707956749833     
 -0.69999999999999996       -9.9999999999999978E-002 -0.28710033660719347     
 -0.59999999999999998       -9.9999999999999978E-002 -0.12376678658206952     
 -0.49999999999999994       -9.9999999999999978E-002   8.5037805502083300E-002
 -0.39999999999999991       -9.9999999999999978E-002  0.26380008075925371     
 -0.29999999999999993       -9.9999999999999978E-002  0.33971942870847704     
 -0.19999999999999993       -9.9999999999999978E-002  0.28864818627004329     
  -9.9999999999999978E-002  -9.9999999999999978E-002  0.12492146381638748     
   2.7755575615628914E-017  -9.9999999999999978E-002  -8.6488790892638348E-002
  0.10000000000000009       -9.9999999999999978E-002 -0.27209483602261059     
  0.20000000000000009       -9.9999999999999978E-002 -0.35057590217397899     
  0.30000000000000016       -9.9999999999999978E-002 -0.29757738367099545     
  0.40000000000000013       -9.9999999999999978E-002 -0.12781860472119819     
  0.50000000000000011       -9.9999999999999978E-002   8.8185654712223560E-002
  0.60000000000000009       -9.9999999999999978E-002  0.27380029603038020     
  0.70000000000000007       -9.9999999999999978E-002  0.35207113073620672     
  0.80000000000000004       -9.9999999999999978E-002  0.29932069970037223     
  0.90000000000000002       -9.9999999999999978E-002  0.12950250136047634     
   1.0000000000000000       -9.9999999999999978E-002  -8.4952187168201201E-002
  -1.0000000000000000        2.7755575615628914E-017   5.9474325166226687E-002
 -0.90000000000000002        2.7755575615628914E-017  0.17980806819944381     
 -0.80000000000000004        2.7755575615628914E-017  0.23213710490526104     
 -0.69999999999999996        2.7755575615628914E-017  0.19754916467006398     
 -0.59999999999999998        2.7755575615628914E-017   8.5694481030880010E-002
 -0.49999999999999994        2.7755575615628914E-017  -5.7650637258917364E-002
 -0.39999999999999991        2.7755575615628914E-017 -0.18065512448300583     
 -0.29999999999999993        2.7755575615628914E-017 -0.23322188279572240     
 -0.19999999999999993        2.7755575615628914E-017 -0.19861125399631091     
  -9.9999999999999978E-002   2.7755575615628914E-017  -8.6488790892643094E-002
   2.7755575615628914E-017   2.7755575615628914E-017   5.8620020057875775E-002
  0.10000000000000009        2.7755575615628914E-017  0.18633019431045050     
  0.20000000000000009        2.7755575615628914E-017  0.24067478551636076     
  0.30000000000000016        2.7755575615628914E-017  0.20475789636212624     
  0.40000000000000013        2.7755575615628914E-017   8.8504855899570647E-002
  0.50000000000000011        2.7755575615628914E-017  -5.9783681768150368E-002
  0.60000000000000009        2.7755575615628914E-017 -0.18749962292839570     
  0.70000000000000007        2.7755575615628914E-017 -0.24170072859429201     
  0.80000000000000004        2.7755575615628914E-017 -0.20595416989296961     
  0.90000000000000002        2.7755575615628914E-017  -8.9660805613635375E-002
   1.0000000000000000        2.7755575615628914E-017   5.7575949572192663E-002
  -1.0000000000000000       0.10000000000000009       0.18901019046520690     
 -0.90000000000000002       0.10000000000000009       0.56868581802614360     
 -0.80000000000000004       0.10000000000000009       0.73329448403462216     
 -0.69999999999999996       0.10000000000000009       0.62334742745690885     
 -0.59999999999999998       0.10000000000000009       0.26958815450828416     
 -0.49999999999999994       0.10000000000000009      -0.18322712479102793     
 -0.39999999999999991       0.10000000000000009      -0.57135442830443683     
 -0.29999999999999993       0.10000000000000009      -0.73672351736033281     
 -0.19999999999999993       0.10000000000000009      -0.62670326707436952     
  -9.9999999999999978E-002  0.10000000000000009      -0.27209483602261003     
   2.7755575615628914E-017  0.10000000000000009       0.18633019431044931     
  0.10000000000000009       0.10000000000000009       0.58931103279413377     
  0.20000000000000009       0.10000000000000009       0.76026677803432186     
  0.30000000000000016       0.10000000000000009       0.64609443361536978     
  0.40000000000000013       0.10000000000000009       0.27842186904842642     
  0.50000000000000011       0.10000000000000009      -0.19000800391891559     
  0.60000000000000009       0.10000000000000009      -0.59300726475462717     
  0.70000000000000007       0.10000000000000009      -0.76350846762936730     
  0.80000000000000004       0.10000000000000009      -0.64987415625554501     
  0.90000000000000002       0.10000000000000009      -0.28207349657553082     
   1.0000000000000000       0.10000000000000009       0.18301552517545475     
  -1.0000000000000000       0.20000000000000009       0.24412537195266520     
 -0.90000000000000002       0.20000000000000009       0.73365908011876724     
 -0.80000000000000004       0.20000000000000009       0.94574025775734427     
 -0.69999999999999996       0.20000000000000009       0.80372461761006631     
 -0.59999999999999998       0.20000000000000009       0.34734376753475804     
 -0.49999999999999994       0.20000000000000009      -0.23665990422491182     
 -0.39999999999999991       0.20000000000000009      -0.73709858747965717     
 -0.29999999999999993       0.20000000000000009      -0.95016346458629786     
 -0.19999999999999993       0.20000000000000009      -0.80805294850327436     
  -9.9999999999999978E-002  0.20000000000000009      -0.35057590217398255     
   2.7755575615628914E-017  0.20000000000000009       0.24067478551634974     
  0.10000000000000009       0.20000000000000009       0.76026677803432263     
  0.20000000000000009       0.20000000000000009       0.98052766457966078     
  0.30000000000000016       0.20000000000000009       0.83305406470702259     
  0.40000000000000013       0.20000000000000009       0.35872297456490176     
  0.50000000000000011       0.20000000000000009      -0.24541871445060295     
  0.60000000000000009       0.20000000000000009      -0.76503453105429720     
  0.70000000000000007       0.20000000000000009      -0.98470878464046541     
  0.80000000000000004       0.20000000000000009      -0.83792908685804368     
  0.90000000000000002       0.20000000000000009      -0.36343256621032999     
   1.0000000000000000       0.20000000000000009       0.23639462054344870     
  -1.0000000000000000       0.30000000000000016       0.20768496536931488     
 -0.90000000000000002       0.30000000000000016       0.62348312206130940     
 -0.80000000000000004       0.30000000000000016       0.80349812031117707     
 -0.69999999999999996       0.30000000000000016       0.68267473681582946     
 -0.59999999999999998       0.30000000000000016       0.29483196825232982     
 -0.49999999999999994       0.30000000000000016      -0.20133691414662944     
 -0.39999999999999991       0.30000000000000016      -0.62640357940508851     
 -0.29999999999999993       0.30000000000000016      -0.80725663401379455     
 -0.19999999999999993       0.30000000000000016      -0.68635227365156171     
  -9.9999999999999978E-002  0.30000000000000016      -0.29757738367099335     
   2.7755575615628914E-017  0.30000000000000016       0.20475789636212788     
  0.10000000000000009       0.30000000000000016       0.64609443361537156     
  0.20000000000000009       0.30000000000000016       0.83305406470702170     
  0.30000000000000016       0.30000000000000016       0.70758697531731729     
  0.40000000000000013       0.30000000000000016       0.30448901929277411     
  0.50000000000000011       0.30000000000000016      -0.20878879498089717     
  0.60000000000000009       0.30000000000000016      -0.65014562328174796     
  0.70000000000000007       0.30000000000000016      -0.83660653949783503     
  0.80000000000000004       0.30000000000000016      -0.71172898202469492     
  0.90000000000000002       0.30000000000000016      -0.30849030238861791     
   1.0000000000000000       0.30000000000000016       0.20111744929494127     
  -1.0000000000000000       0.40000000000000013        8.9759896834737674E-002
 -0.90000000000000002       0.40000000000000013       0.26867867523070310     
 -0.80000000000000004       0.40000000000000013       0.34599507072911662     
 -0.69999999999999996       0.40000000000000013       0.29376862589280794     
 -0.59999999999999998       0.40000000000000013       0.12663710689563162     
 -0.49999999999999994       0.40000000000000013       -8.7019933549519896E-002
 -0.39999999999999991       0.40000000000000013      -0.26993419347100139     
 -0.29999999999999993       0.40000000000000013      -0.34761420464992299     
 -0.19999999999999993       0.40000000000000013      -0.29535245050487324     
  -9.9999999999999978E-002  0.40000000000000013      -0.12781860472119694     
   2.7755575615628914E-017  0.40000000000000013        8.8504855899572563E-002
  0.10000000000000009       0.40000000000000013       0.27842186904842620     
  0.20000000000000009       0.40000000000000013       0.35872297456490360     
  0.30000000000000016       0.40000000000000013       0.30448901929277522     
  0.40000000000000013       0.40000000000000013       0.13078285197966885     
  0.50000000000000011       0.40000000000000013       -9.0241163532678345E-002
  0.60000000000000009       0.40000000000000013      -0.28016697373764415     
  0.70000000000000007       0.40000000000000013      -0.36025295538333318     
  0.80000000000000004       0.40000000000000013      -0.30627285278476352     
  0.90000000000000002       0.40000000000000013      -0.13250588142182024     
   1.0000000000000000       0.40000000000000013        8.6932454850270943E-002
  -1.0000000000000000       0.50000000000000011       -6.0654693811558191E-002
 -0.90000000000000002       0.50000000000000011      -0.18335716079614470     
 -0.80000000000000004       0.50000000000000011      -0.23671272919515726     
 -0.69999999999999996       0.50000000000000011      -0.20143814727953754     
 -0.59999999999999998       0.50000000000000011       -8.7375705737493675E-002
 -0.49999999999999994       0.50000000000000011        5.8794901483638931E-002
 -0.39999999999999991       0.50000000000000011       0.18422086257823853     
 -0.29999999999999993       0.50000000000000011       0.23781890575758549     
 -0.19999999999999993       0.50000000000000011       0.20252117723502178     
  -9.9999999999999978E-002  0.50000000000000011        8.8185654712223047E-002
   2.7755575615628914E-017  0.50000000000000011       -5.9783681768149771E-002
  0.10000000000000009       0.50000000000000011      -0.19000800391891479     
  0.20000000000000009       0.50000000000000011      -0.24541871445060354     
  0.30000000000000016       0.50000000000000011      -0.20878879498089528     
  0.40000000000000013       0.50000000000000011       -9.0241163532677929E-002
  0.50000000000000011       0.50000000000000011        6.0970294385837308E-002
  0.60000000000000009       0.50000000000000011       0.19120049830140970     
  0.70000000000000007       0.50000000000000011       0.24646488578573095     
  0.80000000000000004       0.50000000000000011       0.21000865405097249     
  0.90000000000000002       0.50000000000000011        9.1419898819001311E-002
   1.0000000000000000       0.50000000000000011       -5.8718914333861651E-002
  -1.0000000000000000       0.60000000000000009      -0.19019641094516029     
 -0.90000000000000002       0.60000000000000009      -0.57225268805261964     
 -0.80000000000000004       0.60000000000000009      -0.73789308740973680     
 -0.69999999999999996       0.60000000000000009      -0.62725598673339378     
 -0.59999999999999998       0.60000000000000009      -0.27127789668938845     
 -0.49999999999999994       0.60000000000000009       0.18437706101214613     
 -0.39999999999999991       0.60000000000000009       0.57493802789811754     
 -0.29999999999999993       0.60000000000000009       0.74134362663695741     
 -0.19999999999999993       0.60000000000000009       0.63063287202256657     
  -9.9999999999999978E-002  0.60000000000000009       0.27380029603038203     
   2.7755575615628914E-017  0.60000000000000009      -0.18749962292838657     
  0.10000000000000009       0.60000000000000009      -0.59300726475462651     
  0.20000000000000009       0.60000000000000009      -0.76503453105428909     
  0.30000000000000016       0.60000000000000009      -0.65014562328174641     
  0.40000000000000013       0.60000000000000009      -0.28016697373763944     
  0.50000000000000011       0.60000000000000009       0.19120049830140920     
  0.60000000000000009       0.60000000000000009       0.59672667809756430     
  0.70000000000000007       0.60000000000000009       0.76829655045969791     
  0.80000000000000004       0.60000000000000009       0.65394904982408597     
  0.90000000000000002       0.60000000000000009       0.28384150127366170     
   1.0000000000000000       0.60000000000000009      -0.18416415382900433     
  -1.0000000000000000       0.70000000000000007      -0.24516603418167202     
 -0.90000000000000002       0.70000000000000007      -0.73678731686004784     
 -0.80000000000000004       0.70000000000000007      -0.94977303975337668     
 -0.69999999999999996       0.70000000000000007      -0.80715202008823250     
 -0.59999999999999998       0.70000000000000007      -0.34882521307369929     
 -0.49999999999999994       0.70000000000000007       0.23766873892275861     
 -0.39999999999999991       0.70000000000000007       0.74024149285547503     
 -0.29999999999999993       0.70000000000000007       0.95421510713622815     
 -0.19999999999999993       0.70000000000000007       0.81149880740775571     
  -9.9999999999999978E-002  0.70000000000000007       0.35207113073620400     
   2.7755575615628914E-017  0.70000000000000007      -0.24170072859429462     
  0.10000000000000009       0.70000000000000007      -0.76350846762936575     
  0.20000000000000009       0.70000000000000007      -0.98470878464046641     
  0.30000000000000016       0.70000000000000007      -0.83660653949783192     
  0.40000000000000013       0.70000000000000007      -0.36025295538333119     
  0.50000000000000011       0.70000000000000007       0.24646488578573289     
  0.60000000000000009       0.70000000000000007       0.76829655045970413     
  0.70000000000000007       0.70000000000000007       0.98890773339883398     
  0.80000000000000004       0.70000000000000007       0.84150234925171075     
  0.90000000000000002       0.70000000000000007       0.36498262942072934     
   1.0000000000000000       0.70000000000000007      -0.23740231706608664     
  -1.0000000000000000       0.80000000000000004      -0.20889839988020037     
 -0.90000000000000002       0.80000000000000004      -0.62713056187262561     
 -0.80000000000000004       0.80000000000000004      -0.80820018592997944     
 -0.69999999999999996       0.80000000000000004      -0.68667091548388748     
 -0.59999999999999998       0.80000000000000004      -0.29655921395625684     
 -0.49999999999999994       0.80000000000000004       0.20251323777111158     
 -0.39999999999999991       0.80000000000000004       0.63006812187342465     
 -0.29999999999999993       0.80000000000000004       0.81198069045111620     
 -0.19999999999999993       0.80000000000000004       0.69036997185318782     
  -9.9999999999999978E-002  0.80000000000000004       0.29932069970037423     
   2.7755575615628914E-017  0.80000000000000004      -0.20595416989297000     
  0.10000000000000009       0.80000000000000004      -0.64987415625554656     
  0.20000000000000009       0.80000000000000004      -0.83792908685804335     
  0.30000000000000016       0.80000000000000004      -0.71172898202469781     
  0.40000000000000013       0.80000000000000004      -0.30627285278475408     
  0.50000000000000011       0.80000000000000004       0.21000865405097341     
  0.60000000000000009       0.80000000000000004       0.65394904982409563     
  0.70000000000000007       0.80000000000000004       0.84150234925171197     
  0.80000000000000004       0.80000000000000004       0.71589522631642388     
  0.90000000000000002       0.80000000000000004       0.31029755116452751     
   1.0000000000000000       0.80000000000000004      -0.20229244718885886     
  -1.0000000000000000       0.90000000000000002       -9.0932420760889823E-002
 -0.90000000000000002       0.90000000000000002      -0.27220250358230363     
 -0.80000000000000004       0.90000000000000002      -0.35053757439405236     
 -0.69999999999999996       0.90000000000000002      -0.29762903528982382     
 -0.59999999999999998       0.90000000000000002      -0.12830547911920778     
 -0.49999999999999994       0.90000000000000002        8.8156600710509792E-002
 -0.39999999999999991       0.90000000000000002       0.27347454243491098     
 -0.29999999999999993       0.90000000000000002       0.35217795341997610     
 -0.19999999999999993       0.90000000000000002       0.29923364936094143     
  -9.9999999999999978E-002  0.90000000000000002       0.12950250136047525     
   2.7755575615628914E-017  0.90000000000000002       -8.9660805613635222E-002
  0.10000000000000009       0.90000000000000002      -0.28207349657553060     
  0.20000000000000009       0.90000000000000002      -0.36343256621032427     
  0.30000000000000016       0.90000000000000002      -0.30849030238861719     
  0.40000000000000013       0.90000000000000002      -0.13250588142181932     
  0.50000000000000011       0.90000000000000002        9.1419898819001574E-002
  0.60000000000000009       0.90000000000000002       0.28384150127365787     
  0.70000000000000007       0.90000000000000002       0.36498262942072995     
  0.80000000000000004       0.90000000000000002       0.31029755116452462     
  0.90000000000000002       0.90000000000000002       0.13425153159290529     
   1.0000000000000000       0.90000000000000002       -8.8067846981908129E-002
  -1.0000000000000000        1.0000000000000000        5.8415087272858761E-002
 -0.90000000000000002        1.0000000000000000       0.17660941925756518     
 -0.80000000000000004        1.0000000000000000       0.22800877775356701     
 -0.69999999999999996        1.0000000000000000       0.19403688437058919     
 -0.59999999999999998        1.0000000000000000        8.4171999991550020E-002
 -0.49999999999999994        1.0000000000000000       -5.6623862080305766E-002
 -0.39999999999999991        1.0000000000000000      -0.17744142120220058     
 -0.29999999999999993        1.0000000000000000      -0.22907426083464716     
 -0.19999999999999993        1.0000000000000000      -0.19508008444021466     
  -9.9999999999999978E-002   1.0000000000000000       -8.4952187168202992E-002
   2.7755575615628914E-017   1.0000000000000000        5.7575949572199268E-002
  0.10000000000000009        1.0000000000000000       0.18301552517545322     
  0.20000000000000009        1.0000000000000000       0.23639462054345964     
  0.30000000000000016        1.0000000000000000       0.20111744929494013     
  0.40000000000000013        1.0000000000000000        8.6932454850266919E-002
  0.50000000000000011        1.0000000000000000       -5.8718914333860214E-002
  0.60000000000000009        1.0000000000000000      -0.18416415382901949     
  0.70000000000000007        1.0000000000000000      -0.23740231706608506     
  0.80000000000000004        1.0000000000000000      -0.20229244718885445     
  0.90000000000000002        1.0000000000000000       -8.8067846981910433E-002
   1.0000000000000000        1.0000000000000000        5.6550469525859924E-002
