  -1.0000000000000000       -1.0000000000000000       0.90274764544294572     
 -0.90000000000000002       -1.0000000000000000       0.59218122125004879     
 -0.80000000000000004       -1.0000000000000000        6.7039428362506967E-002
 -0.69999999999999996       -1.0000000000000000      -0.48020207848304830     
 -0.59999999999999998       -1.0000000000000000      -0.84227513318753755     
 -0.49999999999999994       -1.0000000000000000      -0.88814128623724831     
 -0.39999999999999991       -1.0000000000000000      -0.58868583354419279     
 -0.29999999999999993       -1.0000000000000000       -6.8281265067706501E-002
 -0.19999999999999993       -1.0000000000000000       0.49998202925635526     
  -9.9999999999999978E-002  -1.0000000000000000       0.87651570750649244     
   2.7755575615628914E-017  -1.0000000000000000       0.92236211420706449     
  0.10000000000000009       -1.0000000000000000       0.61299996749823582     
  0.20000000000000009       -1.0000000000000000        7.2514863892761558E-002
  0.30000000000000016       -1.0000000000000000      -0.49796824452788446     
  0.40000000000000013       -1.0000000000000000      -0.87616721902314387     
  0.50000000000000011       -1.0000000000000000      -0.92099778260638343     
  0.60000000000000009       -1.0000000000000000      -0.61319688120384963     
  0.70000000000000007       -1.0000000000000000       -7.1445095056587915E-002
  0.80000000000000004       -1.0000000000000000       0.49734495365718412     
  0.90000000000000002       -1.0000000000000000       0.87577213394322229     
   1.0000000000000000       -1.0000000000000000       0.90625214189340442     
  -1.0000000000000000      -0.90000000000000002       0.59218122125004458     
 -0.90000000000000002      -0.90000000000000002       0.38833047114015823     
 -0.80000000000000004      -0.90000000000000002        4.3772417747892485E-002
 -0.69999999999999996      -0.90000000000000002      -0.31520667771682365     
 -0.59999999999999998      -0.90000000000000002      -0.55263875041943844     
 -0.49999999999999994      -0.90000000000000002      -0.58259998836963445     
 -0.39999999999999991      -0.90000000000000002      -0.38603552240703959     
 -0.29999999999999993      -0.90000000000000002       -4.4583579409497698E-002
 -0.19999999999999993      -0.90000000000000002       0.32819057564467319     
  -9.9999999999999978E-002 -0.90000000000000002       0.57510548818858220     
   2.7755575615628914E-017 -0.90000000000000002       0.60504918739599434     
  0.10000000000000009      -0.90000000000000002       0.40198248130703323     
  0.20000000000000009      -0.90000000000000002        4.7356674230140790E-002
  0.30000000000000016      -0.90000000000000002      -0.32686809953064261     
  0.40000000000000013      -0.90000000000000002      -0.57487560303050056     
  0.50000000000000011      -0.90000000000000002      -0.60415329849189392     
  0.60000000000000009      -0.90000000000000002      -0.40211072885991450     
  0.70000000000000007      -0.90000000000000002       -4.6653955749684652E-002
  0.80000000000000004      -0.90000000000000002       0.32645995559837659     
  0.90000000000000002      -0.90000000000000002       0.57461763059557336     
   1.0000000000000000      -0.90000000000000002       0.59448191742502488     
  -1.0000000000000000      -0.80000000000000004        6.7039428362501499E-002
 -0.90000000000000002      -0.80000000000000004        4.3772417747895469E-002
 -0.80000000000000004      -0.80000000000000004        4.6498391287748105E-003
 -0.69999999999999996      -0.80000000000000004       -3.5991637418222470E-002
 -0.59999999999999998      -0.80000000000000004       -6.2751862379452059E-002
 -0.49999999999999994      -0.80000000000000004       -6.5955052278923246E-002
 -0.39999999999999991      -0.80000000000000004       -4.3509529901051620E-002
 -0.29999999999999993      -0.80000000000000004       -4.7364925193664458E-003
 -0.19999999999999993      -0.80000000000000004        3.7474575184828225E-002
  -9.9999999999999978E-002 -0.80000000000000004        6.5303850321311085E-002
   2.7755575615628914E-017 -0.80000000000000004        6.8498182417591036E-002
  0.10000000000000009      -0.80000000000000004        4.5311039012856172E-002
  0.20000000000000009      -0.80000000000000004        5.0443636649983225E-003
  0.30000000000000016      -0.80000000000000004       -3.7322641739584966E-002
  0.40000000000000013      -0.80000000000000004       -6.5275899963734951E-002
  0.50000000000000011      -0.80000000000000004       -6.8395383022495856E-002
  0.60000000000000009      -0.80000000000000004       -4.5324174072583732E-002
  0.70000000000000007      -0.80000000000000004       -4.9633489593461757E-003
  0.80000000000000004      -0.80000000000000004        3.7277516067638919E-002
  0.90000000000000002      -0.80000000000000004        6.5248485011295487E-002
   1.0000000000000000      -0.80000000000000004        6.7302625668447441E-002
  -1.0000000000000000      -0.69999999999999996      -0.48020207848304569     
 -0.90000000000000002      -0.69999999999999996      -0.31520667771682359     
 -0.80000000000000004      -0.69999999999999996       -3.5991637418228278E-002
 -0.69999999999999996      -0.69999999999999996       0.25510217377572819     
 -0.59999999999999998      -0.69999999999999996       0.44782994914000140     
 -0.49999999999999994      -0.69999999999999996       0.47243214382692050     
 -0.39999999999999991      -0.69999999999999996       0.31335070250375557     
 -0.29999999999999993      -0.69999999999999996        3.6657821861229470E-002
 -0.19999999999999993      -0.69999999999999996      -0.26560964594424347     
  -9.9999999999999978E-002 -0.69999999999999996      -0.46603437157537386     
   2.7755575615628914E-017 -0.69999999999999996      -0.49063350969906355     
  0.10000000000000009      -0.69999999999999996      -0.32628834145668861     
  0.20000000000000009      -0.69999999999999996       -3.8916388187127324E-002
  0.30000000000000016      -0.69999999999999996       0.26454085028349239     
  0.40000000000000013      -0.69999999999999996       0.46585108546215231     
  0.50000000000000011      -0.69999999999999996       0.48990926870147566     
  0.60000000000000009      -0.69999999999999996       0.32639458584105824     
  0.70000000000000007      -0.69999999999999996        3.8348925772711422E-002
  0.80000000000000004      -0.69999999999999996      -0.26420813108875418     
  0.90000000000000002      -0.69999999999999996      -0.46563898708993162     
   1.0000000000000000      -0.69999999999999996      -0.48206326869975757     
  -1.0000000000000000      -0.59999999999999998      -0.84227513318752423     
 -0.90000000000000002      -0.59999999999999998      -0.55263875041943289     
 -0.80000000000000004      -0.59999999999999998       -6.2751862379443676E-002
 -0.69999999999999996      -0.59999999999999998       0.44782994914000646     
 -0.59999999999999998      -0.59999999999999998       0.78572783358207798     
 -0.49999999999999994      -0.59999999999999998       0.82864701813487185     
 -0.39999999999999991      -0.59999999999999998       0.54937955885334866     
 -0.29999999999999993      -0.59999999999999998        6.3913954765896688E-002
 -0.19999999999999993      -0.59999999999999998      -0.46627620942843551     
  -9.9999999999999978E-002 -0.59999999999999998      -0.81766902058830626     
   2.7755575615628914E-017 -0.59999999999999998      -0.86057435245627723     
  0.10000000000000009      -0.59999999999999998      -0.57206749063604845     
  0.20000000000000009      -0.59999999999999998       -6.7867990346352436E-002
  0.30000000000000016      -0.59999999999999998       0.46439879839452036     
  0.40000000000000013      -0.59999999999999998       0.81734515710232081     
  0.50000000000000011      -0.59999999999999998       0.85930233005620260     
  0.60000000000000009      -0.59999999999999998       0.57225213385370977     
  0.70000000000000007      -0.59999999999999998        6.6870854448051464E-002
  0.80000000000000004      -0.59999999999999998      -0.46381654214769180     
  0.90000000000000002      -0.59999999999999998      -0.81697534744339506     
   1.0000000000000000      -0.59999999999999998      -0.84554305025429444     
  -1.0000000000000000      -0.49999999999999994      -0.88814128623724820     
 -0.90000000000000002      -0.49999999999999994      -0.58259998836963789     
 -0.80000000000000004      -0.49999999999999994       -6.5955052278923745E-002
 -0.69999999999999996      -0.49999999999999994       0.47243214382691889     
 -0.59999999999999998      -0.49999999999999994       0.82864701813486619     
 -0.49999999999999994      -0.49999999999999994       0.87377125604646377     
 -0.39999999999999991      -0.49999999999999994       0.57916115882765962     
 -0.29999999999999993      -0.49999999999999994        6.7176801491852747E-002
 -0.19999999999999993      -0.49999999999999994      -0.49189204368115891     
  -9.9999999999999978E-002 -0.49999999999999994      -0.86233357481838180     
   2.7755575615628914E-017 -0.49999999999999994      -0.90743839296447537     
  0.10000000000000009      -0.49999999999999994      -0.60308189665085032     
  0.20000000000000009      -0.49999999999999994       -7.1341907440703609E-002
  0.30000000000000016      -0.49999999999999994       0.48991084405837287     
  0.40000000000000013      -0.49999999999999994       0.86199072680727873     
  0.50000000000000011      -0.49999999999999994       0.90609613750981755     
  0.60000000000000009      -0.49999999999999994       0.60327562572489146     
  0.70000000000000007      -0.49999999999999994        7.0289448851205985E-002
  0.80000000000000004      -0.49999999999999994      -0.48929763686792072     
  0.90000000000000002      -0.49999999999999994      -0.86160203233282395     
   1.0000000000000000      -0.49999999999999994      -0.89158907748750049     
  -1.0000000000000000      -0.39999999999999991      -0.58868583354418380     
 -0.90000000000000002      -0.39999999999999991      -0.38603552240703565     
 -0.80000000000000004      -0.39999999999999991       -4.3509529901051565E-002
 -0.69999999999999996      -0.39999999999999991       0.31335070250375285     
 -0.59999999999999998      -0.39999999999999991       0.54937955885334266     
 -0.49999999999999994      -0.39999999999999991       0.57916115882766006     
 -0.39999999999999991      -0.39999999999999991       0.38375407417896790     
 -0.29999999999999993      -0.39999999999999991        4.4315827110558099E-002
 -0.19999999999999993      -0.39999999999999991      -0.32625815530379576     
  -9.9999999999999978E-002 -0.39999999999999991      -0.57171381218088768     
   2.7755575615628914E-017 -0.39999999999999991      -0.60147787529606134     
  0.10000000000000009      -0.39999999999999991      -0.39960684880994607     
  0.20000000000000009      -0.39999999999999991       -4.7072463839111969E-002
  0.30000000000000016      -0.39999999999999991       0.32494345237246647     
  0.40000000000000013      -0.39999999999999991       0.57148525547137596     
  0.50000000000000011      -0.39999999999999991       0.60058725406487712     
  0.60000000000000009      -0.39999999999999991       0.39973431892398076     
  0.70000000000000007      -0.39999999999999991        4.6373871586831462E-002
  0.80000000000000004      -0.39999999999999991      -0.32453773348663606     
  0.90000000000000002      -0.39999999999999991      -0.57122883218765208     
   1.0000000000000000      -0.39999999999999991      -0.59097299025049654     
  -1.0000000000000000      -0.29999999999999993       -6.8281265067706168E-002
 -0.90000000000000002      -0.29999999999999993       -4.4583579409499113E-002
 -0.80000000000000004      -0.29999999999999993       -4.7364925193672395E-003
 -0.69999999999999996      -0.29999999999999993        3.6657821861230261E-002
 -0.59999999999999998      -0.29999999999999993        6.3913954765897674E-002
 -0.49999999999999994      -0.29999999999999993        6.7176801491853913E-002
 -0.39999999999999991      -0.29999999999999993        4.4315827110560882E-002
 -0.29999999999999993      -0.29999999999999993        4.8247601735116798E-003
 -0.19999999999999993      -0.29999999999999993       -3.8168207349414826E-002
  -9.9999999999999978E-002 -0.29999999999999993       -6.6513201145926903E-002
   2.7755575615628914E-017 -0.29999999999999993       -6.9767037586127026E-002
  0.10000000000000009      -0.29999999999999993       -4.6150713787271480E-002
  0.20000000000000009      -0.29999999999999993       -5.1383442624357081E-003
  0.30000000000000016      -0.29999999999999993        3.8013463257306701E-002
  0.40000000000000013      -0.29999999999999993        6.6484736437070396E-002
  0.50000000000000011      -0.29999999999999993        6.9662336361587293E-002
  0.60000000000000009      -0.29999999999999993        4.6164094617496008E-002
  0.70000000000000007      -0.29999999999999993        5.0558313482590728E-003
  0.80000000000000004      -0.29999999999999993       -3.7967499743487981E-002
  0.90000000000000002      -0.29999999999999993       -6.6456810498888019E-002
   1.0000000000000000      -0.29999999999999993       -6.8549333205016980E-002
  -1.0000000000000000      -0.19999999999999993       0.49998202925634011     
 -0.90000000000000002      -0.19999999999999993       0.32819057564466675     
 -0.80000000000000004      -0.19999999999999993        3.7474575184803342E-002
 -0.69999999999999996      -0.19999999999999993      -0.26560964594425007     
 -0.59999999999999998      -0.19999999999999993      -0.46627620942845216     
 -0.49999999999999994      -0.19999999999999993      -0.49189204368116146     
 -0.39999999999999991      -0.19999999999999993      -0.32625815530379165     
 -0.29999999999999993      -0.19999999999999993       -3.8168207349415118E-002
 -0.19999999999999993      -0.19999999999999993       0.27654991270804130     
  -9.9999999999999978E-002 -0.19999999999999993       0.48523047670628150     
   2.7755575615628914E-017 -0.19999999999999993       0.51084313770679979     
  0.10000000000000009      -0.19999999999999993       0.33972871222339807     
  0.20000000000000009      -0.19999999999999993        4.0519814118946854E-002
  0.30000000000000016      -0.19999999999999993      -0.27543709538098837     
  0.40000000000000013      -0.19999999999999993      -0.48503964347854128     
  0.50000000000000011      -0.19999999999999993      -0.51008906643990770     
  0.60000000000000009      -0.19999999999999993      -0.33983933478096745     
  0.70000000000000007      -0.19999999999999993       -3.9928979388200649E-002
  0.80000000000000004      -0.19999999999999993       0.27509066972282714     
  0.90000000000000002      -0.19999999999999993       0.48481880616742945     
   1.0000000000000000      -0.19999999999999993       0.50191987987892306     
  -1.0000000000000000       -9.9999999999999978E-002  0.87651570750648355     
 -0.90000000000000002       -9.9999999999999978E-002  0.57510548818858198     
 -0.80000000000000004       -9.9999999999999978E-002   6.5303850321312473E-002
 -0.69999999999999996       -9.9999999999999978E-002 -0.46603437157537286     
 -0.59999999999999998       -9.9999999999999978E-002 -0.81766902058830671     
 -0.49999999999999994       -9.9999999999999978E-002 -0.86233357481838069     
 -0.39999999999999991       -9.9999999999999978E-002 -0.57171381218089201     
 -0.29999999999999993       -9.9999999999999978E-002  -6.6513201145925890E-002
 -0.19999999999999993       -9.9999999999999978E-002  0.48523047670628239     
  -9.9999999999999978E-002  -9.9999999999999978E-002  0.85090866891281136     
   2.7755575615628914E-017  -9.9999999999999978E-002  0.89555882908271567     
  0.10000000000000009       -9.9999999999999978E-002  0.59532407676337484     
  0.20000000000000009       -9.9999999999999978E-002   7.0627997213087726E-002
  0.30000000000000016       -9.9999999999999978E-002 -0.48327675128985276     
  0.40000000000000013       -9.9999999999999978E-002 -0.85057164571474320     
  0.50000000000000011       -9.9999999999999978E-002 -0.89423510020818653     
  0.60000000000000009       -9.9999999999999978E-002 -0.59551623060313730     
  0.70000000000000007       -9.9999999999999978E-002  -6.9590329907221471E-002
  0.80000000000000004       -9.9999999999999978E-002  0.48267082142977408     
  0.90000000000000002       -9.9999999999999978E-002  0.85018679666973884     
   1.0000000000000000       -9.9999999999999978E-002  0.87991646482859809     
  -1.0000000000000000        2.7755575615628914E-017  0.92236211420703740     
 -0.90000000000000002        2.7755575615628914E-017  0.60504918739598967     
 -0.80000000000000004        2.7755575615628914E-017   6.8498182417580794E-002
 -0.69999999999999996        2.7755575615628914E-017 -0.49063350969906760     
 -0.59999999999999998        2.7755575615628914E-017 -0.86057435245627534     
 -0.49999999999999994        2.7755575615628914E-017 -0.90743839296448170     
 -0.39999999999999991        2.7755575615628914E-017 -0.60147787529606322     
 -0.29999999999999993        2.7755575615628914E-017  -6.9767037586123681E-002
 -0.19999999999999993        2.7755575615628914E-017  0.51084313770679790     
  -9.9999999999999978E-002   2.7755575615628914E-017  0.89555882908271622     
   2.7755575615628914E-017   2.7755575615628914E-017  0.94240274265781854     
  0.10000000000000009        2.7755575615628914E-017  0.62632032196148524     
  0.20000000000000009        2.7755575615628914E-017   7.4092664831265170E-002
  0.30000000000000016        2.7755575615628914E-017 -0.50878561407027378     
  0.40000000000000013        2.7755575615628914E-017 -0.89520278235771755     
  0.50000000000000011        2.7755575615628914E-017 -0.94100877721066400     
  0.60000000000000009        2.7755575615628914E-017 -0.62652152384625881     
  0.70000000000000007        2.7755575615628914E-017  -7.2999662868404605E-002
  0.80000000000000004        2.7755575615628914E-017  0.50814877304423400     
  0.90000000000000002        2.7755575615628914E-017  0.89479910046524813     
   1.0000000000000000        2.7755575615628914E-017  0.92594273535419136     
  -1.0000000000000000       0.10000000000000009       0.61299996749823360     
 -0.90000000000000002       0.10000000000000009       0.40198248130703540     
 -0.80000000000000004       0.10000000000000009        4.5311039012856019E-002
 -0.69999999999999996       0.10000000000000009      -0.32628834145668845     
 -0.59999999999999998       0.10000000000000009      -0.57206749063604656     
 -0.49999999999999994       0.10000000000000009      -0.60308189665084877     
 -0.39999999999999991       0.10000000000000009      -0.39960684880994762     
 -0.29999999999999993       0.10000000000000009       -4.6150713787270876E-002
 -0.19999999999999993       0.10000000000000009       0.33972871222339918     
  -9.9999999999999978E-002  0.10000000000000009       0.59532407676337629     
   2.7755575615628914E-017  0.10000000000000009       0.62632032196148424     
  0.10000000000000009       0.10000000000000009       0.41611443658613484     
  0.20000000000000009       0.10000000000000009        4.9021294793265412E-002
  0.30000000000000016       0.10000000000000009      -0.33835974131786350     
  0.40000000000000013       0.10000000000000009      -0.59508610822204766     
  0.50000000000000011       0.10000000000000009      -0.62539293605566559     
  0.60000000000000009       0.10000000000000009      -0.41624719171493535     
  0.70000000000000007       0.10000000000000009       -4.8293870349686685E-002
  0.80000000000000004       0.10000000000000009       0.33793724951913900     
  0.90000000000000002       0.10000000000000009       0.59481906792165884     
   1.0000000000000000       0.10000000000000009       0.61538154922432742     
  -1.0000000000000000       0.20000000000000009        7.2514863892751039E-002
 -0.90000000000000002       0.20000000000000009        4.7356674230145189E-002
 -0.80000000000000004       0.20000000000000009        5.0443636650144251E-003
 -0.69999999999999996       0.20000000000000009       -3.8916388187124056E-002
 -0.59999999999999998       0.20000000000000009       -6.7867990346341639E-002
 -0.49999999999999994       0.20000000000000009       -7.1341907440704802E-002
 -0.39999999999999991       0.20000000000000009       -4.7072463839114655E-002
 -0.29999999999999993       0.20000000000000009       -5.1383442624351608E-003
 -0.19999999999999993       0.20000000000000009        4.0519814118952557E-002
  -9.9999999999999978E-002  0.20000000000000009        7.0627997213088281E-002
   2.7755575615628914E-017  0.20000000000000009        7.4092664831266961E-002
  0.10000000000000009       0.20000000000000009        4.9021294793264329E-002
  0.20000000000000009       0.20000000000000009        5.4716536008506530E-003
  0.30000000000000016       0.20000000000000009       -4.0355578660904404E-002
  0.40000000000000013       0.20000000000000009       -7.0597856937559308E-002
  0.50000000000000011       0.20000000000000009       -7.3981535808602908E-002
  0.60000000000000009       0.20000000000000009       -4.9035569418377195E-002
  0.70000000000000007       0.20000000000000009       -5.3840925853434135E-003
  0.80000000000000004       0.20000000000000009        4.0306715279091077E-002
  0.90000000000000002       0.20000000000000009        7.0568116515436291E-002
   1.0000000000000000       0.20000000000000009        7.2799425470060353E-002
  -1.0000000000000000       0.30000000000000016      -0.49796824452788258     
 -0.90000000000000002       0.30000000000000016      -0.32686809953064128     
 -0.80000000000000004       0.30000000000000016       -3.7322641739584141E-002
 -0.69999999999999996       0.30000000000000016       0.26454085028349134     
 -0.59999999999999998       0.30000000000000016       0.46439879839452047     
 -0.49999999999999994       0.30000000000000016       0.48991084405837165     
 -0.39999999999999991       0.30000000000000016       0.32494345237246947     
 -0.29999999999999993       0.30000000000000016        3.8013463257305660E-002
 -0.19999999999999993       0.30000000000000016      -0.27543709538098649     
  -9.9999999999999978E-002  0.30000000000000016      -0.48327675128985204     
   2.7755575615628914E-017  0.30000000000000016      -0.50878561407027256     
  0.10000000000000009       0.30000000000000016      -0.33835974131786234     
  0.20000000000000009       0.30000000000000016       -4.0355578660903849E-002
  0.30000000000000016       0.30000000000000016       0.27432875292654069     
  0.40000000000000013       0.30000000000000016       0.48308668039814567     
  0.50000000000000011       0.30000000000000016       0.50803457548939812     
  0.60000000000000009       0.30000000000000016       0.33846991380271807     
  0.70000000000000007       0.30000000000000016        3.9767118875361704E-002
  0.80000000000000004       0.30000000000000016      -0.27398372609628791     
  0.90000000000000002       0.30000000000000016      -0.48286673839765865     
   1.0000000000000000       0.30000000000000016      -0.49989829898084454     
  -1.0000000000000000       0.40000000000000013      -0.87616721902310046     
 -0.90000000000000002       0.40000000000000013      -0.57487560303049434     
 -0.80000000000000004       0.40000000000000013       -6.5275899963717784E-002
 -0.69999999999999996       0.40000000000000013       0.46585108546215642     
 -0.59999999999999998       0.40000000000000013       0.81734515710233602     
 -0.49999999999999994       0.40000000000000013       0.86199072680728439     
 -0.39999999999999991       0.40000000000000013       0.57148525547138707     
 -0.29999999999999993       0.40000000000000013        6.6484736437068814E-002
 -0.19999999999999993       0.40000000000000013      -0.48503964347853501     
  -9.9999999999999978E-002  0.40000000000000013      -0.85057164571474198     
   2.7755575615628914E-017  0.40000000000000013      -0.89520278235772777     
  0.10000000000000009       0.40000000000000013      -0.59508610822204822     
  0.20000000000000009       0.40000000000000013       -7.0597856937562709E-002
  0.30000000000000016       0.40000000000000013       0.48308668039814517     
  0.40000000000000013       0.40000000000000013       0.85023474404430588     
  0.50000000000000011       0.40000000000000013       0.89387957085063652     
  0.60000000000000009       0.40000000000000013       0.59527817671255756     
  0.70000000000000007       0.40000000000000013        6.9560592695964929E-002
  0.80000000000000004       0.40000000000000013      -0.48248099842215836     
  0.90000000000000002       0.40000000000000013      -0.84985005959864723     
   1.0000000000000000       0.40000000000000013      -0.87956664209618496     
  -1.0000000000000000       0.50000000000000011      -0.92099778260638143     
 -0.90000000000000002       0.50000000000000011      -0.60415329849189614     
 -0.80000000000000004       0.50000000000000011       -6.8395383022497508E-002
 -0.69999999999999996       0.50000000000000011       0.48990926870147422     
 -0.59999999999999998       0.50000000000000011       0.85930233005620371     
 -0.49999999999999994       0.50000000000000011       0.90609613750981444     
 -0.39999999999999991       0.50000000000000011       0.60058725406488134     
 -0.29999999999999993       0.50000000000000011        6.9662336361586821E-002
 -0.19999999999999993       0.50000000000000011      -0.51008906643991192     
  -9.9999999999999978E-002  0.50000000000000011      -0.89423510020818553     
   2.7755575615628914E-017  0.50000000000000011      -0.94100877721066434     
  0.10000000000000009       0.50000000000000011      -0.62539293605566471     
  0.20000000000000009       0.50000000000000011       -7.3981535808601229E-002
  0.30000000000000016       0.50000000000000011       0.50803457548939890     
  0.40000000000000013       0.50000000000000011       0.89387957085064162     
  0.50000000000000011       0.50000000000000011       0.93961686702919089     
  0.60000000000000009       0.50000000000000011       0.62559383365980592     
  0.70000000000000007       0.50000000000000011        7.2890143513344552E-002
  0.80000000000000004       0.50000000000000011      -0.50739868165779667     
  0.90000000000000002       0.50000000000000011      -0.89347649470531121     
   1.0000000000000000       0.50000000000000011      -0.92457312067767983     
  -1.0000000000000000       0.60000000000000009      -0.61319688120382265     
 -0.90000000000000002       0.60000000000000009      -0.40211072885991528     
 -0.80000000000000004       0.60000000000000009       -4.5324174072574740E-002
 -0.69999999999999996       0.60000000000000009       0.32639458584105668     
 -0.59999999999999998       0.60000000000000009       0.57225213385372020     
 -0.49999999999999994       0.60000000000000009       0.60327562572489457     
 -0.39999999999999991       0.60000000000000009       0.39973431892398004     
 -0.29999999999999993       0.60000000000000009        4.6164094617495127E-002
 -0.19999999999999993       0.60000000000000009      -0.33983933478098727     
  -9.9999999999999978E-002  0.60000000000000009      -0.59551623060313652     
   2.7755575615628914E-017  0.60000000000000009      -0.62652152384626125     
  0.10000000000000009       0.60000000000000009      -0.41624719171493546     
  0.20000000000000009       0.60000000000000009       -4.9035569418362228E-002
  0.30000000000000016       0.60000000000000009       0.33846991380271613     
  0.40000000000000013       0.60000000000000009       0.59527817671256544     
  0.50000000000000011       0.60000000000000009       0.62559383365980548     
  0.60000000000000009       0.60000000000000009       0.41637998309393665     
  0.70000000000000007       0.60000000000000009        4.8307904517370610E-002
  0.80000000000000004       0.60000000000000009      -0.33804729126940986     
  0.90000000000000002       0.60000000000000009      -0.59501105891100226     
   1.0000000000000000       0.60000000000000009      -0.61557924071741033     
  -1.0000000000000000       0.70000000000000007       -7.1445095056589011E-002
 -0.90000000000000002       0.70000000000000007       -4.6653955749685790E-002
 -0.80000000000000004       0.70000000000000007       -4.9633489593447870E-003
 -0.69999999999999996       0.70000000000000007        3.8348925772711671E-002
 -0.59999999999999998       0.70000000000000007        6.6870854448051395E-002
 -0.49999999999999994       0.70000000000000007        7.0289448851205472E-002
 -0.39999999999999991       0.70000000000000007        4.6373871586831511E-002
 -0.29999999999999993       0.70000000000000007        5.0558313482595915E-003
 -0.19999999999999993       0.70000000000000007       -3.9928979388204153E-002
  -9.9999999999999978E-002  0.70000000000000007       -6.9590329907222442E-002
   2.7755575615628914E-017  0.70000000000000007       -7.2999662868403398E-002
  0.10000000000000009       0.70000000000000007       -4.8293870349686643E-002
  0.20000000000000009       0.70000000000000007       -5.3840925853407993E-003
  0.30000000000000016       0.70000000000000007        3.9767118875362696E-002
  0.40000000000000013       0.70000000000000007        6.9560592695966067E-002
  0.50000000000000011       0.70000000000000007        7.2890143513344552E-002
  0.60000000000000009       0.70000000000000007        4.8307904517368078E-002
  0.70000000000000007       0.70000000000000007        5.2977917419713746E-003
  0.80000000000000004       0.70000000000000007       -3.9718999649334723E-002
  0.90000000000000002       0.70000000000000007       -6.9531329655603075E-002
   1.0000000000000000       0.70000000000000007       -7.1725517860680793E-002
  -1.0000000000000000       0.80000000000000004       0.49734495365716880     
 -0.90000000000000002       0.80000000000000004       0.32645995559837315     
 -0.80000000000000004       0.80000000000000004        3.7277516067621225E-002
 -0.69999999999999996       0.80000000000000004      -0.26420813108876118     
 -0.59999999999999998       0.80000000000000004      -0.46381654214772527     
 -0.49999999999999994       0.80000000000000004      -0.48929763686792871     
 -0.39999999999999991       0.80000000000000004      -0.32453773348665310     
 -0.29999999999999993       0.80000000000000004       -3.7967499743488627E-002
 -0.19999999999999993       0.80000000000000004       0.27509066972282903     
  -9.9999999999999978E-002  0.80000000000000004       0.48267082142977535     
   2.7755575615628914E-017  0.80000000000000004       0.50814877304425887     
  0.10000000000000009       0.80000000000000004       0.33793724951914439     
  0.20000000000000009       0.80000000000000004        4.0306715279097495E-002
  0.30000000000000016       0.80000000000000004      -0.27398372609628996     
  0.40000000000000013       0.80000000000000004      -0.48248099842217196     
  0.50000000000000011       0.80000000000000004      -0.50739868165779978     
  0.60000000000000009       0.80000000000000004      -0.33804729126941435     
  0.70000000000000007       0.80000000000000004       -3.9718999649333175E-002
  0.80000000000000004       0.80000000000000004       0.27363912554141168     
  0.90000000000000002       0.80000000000000004       0.48226132244014958     
   1.0000000000000000       0.80000000000000004       0.49927257804858438     
  -1.0000000000000000       0.90000000000000002       0.87577213394322118     
 -0.90000000000000002       0.90000000000000002       0.57461763059557269     
 -0.80000000000000004       0.90000000000000002        6.5248485011298013E-002
 -0.69999999999999996       0.90000000000000002      -0.46563898708992962     
 -0.59999999999999998       0.90000000000000002      -0.81697534744339750     
 -0.49999999999999994       0.90000000000000002      -0.86160203233282140     
 -0.39999999999999991       0.90000000000000002      -0.57122883218765930     
 -0.29999999999999993       0.90000000000000002       -6.6456810498886631E-002
 -0.19999999999999993       0.90000000000000002       0.48481880616742407     
  -9.9999999999999978E-002  0.90000000000000002       0.85018679666973607     
   2.7755575615628914E-017  0.90000000000000002       0.89479910046524935     
  0.10000000000000009       0.90000000000000002       0.59481906792165795     
  0.20000000000000009       0.90000000000000002        7.0568116515437915E-002
  0.30000000000000016       0.90000000000000002      -0.48286673839765742     
  0.40000000000000013       0.90000000000000002      -0.84985005959864812     
  0.50000000000000011       0.90000000000000002      -0.89347649470530921     
  0.60000000000000009       0.90000000000000002      -0.59501105891100770     
  0.70000000000000007       0.90000000000000002       -6.9531329655602478E-002
  0.80000000000000004       0.90000000000000002       0.48226132244014297     
  0.90000000000000002       0.90000000000000002       0.84946553682777348     
   1.0000000000000000       0.90000000000000002       0.87917000600333561     
  -1.0000000000000000        1.0000000000000000       0.90625214189334913     
 -0.90000000000000002        1.0000000000000000       0.59448191742501888     
 -0.80000000000000004        1.0000000000000000        6.7302625668432647E-002
 -0.69999999999999996        1.0000000000000000      -0.48206326869975663     
 -0.59999999999999998        1.0000000000000000      -0.84554305025428744     
 -0.49999999999999994        1.0000000000000000      -0.89158907748750460     
 -0.39999999999999991        1.0000000000000000      -0.59097299025049199     
 -0.29999999999999993        1.0000000000000000       -6.8549333205013094E-002
 -0.19999999999999993        1.0000000000000000       0.50191987987891751     
  -9.9999999999999978E-002   1.0000000000000000       0.87991646482859431     
   2.7755575615628914E-017   1.0000000000000000       0.92594273535418059     
  0.10000000000000009        1.0000000000000000       0.61538154922432764     
  0.20000000000000009        1.0000000000000000        7.2799425470053136E-002
  0.30000000000000016        1.0000000000000000      -0.49989829898084182     
  0.40000000000000013        1.0000000000000000      -0.87956664209616542     
  0.50000000000000011        1.0000000000000000      -0.92457312067767372     
  0.60000000000000009        1.0000000000000000      -0.61557924071739067     
  0.70000000000000007        1.0000000000000000       -7.1725517860681473E-002
  0.80000000000000004        1.0000000000000000       0.49927257804855263     
  0.90000000000000002        1.0000000000000000       0.87917000600333139     
   1.0000000000000000        1.0000000000000000       0.90977021647326228     
