  -1.0000000000000000       -1.0000000000000000       0.65838850240119773     
 -0.90000000000000002       -1.0000000000000000       0.26949317117830879     
 -0.80000000000000004       -1.0000000000000000      -0.21328103551571378     
 -0.69999999999999996       -1.0000000000000000      -0.61421442558191197     
 -0.59999999999999998       -1.0000000000000000      -0.77656359237431360     
 -0.49999999999999994       -1.0000000000000000      -0.64865225988607567     
 -0.39999999999999991       -1.0000000000000000      -0.26519672887033868     
 -0.29999999999999993       -1.0000000000000000       0.22070631529312215     
 -0.19999999999999993       -1.0000000000000000       0.64016064136362494     
  -9.9999999999999978E-002  -1.0000000000000000       0.80890196328067465     
   2.7755575615628914E-017  -1.0000000000000000       0.67532098909615401     
  0.10000000000000009       -1.0000000000000000       0.27871913105967022     
  0.20000000000000009       -1.0000000000000000      -0.21863372394728994     
  0.30000000000000016       -1.0000000000000000      -0.63669574930823314     
  0.40000000000000013       -1.0000000000000000      -0.80681919990227047     
  0.50000000000000011       -1.0000000000000000      -0.67236698145276719     
  0.60000000000000009       -1.0000000000000000      -0.27712934881620205     
  0.70000000000000007       -1.0000000000000000       0.22093150442717968     
  0.80000000000000004       -1.0000000000000000       0.63759917412042932     
  0.90000000000000002       -1.0000000000000000       0.80812257848664704     
   1.0000000000000000       -1.0000000000000000       0.66297771218445001     
  -1.0000000000000000      -0.90000000000000002       0.26949317117830662     
 -0.90000000000000002      -0.90000000000000002       0.11015025418567663     
 -0.80000000000000004      -0.90000000000000002       -8.7558642033195341E-002
 -0.69999999999999996      -0.90000000000000002      -0.25167143433935374     
 -0.59999999999999998      -0.90000000000000002      -0.31802511288528224     
 -0.49999999999999994      -0.90000000000000002      -0.26550955877288446     
 -0.39999999999999991      -0.90000000000000002      -0.10839111502087144     
 -0.29999999999999993      -0.90000000000000002        9.0608574459456026E-002
 -0.19999999999999993      -0.90000000000000002       0.26230323886338119     
  -9.9999999999999978E-002 -0.90000000000000002       0.33126896804881034     
   2.7755575615628914E-017 -0.90000000000000002       0.27642762825311490     
  0.10000000000000009      -0.90000000000000002       0.11392089916931344     
  0.20000000000000009      -0.90000000000000002       -8.9758447307197647E-002
  0.30000000000000016      -0.90000000000000002      -0.26088316621175683     
  0.40000000000000013      -0.90000000000000002      -0.33041502619296376     
  0.50000000000000011      -0.90000000000000002      -0.27521615349718065     
  0.60000000000000009      -0.90000000000000002      -0.11326866274375019     
  0.70000000000000007      -0.90000000000000002        9.0700739595895280E-002
  0.80000000000000004      -0.90000000000000002       0.26125456737883435     
  0.90000000000000002      -0.90000000000000002       0.33094985491624573     
   1.0000000000000000      -0.90000000000000002       0.27137440951763109     
  -1.0000000000000000      -0.80000000000000004      -0.21328103551571290     
 -0.90000000000000002      -0.80000000000000004       -8.7558642033192635E-002
 -0.80000000000000004      -0.80000000000000004        6.8673591388376601E-002
 -0.69999999999999996      -0.80000000000000004       0.19855071212342781     
 -0.59999999999999998      -0.80000000000000004       0.25130378227364691     
 -0.49999999999999994      -0.80000000000000004       0.21012436703191056     
 -0.39999999999999991      -0.80000000000000004        8.6167659165442431E-002
 -0.29999999999999993      -0.80000000000000004       -7.1061809474623913E-002
 -0.19999999999999993      -0.80000000000000004      -0.20693732083200472     
  -9.9999999999999978E-002 -0.80000000000000004      -0.26176821690301000     
   2.7755575615628914E-017 -0.80000000000000004      -0.21876036896797732     
  0.10000000000000009      -0.80000000000000004       -9.0556640094287391E-002
  0.20000000000000009      -0.80000000000000004        7.0393269377536011E-002
  0.30000000000000016      -0.80000000000000004       0.20581782720150527     
  0.40000000000000013      -0.80000000000000004       0.26109581688737532     
  0.50000000000000011      -0.80000000000000004       0.21780721266720865     
  0.60000000000000009      -0.80000000000000004        9.0044072446329809E-002
  0.70000000000000007      -0.80000000000000004       -7.1134773982374930E-002
  0.80000000000000004      -0.80000000000000004      -0.20610788160001511     
  0.90000000000000002      -0.80000000000000004      -0.26151589115828588     
   1.0000000000000000      -0.80000000000000004      -0.21476319576404648     
  -1.0000000000000000      -0.69999999999999996      -0.61421442558190820     
 -0.90000000000000002      -0.69999999999999996      -0.25167143433935485     
 -0.80000000000000004      -0.69999999999999996       0.19855071212342140     
 -0.69999999999999996      -0.69999999999999996       0.57258089712642357     
 -0.59999999999999998      -0.69999999999999996       0.72419949844111564     
 -0.49999999999999994      -0.69999999999999996       0.60512873984822013     
 -0.39999999999999991      -0.69999999999999996       0.24766408824676578     
 -0.29999999999999993      -0.69999999999999996      -0.20546052361184300     
 -0.19999999999999993      -0.69999999999999996      -0.59676763085295703     
  -9.9999999999999978E-002 -0.69999999999999996      -0.75435668468953931     
   2.7755575615628914E-017 -0.69999999999999996      -0.63000495502233178     
  0.10000000000000009      -0.69999999999999996      -0.26028775253962083     
  0.20000000000000009      -0.69999999999999996       0.20352987440926509     
  0.30000000000000016      -0.69999999999999996       0.59353817076625559     
  0.40000000000000013      -0.69999999999999996       0.75241597729662724     
  0.50000000000000011      -0.69999999999999996       0.62725294707555468     
  0.60000000000000009      -0.69999999999999996       0.25880708506267464     
  0.70000000000000007      -0.69999999999999996      -0.20567061980446888     
  0.80000000000000004      -0.69999999999999996      -0.59437835839693354     
  0.90000000000000002      -0.69999999999999996      -0.75362974447969711     
   1.0000000000000000      -0.69999999999999996      -0.61849120808277558     
  -1.0000000000000000      -0.59999999999999998      -0.77656359237430439     
 -0.90000000000000002      -0.59999999999999998      -0.31802511288527952     
 -0.80000000000000004      -0.59999999999999998       0.25130378227365691     
 -0.69999999999999996      -0.59999999999999998       0.72419949844112008     
 -0.59999999999999998      -0.59999999999999998       0.91578897670998638     
 -0.49999999999999994      -0.59999999999999998       0.76507811880395515     
 -0.39999999999999991      -0.59999999999999998       0.31295800793109718     
 -0.29999999999999993      -0.59999999999999998      -0.26005117810101680     
 -0.19999999999999993      -0.59999999999999998      -0.75479133689445244     
  -9.9999999999999978E-002 -0.59999999999999998      -0.95392473357783936     
   2.7755575615628914E-017 -0.59999999999999998      -0.79653168444589406     
  0.10000000000000009      -0.59999999999999998      -0.32891283265794147     
  0.20000000000000009      -0.59999999999999998       0.25760835318111974     
  0.30000000000000016      -0.59999999999999998       0.75070635122426710     
  0.40000000000000013      -0.59999999999999998       0.95146956002904615     
  0.50000000000000011      -0.59999999999999998       0.79304980396764357     
  0.60000000000000009      -0.59999999999999998       0.32703920941748804     
  0.70000000000000007      -0.59999999999999998      -0.26031679657140194     
  0.80000000000000004      -0.59999999999999998      -0.75177031503048120     
  0.90000000000000002      -0.59999999999999998      -0.95300554990055686     
   1.0000000000000000      -0.59999999999999998      -0.78197373868825071     
  -1.0000000000000000      -0.49999999999999994      -0.64865225988607622     
 -0.90000000000000002      -0.49999999999999994      -0.26550955877288662     
 -0.80000000000000004      -0.49999999999999994       0.21012436703190890     
 -0.69999999999999996      -0.49999999999999994       0.60512873984822046     
 -0.59999999999999998      -0.49999999999999994       0.76507811880395193     
 -0.49999999999999994      -0.49999999999999994       0.63905997977382623     
 -0.39999999999999991      -0.49999999999999994       0.26127665750429518     
 -0.29999999999999993      -0.49999999999999994      -0.21743973211095524     
 -0.19999999999999993      -0.49999999999999994      -0.63069114482390221     
  -9.9999999999999978E-002 -0.49999999999999994      -0.79693819736875404     
   2.7755575615628914E-017 -0.49999999999999994      -0.66533431179701830     
  0.10000000000000009      -0.49999999999999994      -0.27459914477243963     
  0.20000000000000009      -0.49999999999999994       0.21539780847756274     
  0.30000000000000016      -0.49999999999999994       0.62727751035719792     
  0.40000000000000013      -0.49999999999999994       0.79488624855800072     
  0.50000000000000011      -0.49999999999999994       0.66242401214430513     
  0.60000000000000009      -0.49999999999999994       0.27303288777030826     
  0.70000000000000007      -0.49999999999999994      -0.21766159121734877     
  0.80000000000000004      -0.49999999999999994      -0.62816755872312002     
  0.90000000000000002      -0.49999999999999994      -0.79617033908599599     
   1.0000000000000000      -0.49999999999999994      -0.65317357582607449     
  -1.0000000000000000      -0.39999999999999991      -0.26519672887033024     
 -0.90000000000000002      -0.39999999999999991      -0.10839111502086994     
 -0.80000000000000004      -0.39999999999999991        8.6167659165442098E-002
 -0.69999999999999996      -0.39999999999999991       0.24766408824676342     
 -0.59999999999999998      -0.39999999999999991       0.31295800793109890     
 -0.49999999999999994      -0.39999999999999991       0.26127665750429357     
 -0.39999999999999991      -0.39999999999999991       0.10666001151791912     
 -0.29999999999999993      -0.39999999999999991       -8.9169170350174770E-002
 -0.19999999999999993      -0.39999999999999991      -0.25812661221998423     
  -9.9999999999999978E-002 -0.39999999999999991      -0.32599085524008709     
   2.7755575615628914E-017 -0.39999999999999991      -0.27202070127707800     
  0.10000000000000009      -0.39999999999999991      -0.11210153585632857     
  0.20000000000000009      -0.39999999999999991        8.8332562594383074E-002
  0.30000000000000016      -0.39999999999999991       0.25672914460654817     
  0.40000000000000013      -0.39999999999999991       0.32515050030875431     
  0.50000000000000011      -0.39999999999999991       0.27082849601674414     
  0.60000000000000009      -0.39999999999999991       0.11145966905900168     
  0.70000000000000007      -0.39999999999999991       -8.9259865913239395E-002
  0.80000000000000004      -0.39999999999999991      -0.25709465548044219     
  0.90000000000000002      -0.39999999999999991      -0.32567682784303092     
   1.0000000000000000      -0.39999999999999991      -0.26704802831843116     
  -1.0000000000000000      -0.29999999999999993       0.22070631529312204     
 -0.90000000000000002      -0.29999999999999993        9.0608574459456082E-002
 -0.80000000000000004      -0.29999999999999993       -7.1061809474625204E-002
 -0.69999999999999996      -0.29999999999999993      -0.20546052361184314     
 -0.59999999999999998      -0.29999999999999993      -0.26005117810101441     
 -0.49999999999999994      -0.29999999999999993      -0.21743973211095380     
 -0.39999999999999991      -0.29999999999999993       -8.9169170350171217E-002
 -0.29999999999999993      -0.29999999999999993        7.3533064560629482E-002
 -0.19999999999999993      -0.29999999999999993       0.21413899197403163     
  -9.9999999999999978E-002 -0.29999999999999993       0.27087985565592437     
   2.7755575615628914E-017 -0.29999999999999993       0.22637637250538892     
  0.10000000000000009      -0.29999999999999993        9.3711004827610328E-002
  0.20000000000000009      -0.29999999999999993       -7.2841267510477758E-002
  0.30000000000000016      -0.29999999999999993      -0.21298054213716763     
  0.40000000000000013      -0.29999999999999993      -0.27018406077186480     
  0.50000000000000011      -0.29999999999999993      -0.22539005622057529     
  0.60000000000000009      -0.29999999999999993       -9.3180607646047617E-002
  0.70000000000000007      -0.29999999999999993        7.3608569384507841E-002
  0.80000000000000004      -0.29999999999999993       0.21328067830757447     
  0.90000000000000002      -0.29999999999999993       0.27061874626025528     
   1.0000000000000000      -0.29999999999999993       0.22224004810464040     
  -1.0000000000000000      -0.19999999999999993       0.64016064136361261     
 -0.90000000000000002      -0.19999999999999993       0.26230323886337598     
 -0.80000000000000004      -0.19999999999999993      -0.20693732083202293     
 -0.69999999999999996      -0.19999999999999993      -0.59676763085296269     
 -0.59999999999999998      -0.19999999999999993      -0.75479133689445721     
 -0.49999999999999994      -0.19999999999999993      -0.63069114482390398     
 -0.39999999999999991      -0.19999999999999993      -0.25812661221997601     
 -0.29999999999999993      -0.19999999999999993       0.21413899197403349     
 -0.19999999999999993      -0.19999999999999993       0.62197604957011787     
  -9.9999999999999978E-002 -0.19999999999999993       0.78622243040515771     
   2.7755575615628914E-017 -0.19999999999999993       0.65661819842336333     
  0.10000000000000009      -0.19999999999999993       0.27128355238614893     
  0.20000000000000009      -0.19999999999999993      -0.21212679169354415     
  0.30000000000000016      -0.19999999999999993      -0.61861017293975962     
  0.40000000000000013      -0.19999999999999993      -0.78419974601157461     
  0.50000000000000011      -0.19999999999999993      -0.65374994443109302     
  0.60000000000000009      -0.19999999999999993      -0.26974034157839138     
  0.70000000000000007      -0.19999999999999993       0.21435796328498233     
  0.80000000000000004      -0.19999999999999993       0.61948584783084693     
  0.90000000000000002      -0.19999999999999993       0.78546478238289941     
   1.0000000000000000      -0.19999999999999993       0.64461807955450523     
  -1.0000000000000000       -9.9999999999999978E-002  0.80890196328066810     
 -0.90000000000000002       -9.9999999999999978E-002  0.33126896804881134     
 -0.80000000000000004       -9.9999999999999978E-002 -0.26176821690300750     
 -0.69999999999999996       -9.9999999999999978E-002 -0.75435668468953765     
 -0.59999999999999998       -9.9999999999999978E-002 -0.95392473357783814     
 -0.49999999999999994       -9.9999999999999978E-002 -0.79693819736875271     
 -0.39999999999999991       -9.9999999999999978E-002 -0.32599085524009053     
 -0.29999999999999993       -9.9999999999999978E-002  0.27087985565592682     
 -0.19999999999999993       -9.9999999999999978E-002  0.78622243040515793     
  -9.9999999999999978E-002  -9.9999999999999978E-002  0.99364855847437039     
   2.7755575615628914E-017  -9.9999999999999978E-002  0.82970157667758249     
  0.10000000000000009       -9.9999999999999978E-002  0.34261009728377856     
  0.20000000000000009       -9.9999999999999978E-002 -0.26833530841016501     
  0.30000000000000016       -9.9999999999999978E-002 -0.78196733815987707     
  0.40000000000000013       -9.9999999999999978E-002 -0.99109114757657002     
  0.50000000000000011       -9.9999999999999978E-002 -0.82607470586085774     
  0.60000000000000009       -9.9999999999999978E-002 -0.34065845433393965     
  0.70000000000000007       -9.9999999999999978E-002  0.27115653527256528     
  0.80000000000000004       -9.9999999999999978E-002  0.78307560485978267     
  0.90000000000000002       -9.9999999999999978E-002  0.99269109752378182     
   1.0000000000000000       -9.9999999999999978E-002  0.81453739754615595     
  -1.0000000000000000        2.7755575615628914E-017  0.67532098909613758     
 -0.90000000000000002        2.7755575615628914E-017  0.27642762825311151     
 -0.80000000000000004        2.7755575615628914E-017 -0.21876036896798406     
 -0.69999999999999996        2.7755575615628914E-017 -0.63000495502233267     
 -0.59999999999999998        2.7755575615628914E-017 -0.79653168444589006     
 -0.49999999999999994        2.7755575615628914E-017 -0.66533431179702207     
 -0.39999999999999991        2.7755575615628914E-017 -0.27202070127707606     
 -0.29999999999999993        2.7755575615628914E-017  0.22637637250539408     
 -0.19999999999999993        2.7755575615628914E-017  0.65661819842336788     
  -9.9999999999999978E-002   2.7755575615628914E-017  0.82970157667758104     
   2.7755575615628914E-017   2.7755575615628914E-017  0.69268886504575178     
  0.10000000000000009        2.7755575615628914E-017  0.28589099233792453     
  0.20000000000000009        2.7755575615628914E-017 -0.22425051808621635     
  0.30000000000000016        2.7755575615628914E-017 -0.65306423714104056     
  0.40000000000000013        2.7755575615628914E-017 -0.82756528077901625     
  0.50000000000000011        2.7755575615628914E-017 -0.68965893887063912     
  0.60000000000000009        2.7755575615628914E-017 -0.28426035800183036     
  0.70000000000000007        2.7755575615628914E-017  0.22660735324237422     
  0.80000000000000004        2.7755575615628914E-017  0.65399085991613271     
  0.90000000000000002        2.7755575615628914E-017  0.82890214973616250     
   1.0000000000000000        2.7755575615628914E-017  0.68002816178875214     
  -1.0000000000000000       0.10000000000000009       0.27871913105966939     
 -0.90000000000000002       0.10000000000000009       0.11392089916931522     
 -0.80000000000000004       0.10000000000000009       -9.0556640094288224E-002
 -0.69999999999999996       0.10000000000000009      -0.26028775253962055     
 -0.59999999999999998       0.10000000000000009      -0.32891283265793919     
 -0.49999999999999994       0.10000000000000009      -0.27459914477244007     
 -0.39999999999999991       0.10000000000000009      -0.11210153585632877     
 -0.29999999999999993       0.10000000000000009        9.3711004827610730E-002
 -0.19999999999999993       0.10000000000000009       0.27128355238615043     
  -9.9999999999999978E-002  0.10000000000000009       0.34261009728378028     
   2.7755575615628914E-017  0.10000000000000009       0.28589099233792464     
  0.10000000000000009       0.10000000000000009       0.11782061970527513     
  0.20000000000000009       0.10000000000000009       -9.2831770742891048E-002
  0.30000000000000016       0.10000000000000009      -0.26981486095453061     
  0.40000000000000013       0.10000000000000009      -0.34172691855678855     
  0.50000000000000011       0.10000000000000009      -0.28463803908755669     
  0.60000000000000009       0.10000000000000009      -0.11714605154411244     
  0.70000000000000007       0.10000000000000009        9.3806325159584092E-002
  0.80000000000000004       0.10000000000000009       0.27019897981874147     
  0.90000000000000002       0.10000000000000009       0.34228005930931288     
   1.0000000000000000       0.10000000000000009       0.28066477772432563     
  -1.0000000000000000       0.20000000000000009      -0.21863372394729347     
 -0.90000000000000002       0.20000000000000009       -8.9758447307193970E-002
 -0.80000000000000004       0.20000000000000009        7.0393269377544962E-002
 -0.69999999999999996       0.20000000000000009       0.20352987440926804     
 -0.59999999999999998       0.20000000000000009       0.25760835318111536     
 -0.49999999999999994       0.20000000000000009       0.21539780847756229     
 -0.39999999999999991       0.20000000000000009        8.8332562594380548E-002
 -0.29999999999999993       0.20000000000000009       -7.2841267510475691E-002
 -0.19999999999999993       0.20000000000000009      -0.21212679169353077     
  -9.9999999999999978E-002  0.20000000000000009      -0.26833530841016512     
   2.7755575615628914E-017  0.20000000000000009      -0.22425051808620983     
  0.10000000000000009       0.20000000000000009       -9.2831770742891132E-002
  0.20000000000000009       0.20000000000000009        7.2155975426174218E-002
  0.30000000000000016       0.20000000000000009       0.21097922908534117     
  0.40000000000000013       0.20000000000000009       0.26764605429251281     
  0.50000000000000011       0.20000000000000009       0.22327347505071118     
  0.60000000000000009       0.20000000000000009        9.2306361480194693E-002
  0.70000000000000007       0.20000000000000009       -7.2916063409721357E-002
  0.80000000000000004       0.20000000000000009      -0.21127653905042634     
  0.90000000000000002       0.20000000000000009      -0.26807665144230491     
   1.0000000000000000       0.20000000000000009      -0.22015304071210723     
  -1.0000000000000000       0.30000000000000016      -0.63669574930823147     
 -0.90000000000000002       0.30000000000000016      -0.26088316621175656     
 -0.80000000000000004       0.30000000000000016       0.20581782720150546     
 -0.69999999999999996       0.30000000000000016       0.59353817076625337     
 -0.59999999999999998       0.30000000000000016       0.75070635122426743     
 -0.49999999999999994       0.30000000000000016       0.62727751035719637     
 -0.39999999999999991       0.30000000000000016       0.25672914460654928     
 -0.29999999999999993       0.30000000000000016      -0.21298054213716769     
 -0.19999999999999993       0.30000000000000016      -0.61861017293975851     
  -9.9999999999999978E-002  0.30000000000000016      -0.78196733815987551     
   2.7755575615628914E-017  0.30000000000000016      -0.65306423714103867     
  0.10000000000000009       0.30000000000000016      -0.26981486095452939     
  0.20000000000000009       0.30000000000000016       0.21097922908534292     
  0.30000000000000016       0.30000000000000016       0.61526251028575352     
  0.40000000000000013       0.30000000000000016       0.77995559851598451     
  0.50000000000000011       0.30000000000000016       0.65021150259065041     
  0.60000000000000009       0.30000000000000016       0.26827999955417042     
  0.70000000000000007       0.30000000000000016      -0.21319832822485435     
  0.80000000000000004       0.30000000000000016      -0.61613344907904344     
  0.90000000000000002       0.30000000000000016      -0.78121379073376529     
   1.0000000000000000       0.30000000000000016      -0.64112906751184395     
  -1.0000000000000000       0.40000000000000013      -0.80681919990224193     
 -0.90000000000000002       0.40000000000000013      -0.33041502619295876     
 -0.80000000000000004       0.40000000000000013       0.26109581688739214     
 -0.69999999999999996       0.40000000000000013       0.75241597729663090     
 -0.59999999999999998       0.40000000000000013       0.95146956002905647     
 -0.49999999999999994       0.40000000000000013       0.79488624855800483     
 -0.39999999999999991       0.40000000000000013       0.32515050030875936     
 -0.29999999999999993       0.40000000000000013      -0.27018406077186774     
 -0.19999999999999993       0.40000000000000013      -0.78419974601157827     
  -9.9999999999999978E-002  0.40000000000000013      -0.99109114757656913     
   2.7755575615628914E-017  0.40000000000000013      -0.82756528077902491     
  0.10000000000000009       0.40000000000000013      -0.34172691855678955     
  0.20000000000000009       0.40000000000000013       0.26764605429252103     
  0.30000000000000016       0.40000000000000013       0.77995559851598517     
  0.40000000000000013       0.40000000000000013       0.98854031270316078     
  0.50000000000000011       0.40000000000000013       0.82394773395512266     
  0.60000000000000009       0.40000000000000013       0.33978029137243104     
  0.70000000000000007       0.40000000000000013      -0.27046002795570195     
  0.80000000000000004       0.40000000000000013      -0.78106102160533886     
  0.90000000000000002       0.40000000000000013      -0.99013615131304544     
   1.0000000000000000       0.40000000000000013      -0.81244014121521613     
  -1.0000000000000000       0.50000000000000011      -0.67236698145276785     
 -0.90000000000000002       0.50000000000000011      -0.27521615349718287     
 -0.80000000000000004       0.50000000000000011       0.21780721266720723     
 -0.69999999999999996       0.50000000000000011       0.62725294707555346     
 -0.59999999999999998       0.50000000000000011       0.79304980396764491     
 -0.49999999999999994       0.50000000000000011       0.66242401214430302     
 -0.39999999999999991       0.50000000000000011       0.27082849601674774     
 -0.29999999999999993       0.50000000000000011      -0.22539005622057573     
 -0.19999999999999993       0.50000000000000011      -0.65374994443109724     
  -9.9999999999999978E-002  0.50000000000000011      -0.82607470586085696     
   2.7755575615628914E-017  0.50000000000000011      -0.68965893887064100     
  0.10000000000000009       0.50000000000000011      -0.28463803908755603     
  0.20000000000000009       0.50000000000000011       0.22327347505071424     
  0.30000000000000016       0.50000000000000011       0.65021150259065186     
  0.40000000000000013       0.50000000000000011       0.82394773395512699     
  0.50000000000000011       0.50000000000000011       0.68664223234845412     
  0.60000000000000009       0.50000000000000011       0.28301451565970381     
  0.70000000000000007       0.50000000000000011      -0.22562002645618148     
  0.80000000000000004       0.50000000000000011      -0.65113409550383938     
  0.90000000000000002       0.50000000000000011      -0.82527877443437614     
   1.0000000000000000       0.50000000000000011      -0.67705360421001948     
  -1.0000000000000000       0.60000000000000009      -0.27712934881619428     
 -0.90000000000000002       0.60000000000000009      -0.11326866274375096     
 -0.80000000000000004       0.60000000000000009        9.0044072446343590E-002
 -0.69999999999999996       0.60000000000000009       0.25880708506267269     
 -0.59999999999999998       0.60000000000000009       0.32703920941750736     
 -0.49999999999999994       0.60000000000000009       0.27303288777031143     
 -0.39999999999999991       0.60000000000000009       0.11145966905899589     
 -0.29999999999999993       0.60000000000000009       -9.3180607646051308E-002
 -0.19999999999999993       0.60000000000000009      -0.26974034157842136     
  -9.9999999999999978E-002  0.60000000000000009      -0.34065845433393743     
   2.7755575615628914E-017  0.60000000000000009      -0.28426035800183574     
  0.10000000000000009       0.60000000000000009      -0.11714605154411191     
  0.20000000000000009       0.60000000000000009        9.2306361480218091E-002
  0.30000000000000016       0.60000000000000009       0.26827999955417037     
  0.40000000000000013       0.60000000000000009       0.33978029137244709     
  0.50000000000000011       0.60000000000000009       0.28301451565970331     
  0.60000000000000009       0.60000000000000009       0.11647530798477222     
  0.70000000000000007       0.60000000000000009       -9.3275384136046469E-002
  0.80000000000000004       0.60000000000000009      -0.26866195212915156     
  0.90000000000000002       0.60000000000000009      -0.34033029742342241     
   1.0000000000000000       0.60000000000000009      -0.27906394025298109     
  -1.0000000000000000       0.70000000000000007       0.22093150442717865     
 -0.90000000000000002       0.70000000000000007        9.0700739595894558E-002
 -0.80000000000000004       0.70000000000000007       -7.1134773982373847E-002
 -0.69999999999999996       0.70000000000000007      -0.20567061980446838     
 -0.59999999999999998       0.70000000000000007      -0.26031679657140283     
 -0.49999999999999994       0.70000000000000007      -0.21766159121734788     
 -0.39999999999999991       0.70000000000000007       -8.9259865913239866E-002
 -0.29999999999999993       0.70000000000000007        7.3608569384507355E-002
 -0.19999999999999993       0.70000000000000007       0.21435796328498019     
  -9.9999999999999978E-002  0.70000000000000007       0.27115653527256367     
   2.7755575615628914E-017  0.70000000000000007       0.22660735324237671     
  0.10000000000000009       0.70000000000000007        9.3806325159583148E-002
  0.20000000000000009       0.70000000000000007       -7.2916063409719317E-002
  0.30000000000000016       0.70000000000000007      -0.21319832822485352     
  0.40000000000000013       0.70000000000000007      -0.27046002795570318     
  0.50000000000000011       0.70000000000000007      -0.22562002645617968     
  0.60000000000000009       0.70000000000000007       -9.3275384136047884E-002
  0.70000000000000007       0.70000000000000007        7.3684151269010803E-002
  0.80000000000000004       0.70000000000000007       0.21349877343365606     
  0.90000000000000002       0.70000000000000007       0.27089515928723401     
   1.0000000000000000       0.70000000000000007       0.22246680700803806     
  -1.0000000000000000       0.80000000000000004       0.63759917412042655     
 -0.90000000000000002       0.80000000000000004       0.26125456737883218     
 -0.80000000000000004       0.80000000000000004      -0.20610788160003754     
 -0.69999999999999996       0.80000000000000004      -0.59437835839694209     
 -0.59999999999999998       0.80000000000000004      -0.75177031503050440     
 -0.49999999999999994       0.80000000000000004      -0.62816755872312424     
 -0.39999999999999991       0.80000000000000004      -0.25709465548044824     
 -0.29999999999999993       0.80000000000000004       0.21328067830757536     
 -0.19999999999999993       0.80000000000000004       0.61948584783085647     
  -9.9999999999999978E-002  0.80000000000000004       0.78307560485978611     
   2.7755575615628914E-017  0.80000000000000004       0.65399085991614880     
  0.10000000000000009       0.80000000000000004       0.27019897981874319     
  0.20000000000000009       0.80000000000000004      -0.21127653905043622     
  0.30000000000000016       0.80000000000000004      -0.61613344907904632     
  0.40000000000000013       0.80000000000000004      -0.78106102160534607     
  0.50000000000000011       0.80000000000000004      -0.65113409550384205     
  0.60000000000000009       0.80000000000000004      -0.26866195212913890     
  0.70000000000000007       0.80000000000000004       0.21349877343365734     
  0.80000000000000004       0.80000000000000004       0.61700561136863430     
  0.90000000000000002       0.80000000000000004       0.78232098894003976     
   1.0000000000000000       0.80000000000000004       0.64203876161355677     
  -1.0000000000000000       0.90000000000000002       0.80812257848664504     
 -0.90000000000000002       0.90000000000000002       0.33094985491624712     
 -0.80000000000000004       0.90000000000000002      -0.26151589115828100     
 -0.69999999999999996       0.90000000000000002      -0.75362974447969433     
 -0.59999999999999998       0.90000000000000002      -0.95300554990055841     
 -0.49999999999999994       0.90000000000000002      -0.79617033908599411     
 -0.39999999999999991       0.90000000000000002      -0.32567682784303653     
 -0.29999999999999993       0.90000000000000002       0.27061874626025489     
 -0.19999999999999993       0.90000000000000002       0.78546478238289519     
  -9.9999999999999978E-002  0.90000000000000002       0.99269109752377804     
   2.7755575615628914E-017  0.90000000000000002       0.82890214973616461     
  0.10000000000000009       0.90000000000000002       0.34228005930931305     
  0.20000000000000009       0.90000000000000002      -0.26807665144230297     
  0.30000000000000016       0.90000000000000002      -0.78121379073376318     
  0.40000000000000013       0.90000000000000002      -0.99013615131304566     
  0.50000000000000011       0.90000000000000002      -0.82527877443437403     
  0.60000000000000009       0.90000000000000002      -0.34033029742342580     
  0.70000000000000007       0.90000000000000002       0.27089515928723412     
  0.80000000000000004       0.90000000000000002       0.78232098894003221     
  0.90000000000000002       0.90000000000000002       0.99173455913838693     
   1.0000000000000000       0.90000000000000002       0.81375258179335508     
  -1.0000000000000000        1.0000000000000000       0.66297771218441492     
 -0.90000000000000002        1.0000000000000000       0.27137440951762848     
 -0.80000000000000004        1.0000000000000000      -0.21476319576405206     
 -0.69999999999999996        1.0000000000000000      -0.61849120808277336     
 -0.59999999999999998        1.0000000000000000      -0.78197373868824283     
 -0.49999999999999994        1.0000000000000000      -0.65317357582607649     
 -0.39999999999999991        1.0000000000000000      -0.26704802831842472     
 -0.29999999999999993        1.0000000000000000       0.22224004810464279     
 -0.19999999999999993        1.0000000000000000       0.64461807955450523     
  -9.9999999999999978E-002   1.0000000000000000       0.81453739754615240     
   2.7755575615628914E-017   1.0000000000000000       0.68002816178874337     
  0.10000000000000009        1.0000000000000000       0.28066477772432596     
  0.20000000000000009        1.0000000000000000      -0.22015304071211508     
  0.30000000000000016        1.0000000000000000      -0.64112906751184029     
  0.40000000000000013        1.0000000000000000      -0.81244014121519637     
  0.50000000000000011        1.0000000000000000      -0.67705360421001470     
  0.60000000000000009        1.0000000000000000      -0.27906394025296427     
  0.70000000000000007        1.0000000000000000       0.22246680700803639     
  0.80000000000000004        1.0000000000000000       0.64203876161353080     
  0.90000000000000002        1.0000000000000000       0.81375258179335197     
   1.0000000000000000        1.0000000000000000       0.66759886229560161     
