  -1.0000000000000000       -1.0000000000000000       0.22458275546914191     
 -0.90000000000000002       -1.0000000000000000       -5.9197847387222335E-002
 -0.80000000000000004       -1.0000000000000000      -0.32582797013278941     
 -0.69999999999999996       -1.0000000000000000      -0.46539998899464402     
 -0.59999999999999998       -1.0000000000000000      -0.42863209180403949     
 -0.49999999999999994       -1.0000000000000000      -0.22821409708850751     
 -0.39999999999999991       -1.0000000000000000        5.9420531904473488E-002
 -0.29999999999999993       -1.0000000000000000       0.32436110521482947     
 -0.19999999999999993       -1.0000000000000000       0.46541001044319563     
  -9.9999999999999978E-002  -1.0000000000000000       0.42868729265474453     
   2.7755575615628914E-017  -1.0000000000000000       0.22824359457857515     
  0.10000000000000009       -1.0000000000000000       -5.9414249009430820E-002
  0.20000000000000009       -1.0000000000000000      -0.32430140839945243     
  0.30000000000000016       -1.0000000000000000      -0.46539989767188233     
  0.40000000000000013       -1.0000000000000000      -0.42858738136712671     
  0.50000000000000011       -1.0000000000000000      -0.22821352463363170     
  0.60000000000000009       -1.0000000000000000        5.9442458165614873E-002
  0.70000000000000007       -1.0000000000000000       0.32433468106115920     
  0.80000000000000004       -1.0000000000000000       0.46502629391540318     
  0.90000000000000002       -1.0000000000000000       0.42839192172700941     
   1.0000000000000000       -1.0000000000000000       0.22377656481598551     
  -1.0000000000000000      -0.90000000000000002       -5.9197847387222183E-002
 -0.90000000000000002      -0.90000000000000002        1.5541988999663282E-002
 -0.80000000000000004      -0.90000000000000002        8.5784445518680696E-002
 -0.69999999999999996      -0.90000000000000002       0.12257395025024297     
 -0.59999999999999998      -0.90000000000000002       0.11292089362999051     
 -0.49999999999999994      -0.90000000000000002        6.0154929228469455E-002
 -0.39999999999999991      -0.90000000000000002       -1.5600360720834731E-002
 -0.29999999999999993      -0.90000000000000002       -8.5397467648133482E-002
 -0.19999999999999993      -0.90000000000000002      -0.12257654002935134     
  -9.9999999999999978E-002 -0.90000000000000002      -0.11293531438881492     
   2.7755575615628914E-017 -0.90000000000000002       -6.0162725800269871E-002
  0.10000000000000009      -0.90000000000000002        1.5598668166767115E-002
  0.20000000000000009      -0.90000000000000002        8.5381702589663100E-002
  0.30000000000000016      -0.90000000000000002       0.12257386696538096     
  0.40000000000000013      -0.90000000000000002       0.11290902171880568     
  0.50000000000000011      -0.90000000000000002        6.0154800153324542E-002
  0.60000000000000009      -0.90000000000000002       -1.5605815380986853E-002
  0.70000000000000007      -0.90000000000000002       -8.5390444769393656E-002
  0.80000000000000004      -0.90000000000000002      -0.12247488475832330     
  0.90000000000000002      -0.90000000000000002      -0.11285737992965583     
   1.0000000000000000      -0.90000000000000002       -5.8984915829668652E-002
  -1.0000000000000000      -0.80000000000000004      -0.32582797013279197     
 -0.90000000000000002      -0.80000000000000004        8.5784445518680461E-002
 -0.80000000000000004      -0.80000000000000004       0.47255256111970539     
 -0.69999999999999996      -0.80000000000000004       0.67504516190922204     
 -0.59999999999999998      -0.80000000000000004       0.62176444412406706     
 -0.49999999999999994      -0.80000000000000004       0.33109620392911965     
 -0.39999999999999991      -0.80000000000000004       -8.6106990526149979E-002
 -0.29999999999999993      -0.80000000000000004      -0.47042388180763522     
 -0.19999999999999993      -0.80000000000000004      -0.67505961709779883     
  -9.9999999999999978E-002 -0.80000000000000004      -0.62184431981319355     
   2.7755575615628914E-017 -0.80000000000000004      -0.33113903393897798     
  0.10000000000000009      -0.80000000000000004        8.6097816032697130E-002
  0.20000000000000009      -0.80000000000000004       0.47033722479725026     
  0.30000000000000016      -0.80000000000000004       0.67504493326779225     
  0.40000000000000013      -0.80000000000000004       0.62169943683119011     
  0.50000000000000011      -0.80000000000000004       0.33109540883167965     
  0.60000000000000009      -0.80000000000000004       -8.6138273920810665E-002
  0.70000000000000007      -0.80000000000000004      -0.47038545152007610     
  0.80000000000000004      -0.80000000000000004      -0.67450208525645805     
  0.90000000000000002      -0.80000000000000004      -0.62141566542018678     
   1.0000000000000000      -0.80000000000000004      -0.32465764270114339     
  -1.0000000000000000      -0.69999999999999996      -0.46539998899464258     
 -0.90000000000000002      -0.69999999999999996       0.12257395025024159     
 -0.80000000000000004      -0.69999999999999996       0.67504516190921993     
 -0.69999999999999996      -0.69999999999999996       0.96427794009268808     
 -0.59999999999999998      -0.69999999999999996       0.88814719051803637     
 -0.49999999999999994      -0.69999999999999996       0.47292500138086124     
 -0.39999999999999991      -0.69999999999999996      -0.12303488582083670     
 -0.29999999999999993      -0.69999999999999996      -0.67200486456170638     
 -0.19999999999999993      -0.69999999999999996      -0.96429862305844971     
  -9.9999999999999978E-002 -0.69999999999999996      -0.88826137132116723     
   2.7755575615628914E-017 -0.69999999999999996      -0.47298616338556082     
  0.10000000000000009      -0.69999999999999996       0.12302180648471239     
  0.20000000000000009      -0.69999999999999996       0.67188110746078578     
  0.30000000000000016      -0.69999999999999996       0.96427765437839519     
  0.40000000000000013      -0.69999999999999996       0.88805439644894990     
  0.50000000000000011      -0.69999999999999996       0.47292385063564607     
  0.60000000000000009      -0.69999999999999996      -0.12307979403778498     
  0.70000000000000007      -0.69999999999999996      -0.67195001207772109     
  0.80000000000000004      -0.69999999999999996      -0.96350261918292812     
  0.90000000000000002      -0.69999999999999996      -0.88764915158740776     
   1.0000000000000000      -0.69999999999999996      -0.46372863390664376     
  -1.0000000000000000      -0.59999999999999998      -0.42863209180403866     
 -0.90000000000000002      -0.59999999999999998       0.11292089362999158     
 -0.80000000000000004      -0.59999999999999998       0.62176444412408582     
 -0.69999999999999996      -0.59999999999999998       0.88814719051803737     
 -0.59999999999999998      -0.59999999999999998       0.81801190906390753     
 -0.49999999999999994      -0.59999999999999998       0.43556265898338770     
 -0.39999999999999991      -0.59999999999999998      -0.11334557494603537     
 -0.29999999999999993      -0.59999999999999998      -0.61896450002656334     
 -0.19999999999999993      -0.59999999999999998      -0.88816626505239016     
  -9.9999999999999978E-002 -0.59999999999999998      -0.81811713331599056     
   2.7755575615628914E-017 -0.59999999999999998      -0.43561897848683290     
  0.10000000000000009      -0.59999999999999998       0.11333354691877545     
  0.20000000000000009      -0.59999999999999998       0.61885053468334894     
  0.30000000000000016      -0.59999999999999998       0.88814695662970156     
  0.40000000000000013      -0.59999999999999998       0.81792648880349939     
  0.50000000000000011      -0.59999999999999998       0.43556158837098957     
  0.60000000000000009      -0.59999999999999998      -0.11338709579716029     
  0.70000000000000007      -0.59999999999999998      -0.61891400956141107     
  0.80000000000000004      -0.59999999999999998      -0.88743340031062690     
  0.90000000000000002      -0.59999999999999998      -0.81755331895435102     
   1.0000000000000000      -0.59999999999999998      -0.42709298962974801     
  -1.0000000000000000      -0.49999999999999994      -0.22821409708850859     
 -0.90000000000000002      -0.49999999999999994        6.0154929228469232E-002
 -0.80000000000000004      -0.49999999999999994       0.33109620392911876     
 -0.69999999999999996      -0.49999999999999994       0.47292500138086224     
 -0.59999999999999998      -0.49999999999999994       0.43556265898338647     
 -0.49999999999999994      -0.49999999999999994       0.23190415471395881     
 -0.39999999999999991      -0.49999999999999994       -6.0381213845763830E-002
 -0.29999999999999993      -0.49999999999999994      -0.32960562030611157     
 -0.19999999999999993      -0.49999999999999994      -0.47293518478167518     
  -9.9999999999999978E-002 -0.49999999999999994      -0.43561875217484503     
   2.7755575615628914E-017 -0.49999999999999994      -0.23193412919332440     
  0.10000000000000009      -0.49999999999999994        6.0374829299275352E-002
  0.20000000000000009      -0.49999999999999994       0.32954495818604496     
  0.30000000000000016      -0.49999999999999994       0.47292490848160568     
  0.40000000000000013      -0.49999999999999994       0.43551722546517097     
  0.50000000000000011      -0.49999999999999994       0.23190357303972514     
  0.60000000000000009      -0.49999999999999994       -6.0403494091295092E-002
  0.70000000000000007      -0.49999999999999994      -0.32957876879544695     
  0.80000000000000004      -0.49999999999999994      -0.47254526296900023     
  0.90000000000000002      -0.49999999999999994      -0.43531860518033783     
   1.0000000000000000      -0.49999999999999994      -0.22739487018828963     
  -1.0000000000000000      -0.39999999999999991        5.9420531904477804E-002
 -0.90000000000000002      -0.39999999999999991       -1.5600360720834199E-002
 -0.80000000000000004      -0.39999999999999991       -8.6106990526151408E-002
 -0.69999999999999996      -0.39999999999999991      -0.12303488582083622     
 -0.59999999999999998      -0.39999999999999991      -0.11334557494602503     
 -0.49999999999999994      -0.39999999999999991       -6.0381213845763011E-002
 -0.39999999999999991      -0.39999999999999991        1.5658951536637315E-002
 -0.29999999999999993      -0.39999999999999991        8.5718556468456289E-002
 -0.19999999999999993      -0.39999999999999991       0.12303748526484834     
  -9.9999999999999978E-002 -0.39999999999999991       0.11336004976143099     
   2.7755575615628914E-017 -0.39999999999999991        6.0389039777871099E-002
  0.10000000000000009      -0.39999999999999991       -1.5657252561408846E-002
  0.20000000000000009      -0.39999999999999991       -8.5702732062066661E-002
  0.30000000000000016      -0.39999999999999991      -0.12303480213468672     
  0.40000000000000013      -0.39999999999999991      -0.11333365824834388     
  0.50000000000000011      -0.39999999999999991       -6.0381084317551341E-002
  0.60000000000000009      -0.39999999999999991        1.5664426233697463E-002
  0.70000000000000007      -0.39999999999999991        8.5711507085823965E-002
  0.80000000000000004      -0.39999999999999991       0.12293544683262263     
  0.90000000000000002      -0.39999999999999991       0.11328182201993248     
   1.0000000000000000      -0.39999999999999991        5.9206798720889645E-002
  -1.0000000000000000      -0.29999999999999993       0.32436110521482903     
 -0.90000000000000002      -0.29999999999999993       -8.5397467648132608E-002
 -0.80000000000000004      -0.29999999999999993      -0.47042388180763434     
 -0.69999999999999996      -0.29999999999999993      -0.67200486456170627     
 -0.59999999999999998      -0.29999999999999993      -0.61896450002656156     
 -0.49999999999999994      -0.29999999999999993      -0.32960562030611035     
 -0.39999999999999991      -0.29999999999999993        8.5718556468457344E-002
 -0.29999999999999993      -0.29999999999999993       0.46830478162853229     
 -0.19999999999999993      -0.29999999999999993       0.67201925402222706     
  -9.9999999999999978E-002 -0.29999999999999993       0.61904401448332613     
   2.7755575615628914E-017 -0.29999999999999993       0.32964825776488155     
  0.10000000000000009      -0.29999999999999993       -8.5709422819657100E-002
  0.20000000000000009      -0.29999999999999993      -0.46821851437353135     
  0.30000000000000016      -0.29999999999999993      -0.67200463620441153     
  0.40000000000000013      -0.29999999999999993      -0.61889978430214254     
  0.50000000000000011      -0.29999999999999993      -0.32960482906268479     
  0.60000000000000009      -0.29999999999999993        8.5749694936569018E-002
  0.70000000000000007      -0.29999999999999993       0.46826652362632920     
  0.80000000000000004      -0.29999999999999993       0.67146422573889153     
  0.90000000000000002      -0.29999999999999993       0.61861728890143197     
   1.0000000000000000      -0.29999999999999993       0.32319604117986717     
  -1.0000000000000000      -0.19999999999999993       0.46541001044319474     
 -0.90000000000000002      -0.19999999999999993      -0.12257654002935153     
 -0.80000000000000004      -0.19999999999999993      -0.67505961709781248     
 -0.69999999999999996      -0.19999999999999993      -0.96429862305845004     
 -0.59999999999999998      -0.19999999999999993      -0.88816626505238905     
 -0.49999999999999994      -0.19999999999999993      -0.47293518478167551     
 -0.39999999999999991      -0.19999999999999993       0.12303748526484930     
 -0.29999999999999993      -0.19999999999999993       0.67201925402222773     
 -0.19999999999999993      -0.19999999999999993       0.96431930642817665     
  -9.9999999999999978E-002 -0.19999999999999993       0.88828044821071173     
   2.7755575615628914E-017 -0.19999999999999993       0.47299634812045399     
  0.10000000000000009      -0.19999999999999993      -0.12302440561795526     
  0.20000000000000009      -0.19999999999999993      -0.67189549423283423     
  0.30000000000000016      -0.19999999999999993      -0.96429833729066738     
  0.40000000000000013      -0.19999999999999993      -0.88807346891600336     
  0.50000000000000011      -0.19999999999999993      -0.47293403402913536     
  0.60000000000000009      -0.19999999999999993       0.12308239418916848     
  0.70000000000000007      -0.19999999999999993       0.67196440031093818     
  0.80000000000000004      -0.19999999999999993       0.96352328500323414     
  0.90000000000000002      -0.19999999999999993       0.88766821523197437     
   1.0000000000000000      -0.19999999999999993       0.46373861902375479     
  -1.0000000000000000       -9.9999999999999978E-002  0.42868729265474559     
 -0.90000000000000002       -9.9999999999999978E-002 -0.11293531438881384     
 -0.80000000000000004       -9.9999999999999978E-002 -0.62184431981319332     
 -0.69999999999999996       -9.9999999999999978E-002 -0.88826137132116656     
 -0.59999999999999998       -9.9999999999999978E-002 -0.81811713331599034     
 -0.49999999999999994       -9.9999999999999978E-002 -0.43561875217484408     
 -0.39999999999999991       -9.9999999999999978E-002  0.11336004976143151     
 -0.29999999999999993       -9.9999999999999978E-002  0.61904401448332624     
 -0.19999999999999993       -9.9999999999999978E-002  0.88828044821071106     
  -9.9999999999999978E-002  -9.9999999999999978E-002  0.81822237086784000     
   2.7755575615628914E-017  -9.9999999999999978E-002  0.43567507897324764     
  0.10000000000000009       -9.9999999999999978E-002 -0.11334802011372010     
  0.20000000000000009       -9.9999999999999978E-002 -0.61893003440493199     
  0.30000000000000016       -9.9999999999999978E-002 -0.88826113728688427     
  0.40000000000000013       -9.9999999999999978E-002 -0.81803170188595020     
  0.50000000000000011       -9.9999999999999978E-002 -0.43561768146727792     
  0.60000000000000009       -9.9999999999999978E-002  0.11340157532500610     
  0.70000000000000007       -9.9999999999999978E-002  0.61899351740278974     
  0.80000000000000004       -9.9999999999999978E-002  0.88754748808375328     
  0.90000000000000002       -9.9999999999999978E-002  0.81765848374349370     
   1.0000000000000000       -9.9999999999999978E-002  0.42714799142779036     
  -1.0000000000000000        2.7755575615628914E-017  0.22824359457857019     
 -0.90000000000000002        2.7755575615628914E-017  -6.0162725800270218E-002
 -0.80000000000000004        2.7755575615628914E-017 -0.33113903393898431     
 -0.69999999999999996        2.7755575615628914E-017 -0.47298616338555988     
 -0.59999999999999998        2.7755575615628914E-017 -0.43561897848684006     
 -0.49999999999999994        2.7755575615628914E-017 -0.23193412919332523     
 -0.39999999999999991        2.7755575615628914E-017   6.0389039777872675E-002
 -0.29999999999999993        2.7755575615628914E-017  0.32964825776488110     
 -0.19999999999999993        2.7755575615628914E-017  0.47299634812044988     
  -9.9999999999999978E-002   2.7755575615628914E-017  0.43567507897324775     
   2.7755575615628914E-017   2.7755575615628914E-017  0.23196410753966623     
  0.10000000000000009        2.7755575615628914E-017  -6.0382654418689806E-002
  0.20000000000000009        2.7755575615628914E-017 -0.32958758781420999     
  0.30000000000000016        2.7755575615628914E-017 -0.47298607049468583     
  0.40000000000000013        2.7755575615628914E-017 -0.43557353912605495     
  0.50000000000000011        2.7755575615628914E-017 -0.23193354743639938     
  0.60000000000000009        2.7755575615628914E-017   6.0411323015096142E-002
  0.70000000000000007        2.7755575615628914E-017  0.32962140280343710     
  0.80000000000000004        2.7755575615628914E-017  0.47260637608494394     
  0.90000000000000002        2.7755575615628914E-017  0.43537489321032807     
   1.0000000000000000        2.7755575615628914E-017  0.22742426193738127     
  -1.0000000000000000       0.10000000000000009       -5.9414249009430313E-002
 -0.90000000000000002       0.10000000000000009        1.5598668166766940E-002
 -0.80000000000000004       0.10000000000000009        8.6097816032697436E-002
 -0.69999999999999996       0.10000000000000009       0.12302180648471267     
 -0.59999999999999998       0.10000000000000009       0.11333354691877490     
 -0.49999999999999994       0.10000000000000009        6.0374829299274888E-002
 -0.39999999999999991       0.10000000000000009       -1.5657252561407861E-002
 -0.29999999999999993       0.10000000000000009       -8.5709422819656961E-002
 -0.19999999999999993       0.10000000000000009      -0.12302440561795421     
  -9.9999999999999978E-002  0.10000000000000009      -0.11334802011371990     
   2.7755575615628914E-017  0.10000000000000009       -6.0382654418689119E-002
  0.10000000000000009       0.10000000000000009        1.5655553740495938E-002
  0.20000000000000009       0.10000000000000009        8.5693600065959233E-002
  0.30000000000000016       0.10000000000000009       0.12302172276630916     
  0.40000000000000013       0.10000000000000009       0.11332163142094158     
  0.50000000000000011       0.10000000000000009        6.0374699799899741E-002
  0.60000000000000009       0.10000000000000009       -1.5662726454090236E-002
  0.70000000000000007       0.10000000000000009       -8.5702374142332102E-002
  0.80000000000000004       0.10000000000000009      -0.12292237761990051     
  0.90000000000000002       0.10000000000000009      -0.11326980058987578     
   1.0000000000000000       0.10000000000000009       -5.9200538128297162E-002
  -1.0000000000000000       0.20000000000000009      -0.32430140839945293     
 -0.90000000000000002       0.20000000000000009        8.5381702589663516E-002
 -0.80000000000000004       0.20000000000000009       0.47033722479725421     
 -0.69999999999999996       0.20000000000000009       0.67188110746078689     
 -0.59999999999999998       0.20000000000000009       0.61885053468333140     
 -0.49999999999999994       0.20000000000000009       0.32954495818604501     
 -0.39999999999999991       0.20000000000000009       -8.5702732062062276E-002
 -0.29999999999999993       0.20000000000000009      -0.46821851437353207     
 -0.19999999999999993       0.20000000000000009      -0.67189549423282335     
  -9.9999999999999978E-002  0.20000000000000009      -0.61893003440493100     
   2.7755575615628914E-017  0.20000000000000009      -0.32958758781420538     
  0.10000000000000009       0.20000000000000009        8.5693600065959274E-002
  0.20000000000000009       0.20000000000000009       0.46813226297269767     
  0.30000000000000016       0.20000000000000009       0.67188087909951677     
  0.40000000000000013       0.20000000000000009       0.61878583080212934     
  0.50000000000000011       0.20000000000000009       0.32954416710520418     
  0.60000000000000009       0.20000000000000009       -8.5733864546856720E-002
  0.70000000000000007       0.20000000000000009      -0.46818026336765373     
  0.80000000000000004       0.20000000000000009      -0.67134056770240991     
  0.90000000000000002       0.20000000000000009      -0.61850338729930110     
   1.0000000000000000       0.20000000000000009      -0.32313655845627670     
  -1.0000000000000000       0.30000000000000016      -0.46539989767188106     
 -0.90000000000000002       0.30000000000000016       0.12257386696537985     
 -0.80000000000000004       0.30000000000000016       0.67504493326779180     
 -0.69999999999999996       0.30000000000000016       0.96427765437839497     
 -0.59999999999999998       0.30000000000000016       0.88814695662970111     
 -0.49999999999999994       0.30000000000000016       0.47292490848160473     
 -0.39999999999999991       0.30000000000000016      -0.12303480213468797     
 -0.29999999999999993       0.30000000000000016      -0.67200463620441142     
 -0.19999999999999993       0.30000000000000016      -0.96429833729066838     
  -9.9999999999999978E-002  0.30000000000000016      -0.88826113728688449     
   2.7755575615628914E-017  0.30000000000000016      -0.47298607049468749     
  0.10000000000000009       0.30000000000000016       0.12302172276630942     
  0.20000000000000009       0.30000000000000016       0.67188087909951733     
  0.30000000000000016       0.30000000000000016       0.96427736860761826     
  0.40000000000000013       0.30000000000000016       0.88805416249614677     
  0.50000000000000011       0.30000000000000016       0.47292375775745066     
  0.60000000000000009       0.30000000000000016      -0.12307971003270461     
  0.70000000000000007       0.30000000000000016      -0.67194978367605718     
  0.80000000000000004       0.30000000000000016      -0.96350233308269229     
  0.90000000000000002       0.30000000000000016      -0.88764891759911846     
   1.0000000000000000       0.30000000000000016      -0.46372854250307399     
  -1.0000000000000000       0.40000000000000013      -0.42858738136711783     
 -0.90000000000000002       0.40000000000000013       0.11290902171880597     
 -0.80000000000000004       0.40000000000000013       0.62169943683120088     
 -0.69999999999999996       0.40000000000000013       0.88805439644894979     
 -0.59999999999999998       0.40000000000000013       0.81792648880350294     
 -0.49999999999999994       0.40000000000000013       0.43551722546517213     
 -0.39999999999999991       0.40000000000000013      -0.11333365824833849     
 -0.29999999999999993       0.40000000000000013      -0.61889978430214188     
 -0.19999999999999993       0.40000000000000013      -0.88807346891599992     
  -9.9999999999999978E-002  0.40000000000000013      -0.81803170188594965     
   2.7755575615628914E-017  0.40000000000000013      -0.43557353912605928     
  0.10000000000000009       0.40000000000000013       0.11332163142094158     
  0.20000000000000009       0.40000000000000013       0.61878583080213412     
  0.30000000000000016       0.40000000000000013       0.88805416249614566     
  0.40000000000000013       0.40000000000000013       0.81784107732345157     
  0.50000000000000011       0.40000000000000013       0.43551615499720631     
  0.60000000000000009       0.40000000000000013      -0.11337517428118728     
  0.70000000000000007       0.40000000000000013      -0.61884929901694763     
  0.80000000000000004       0.40000000000000013      -0.88734067985014708     
  0.90000000000000002       0.40000000000000013      -0.81746794621882446     
   1.0000000000000000       0.40000000000000013      -0.42704843909242135     
  -1.0000000000000000       0.50000000000000011      -0.22821352463363281     
 -0.90000000000000002       0.50000000000000011        6.0154800153324237E-002
 -0.80000000000000004       0.50000000000000011       0.33109540883168020     
 -0.69999999999999996       0.50000000000000011       0.47292385063564601     
 -0.59999999999999998       0.50000000000000011       0.43556158837099096     
 -0.49999999999999994       0.50000000000000011       0.23190357303972514     
 -0.39999999999999991       0.50000000000000011       -6.0381084317552729E-002
 -0.29999999999999993       0.50000000000000011      -0.32960482906268496     
 -0.19999999999999993       0.50000000000000011      -0.47293403402913792     
  -9.9999999999999978E-002  0.50000000000000011      -0.43561768146727792     
   2.7755575615628914E-017  0.50000000000000011      -0.23193354743639996     
  0.10000000000000009       0.50000000000000011        6.0374699799899720E-002
  0.20000000000000009       0.50000000000000011       0.32954416710520557     
  0.30000000000000016       0.50000000000000011       0.47292375775745116     
  0.40000000000000013       0.50000000000000011       0.43551615499720780     
  0.50000000000000011       0.50000000000000011       0.23190299135927464     
  0.60000000000000009       0.50000000000000011       -6.0403364621460655E-002
  0.70000000000000007       0.50000000000000011      -0.32957797763968744     
  0.80000000000000004       0.50000000000000011      -0.47254411337453062     
  0.90000000000000002       0.50000000000000011      -0.43531753525296452     
   1.0000000000000000       0.50000000000000011      -0.22739429993891355     
  -1.0000000000000000       0.60000000000000009        5.9442458165612874E-002
 -0.90000000000000002       0.60000000000000009       -1.5605815380986659E-002
 -0.80000000000000004       0.60000000000000009       -8.6138273920803463E-002
 -0.69999999999999996       0.60000000000000009      -0.12307979403778478     
 -0.59999999999999998       0.60000000000000009      -0.11338709579714061     
 -0.49999999999999994       0.60000000000000009       -6.0403494091293468E-002
 -0.39999999999999991       0.60000000000000009        1.5664426233691364E-002
 -0.29999999999999993       0.60000000000000009        8.5749694936569351E-002
 -0.19999999999999993       0.60000000000000009       0.12308239418915667     
  -9.9999999999999978E-002  0.60000000000000009       0.11340157532500558     
   2.7755575615628914E-017  0.60000000000000009        6.0411323015094179E-002
  0.10000000000000009       0.60000000000000009       -1.5662726454090344E-002
  0.20000000000000009       0.60000000000000009       -8.5733864546845340E-002
  0.30000000000000016       0.60000000000000009      -0.12307971003270439     
  0.40000000000000013       0.60000000000000009      -0.11337517428117933     
  0.50000000000000011       0.60000000000000009       -6.0403364621459225E-002
  0.60000000000000009       0.60000000000000009        1.5669901371155780E-002
  0.70000000000000007       0.60000000000000009        8.5742642671785191E-002
  0.80000000000000004       0.60000000000000009       0.12298031561380028     
  0.90000000000000002       0.60000000000000009       0.11332331833936718     
   1.0000000000000000       0.60000000000000009        5.9228644030036227E-002
  -1.0000000000000000       0.70000000000000007       0.32433468106115670     
 -0.90000000000000002       0.70000000000000007       -8.5390444769393142E-002
 -0.80000000000000004       0.70000000000000007      -0.47038545152007605     
 -0.69999999999999996       0.70000000000000007      -0.67195001207772087     
 -0.59999999999999998       0.70000000000000007      -0.61891400956141129     
 -0.49999999999999994       0.70000000000000007      -0.32957876879544545     
 -0.39999999999999991       0.70000000000000007        8.5711507085824604E-002
 -0.29999999999999993       0.70000000000000007       0.46826652362632837     
 -0.19999999999999993       0.70000000000000007       0.67196440031093907     
  -9.9999999999999978E-002  0.70000000000000007       0.61899351740278896     
   2.7755575615628914E-017  0.70000000000000007       0.32962140280343760     
  0.10000000000000009       0.70000000000000007       -8.5702374142332005E-002
  0.20000000000000009       0.70000000000000007      -0.46818026336765400     
  0.30000000000000016       0.70000000000000007      -0.67194978367605607     
  0.40000000000000013       0.70000000000000007      -0.61884929901694929     
  0.50000000000000011       0.70000000000000007      -0.32957797763968655     
  0.60000000000000009       0.70000000000000007        8.5742642671785690E-002
  0.70000000000000007       0.70000000000000007       0.46822826867942136     
  0.80000000000000004       0.70000000000000007       0.67140941669906673     
  0.90000000000000002       0.70000000000000007       0.61856682650167127     
   1.0000000000000000       0.70000000000000007       0.32316971148341067     
  -1.0000000000000000       0.80000000000000004       0.46502629391541017     
 -0.90000000000000002       0.80000000000000004      -0.12247488475832462     
 -0.80000000000000004       0.80000000000000004      -0.67450208525648236     
 -0.69999999999999996       0.80000000000000004      -0.96350261918293156     
 -0.59999999999999998       0.80000000000000004      -0.88743340031063089     
 -0.49999999999999994       0.80000000000000004      -0.47254526296900223     
 -0.39999999999999991       0.80000000000000004       0.12293544683262915     
 -0.29999999999999993       0.80000000000000004       0.67146422573889419     
 -0.19999999999999993       0.80000000000000004       0.96352328500324269     
  -9.9999999999999978E-002  0.80000000000000004       0.88754748808375528     
   2.7755575615628914E-017  0.80000000000000004       0.47260637608494327     
  0.10000000000000009       0.80000000000000004      -0.12292237761990193     
  0.20000000000000009       0.80000000000000004      -0.67134056770242845     
  0.30000000000000016       0.80000000000000004      -0.96350233308269406     
  0.40000000000000013       0.80000000000000004      -0.88734067985015219     
  0.50000000000000011       0.80000000000000004      -0.47254411337452973     
  0.60000000000000009       0.80000000000000004       0.12298031561381821     
  0.70000000000000007       0.80000000000000004       0.67140941669906729     
  0.80000000000000004       0.80000000000000004       0.96272791497008381     
  0.90000000000000002       0.80000000000000004       0.88693575912913336     
   1.0000000000000000       0.80000000000000004       0.46335627640853183     
  -1.0000000000000000       0.90000000000000002       0.42839192172700552     
 -0.90000000000000002       0.90000000000000002      -0.11285737992965493     
 -0.80000000000000004       0.90000000000000002      -0.62141566542018278     
 -0.69999999999999996       0.90000000000000002      -0.88764915158740687     
 -0.59999999999999998       0.90000000000000002      -0.81755331895435124     
 -0.49999999999999994       0.90000000000000002      -0.43531860518033655     
 -0.39999999999999991       0.90000000000000002       0.11328182201992855     
 -0.29999999999999993       0.90000000000000002       0.61861728890143119     
 -0.19999999999999993       0.90000000000000002       0.88766821523197137     
  -9.9999999999999978E-002  0.90000000000000002       0.81765848374349304     
   2.7755575615628914E-017  0.90000000000000002       0.43537489321033063     
  0.10000000000000009       0.90000000000000002      -0.11326980058987544     
  0.20000000000000009       0.90000000000000002      -0.61850338729929799     
  0.30000000000000016       0.90000000000000002      -0.88764891759911735     
  0.40000000000000013       0.90000000000000002      -0.81746794621882501     
  0.50000000000000011       0.90000000000000002      -0.43531753525296407     
  0.60000000000000009       0.90000000000000002       0.11332331833936476     
  0.70000000000000007       0.90000000000000002       0.61856682650167116     
  0.80000000000000004       0.90000000000000002       0.88693575912912925     
  0.90000000000000002       0.90000000000000002       0.81709498499368738     
   1.0000000000000000       0.90000000000000002       0.42685368026664078     
  -1.0000000000000000        1.0000000000000000       0.22377656481596780     
 -0.90000000000000002        1.0000000000000000       -5.8984915829670394E-002
 -0.80000000000000004        1.0000000000000000      -0.32465764270114289     
 -0.69999999999999996        1.0000000000000000      -0.46372863390664171     
 -0.59999999999999998        1.0000000000000000      -0.42709298962975489     
 -0.49999999999999994        1.0000000000000000      -0.22739487018828961     
 -0.39999999999999991        1.0000000000000000        5.9206798720884538E-002
 -0.29999999999999993        1.0000000000000000       0.32319604117986689     
 -0.19999999999999993        1.0000000000000000       0.46373861902375030     
  -9.9999999999999978E-002   1.0000000000000000       0.42714799142778997     
   2.7755575615628914E-017   1.0000000000000000       0.22742426193738566     
  0.10000000000000009        1.0000000000000000       -5.9200538128298057E-002
  0.20000000000000009        1.0000000000000000      -0.32313655845627659     
  0.30000000000000016        1.0000000000000000      -0.46372854250307211     
  0.40000000000000013        1.0000000000000000      -0.42704843909241696     
  0.50000000000000011        1.0000000000000000      -0.22739429993891130     
  0.60000000000000009        1.0000000000000000        5.9228644030034860E-002
  0.70000000000000007        1.0000000000000000       0.32316971148340851     
  0.80000000000000004        1.0000000000000000       0.46335627640852783     
  0.90000000000000002        1.0000000000000000       0.42685368026663795     
   1.0000000000000000        1.0000000000000000       0.22297326522126606     
