  -1.0000000000000000       -1.0000000000000000       0.26703615562388139     
 -0.90000000000000002       -1.0000000000000000       -3.8922151634367422E-002
 -0.80000000000000004       -1.0000000000000000      -0.33614722286019966     
 -0.69999999999999996       -1.0000000000000000      -0.50199484123454285     
 -0.59999999999999998       -1.0000000000000000      -0.47792831760111454     
 -0.49999999999999994       -1.0000000000000000      -0.27127747620310771     
 -0.39999999999999991       -1.0000000000000000        3.8971678665207225E-002
 -0.29999999999999993       -1.0000000000000000       0.33431216431450861     
 -0.19999999999999993       -1.0000000000000000       0.50198121927022277     
  -9.9999999999999978E-002  -1.0000000000000000       0.47789916342680677     
   2.7755575615628914E-017  -1.0000000000000000       0.27132125434619436     
  0.10000000000000009       -1.0000000000000000       -3.8948126612694665E-002
  0.20000000000000009       -1.0000000000000000      -0.33423252571792261     
  0.30000000000000016       -1.0000000000000000      -0.50196390398421842     
  0.40000000000000013       -1.0000000000000000      -0.47782697285561415     
  0.50000000000000011       -1.0000000000000000      -0.27128848061337923     
  0.60000000000000009       -1.0000000000000000        3.8809111332864105E-002
  0.70000000000000007       -1.0000000000000000       0.33424992052256319     
  0.80000000000000004       -1.0000000000000000       0.50128620293814885     
  0.90000000000000002       -1.0000000000000000       0.47751628613461083     
   1.0000000000000000       -1.0000000000000000       0.26588972561819257     
  -1.0000000000000000      -0.90000000000000002       -3.8922151634367193E-002
 -0.90000000000000002      -0.90000000000000002        5.6161203190709611E-003
 -0.80000000000000004      -0.90000000000000002        4.8902229927854986E-002
 -0.69999999999999996      -0.90000000000000002        7.3075473159473756E-002
 -0.59999999999999998      -0.90000000000000002        6.9603334901196676E-002
 -0.49999999999999994      -0.90000000000000002        3.9540169244495972E-002
 -0.39999999999999991      -0.90000000000000002       -5.6228437402617761E-003
 -0.29999999999999993      -0.90000000000000002       -4.8634761096644601E-002
 -0.19999999999999993      -0.90000000000000002       -7.3073449733431953E-002
  -9.9999999999999978E-002 -0.90000000000000002       -6.9598881342820121E-002
   2.7755575615628914E-017 -0.90000000000000002       -3.9546560197591653E-002
  0.10000000000000009      -0.90000000000000002        5.6193933485770963E-003
  0.20000000000000009      -0.90000000000000002        4.8623154301005389E-002
  0.30000000000000016      -0.90000000000000002        7.3070913843055557E-002
  0.40000000000000013      -0.90000000000000002        6.9588493037341284E-002
  0.50000000000000011      -0.90000000000000002        3.9541794747549409E-002
  0.60000000000000009      -0.90000000000000002       -5.5987824869364747E-003
  0.70000000000000007      -0.90000000000000002       -4.8625632507762730E-002
  0.80000000000000004      -0.90000000000000002       -7.2971766053798265E-002
  0.90000000000000002      -0.90000000000000002       -6.9543035209516949E-002
   1.0000000000000000      -0.90000000000000002       -3.8754761924984761E-002
  -1.0000000000000000      -0.80000000000000004      -0.33614722286019988     
 -0.90000000000000002      -0.80000000000000004        4.8902229927855298E-002
 -0.80000000000000004      -0.80000000000000004       0.42299217830086355     
 -0.69999999999999996      -0.80000000000000004       0.63176237152918924     
 -0.59999999999999998      -0.80000000000000004       0.60152565136957803     
 -0.49999999999999994      -0.80000000000000004       0.34148593498075164     
 -0.39999999999999991      -0.80000000000000004       -4.8963764462536148E-002
 -0.29999999999999993      -0.80000000000000004      -0.42068219560360220     
 -0.19999999999999993      -0.80000000000000004      -0.63174516201980069     
  -9.9999999999999978E-002 -0.80000000000000004      -0.60148861787735053     
   2.7755575615628914E-017 -0.80000000000000004      -0.34154105964887205     
  0.10000000000000009      -0.80000000000000004        4.8934088260680221E-002
  0.20000000000000009      -0.80000000000000004       0.42058194756663880     
  0.30000000000000016      -0.80000000000000004       0.63172334563691646     
  0.40000000000000013      -0.80000000000000004       0.60139796287241398     
  0.50000000000000011      -0.80000000000000004       0.34149982266206963     
  0.60000000000000009      -0.80000000000000004       -4.8758524557101834E-002
  0.70000000000000007      -0.80000000000000004      -0.42060375072666922     
  0.80000000000000004      -0.80000000000000004      -0.63086964699288117     
  0.90000000000000002      -0.80000000000000004      -0.60100658441007782     
   1.0000000000000000      -0.80000000000000004      -0.33470361241454616     
  -1.0000000000000000      -0.69999999999999996      -0.50199484123454174     
 -0.90000000000000002      -0.69999999999999996        7.3075473159472326E-002
 -0.80000000000000004      -0.69999999999999996       0.63176237152918691     
 -0.69999999999999996      -0.69999999999999996       0.94353521787155226     
 -0.59999999999999998      -0.69999999999999996       0.89835158737149323     
 -0.49999999999999994      -0.69999999999999996       0.50996770176426465     
 -0.39999999999999991      -0.69999999999999996       -7.3167766811583962E-002
 -0.29999999999999993      -0.69999999999999996      -0.62831269265951473     
 -0.19999999999999993      -0.69999999999999996      -0.94350954815678445     
  -9.9999999999999978E-002 -0.69999999999999996      -0.89829644693583255     
   2.7755575615628914E-017 -0.69999999999999996      -0.51005001564737118     
  0.10000000000000009      -0.69999999999999996        7.3123463165847793E-002
  0.20000000000000009      -0.69999999999999996       0.62816298363959089     
  0.30000000000000016      -0.69999999999999996       0.94347697779019724     
  0.40000000000000013      -0.69999999999999996       0.89816095682245756     
  0.50000000000000011      -0.69999999999999996       0.50998842395587773     
  0.60000000000000009      -0.69999999999999996       -7.2861561143710896E-002
  0.70000000000000007      -0.69999999999999996      -0.62819559009391335     
  0.80000000000000004      -0.69999999999999996      -0.94220238030763925     
  0.90000000000000002      -0.69999999999999996      -0.89757662058394660     
   1.0000000000000000      -0.69999999999999996      -0.49983921946184334     
  -1.0000000000000000      -0.59999999999999998      -0.47792831760111271     
 -0.90000000000000002      -0.59999999999999998        6.9603334901197841E-002
 -0.80000000000000004      -0.59999999999999998       0.60152565136959857     
 -0.69999999999999996      -0.59999999999999998       0.89835158737149534     
 -0.59999999999999998      -0.59999999999999998       0.85531458542178018     
 -0.49999999999999994      -0.59999999999999998       0.48551904405817536     
 -0.39999999999999991      -0.59999999999999998       -6.9691475175540918E-002
 -0.29999999999999993      -0.59999999999999998      -0.59824135504821430     
 -0.19999999999999993      -0.59999999999999998      -0.89832716908895471     
  -9.9999999999999978E-002 -0.59999999999999998      -0.85526220033134226     
   2.7755575615628914E-017 -0.59999999999999998      -0.48559740617888220     
  0.10000000000000009      -0.59999999999999998        6.9649305130234554E-002
  0.20000000000000009      -0.59999999999999998       0.59809882278854964     
  0.30000000000000016      -0.59999999999999998       0.89829616682045721     
  0.40000000000000013      -0.59999999999999998       0.85513313251519008     
  0.50000000000000011      -0.59999999999999998       0.48553876099236448     
  0.60000000000000009      -0.59999999999999998       -6.9400150042463804E-002
  0.70000000000000007      -0.59999999999999998      -0.59812989735418498     
  0.80000000000000004      -0.59999999999999998      -0.89708287774831574     
  0.90000000000000002      -0.59999999999999998      -0.85457690532731889     
   1.0000000000000000      -0.59999999999999998      -0.47587619928265940     
  -1.0000000000000000      -0.49999999999999994      -0.27127747620310910     
 -0.90000000000000002      -0.49999999999999994        3.9540169244495570E-002
 -0.80000000000000004      -0.49999999999999994       0.34148593498075036     
 -0.69999999999999996      -0.49999999999999994       0.50996770176426554     
 -0.59999999999999998      -0.49999999999999994       0.48551904405817409     
 -0.49999999999999994      -0.49999999999999994       0.27558616087167098     
 -0.39999999999999991      -0.49999999999999994       -3.9590481342374431E-002
 -0.29999999999999993      -0.49999999999999994      -0.33962173030366510     
 -0.19999999999999993      -0.49999999999999994      -0.50995386332239967     
  -9.9999999999999978E-002 -0.49999999999999994      -0.48548942618256263     
   2.7755575615628914E-017 -0.49999999999999994      -0.27563063437256452     
  0.10000000000000009      -0.49999999999999994        3.9566555157864010E-002
  0.20000000000000009      -0.49999999999999994       0.33954082681436620     
  0.30000000000000016      -0.49999999999999994       0.50993627298037614     
  0.40000000000000013      -0.49999999999999994       0.48541608943593950     
  0.50000000000000011      -0.49999999999999994       0.27559734013269538     
  0.60000000000000009      -0.49999999999999994       -3.9425330801455362E-002
  0.70000000000000007      -0.49999999999999994      -0.33955849771882823     
  0.80000000000000004      -0.49999999999999994      -0.50924780687548266     
  0.90000000000000002      -0.49999999999999994      -0.48510046754586922     
   1.0000000000000000      -0.49999999999999994      -0.27011283659044794     
  -1.0000000000000000      -0.39999999999999991        3.8971678665211229E-002
 -0.90000000000000002      -0.39999999999999991       -5.6228437402613702E-003
 -0.80000000000000004      -0.39999999999999991       -4.8963764462537730E-002
 -0.69999999999999996      -0.39999999999999991       -7.3167766811584212E-002
 -0.59999999999999998      -0.39999999999999991       -6.9691475175531772E-002
 -0.49999999999999994      -0.39999999999999991       -3.9590481342373605E-002
 -0.39999999999999991      -0.39999999999999991        5.6295720508422395E-003
 -0.29999999999999993      -0.39999999999999991        4.8695955289891783E-002
 -0.19999999999999993      -0.39999999999999991        7.3165740528302492E-002
  -9.9999999999999978E-002 -0.39999999999999991        6.9687014436449549E-002
   2.7755575615628914E-017 -0.39999999999999991        3.9596880502582560E-002
  0.10000000000000009      -0.39999999999999991       -5.6261171372819947E-003
  0.20000000000000009      -0.39999999999999991       -4.8684333731009166E-002
  0.30000000000000016      -0.39999999999999991       -7.3163201321650023E-002
  0.40000000000000013      -0.39999999999999991       -6.9676613901717907E-002
  0.50000000000000011      -0.39999999999999991       -3.9592109073604539E-002
  0.60000000000000009      -0.39999999999999991        5.6054774657899355E-003
  0.70000000000000007      -0.39999999999999991        4.8686814668424096E-002
  0.80000000000000004      -0.39999999999999991        7.3063924631357580E-002
  0.90000000000000002      -0.39999999999999991        6.9631096947019119E-002
   1.0000000000000000      -0.39999999999999991        3.8804073800385169E-002
  -1.0000000000000000      -0.29999999999999993       0.33431216431450828     
 -0.90000000000000002      -0.29999999999999993       -4.8634761096643817E-002
 -0.80000000000000004      -0.29999999999999993      -0.42068219560360187     
 -0.69999999999999996      -0.29999999999999993      -0.62831269265951450     
 -0.59999999999999998      -0.29999999999999993      -0.59824135504821307     
 -0.49999999999999994      -0.29999999999999993      -0.33962173030366383     
 -0.39999999999999991      -0.29999999999999993        4.8695955289892408E-002
 -0.29999999999999993      -0.29999999999999993       0.41838482335310240     
 -0.19999999999999993      -0.29999999999999993       0.62829557676285208     
  -9.9999999999999978E-002 -0.29999999999999993       0.59820452190900419     
   2.7755575615628914E-017 -0.29999999999999993       0.33967655412946451     
  0.10000000000000009      -0.29999999999999993       -4.8666440939169678E-002
  0.20000000000000009      -0.29999999999999993      -0.41828512259088685     
  0.30000000000000016      -0.29999999999999993      -0.62827387936980938     
  0.40000000000000013      -0.29999999999999993      -0.59811436299455378     
  0.50000000000000011      -0.29999999999999993      -0.33963554236240584     
  0.60000000000000009      -0.29999999999999993        4.8491832552185629E-002
  0.70000000000000007      -0.29999999999999993       0.41830680621465299     
  0.80000000000000004      -0.29999999999999993       0.62742483787309500     
  0.90000000000000002      -0.29999999999999993       0.59772511955840191     
   1.0000000000000000      -0.29999999999999993       0.33287643209241069     
  -1.0000000000000000      -0.19999999999999993       0.50198121927021955     
 -0.90000000000000002      -0.19999999999999993       -7.3073449733432452E-002
 -0.80000000000000004      -0.19999999999999993      -0.63174516201981579     
 -0.69999999999999996      -0.19999999999999993      -0.94350954815678523     
 -0.59999999999999998      -0.19999999999999993      -0.89832716908895416     
 -0.49999999999999994      -0.19999999999999993      -0.50995386332239989     
 -0.39999999999999991      -0.19999999999999993        7.3165740528304060E-002
 -0.29999999999999993      -0.19999999999999993       0.62829557676285208     
 -0.19999999999999993      -0.19999999999999993       0.94348387911180831     
  -9.9999999999999978E-002 -0.19999999999999993       0.89827203000465561     
   2.7755575615628914E-017 -0.19999999999999993       0.51003617497892817     
  0.10000000000000009      -0.19999999999999993       -7.3121438072521749E-002
  0.20000000000000009      -0.19999999999999993      -0.62814587180637171     
  0.30000000000000016      -0.19999999999999993      -0.94345130962044932     
  0.40000000000000013      -0.19999999999999993      -0.89813654366346773     
  0.50000000000000011      -0.19999999999999993      -0.50997458496699677     
  0.60000000000000009      -0.19999999999999993        7.2859542909781791E-002
  0.70000000000000007      -0.19999999999999993       0.62817847733505994     
  0.80000000000000004      -0.19999999999999993       0.94217674646390714     
  0.90000000000000002      -0.19999999999999993       0.89755222315795680     
   1.0000000000000000      -0.19999999999999993       0.49982565578602745     
  -1.0000000000000000       -9.9999999999999978E-002  0.47789916342680833     
 -0.90000000000000002       -9.9999999999999978E-002  -6.9598881342818886E-002
 -0.80000000000000004       -9.9999999999999978E-002 -0.60148861787735008     
 -0.69999999999999996       -9.9999999999999978E-002 -0.89829644693583144     
 -0.59999999999999998       -9.9999999999999978E-002 -0.85526220033134226     
 -0.49999999999999994       -9.9999999999999978E-002 -0.48548942618256163     
 -0.39999999999999991       -9.9999999999999978E-002   6.9687014436449535E-002
 -0.29999999999999993       -9.9999999999999978E-002  0.59820452190900464     
 -0.19999999999999993       -9.9999999999999978E-002  0.89827203000465428     
  -9.9999999999999978E-002  -9.9999999999999978E-002  0.85520981769278082     
   2.7755575615628914E-017  -9.9999999999999978E-002  0.48556778355962016     
  0.10000000000000009       -9.9999999999999978E-002  -6.9644846899601182E-002
  0.20000000000000009       -9.9999999999999978E-002 -0.59806199834759899     
  0.30000000000000016       -9.9999999999999978E-002 -0.89824102958326502     
  0.40000000000000013       -9.9999999999999978E-002 -0.85508075823749063     
  0.50000000000000011       -9.9999999999999978E-002 -0.48550914199245371     
  0.60000000000000009       -9.9999999999999978E-002   6.9395705741167366E-002
  0.70000000000000007       -9.9999999999999978E-002  0.59809307080940788     
  0.80000000000000004       -9.9999999999999978E-002  0.89702781318001601     
  0.90000000000000002       -9.9999999999999978E-002  0.85452456434886581     
   1.0000000000000000       -9.9999999999999978E-002  0.47584716923165621     
  -1.0000000000000000        2.7755575615628914E-017  0.27132125434618892     
 -0.90000000000000002        2.7755575615628914E-017  -3.9546560197592014E-002
 -0.80000000000000004        2.7755575615628914E-017 -0.34154105964887738     
 -0.69999999999999996        2.7755575615628914E-017 -0.51005001564737085     
 -0.59999999999999998        2.7755575615628914E-017 -0.48559740617888908     
 -0.49999999999999994        2.7755575615628914E-017 -0.27563063437256574     
 -0.39999999999999991        2.7755575615628914E-017   3.9596880502582900E-002
 -0.29999999999999993        2.7755575615628914E-017  0.33967655412946418     
 -0.19999999999999993        2.7755575615628914E-017  0.51003617497892328     
  -9.9999999999999978E-002   2.7755575615628914E-017  0.48556778355962066     
   2.7755575615628914E-017   2.7755575615628914E-017  0.27567511504875880     
  0.10000000000000009        2.7755575615628914E-017  -3.9572950459919716E-002
  0.20000000000000009        2.7755575615628914E-017 -0.33959563758390338     
  0.30000000000000016        2.7755575615628914E-017 -0.51001858180033788     
  0.40000000000000013        2.7755575615628914E-017 -0.48549443495427236     
  0.50000000000000011        2.7755575615628914E-017 -0.27564181543387867     
  0.60000000000000009        2.7755575615628914E-017   3.9431703374604950E-002
  0.70000000000000007        2.7755575615628914E-017  0.33961331135019135     
  0.80000000000000004        2.7755575615628914E-017  0.50933000465712186     
  0.90000000000000002        2.7755575615628914E-017  0.48517876216051609     
   1.0000000000000000        2.7755575615628914E-017  0.27015642683765839     
  -1.0000000000000000       0.10000000000000009       -3.8948126612693847E-002
 -0.90000000000000002       0.10000000000000009        5.6193933485772091E-003
 -0.80000000000000004       0.10000000000000009        4.8934088260680499E-002
 -0.69999999999999996       0.10000000000000009        7.3123463165848224E-002
 -0.59999999999999998       0.10000000000000009        6.9649305130234526E-002
 -0.49999999999999994       0.10000000000000009        3.9566555157863691E-002
 -0.39999999999999991       0.10000000000000009       -5.6261171372814717E-003
 -0.29999999999999993       0.10000000000000009       -4.8666440939169546E-002
 -0.19999999999999993       0.10000000000000009       -7.3121438072521056E-002
  -9.9999999999999978E-002  0.10000000000000009       -6.9644846899601015E-002
   2.7755575615628914E-017  0.10000000000000009       -3.9572950459919272E-002
  0.10000000000000009       0.10000000000000009        5.6226642957602473E-003
  0.20000000000000009       0.10000000000000009        4.8654826404813917E-002
  0.30000000000000016       0.10000000000000009        7.3118900389276445E-002
  0.40000000000000013       0.10000000000000009        6.9634452773687780E-002
  0.50000000000000011       0.10000000000000009        3.9568181925149840E-002
  0.60000000000000009       0.10000000000000009       -5.6020367776712932E-003
  0.70000000000000007       0.10000000000000009       -4.8657305790227971E-002
  0.80000000000000004       0.10000000000000009       -7.3019683358183887E-002
  0.90000000000000002       0.10000000000000009       -6.9588963167289269E-002
   1.0000000000000000       0.10000000000000009       -3.8780622771861784E-002
  -1.0000000000000000       0.20000000000000009      -0.33423252571792200     
 -0.90000000000000002       0.20000000000000009        4.8623154301006201E-002
 -0.80000000000000004       0.20000000000000009       0.42058194756664430     
 -0.69999999999999996       0.20000000000000009       0.62816298363959311     
 -0.59999999999999998       0.20000000000000009       0.59809882278853344     
 -0.49999999999999994       0.20000000000000009       0.33954082681436593     
 -0.39999999999999991       0.20000000000000009       -4.8684333731006751E-002
 -0.29999999999999993       0.20000000000000009      -0.41828512259088668     
 -0.19999999999999993       0.20000000000000009      -0.62814587180636139     
  -9.9999999999999978E-002  0.20000000000000009      -0.59806199834759899     
   2.7755575615628914E-017  0.20000000000000009      -0.33959563758390038     
  0.10000000000000009       0.20000000000000009        4.8654826404813993E-002
  0.20000000000000009       0.20000000000000009       0.41818544557976733     
  0.30000000000000016       0.20000000000000009       0.62812417957743616     
  0.40000000000000013       0.20000000000000009       0.59797186096101507     
  0.50000000000000011       0.20000000000000009       0.33955463559086735     
  0.60000000000000009       0.20000000000000009       -4.8480259482604690E-002
  0.70000000000000007       0.20000000000000009      -0.41820712401653765     
  0.80000000000000004       0.20000000000000009      -0.62727534020004372     
  0.90000000000000002       0.20000000000000009      -0.59758271018406739     
   1.0000000000000000       0.20000000000000009      -0.33279713540325717     
  -1.0000000000000000       0.30000000000000016      -0.50196390398421742     
 -0.90000000000000002       0.30000000000000016        7.3070913843054419E-002
 -0.80000000000000004       0.30000000000000016       0.63172334563691557     
 -0.69999999999999996       0.30000000000000016       0.94347697779019701     
 -0.59999999999999998       0.30000000000000016       0.89829616682045643     
 -0.49999999999999994       0.30000000000000016       0.50993627298037514     
 -0.39999999999999991       0.30000000000000016       -7.3163201321650023E-002
 -0.29999999999999993       0.30000000000000016      -0.62827387936980927     
 -0.19999999999999993       0.30000000000000016      -0.94345130962044976     
  -9.9999999999999978E-002  0.30000000000000016      -0.89824102958326535     
   2.7755575615628914E-017  0.30000000000000016      -0.51001858180033965     
  0.10000000000000009       0.30000000000000016        7.3118900389276625E-002
  0.20000000000000009       0.30000000000000016       0.62812417957743605     
  0.30000000000000016       0.30000000000000016       0.94341874124927538     
  0.40000000000000013       0.30000000000000016       0.89810554795137498     
  0.50000000000000011       0.30000000000000016       0.50995699391597793     
  0.60000000000000009       0.30000000000000016       -7.2857014166703191E-002
  0.70000000000000007       0.30000000000000016      -0.62815678396614572     
  0.80000000000000004       0.30000000000000016      -0.94214422195827241     
  0.90000000000000002       0.30000000000000016      -0.89752124755488982     
   1.0000000000000000       0.30000000000000016      -0.49980841477571869     
  -1.0000000000000000       0.40000000000000013      -0.47782697285560294     
 -0.90000000000000002       0.40000000000000013        6.9588493037341728E-002
 -0.80000000000000004       0.40000000000000013       0.60139796287242575     
 -0.69999999999999996       0.40000000000000013       0.89816095682245800     
 -0.59999999999999998       0.40000000000000013       0.85513313251519463     
 -0.49999999999999994       0.40000000000000013       0.48541608943594106     
 -0.39999999999999991       0.40000000000000013       -6.9676613901712425E-002
 -0.29999999999999993       0.40000000000000013      -0.59811436299455223     
 -0.19999999999999993       0.40000000000000013      -0.89813654366346451     
  -9.9999999999999978E-002  0.40000000000000013      -0.85508075823749019     
   2.7755575615628914E-017  0.40000000000000013      -0.48549443495427885     
  0.10000000000000009       0.40000000000000013        6.9634452773687544E-002
  0.20000000000000009       0.40000000000000013       0.59797186096101984     
  0.30000000000000016       0.40000000000000013       0.89810554795137376     
  0.40000000000000013       0.40000000000000013       0.85495171798535741     
  0.50000000000000011       0.40000000000000013       0.48543580222030408     
  0.60000000000000009       0.40000000000000013       -6.9385350014606662E-002
  0.70000000000000007       0.40000000000000013      -0.59800292885395101     
  0.80000000000000004       0.40000000000000013      -0.89689251562585925     
  0.90000000000000002       0.40000000000000013      -0.85439560849390261     
   1.0000000000000000       0.40000000000000013      -0.47577528927027868     
  -1.0000000000000000       0.50000000000000011      -0.27128848061338051     
 -0.90000000000000002       0.50000000000000011        3.9541794747548979E-002
 -0.80000000000000004       0.50000000000000011       0.34149982266206946     
 -0.69999999999999996       0.50000000000000011       0.50998842395587773     
 -0.59999999999999998       0.50000000000000011       0.48553876099236587     
 -0.49999999999999994       0.50000000000000011       0.27559734013269521     
 -0.39999999999999991       0.50000000000000011       -3.9592109073605691E-002
 -0.29999999999999993       0.50000000000000011      -0.33963554236240601     
 -0.19999999999999993       0.50000000000000011      -0.50997458496699910     
  -9.9999999999999978E-002  0.50000000000000011      -0.48550914199245360     
   2.7755575615628914E-017  0.50000000000000011      -0.27564181543387928     
  0.10000000000000009       0.50000000000000011        3.9568181925149819E-002
  0.20000000000000009       0.50000000000000011       0.33955463559086890     
  0.30000000000000016       0.50000000000000011       0.50995699391597848     
  0.40000000000000013       0.50000000000000011       0.48543580222030547     
  0.50000000000000011       0.50000000000000011       0.27560851983906642     
  0.60000000000000009       0.50000000000000011       -3.9426951971685040E-002
  0.70000000000000007       0.50000000000000011      -0.33957230723376280     
  0.80000000000000004       0.50000000000000011      -0.50926850002271495     
  0.90000000000000002       0.50000000000000011      -0.48512016759249604     
   1.0000000000000000       0.50000000000000011      -0.27012379386674951     
  -1.0000000000000000       0.60000000000000009        3.8809111332862647E-002
 -0.90000000000000002       0.60000000000000009       -5.5987824869366239E-003
 -0.80000000000000004       0.60000000000000009       -4.8758524557093945E-002
 -0.69999999999999996       0.60000000000000009       -7.2861561143710563E-002
 -0.59999999999999998       0.60000000000000009       -6.9400150042442654E-002
 -0.49999999999999994       0.60000000000000009       -3.9425330801453981E-002
 -0.39999999999999991       0.60000000000000009        5.6054774657828882E-003
 -0.29999999999999993       0.60000000000000009        4.8491832552185796E-002
 -0.19999999999999993       0.60000000000000009        7.2859542909767358E-002
  -9.9999999999999978E-002  0.60000000000000009        6.9395705741167185E-002
   2.7755575615628914E-017  0.60000000000000009        3.9431703374602903E-002
  0.10000000000000009       0.60000000000000009       -5.6020367776714397E-003
  0.20000000000000009       0.60000000000000009       -4.8480259482590903E-002
  0.30000000000000016       0.60000000000000009       -7.2857014166703607E-002
  0.40000000000000013       0.60000000000000009       -6.9385350014597988E-002
  0.50000000000000011       0.60000000000000009       -3.9426951971683832E-002
  0.60000000000000009       0.60000000000000009        5.5814794989571866E-003
  0.70000000000000007       0.60000000000000009        4.8482729463093788E-002
  0.80000000000000004       0.60000000000000009        7.2758147682811580E-002
  0.90000000000000002       0.60000000000000009        6.9340021088134057E-002
   1.0000000000000000       0.60000000000000009        3.8642202531021248E-002
  -1.0000000000000000       0.70000000000000007       0.33424992052256208     
 -0.90000000000000002       0.70000000000000007       -4.8625632507762258E-002
 -0.80000000000000004       0.70000000000000007      -0.42060375072666956     
 -0.69999999999999996       0.70000000000000007      -0.62819559009391279     
 -0.59999999999999998       0.70000000000000007      -0.59812989735418565     
 -0.49999999999999994       0.70000000000000007      -0.33955849771882662     
 -0.39999999999999991       0.70000000000000007        4.8686814668424339E-002
 -0.29999999999999993       0.70000000000000007       0.41830680621465227     
 -0.19999999999999993       0.70000000000000007       0.62817847733506060     
  -9.9999999999999978E-002  0.70000000000000007       0.59809307080940688     
   2.7755575615628914E-017  0.70000000000000007       0.33961331135019196     
  0.10000000000000009       0.70000000000000007       -4.8657305790227999E-002
  0.20000000000000009       0.70000000000000007      -0.41820712401653831     
  0.30000000000000016       0.70000000000000007      -0.62815678396614505     
  0.40000000000000013       0.70000000000000007      -0.59800292885395268     
  0.50000000000000011       0.70000000000000007      -0.33957230723376181     
  0.60000000000000009       0.70000000000000007        4.8482729463094031E-002
  0.70000000000000007       0.70000000000000007       0.41822880352934555     
  0.80000000000000004       0.70000000000000007       0.62730790007246007     
  0.90000000000000002       0.70000000000000007       0.59761375766533864     
   1.0000000000000000       0.70000000000000007       0.33281445523711367     
  -1.0000000000000000       0.80000000000000004       0.50128620293815640     
 -0.90000000000000002       0.80000000000000004       -7.2971766053799764E-002
 -0.80000000000000004       0.80000000000000004      -0.63086964699290626     
 -0.69999999999999996       0.80000000000000004      -0.94220238030764347     
 -0.59999999999999998       0.80000000000000004      -0.89708287774831941     
 -0.49999999999999994       0.80000000000000004      -0.50924780687548554     
 -0.39999999999999991       0.80000000000000004        7.3063924631362701E-002
 -0.29999999999999993       0.80000000000000004       0.62742483787309622     
 -0.19999999999999993       0.80000000000000004       0.94217674646391403     
  -9.9999999999999978E-002  0.80000000000000004       0.89702781318001867     
   2.7755575615628914E-017  0.80000000000000004       0.50933000465712364     
  0.10000000000000009       0.80000000000000004       -7.3019683358184803E-002
  0.20000000000000009       0.80000000000000004      -0.62727534020006115     
  0.30000000000000016       0.80000000000000004      -0.94214422195827430     
  0.40000000000000013       0.80000000000000004      -0.89689251562586281     
  0.50000000000000011       0.80000000000000004      -0.50926850002271395     
  0.60000000000000009       0.80000000000000004        7.2758147682829552E-002
  0.70000000000000007       0.80000000000000004       0.62730790007245940     
  0.80000000000000004       0.80000000000000004       0.94087142019762571     
  0.90000000000000002       0.80000000000000004       0.89630900258743096     
   1.0000000000000000       0.80000000000000004       0.49913362133469469     
  -1.0000000000000000       0.90000000000000002       0.47751628613460689     
 -0.90000000000000002       0.90000000000000002       -6.9543035209515935E-002
 -0.80000000000000004       0.90000000000000002      -0.60100658441007426     
 -0.69999999999999996       0.90000000000000002      -0.89757662058394549     
 -0.59999999999999998       0.90000000000000002      -0.85457690532731989     
 -0.49999999999999994       0.90000000000000002      -0.48510046754586789     
 -0.39999999999999991       0.90000000000000002        6.9631096947015386E-002
 -0.29999999999999993       0.90000000000000002       0.59772511955840169     
 -0.19999999999999993       0.90000000000000002       0.89755222315795424     
  -9.9999999999999978E-002  0.90000000000000002       0.85452456434886470     
   2.7755575615628914E-017  0.90000000000000002       0.48517876216051831     
  0.10000000000000009       0.90000000000000002       -6.9588963167289006E-002
  0.20000000000000009       0.90000000000000002      -0.59758271018406461     
  0.30000000000000016       0.90000000000000002      -0.89752124755488893     
  0.40000000000000013       0.90000000000000002      -0.85439560849390317     
  0.50000000000000011       0.90000000000000002      -0.48512016759249516     
  0.60000000000000009       0.90000000000000002        6.9340021088131754E-002
  0.70000000000000007       0.90000000000000002       0.59761375766533831     
  0.80000000000000004       0.90000000000000002       0.89630900258742630     
  0.90000000000000002       0.90000000000000002       0.85383985994865252     
   1.0000000000000000       0.90000000000000002       0.47546593549418104     
  -1.0000000000000000        1.0000000000000000       0.26588972561817187     
 -0.90000000000000002        1.0000000000000000       -3.8754761924986489E-002
 -0.80000000000000004        1.0000000000000000      -0.33470361241454522     
 -0.69999999999999996        1.0000000000000000      -0.49983921946184057     
 -0.59999999999999998        1.0000000000000000      -0.47587619928266572     
 -0.49999999999999994        1.0000000000000000      -0.27011283659044771     
 -0.39999999999999991        1.0000000000000000        3.8804073800379014E-002
 -0.29999999999999993        1.0000000000000000       0.33287643209240997     
 -0.19999999999999993        1.0000000000000000       0.49982565578602128     
  -9.9999999999999978E-002   1.0000000000000000       0.47584716923165538     
   2.7755575615628914E-017   1.0000000000000000       0.27015642683766244     
  0.10000000000000009        1.0000000000000000       -3.8780622771862734E-002
  0.20000000000000009        1.0000000000000000      -0.33279713540325528     
  0.30000000000000016        1.0000000000000000      -0.49980841477571597     
  0.40000000000000013        1.0000000000000000      -0.47577528927027246     
  0.50000000000000011        1.0000000000000000      -0.27012379386674668     
  0.60000000000000009        1.0000000000000000        3.8642202531020076E-002
  0.70000000000000007        1.0000000000000000       0.33281445523711090     
  0.80000000000000004        1.0000000000000000       0.49913362133468708     
  0.90000000000000002        1.0000000000000000       0.47546593549417743     
   1.0000000000000000        1.0000000000000000       0.26474821594558517     
