  -1.0000000000000000       -1.0000000000000000       0.45283899362520619     
 -0.90000000000000002       -1.0000000000000000       0.63603927156110773     
 -0.80000000000000004       -1.0000000000000000       0.58253583058414216     
 -0.69999999999999996       -1.0000000000000000       0.31200601398714461     
 -0.59999999999999998       -1.0000000000000000       -8.1696542784558360E-002
 -0.49999999999999994       -1.0000000000000000      -0.44293389009117889     
 -0.39999999999999991       -1.0000000000000000      -0.63707525669176868     
 -0.29999999999999993       -1.0000000000000000      -0.58569736997465516     
 -0.19999999999999993       -1.0000000000000000      -0.31350824228634139     
  -9.9999999999999978E-002  -1.0000000000000000        8.3777513059965281E-002
   2.7755575615628914E-017  -1.0000000000000000       0.45707981738316517     
  0.10000000000000009       -1.0000000000000000       0.65894739620843745     
  0.20000000000000009       -1.0000000000000000       0.60459658367781055     
  0.30000000000000016       -1.0000000000000000       0.32344321020718458     
  0.40000000000000013       -1.0000000000000000       -8.6734833156466171E-002
  0.50000000000000011       -1.0000000000000000      -0.45906625616887275     
  0.60000000000000009       -1.0000000000000000      -0.66211471136289757     
  0.70000000000000007       -1.0000000000000000      -0.60726341102639647     
  0.80000000000000004       -1.0000000000000000      -0.32684915235690565     
  0.90000000000000002       -1.0000000000000000        8.3204115517944349E-002
   1.0000000000000000       -1.0000000000000000       0.44840966210033389     
  -1.0000000000000000      -0.90000000000000002       0.63603927156110251     
 -0.90000000000000002      -0.90000000000000002       0.89304417418659177     
 -0.80000000000000004      -0.90000000000000002       0.81770348949112237     
 -0.69999999999999996      -0.90000000000000002       0.43772535800848716     
 -0.59999999999999998      -0.90000000000000002      -0.11505905043076167     
 -0.49999999999999994      -0.90000000000000002      -0.62212906056490003     
 -0.39999999999999991      -0.90000000000000002      -0.89449786653931984     
 -0.29999999999999993      -0.90000000000000002      -0.82214287014520571     
 -0.19999999999999993      -0.90000000000000002      -0.43983320177046853     
  -9.9999999999999978E-002 -0.90000000000000002       0.11799257821402374     
   2.7755575615628914E-017 -0.90000000000000002       0.64200065981693599     
  0.10000000000000009      -0.90000000000000002       0.92520913385638681     
  0.20000000000000009      -0.90000000000000002       0.84867235680469078     
  0.30000000000000016      -0.90000000000000002       0.45377101095107952     
  0.40000000000000013      -0.90000000000000002      -0.12214671070102374     
  0.50000000000000011      -0.90000000000000002      -0.64478781749992442     
  0.60000000000000009      -0.90000000000000002      -0.92965518643357037     
  0.70000000000000007      -0.90000000000000002      -0.85241439104156991     
  0.80000000000000004      -0.90000000000000002      -0.45855215776921576     
  0.90000000000000002      -0.90000000000000002       0.11719039150011643     
   1.0000000000000000      -0.90000000000000002       0.62982244786836539     
  -1.0000000000000000      -0.80000000000000004       0.58253583058411817     
 -0.90000000000000002      -0.80000000000000004       0.81770348949112426     
 -0.80000000000000004      -0.80000000000000004       0.74856577167968541     
 -0.69999999999999996      -0.80000000000000004       0.40054923505328249     
 -0.59999999999999998      -0.80000000000000004      -0.10559882305136815     
 -0.49999999999999994      -0.80000000000000004      -0.56979721287058616     
 -0.39999999999999991      -0.80000000000000004      -0.81903390809958976     
 -0.29999999999999993      -0.80000000000000004      -0.75263087837753873     
 -0.19999999999999993      -0.80000000000000004      -0.40247827637559569     
  -9.9999999999999978E-002 -0.80000000000000004       0.10829307817128780     
   2.7755575615628914E-017 -0.80000000000000004       0.58799918636895210     
  0.10000000000000009      -0.80000000000000004       0.84715511993595316     
  0.20000000000000009      -0.80000000000000004       0.77691777862665090     
  0.30000000000000016      -0.80000000000000004       0.41523210286070777     
  0.40000000000000013      -0.80000000000000004      -0.11209804758206281     
  0.50000000000000011      -0.80000000000000004      -0.59054984466864024     
  0.60000000000000009      -0.80000000000000004      -0.85122532658353656     
  0.70000000000000007      -0.80000000000000004      -0.78034244956736909     
  0.80000000000000004      -0.80000000000000004      -0.41960916550918442     
  0.90000000000000002      -0.80000000000000004       0.10756060563870848     
   1.0000000000000000      -0.80000000000000004       0.57684507670265672     
  -1.0000000000000000      -0.69999999999999996       0.31200601398714700     
 -0.90000000000000002      -0.69999999999999996       0.43772535800848744     
 -0.80000000000000004      -0.69999999999999996       0.40054923505328177     
 -0.69999999999999996      -0.69999999999999996       0.21414945445440695     
 -0.59999999999999998      -0.69999999999999996       -5.6795559249182982E-002
 -0.49999999999999994      -0.69999999999999996      -0.30518480804562398     
 -0.39999999999999991      -0.69999999999999996      -0.43843685709391056     
 -0.29999999999999993      -0.69999999999999996      -0.40272560037018906     
 -0.19999999999999993      -0.69999999999999996      -0.21518103194760543     
  -9.9999999999999978E-002 -0.69999999999999996        5.8246726022912088E-002
   2.7755575615628914E-017 -0.69999999999999996       0.31493591225887374     
  0.10000000000000009      -0.69999999999999996       0.45349138002310935     
  0.20000000000000009      -0.69999999999999996       0.41572180473964765     
  0.30000000000000016      -0.69999999999999996       0.22199947010580948     
  0.40000000000000013      -0.69999999999999996       -6.0284971314480226E-002
  0.50000000000000011      -0.69999999999999996      -0.31629982788059663     
  0.60000000000000009      -0.69999999999999996      -0.45566938120773148     
  0.70000000000000007      -0.69999999999999996      -0.41755325589266296     
  0.80000000000000004      -0.69999999999999996      -0.22434176884587284     
  0.90000000000000002      -0.69999999999999996        5.7856835989266463E-002
   1.0000000000000000      -0.69999999999999996       0.30896142178027663     
  -1.0000000000000000      -0.59999999999999998       -8.1696542784541387E-002
 -0.90000000000000002      -0.59999999999999998      -0.11505905043075590     
 -0.80000000000000004      -0.59999999999999998      -0.10559882305134342     
 -0.69999999999999996      -0.59999999999999998       -5.6795559249181955E-002
 -0.59999999999999998      -0.59999999999999998        1.4426814860549156E-002
 -0.49999999999999994      -0.59999999999999998        7.9907466456095283E-002
 -0.39999999999999991      -0.59999999999999998       0.11524736532186708     
 -0.29999999999999993      -0.59999999999999998       0.10617038710424538     
 -0.19999999999999993      -0.59999999999999998        5.7068705279084024E-002
  -9.9999999999999978E-002 -0.59999999999999998       -1.4791539164180852E-002
   2.7755575615628914E-017 -0.59999999999999998       -8.2456719229811126E-002
  0.10000000000000009      -0.59999999999999998      -0.11920278258412016     
  0.20000000000000009      -0.59999999999999998      -0.10959560185207386     
  0.30000000000000016      -0.59999999999999998       -5.8877546595957800E-002
  0.40000000000000013      -0.59999999999999998        1.5324666676425026E-002
  0.50000000000000011      -0.59999999999999998        8.2818011586769782E-002
  0.60000000000000009      -0.59999999999999998       0.11977683200781369     
  0.70000000000000007      -0.59999999999999998       0.11008041401652280     
  0.80000000000000004      -0.59999999999999998        5.9494718341598779E-002
  0.90000000000000002      -0.59999999999999998       -1.4684901895080342E-002
   1.0000000000000000      -0.59999999999999998       -8.0893003882184983E-002
  -1.0000000000000000      -0.49999999999999994      -0.44293389009117640     
 -0.90000000000000002      -0.49999999999999994      -0.62212906056490236     
 -0.80000000000000004      -0.49999999999999994      -0.56979721287058349     
 -0.69999999999999996      -0.49999999999999994      -0.30518480804562531     
 -0.59999999999999998      -0.49999999999999994        7.9907466456094686E-002
 -0.49999999999999994      -0.49999999999999994       0.43324543017531919     
 -0.39999999999999991      -0.49999999999999994       0.62314239474058875     
 -0.29999999999999993      -0.49999999999999994       0.57288960684178081     
 -0.19999999999999993      -0.49999999999999994       0.30665419191987986     
  -9.9999999999999978E-002 -0.49999999999999994       -8.1942846941829725E-002
   2.7755575615628914E-017 -0.49999999999999994      -0.44708191981261630     
  0.10000000000000009      -0.49999999999999994      -0.64453618113973110     
  0.20000000000000009      -0.49999999999999994      -0.59137553658659436     
  0.30000000000000016      -0.49999999999999994      -0.31637195972919652     
  0.40000000000000013      -0.49999999999999994        8.4835477839047449E-002
  0.50000000000000011      -0.49999999999999994       0.44902492818601153     
  0.60000000000000009      -0.49999999999999994       0.64763423424893130     
  0.70000000000000007      -0.49999999999999994       0.59398405633387452     
  0.80000000000000004      -0.49999999999999994       0.31970342074620167     
  0.90000000000000002      -0.49999999999999994       -8.1381970040257504E-002
   1.0000000000000000      -0.49999999999999994      -0.43860141295624072     
  -1.0000000000000000      -0.39999999999999991      -0.63707525669173148     
 -0.90000000000000002      -0.39999999999999991      -0.89449786653930841     
 -0.80000000000000004      -0.39999999999999991      -0.81903390809956500     
 -0.69999999999999996      -0.39999999999999991      -0.43843685709391028     
 -0.59999999999999998      -0.39999999999999991       0.11524736532188265     
 -0.49999999999999994      -0.39999999999999991       0.62314239474058675     
 -0.39999999999999991      -0.39999999999999991       0.89595392260972118     
 -0.29999999999999993      -0.39999999999999991       0.82348051614876416     
 -0.19999999999999993      -0.39999999999999991       0.44054812790080777     
  -9.9999999999999978E-002 -0.39999999999999991      -0.11818570219020059     
   2.7755575615628914E-017 -0.39999999999999991      -0.64304636915502333     
  0.10000000000000009      -0.39999999999999991      -0.92671518511738527     
  0.20000000000000009      -0.39999999999999991      -0.85005316887771887     
  0.30000000000000016      -0.39999999999999991      -0.45450859127728327     
  0.40000000000000013      -0.39999999999999991       0.12234660230204945     
  0.50000000000000011      -0.39999999999999991       0.64583805807235128     
  0.60000000000000009      -0.39999999999999991       0.93116847179770823     
  0.70000000000000007      -0.39999999999999991       0.85380128746962514     
  0.80000000000000004      -0.39999999999999991       0.45929751779347439     
  0.90000000000000002      -0.39999999999999991      -0.11738221827808293     
   1.0000000000000000      -0.39999999999999991      -0.63084831988146639     
  -1.0000000000000000      -0.29999999999999993      -0.58569736997465005     
 -0.90000000000000002      -0.29999999999999993      -0.82214287014520693     
 -0.80000000000000004      -0.29999999999999993      -0.75263087837753406     
 -0.69999999999999996      -0.29999999999999993      -0.40272560037018884     
 -0.59999999999999998      -0.29999999999999993       0.10617038710424896     
 -0.49999999999999994      -0.29999999999999993       0.57288960684177959     
 -0.39999999999999991      -0.29999999999999993       0.82348051614876772     
 -0.29999999999999993      -0.29999999999999993       0.75671805315844776     
 -0.19999999999999993      -0.29999999999999993       0.40466512155667567     
  -9.9999999999999978E-002 -0.29999999999999993      -0.10887921173813407     
   2.7755575615628914E-017 -0.29999999999999993      -0.59119035222620997     
  0.10000000000000009      -0.29999999999999993      -0.85175439431407218     
  0.20000000000000009      -0.29999999999999993      -0.78113684048222332     
  0.30000000000000016      -0.29999999999999993      -0.41748824702224357     
  0.40000000000000013      -0.29999999999999993       0.11270482931773136     
  0.50000000000000011      -0.29999999999999993       0.59375486792320897     
  0.60000000000000009      -0.29999999999999993       0.85584670382370853     
  0.70000000000000007      -0.29999999999999993       0.78458011602283340     
  0.80000000000000004      -0.29999999999999993       0.42188907825826000     
  0.90000000000000002      -0.29999999999999993      -0.10814274801286444     
   1.0000000000000000      -0.29999999999999993      -0.57997570927602671     
  -1.0000000000000000      -0.19999999999999993      -0.31350824228634522     
 -0.90000000000000002      -0.19999999999999993      -0.43983320177046753     
 -0.80000000000000004      -0.19999999999999993      -0.40247827637560596     
 -0.69999999999999996      -0.19999999999999993      -0.21518103194760521     
 -0.59999999999999998      -0.19999999999999993        5.7068705279069182E-002
 -0.49999999999999994      -0.19999999999999993       0.30665419191987814     
 -0.39999999999999991      -0.19999999999999993       0.44054812790080966     
 -0.29999999999999993      -0.19999999999999993       0.40466512155667428     
 -0.19999999999999993      -0.19999999999999993       0.21621757838342992     
  -9.9999999999999978E-002 -0.19999999999999993       -5.8526848571400308E-002
   2.7755575615628914E-017 -0.19999999999999993      -0.31645224237895153     
  0.10000000000000009      -0.19999999999999993      -0.45567514391318847     
  0.20000000000000009      -0.19999999999999993      -0.41772391480855353     
  0.30000000000000016      -0.19999999999999993      -0.22306886188518371     
  0.40000000000000013      -0.19999999999999993        6.0574906887965595E-002
  0.50000000000000011      -0.19999999999999993       0.31782272783709892     
  0.60000000000000009      -0.19999999999999993       0.45786363423616627     
  0.70000000000000007      -0.19999999999999993       0.41956418757039216     
  0.80000000000000004      -0.19999999999999993       0.22542244088714425     
  0.90000000000000002      -0.19999999999999993       -5.8135077986318298E-002
   1.0000000000000000      -0.19999999999999993      -0.31044898675840199     
  -1.0000000000000000       -9.9999999999999978E-002   8.3777513059961256E-002
 -0.90000000000000002       -9.9999999999999978E-002  0.11799257821402306     
 -0.80000000000000004       -9.9999999999999978E-002  0.10829307817128725     
 -0.69999999999999996       -9.9999999999999978E-002   5.8246726022911074E-002
 -0.59999999999999998       -9.9999999999999978E-002  -1.4791539164183682E-002
 -0.49999999999999994       -9.9999999999999978E-002  -8.1942846941831168E-002
 -0.39999999999999991       -9.9999999999999978E-002 -0.11818570219020588     
 -0.29999999999999993       -9.9999999999999978E-002 -0.10887921173813200     
 -0.19999999999999993       -9.9999999999999978E-002  -5.8526848571400149E-002
  -9.9999999999999978E-002  -9.9999999999999978E-002   1.5165459711565981E-002
   2.7755575615628914E-017  -9.9999999999999978E-002   8.4557009319041421E-002
  0.10000000000000009       -9.9999999999999978E-002  0.12224195539298484     
  0.20000000000000009       -9.9999999999999978E-002  0.11239181126532821     
  0.30000000000000016       -9.9999999999999978E-002   6.0381909949347431E-002
  0.40000000000000013       -9.9999999999999978E-002  -1.5712162837893142E-002
  0.50000000000000011       -9.9999999999999978E-002  -8.4927530387168340E-002
  0.60000000000000009       -9.9999999999999978E-002 -0.12283065026674972     
  0.70000000000000007       -9.9999999999999978E-002 -0.11288900505992086     
  0.80000000000000004       -9.9999999999999978E-002  -6.1014826196109533E-002
  0.90000000000000002       -9.9999999999999978E-002   1.5056077495092527E-002
   1.0000000000000000       -9.9999999999999978E-002   8.2953467270731010E-002
  -1.0000000000000000        2.7755575615628914E-017  0.45707981738313042     
 -0.90000000000000002        2.7755575615628914E-017  0.64200065981693366     
 -0.80000000000000004        2.7755575615628914E-017  0.58799918636892679     
 -0.69999999999999996        2.7755575615628914E-017  0.31493591225887152     
 -0.59999999999999998        2.7755575615628914E-017  -8.2456719229831263E-002
 -0.49999999999999994        2.7755575615628914E-017 -0.44708191981262102     
 -0.39999999999999991        2.7755575615628914E-017 -0.64304636915502411     
 -0.29999999999999993        2.7755575615628914E-017 -0.59119035222620864     
 -0.19999999999999993        2.7755575615628914E-017 -0.31645224237895514     
  -9.9999999999999978E-002   2.7755575615628914E-017   8.4557009319039991E-002
   2.7755575615628914E-017   2.7755575615628914E-017  0.46136027909159483     
  0.10000000000000009        2.7755575615628914E-017  0.66512348961972223     
  0.20000000000000009        2.7755575615628914E-017  0.61026680215232465     
  0.30000000000000016        2.7755575615628914E-017  0.32648051021676516     
  0.40000000000000013        2.7755575615628914E-017  -8.7542018338239658E-002
  0.50000000000000011        2.7755575615628914E-017 -0.46336536674728285     
  0.60000000000000009        2.7755575615628914E-017 -0.66832050804358267     
  0.70000000000000007        2.7755575615628914E-017 -0.61295866232906049     
  0.80000000000000004        2.7755575615628914E-017 -0.32991839149926117     
  0.90000000000000002        2.7755575615628914E-017   8.3978191747058201E-002
   1.0000000000000000        2.7755575615628914E-017  0.45260893536961033     
  -1.0000000000000000       0.10000000000000009       0.65894739620843468     
 -0.90000000000000002       0.10000000000000009       0.92520913385638681     
 -0.80000000000000004       0.10000000000000009       0.84715511993595149     
 -0.69999999999999996       0.10000000000000009       0.45349138002310979     
 -0.59999999999999998       0.10000000000000009      -0.11920278258411747     
 -0.49999999999999994       0.10000000000000009      -0.64453618113972833     
 -0.39999999999999991       0.10000000000000009      -0.92671518511738937     
 -0.29999999999999993       0.10000000000000009      -0.85175439431407063     
 -0.19999999999999993       0.10000000000000009      -0.45567514391319175     
  -9.9999999999999978E-002  0.10000000000000009       0.12224195539298449     
   2.7755575615628914E-017  0.10000000000000009       0.66512348961972068     
  0.10000000000000009       0.10000000000000009       0.95853258528569130     
  0.20000000000000009       0.10000000000000009       0.87923940582268978     
  0.30000000000000016       0.10000000000000009       0.47011496643105738     
  0.40000000000000013       0.10000000000000009      -0.12654570619526903     
  0.50000000000000011       0.10000000000000009      -0.66801103501141901     
  0.60000000000000009       0.10000000000000009      -0.96313877342365151     
  0.70000000000000007       0.10000000000000009      -0.88311622022757175     
  0.80000000000000004       0.10000000000000009      -0.47506831792176030     
  0.90000000000000002       0.10000000000000009       0.12141087307487565     
   1.0000000000000000       0.10000000000000009       0.65250665745190217     
  -1.0000000000000000       0.20000000000000009       0.60459658367778257     
 -0.90000000000000002       0.20000000000000009       0.84867235680468811     
 -0.80000000000000004       0.20000000000000009       0.77691777862664180     
 -0.69999999999999996       0.20000000000000009       0.41572180473964976     
 -0.59999999999999998       0.20000000000000009      -0.10959560185205841     
 -0.49999999999999994       0.20000000000000009      -0.59137553658659681     
 -0.39999999999999991       0.20000000000000009      -0.85005316887771132     
 -0.29999999999999993       0.20000000000000009      -0.78113684048222498     
 -0.19999999999999993       0.20000000000000009      -0.41772391480855414     
  -9.9999999999999978E-002  0.20000000000000009       0.11239181126532538     
   2.7755575615628914E-017  0.20000000000000009       0.61026680215231299     
  0.10000000000000009       0.20000000000000009       0.87923940582268834     
  0.20000000000000009       0.20000000000000009       0.80634360432441643     
  0.30000000000000016       0.20000000000000009       0.43096085121163047     
  0.40000000000000013       0.20000000000000009      -0.11634087251223484     
  0.50000000000000011       0.20000000000000009      -0.61291407569735723     
  0.60000000000000009       0.20000000000000009      -0.88346377122723319     
  0.70000000000000007       0.20000000000000009      -0.80989799509939053     
  0.80000000000000004       0.20000000000000009      -0.43550369384187443     
  0.90000000000000002       0.20000000000000009       0.11163157644480862     
   1.0000000000000000       0.20000000000000009       0.59869028744044384     
  -1.0000000000000000       0.30000000000000016       0.32344321020718136     
 -0.90000000000000002       0.30000000000000016       0.45377101095107947     
 -0.80000000000000004       0.30000000000000016       0.41523210286070678     
 -0.69999999999999996       0.30000000000000016       0.22199947010581031     
 -0.59999999999999998       0.30000000000000016       -5.8877546595957606E-002
 -0.49999999999999994       0.30000000000000016      -0.31637195972919485     
 -0.39999999999999991       0.30000000000000016      -0.45450859127728133     
 -0.29999999999999993       0.30000000000000016      -0.41748824702224441     
 -0.19999999999999993       0.30000000000000016      -0.22306886188518316     
  -9.9999999999999978E-002  0.30000000000000016        6.0381909949348424E-002
   2.7755575615628914E-017  0.30000000000000016       0.32648051021676627     
  0.10000000000000009       0.30000000000000016       0.47011496643105855     
  0.20000000000000009       0.30000000000000016       0.43096085121162914     
  0.30000000000000016       0.30000000000000016       0.23013724154665025     
  0.40000000000000013       0.30000000000000016       -6.2494871149606404E-002
  0.50000000000000011       0.30000000000000016      -0.32789442254596235     
  0.60000000000000009       0.30000000000000016      -0.47237280626190337     
  0.70000000000000007       0.30000000000000016      -0.43285943741471722     
  0.80000000000000004       0.30000000000000016      -0.23256540157666053     
  0.90000000000000002       0.30000000000000016        5.9977728043341859E-002
   1.0000000000000000       0.30000000000000016       0.32028701295230894     
  -1.0000000000000000       0.40000000000000013       -8.6734833156432864E-002
 -0.90000000000000002       0.40000000000000013      -0.12214671070101756     
 -0.80000000000000004       0.40000000000000013      -0.11209804758203852     
 -0.69999999999999996       0.40000000000000013       -6.0284971314476105E-002
 -0.59999999999999998       0.40000000000000013        1.5324666676444920E-002
 -0.49999999999999994       0.40000000000000013        8.4835477839047824E-002
 -0.39999999999999991       0.40000000000000013       0.12234660230205077     
 -0.29999999999999993       0.40000000000000013       0.11270482931772716     
 -0.19999999999999993       0.40000000000000013        6.0574906887974435E-002
  -9.9999999999999978E-002  0.40000000000000013       -1.5712162837892979E-002
   2.7755575615628914E-017  0.40000000000000013       -8.7542018338241268E-002
  0.10000000000000009       0.40000000000000013      -0.12654570619526889     
  0.20000000000000009       0.40000000000000013      -0.11634087251224848     
  0.30000000000000016       0.40000000000000013       -6.2494871149605682E-002
  0.40000000000000013       0.40000000000000013        1.6278179403887212E-002
  0.50000000000000011       0.40000000000000013        8.7925515696805123E-002
  0.60000000000000009       0.40000000000000013       0.12715508896229494     
  0.70000000000000007       0.40000000000000013       0.11685548718063704     
  0.80000000000000004       0.40000000000000013        6.3150033753067727E-002
  0.90000000000000002       0.40000000000000013       -1.5599032537013646E-002
   1.0000000000000000       0.40000000000000013       -8.5881855286676925E-002
  -1.0000000000000000       0.50000000000000011      -0.45906625616886837     
 -0.90000000000000002       0.50000000000000011      -0.64478781749992398     
 -0.80000000000000004       0.50000000000000011      -0.59054984466864058     
 -0.69999999999999996       0.50000000000000011      -0.31629982788059646     
 -0.59999999999999998       0.50000000000000011        8.2818011586771004E-002
 -0.49999999999999994       0.50000000000000011       0.44902492818600931     
 -0.39999999999999991       0.50000000000000011       0.64583805807235495     
 -0.29999999999999993       0.50000000000000011       0.59375486792320586     
 -0.19999999999999993       0.50000000000000011       0.31782272783710019     
  -9.9999999999999978E-002  0.50000000000000011       -8.4927530387167605E-002
   2.7755575615628914E-017  0.50000000000000011      -0.46336536674728146     
  0.10000000000000009       0.50000000000000011      -0.66801103501141801     
  0.20000000000000009       0.50000000000000011      -0.61291407569735945     
  0.30000000000000016       0.50000000000000011      -0.32789442254596046     
  0.40000000000000013       0.50000000000000011        8.7925515696806955E-002
  0.50000000000000011       0.50000000000000011       0.46537914089143789     
  0.60000000000000009       0.50000000000000011       0.67122192263765468     
  0.70000000000000007       0.50000000000000011       0.61561759972154595     
  0.80000000000000004       0.50000000000000011       0.33134721913038107     
  0.90000000000000002       0.50000000000000011       -8.4346227264918527E-002
   1.0000000000000000       0.50000000000000011      -0.45457598589956316     
  -1.0000000000000000       0.60000000000000009      -0.66211471136284894     
 -0.90000000000000002       0.60000000000000009      -0.92965518643356426     
 -0.80000000000000004       0.60000000000000009      -0.85122532658350525     
 -0.69999999999999996       0.60000000000000009      -0.45566938120773093     
 -0.59999999999999998       0.60000000000000009       0.11977683200781729     
 -0.49999999999999994       0.60000000000000009       0.64763423424893252     
 -0.39999999999999991       0.60000000000000009       0.93116847179769935     
 -0.29999999999999993       0.60000000000000009       0.85584670382370820     
 -0.19999999999999993       0.60000000000000009       0.45786363423616422     
  -9.9999999999999978E-002  0.60000000000000009      -0.12283065026674726     
   2.7755575615628914E-017  0.60000000000000009      -0.66832050804357424     
  0.10000000000000009       0.60000000000000009      -0.96313877342365062     
  0.20000000000000009       0.60000000000000009      -0.88346377122723274     
  0.30000000000000016       0.60000000000000009      -0.47237280626190381     
  0.40000000000000013       0.60000000000000009       0.12715508896228639     
  0.50000000000000011       0.60000000000000009       0.67122192263765201     
  0.60000000000000009       0.60000000000000009       0.96776709262632687     
  0.70000000000000007       0.60000000000000009       0.88735920718935279     
  0.80000000000000004       0.60000000000000009       0.47734995725309154     
  0.90000000000000002       0.60000000000000009      -0.12199558432148518     
   1.0000000000000000       0.60000000000000009      -0.65564302984087408     
  -1.0000000000000000       0.70000000000000007      -0.60726341102639203     
 -0.90000000000000002       0.70000000000000007      -0.85241439104156802     
 -0.80000000000000004       0.70000000000000007      -0.78034244956736820     
 -0.69999999999999996       0.70000000000000007      -0.41755325589266312     
 -0.59999999999999998       0.70000000000000007       0.11008041401652274     
 -0.49999999999999994       0.70000000000000007       0.59398405633387086     
 -0.39999999999999991       0.70000000000000007       0.85380128746962747     
 -0.29999999999999993       0.70000000000000007       0.78458011602282973     
 -0.19999999999999993       0.70000000000000007       0.41956418757039238     
  -9.9999999999999978E-002  0.70000000000000007      -0.11288900505992112     
   2.7755575615628914E-017  0.70000000000000007      -0.61295866232906349     
  0.10000000000000009       0.70000000000000007      -0.88311622022756797     
  0.20000000000000009       0.70000000000000007      -0.80989799509938998     
  0.30000000000000016       0.70000000000000007      -0.43285943741471611     
  0.40000000000000013       0.70000000000000007       0.11685548718064108     
  0.50000000000000011       0.70000000000000007       0.61561759972154573     
  0.60000000000000009       0.70000000000000007       0.88735920718935646     
  0.70000000000000007       0.70000000000000007       0.81346804752074398     
  0.80000000000000004       0.70000000000000007       0.43742230605765386     
  0.90000000000000002       0.70000000000000007      -0.11212543123457890     
   1.0000000000000000       0.70000000000000007      -0.60133108244597755     
  -1.0000000000000000       0.80000000000000004      -0.32684915235691309     
 -0.90000000000000002       0.80000000000000004      -0.45855215776921637     
 -0.80000000000000004       0.80000000000000004      -0.41960916550918437     
 -0.69999999999999996       0.80000000000000004      -0.22434176884587689     
 -0.59999999999999998       0.80000000000000004        5.9494718341585894E-002
 -0.49999999999999994       0.80000000000000004       0.31970342074620117     
 -0.39999999999999991       0.80000000000000004       0.45929751779346184     
 -0.29999999999999993       0.80000000000000004       0.42188907825826305     
 -0.19999999999999993       0.80000000000000004       0.22542244088712857     
  -9.9999999999999978E-002  0.80000000000000004       -6.1014826196109401E-002
   2.7755575615628914E-017  0.80000000000000004      -0.32991839149925101     
  0.10000000000000009       0.80000000000000004      -0.47506831792175735     
  0.20000000000000009       0.80000000000000004      -0.43550369384185383     
  0.30000000000000016       0.80000000000000004      -0.23256540157666067     
  0.40000000000000013       0.80000000000000004        6.3150033753065299E-002
  0.50000000000000011       0.80000000000000004       0.33134721913037929     
  0.60000000000000009       0.80000000000000004       0.47734995725307861     
  0.70000000000000007       0.80000000000000004       0.43742230605765448     
  0.80000000000000004       0.80000000000000004       0.23501915527176770     
  0.90000000000000002       0.80000000000000004       -6.0606359230893449E-002
   1.0000000000000000       0.80000000000000004      -0.32365967928884376     
  -1.0000000000000000       0.90000000000000002        8.3204115517942920E-002
 -0.90000000000000002       0.90000000000000002       0.11719039150011505     
 -0.80000000000000004       0.90000000000000002       0.10756060563871141     
 -0.69999999999999996       0.90000000000000002        5.7856835989265547E-002
 -0.59999999999999998       0.90000000000000002       -1.4684901895082033E-002
 -0.49999999999999994       0.90000000000000002       -8.1381970040258059E-002
 -0.39999999999999991       0.90000000000000002      -0.11738221827808853     
 -0.29999999999999993       0.90000000000000002      -0.10814274801286200     
 -0.19999999999999993       0.90000000000000002       -5.8135077986319103E-002
  -9.9999999999999978E-002  0.90000000000000002        1.5056077495091738E-002
   2.7755575615628914E-017  0.90000000000000002        8.3978191747058964E-002
  0.10000000000000009       0.90000000000000002       0.12141087307487616     
  0.20000000000000009       0.90000000000000002       0.11163157644481471     
  0.30000000000000016       0.90000000000000002        5.9977728043340992E-002
  0.40000000000000013       0.90000000000000002       -1.5599032537011967E-002
  0.50000000000000011       0.90000000000000002       -8.4346227264917903E-002
  0.60000000000000009       0.90000000000000002      -0.12199558432149088     
  0.70000000000000007       0.90000000000000002      -0.11212543123457748     
  0.80000000000000004       0.90000000000000002       -6.0606359230897251E-002
  0.90000000000000002       0.90000000000000002        1.4947389243518764E-002
   1.0000000000000000       0.90000000000000002        8.2385632766544648E-002
  -1.0000000000000000        1.0000000000000000       0.44840966210027472     
 -0.90000000000000002        1.0000000000000000       0.62982244786836028     
 -0.80000000000000004        1.0000000000000000       0.57684507670262719     
 -0.69999999999999996        1.0000000000000000       0.30896142178027375     
 -0.59999999999999998        1.0000000000000000       -8.0893003882212419E-002
 -0.49999999999999994        1.0000000000000000      -0.43860141295624311     
 -0.39999999999999991        1.0000000000000000      -0.63084831988147061     
 -0.29999999999999993        1.0000000000000000      -0.57997570927602260     
 -0.19999999999999993        1.0000000000000000      -0.31044898675840471     
  -9.9999999999999978E-002   1.0000000000000000        8.2953467270727818E-002
   2.7755575615628914E-017   1.0000000000000000       0.45260893536961255     
  0.10000000000000009        1.0000000000000000       0.65250665745190206     
  0.20000000000000009        1.0000000000000000       0.59869028744045205     
  0.30000000000000016        1.0000000000000000       0.32028701295230966     
  0.40000000000000013        1.0000000000000000       -8.5881855286679340E-002
  0.50000000000000011        1.0000000000000000      -0.45457598589956055     
  0.60000000000000009        1.0000000000000000      -0.65564302984088418     
  0.70000000000000007        1.0000000000000000      -0.60133108244597566     
  0.80000000000000004        1.0000000000000000      -0.32365967928885137     
  0.90000000000000002        1.0000000000000000        8.2385632766542288E-002
   1.0000000000000000        1.0000000000000000       0.44402359167305527     
