  -1.0000000000000000       -1.0000000000000000       0.74360558967170798     
 -0.90000000000000002       -1.0000000000000000       0.36321838926387817     
 -0.80000000000000004       -1.0000000000000000      -0.14581083945544304     
 -0.69999999999999996       -1.0000000000000000      -0.59795996485031622     
 -0.59999999999999998       -1.0000000000000000      -0.81810200765338092     
 -0.49999999999999994       -1.0000000000000000      -0.73210724455423981     
 -0.39999999999999991       -1.0000000000000000      -0.35866848837369897     
 -0.29999999999999993       -1.0000000000000000       0.15038315244897790     
 -0.19999999999999993       -1.0000000000000000       0.62301610309490507     
  -9.9999999999999978E-002  -1.0000000000000000       0.85200122691645253     
   2.7755575615628914E-017  -1.0000000000000000       0.76154719406548588     
  0.10000000000000009       -1.0000000000000000       0.37579041068641367     
  0.20000000000000009       -1.0000000000000000      -0.14847713310616445     
  0.30000000000000016       -1.0000000000000000      -0.61981338016329346     
  0.40000000000000013       -1.0000000000000000      -0.85016308009817332     
  0.50000000000000011       -1.0000000000000000      -0.75904879640153800     
  0.60000000000000009       -1.0000000000000000      -0.37458711139124801     
  0.70000000000000007       -1.0000000000000000       0.15048106565481306     
  0.80000000000000004       -1.0000000000000000       0.62035846634469527     
  0.90000000000000002       -1.0000000000000000       0.85118757479029705     
   1.0000000000000000       -1.0000000000000000       0.74793237536954205     
  -1.0000000000000000      -0.90000000000000002       0.36321838926387440     
 -0.90000000000000002      -0.90000000000000002       0.17727134971614431     
 -0.80000000000000004      -0.90000000000000002       -7.1455680933303622E-002
 -0.69999999999999996      -0.90000000000000002      -0.29231217434965712     
 -0.59999999999999998      -0.90000000000000002      -0.39975116350760947     
 -0.49999999999999994      -0.90000000000000002      -0.35760292888850120     
 -0.39999999999999991      -0.90000000000000002      -0.17504781578201242     
 -0.29999999999999993      -0.90000000000000002        7.3697965078441646E-002
 -0.19999999999999993      -0.90000000000000002       0.30456147656881377     
  -9.9999999999999978E-002 -0.90000000000000002       0.41631603109616588     
   2.7755575615628914E-017 -0.90000000000000002       0.37198461692608403     
  0.10000000000000009      -0.90000000000000002       0.18340687758353366     
  0.20000000000000009      -0.90000000000000002       -7.2766501180480198E-002
  0.30000000000000016      -0.90000000000000002      -0.30299523781510868     
  0.40000000000000013      -0.90000000000000002      -0.41541678793499037     
  0.50000000000000011      -0.90000000000000002      -0.37076228567374409     
  0.60000000000000009      -0.90000000000000002      -0.18281749017240934     
  0.70000000000000007      -0.90000000000000002        7.3746721012397487E-002
  0.80000000000000004      -0.90000000000000002       0.30326252722931929     
  0.90000000000000002      -0.90000000000000002       0.41591835311645770     
   1.0000000000000000      -0.90000000000000002       0.36533351296308536     
  -1.0000000000000000      -0.80000000000000004      -0.14581083945544426     
 -0.90000000000000002      -0.80000000000000004       -7.1455680933300500E-002
 -0.80000000000000004      -0.80000000000000004        2.8214673493804583E-002
 -0.69999999999999996      -0.80000000000000004       0.11687220113025705     
 -0.59999999999999998      -0.80000000000000004       0.16018529079289012     
 -0.49999999999999994      -0.80000000000000004       0.14355460388584082     
 -0.39999999999999991      -0.80000000000000004        7.0565297147664921E-002
 -0.29999999999999993      -0.80000000000000004       -2.9096861975198285E-002
 -0.19999999999999993      -0.80000000000000004      -0.12176844197244324     
  -9.9999999999999978E-002 -0.80000000000000004      -0.16682181160303242     
   2.7755575615628914E-017 -0.80000000000000004      -0.14932482919282156     
  0.10000000000000009      -0.80000000000000004       -7.3929510143173005E-002
  0.20000000000000009      -0.80000000000000004        2.8723856526843238E-002
  0.30000000000000016      -0.80000000000000004       0.12114341779240718     
  0.40000000000000013      -0.80000000000000004       0.16646361886118868     
  0.50000000000000011      -0.80000000000000004       0.14883811389249857     
  0.60000000000000009      -0.80000000000000004        7.3696188130591964E-002
  0.70000000000000007      -0.80000000000000004       -2.9114561325567372E-002
  0.80000000000000004      -0.80000000000000004      -0.12124862531665381     
  0.90000000000000002      -0.80000000000000004      -0.16666266085187326     
   1.0000000000000000      -0.80000000000000004      -0.14665655109679013     
  -1.0000000000000000      -0.69999999999999996      -0.59795996485031211     
 -0.90000000000000002      -0.69999999999999996      -0.29231217434965773     
 -0.80000000000000004      -0.69999999999999996       0.11687220113025136     
 -0.69999999999999996      -0.69999999999999996       0.48045883098373043     
 -0.59999999999999998      -0.69999999999999996       0.65763026411765824     
 -0.49999999999999994      -0.69999999999999996       0.58871215320527237     
 -0.39999999999999991      -0.69999999999999996       0.28865523772497670     
 -0.29999999999999993      -0.69999999999999996      -0.12053447981863451     
 -0.19999999999999993      -0.69999999999999996      -0.50059032672640680     
  -9.9999999999999978E-002 -0.69999999999999996      -0.68487911723209771     
   2.7755575615628914E-017 -0.69999999999999996      -0.61238331152748193     
  0.10000000000000009      -0.69999999999999996      -0.30243047880856572     
  0.20000000000000009      -0.69999999999999996       0.11900252524323419     
  0.30000000000000016      -0.69999999999999996       0.49801790938292217     
  0.40000000000000013      -0.69999999999999996       0.68340325603963314     
  0.50000000000000011      -0.69999999999999996       0.61037746923599745     
  0.60000000000000009      -0.69999999999999996       0.30146550993231547     
  0.70000000000000007      -0.69999999999999996      -0.12061170448253122     
  0.80000000000000004      -0.69999999999999996      -0.49845454434566894     
  0.90000000000000002      -0.69999999999999996      -0.68422522842034839     
   1.0000000000000000      -0.69999999999999996      -0.60143655761479831     
  -1.0000000000000000      -0.59999999999999998      -0.81810200765337104     
 -0.90000000000000002      -0.59999999999999998      -0.39975116350760592     
 -0.80000000000000004      -0.59999999999999998       0.16018529079289898     
 -0.69999999999999996      -0.59999999999999998       0.65763026411766246     
 -0.59999999999999998      -0.59999999999999998       0.89991727269273458     
 -0.49999999999999994      -0.59999999999999998       0.80545075657046472     
 -0.39999999999999991      -0.59999999999999998       0.39474654893631678     
 -0.29999999999999993      -0.59999999999999998      -0.16520676919158614     
 -0.19999999999999993      -0.59999999999999998      -0.68518611760075665     
  -9.9999999999999978E-002 -0.59999999999999998      -0.93720601434805306     
   2.7755575615628914E-017 -0.59999999999999998      -0.83783850478121025     
  0.10000000000000009      -0.59999999999999998      -0.41358802544927925     
  0.20000000000000009      -0.59999999999999998       0.16311025690202299     
  0.30000000000000016      -0.59999999999999998       0.68166438556409159     
  0.40000000000000013      -0.59999999999999998       0.93518510531073273     
  0.50000000000000011      -0.59999999999999998       0.83509178323357025     
  0.60000000000000009      -0.59999999999999998       0.41226580352351205     
  0.70000000000000007      -0.59999999999999998      -0.16531356289467056     
  0.80000000000000004      -0.59999999999999998      -0.68226304218953093     
  0.90000000000000002      -0.59999999999999998      -0.93631109303963922     
   1.0000000000000000      -0.59999999999999998      -0.82286058390424899     
  -1.0000000000000000      -0.49999999999999994      -0.73210724455423970     
 -0.90000000000000002      -0.49999999999999994      -0.35760292888850370     
 -0.80000000000000004      -0.49999999999999994       0.14355460388583979     
 -0.69999999999999996      -0.49999999999999994       0.58871215320527182     
 -0.59999999999999998      -0.49999999999999994       0.80545075657046039     
 -0.49999999999999994      -0.49999999999999994       0.72078669141002771     
 -0.39999999999999991      -0.49999999999999994       0.35312339043182422     
 -0.29999999999999993      -0.49999999999999994      -0.14805615561404709     
 -0.19999999999999993      -0.49999999999999994      -0.61338077890930798     
  -9.9999999999999978E-002 -0.49999999999999994      -0.83882574915076258     
   2.7755575615628914E-017 -0.49999999999999994      -0.74977140151535770     
  0.10000000000000009      -0.49999999999999994      -0.36998058552761520     
  0.20000000000000009      -0.49999999999999994       0.14617961197879231     
  0.30000000000000016      -0.49999999999999994       0.61022759199388898     
  0.40000000000000013      -0.49999999999999994       0.83701603488731668     
  0.50000000000000011      -0.49999999999999994       0.74731164972739528     
  0.60000000000000009      -0.49999999999999994       0.36879590376151317     
  0.70000000000000007      -0.49999999999999994      -0.14815254847825118     
  0.80000000000000004      -0.49999999999999994      -0.61076424254503647     
  0.90000000000000002      -0.49999999999999994      -0.83802468014849929     
   1.0000000000000000      -0.49999999999999994      -0.73636711408192868     
  -1.0000000000000000      -0.39999999999999991      -0.35866848837369070     
 -0.90000000000000002      -0.39999999999999991      -0.17504781578201040     
 -0.80000000000000004      -0.39999999999999991        7.0565297147664033E-002
 -0.69999999999999996      -0.39999999999999991       0.28865523772497487     
 -0.59999999999999998      -0.39999999999999991       0.39474654893631572     
 -0.49999999999999994      -0.39999999999999991       0.35312339043182406     
 -0.39999999999999991      -0.39999999999999991       0.17285211291870245     
 -0.29999999999999993      -0.39999999999999991       -7.2779673084699806E-002
 -0.19999999999999993      -0.39999999999999991      -0.30075130926286908     
  -9.9999999999999978E-002 -0.39999999999999991      -0.41110404784475435     
   2.7755575615628914E-017 -0.39999999999999991      -0.36732495629158640     
  0.10000000000000009      -0.39999999999999991      -0.18110637823459710     
  0.20000000000000009      -0.39999999999999991        7.1859867909226452E-002
  0.30000000000000016      -0.39999999999999991       0.29920465285432002     
  0.40000000000000013      -0.39999999999999991       0.41021604115940302     
  0.50000000000000011      -0.39999999999999991       0.36611789684068663     
  0.60000000000000009      -0.39999999999999991       0.18052434101035603     
  0.70000000000000007      -0.39999999999999991       -7.2827836906875068E-002
  0.80000000000000004      -0.39999999999999991      -0.29946861499574728     
  0.90000000000000002      -0.39999999999999991      -0.41071134649656760     
   1.0000000000000000      -0.39999999999999991      -0.36075715070679637     
  -1.0000000000000000      -0.29999999999999993       0.15038315244897796     
 -0.90000000000000002      -0.29999999999999993        7.3697965078441591E-002
 -0.80000000000000004      -0.29999999999999993       -2.9096861975199381E-002
 -0.69999999999999996      -0.29999999999999993      -0.12053447981863449     
 -0.59999999999999998      -0.29999999999999993      -0.16520676919158434     
 -0.49999999999999994      -0.29999999999999993      -0.14805615561404578     
 -0.39999999999999991      -0.29999999999999993       -7.2779673084696420E-002
 -0.29999999999999993      -0.29999999999999993        3.0006616420401252E-002
 -0.19999999999999993      -0.29999999999999993       0.12558414110510088     
  -9.9999999999999978E-002 -0.29999999999999993       0.17205132446929947     
   2.7755575615628914E-017 -0.29999999999999993       0.15400730544563318     
  0.10000000000000009      -0.29999999999999993        7.6249426920861466E-002
  0.20000000000000009      -0.29999999999999993       -2.9621919123773675E-002
  0.30000000000000016      -0.29999999999999993      -0.12493953784939070     
  0.40000000000000013      -0.29999999999999993      -0.17168191491569137     
  0.50000000000000011      -0.29999999999999993      -0.15350534943834904     
  0.60000000000000009      -0.29999999999999993       -7.6008806374311469E-002
  0.70000000000000007      -0.29999999999999993        3.0024860357182166E-002
  0.80000000000000004      -0.29999999999999993       0.12504803303368314     
  0.90000000000000002      -0.29999999999999993       0.17188718580564633     
   1.0000000000000000      -0.29999999999999993       0.15125536546106025     
  -1.0000000000000000      -0.19999999999999993       0.62301610309489264     
 -0.90000000000000002      -0.19999999999999993       0.30456147656880872     
 -0.80000000000000004      -0.19999999999999993      -0.12176844197246275     
 -0.69999999999999996      -0.19999999999999993      -0.50059032672641235     
 -0.59999999999999998      -0.19999999999999993      -0.68518611760076342     
 -0.49999999999999994      -0.19999999999999993      -0.61338077890931031     
 -0.39999999999999991      -0.19999999999999993      -0.30075130926286275     
 -0.29999999999999993      -0.19999999999999993       0.12558414110510255     
 -0.19999999999999993      -0.19999999999999993       0.52156534071984262     
  -9.9999999999999978E-002 -0.19999999999999993       0.71357674245468872     
   2.7755575615628914E-017 -0.19999999999999993       0.63804381583793512     
  0.10000000000000009      -0.19999999999999993       0.31510378868473243     
  0.20000000000000009      -0.19999999999999993      -0.12398799549298890     
  0.30000000000000016      -0.19999999999999993      -0.51888514022248178     
  0.40000000000000013      -0.19999999999999993      -0.71203904476179336     
  0.50000000000000011      -0.19999999999999993      -0.63595393196027050     
  0.60000000000000009      -0.19999999999999993      -0.31409839212150092     
  0.70000000000000007      -0.19999999999999993       0.12566459762938559     
  0.80000000000000004      -0.19999999999999993       0.51934006683223388     
  0.90000000000000002      -0.19999999999999993       0.71289545500513907     
   1.0000000000000000      -0.19999999999999993       0.62663836715027699     
  -1.0000000000000000       -9.9999999999999978E-002  0.85200122691644598     
 -0.90000000000000002       -9.9999999999999978E-002  0.41631603109616661     
 -0.80000000000000004       -9.9999999999999978E-002 -0.16682181160303053     
 -0.69999999999999996       -9.9999999999999978E-002 -0.68487911723209616     
 -0.59999999999999998       -9.9999999999999978E-002 -0.93720601434805362     
 -0.49999999999999994       -9.9999999999999978E-002 -0.83882574915076102     
 -0.39999999999999991       -9.9999999999999978E-002 -0.41110404784475690     
 -0.29999999999999993       -9.9999999999999978E-002  0.17205132446930105     
 -0.19999999999999993       -9.9999999999999978E-002  0.71357674245468916     
  -9.9999999999999978E-002  -9.9999999999999978E-002  0.97603984019919310     
   2.7755575615628914E-017  -9.9999999999999978E-002  0.87255552308076845     
  0.10000000000000009       -9.9999999999999978E-002  0.43072626561207583     
  0.20000000000000009       -9.9999999999999978E-002 -0.16986794220641324     
  0.30000000000000016       -9.9999999999999978E-002 -0.70990909023865190     
  0.40000000000000013       -9.9999999999999978E-002 -0.97393519775754889     
  0.50000000000000011       -9.9999999999999978E-002 -0.86969499555491514     
  0.60000000000000009       -9.9999999999999978E-002 -0.42934926239027693     
  0.70000000000000007       -9.9999999999999978E-002  0.17216253946530752     
  0.80000000000000004       -9.9999999999999978E-002  0.71053254867940285     
  0.90000000000000002       -9.9999999999999978E-002  0.97510783758080433     
   1.0000000000000000       -9.9999999999999978E-002  0.85695697442056051     
  -1.0000000000000000        2.7755575615628914E-017  0.76154719406546645     
 -0.90000000000000002        2.7755575615628914E-017  0.37198461692608042     
 -0.80000000000000004        2.7755575615628914E-017 -0.14932482919282936     
 -0.69999999999999996        2.7755575615628914E-017 -0.61238331152748493     
 -0.59999999999999998        2.7755575615628914E-017 -0.83783850478120925     
 -0.49999999999999994        2.7755575615628914E-017 -0.74977140151536226     
 -0.39999999999999991        2.7755575615628914E-017 -0.36732495629158435     
 -0.29999999999999993        2.7755575615628914E-017  0.15400730544563807     
 -0.19999999999999993        2.7755575615628914E-017  0.63804381583793834     
  -9.9999999999999978E-002   2.7755575615628914E-017  0.87255552308076756     
   2.7755575615628914E-017   2.7755575615628914E-017  0.77992164596695179     
  0.10000000000000009        2.7755575615628914E-017  0.38486006836868469     
  0.20000000000000009        2.7755575615628914E-017 -0.15205530591940211     
  0.30000000000000016        2.7755575615628914E-017 -0.63476385068173724     
  0.40000000000000013        2.7755575615628914E-017 -0.87067305024261521     
  0.50000000000000011        2.7755575615628914E-017 -0.77736300209427056     
  0.60000000000000009        2.7755575615628914E-017 -0.38362776475945987     
  0.70000000000000007        2.7755575615628914E-017  0.15410756462037409     
  0.80000000000000004        2.7755575615628914E-017  0.63532207031646093     
  0.90000000000000002        2.7755575615628914E-017  0.87172224360084238     
   1.0000000000000000        2.7755575615628914E-017  0.76597834625909822     
  -1.0000000000000000       0.10000000000000009       0.37579041068641234     
 -0.90000000000000002       0.10000000000000009       0.18340687758353588     
 -0.80000000000000004       0.10000000000000009       -7.3929510143173741E-002
 -0.69999999999999996       0.10000000000000009      -0.30243047880856555     
 -0.59999999999999998       0.10000000000000009      -0.41358802544927764     
 -0.49999999999999994       0.10000000000000009      -0.36998058552761565     
 -0.39999999999999991       0.10000000000000009      -0.18110637823459735     
 -0.29999999999999993       0.10000000000000009        7.6249426920862035E-002
 -0.19999999999999993       0.10000000000000009       0.31510378868473388     
  -9.9999999999999978E-002  0.10000000000000009       0.43072626561207777     
   2.7755575615628914E-017  0.10000000000000009       0.38486006836868486     
  0.10000000000000009       0.10000000000000009       0.18975476104334857     
  0.20000000000000009       0.10000000000000009       -7.5285721330911048E-002
  0.30000000000000016       0.10000000000000009      -0.31348333363715908     
  0.40000000000000013       0.10000000000000009      -0.42979589384870065     
  0.50000000000000011       0.10000000000000009      -0.38359542414702685     
  0.60000000000000009       0.10000000000000009      -0.18914496945962964     
  0.70000000000000007       0.10000000000000009        7.6299872596173449E-002
  0.80000000000000004       0.10000000000000009       0.31375987712097148     
  0.90000000000000002       0.10000000000000009       0.43031482229588297     
   1.0000000000000000       0.10000000000000009       0.37797874875756193     
  -1.0000000000000000       0.20000000000000009      -0.14847713310616942     
 -0.90000000000000002       0.20000000000000009       -7.2766501180476048E-002
 -0.80000000000000004       0.20000000000000009        2.8723856526854562E-002
 -0.69999999999999996       0.20000000000000009       0.11900252524323704     
 -0.59999999999999998       0.20000000000000009       0.16311025690202247     
 -0.49999999999999994       0.20000000000000009       0.14617961197879159     
 -0.39999999999999991       0.20000000000000009        7.1859867909223510E-002
 -0.29999999999999993       0.20000000000000009       -2.9621919123770768E-002
 -0.19999999999999993       0.20000000000000009      -0.12398799549297737     
  -9.9999999999999978E-002  0.20000000000000009      -0.16986794220641213     
   2.7755575615628914E-017  0.20000000000000009      -0.15205530591939662     
  0.10000000000000009       0.20000000000000009       -7.5285721330910813E-002
  0.20000000000000009       0.20000000000000009        2.9242106136363202E-002
  0.30000000000000016       0.20000000000000009       0.12335159561774882     
  0.40000000000000013       0.20000000000000009       0.16950323973105355     
  0.50000000000000011       0.20000000000000009       0.15155974762477092     
  0.60000000000000009       0.20000000000000009        7.5048179880050137E-002
  0.70000000000000007       0.20000000000000009       -2.9639915251621803E-002
  0.80000000000000004       0.20000000000000009      -0.12345869693765905     
  0.90000000000000002       0.20000000000000009      -0.16970588830864702     
   1.0000000000000000       0.20000000000000009      -0.14933826084350679     
  -1.0000000000000000       0.30000000000000016      -0.61981338016329124     
 -0.90000000000000002       0.30000000000000016      -0.30299523781510818     
 -0.80000000000000004       0.30000000000000016       0.12114341779240749     
 -0.69999999999999996       0.30000000000000016       0.49801790938292034     
 -0.59999999999999998       0.30000000000000016       0.68166438556409137     
 -0.49999999999999994       0.30000000000000016       0.61022759199388776     
 -0.39999999999999991       0.30000000000000016       0.29920465285432074     
 -0.29999999999999993       0.30000000000000016      -0.12493953784939081     
 -0.19999999999999993       0.30000000000000016      -0.51888514022247978     
  -9.9999999999999978E-002  0.30000000000000016      -0.70990909023865056     
   2.7755575615628914E-017  0.30000000000000016      -0.63476385068173491     
  0.10000000000000009       0.30000000000000016      -0.31348333363715769     
  0.20000000000000009       0.30000000000000016       0.12335159561775122     
  0.30000000000000016       0.30000000000000016       0.51621871025683552     
  0.40000000000000013       0.30000000000000016       0.70837929171909053     
  0.50000000000000011       0.30000000000000016       0.63268470219931761     
  0.60000000000000009       0.30000000000000016       0.31248309888703346     
  0.70000000000000007       0.30000000000000016      -0.12501958451939085     
  0.80000000000000004       0.30000000000000016      -0.51667130245012116     
  0.90000000000000002       0.30000000000000016      -0.70923130407456492     
   1.0000000000000000       0.30000000000000016      -0.62341703017156191     
  -1.0000000000000000       0.40000000000000013      -0.85016308009813979     
 -0.90000000000000002       0.40000000000000013      -0.41541678793498499     
 -0.80000000000000004       0.40000000000000013       0.16646361886120464     
 -0.69999999999999996       0.40000000000000013       0.68340325603963736     
 -0.59999999999999998       0.40000000000000013       0.93518510531074317     
 -0.49999999999999994       0.40000000000000013       0.83701603488732201     
 -0.39999999999999991       0.40000000000000013       0.41021604115940929     
 -0.29999999999999993       0.40000000000000013      -0.17168191491569459     
 -0.19999999999999993       0.40000000000000013      -0.71203904476179536     
  -9.9999999999999978E-002  0.40000000000000013      -0.97393519775754578     
   2.7755575615628914E-017  0.40000000000000013      -0.87067305024262331     
  0.10000000000000009       0.40000000000000013      -0.42979589384870115     
  0.20000000000000009       0.40000000000000013       0.16950323973105888     
  0.30000000000000016       0.40000000000000013       0.70837929171909131     
  0.40000000000000013       0.40000000000000013       0.97183508578793099     
  0.50000000000000011       0.40000000000000013       0.86781867962575110     
  0.60000000000000009       0.40000000000000013       0.42842184949028500     
  0.70000000000000007       0.40000000000000013      -0.17179289671772391     
  0.80000000000000004       0.40000000000000013      -0.70900141270987860     
  0.90000000000000002       0.40000000000000013      -0.97300520409335067     
   1.0000000000000000       0.40000000000000013      -0.85510814824084114     
  -1.0000000000000000       0.50000000000000011      -0.75904879640153733     
 -0.90000000000000002       0.50000000000000011      -0.37076228567374642     
 -0.80000000000000004       0.50000000000000011       0.14883811389249779     
 -0.69999999999999996       0.50000000000000011       0.61037746923599623     
 -0.59999999999999998       0.50000000000000011       0.83509178323357092     
 -0.49999999999999994       0.50000000000000011       0.74731164972739306     
 -0.39999999999999991       0.50000000000000011       0.36611789684068924     
 -0.29999999999999993       0.50000000000000011      -0.15350534943834926     
 -0.19999999999999993       0.50000000000000011      -0.63595393196027528     
  -9.9999999999999978E-002  0.50000000000000011      -0.86969499555491425     
   2.7755575615628914E-017  0.50000000000000011      -0.77736300209427234     
  0.10000000000000009       0.50000000000000011      -0.38359542414702646     
  0.20000000000000009       0.50000000000000011       0.15155974762477351     
  0.30000000000000016       0.50000000000000011       0.63268470219931872     
  0.40000000000000013       0.50000000000000011       0.86781867962575565     
  0.50000000000000011       0.50000000000000011       0.77481272550989433     
  0.60000000000000009       0.50000000000000011       0.38236714120031945     
  0.70000000000000007       0.50000000000000011      -0.15360529235762860     
  0.80000000000000004       0.50000000000000011      -0.63324110460756733     
  0.90000000000000002       0.50000000000000011      -0.86886444647256866     
   1.0000000000000000       0.50000000000000011      -0.76346543418544788     
  -1.0000000000000000       0.60000000000000009      -0.37458711139123413     
 -0.90000000000000002       0.60000000000000009      -0.18281749017241000     
 -0.80000000000000004       0.60000000000000009        7.3696188130602303E-002
 -0.69999999999999996       0.60000000000000009       0.30146550993231352     
 -0.59999999999999998       0.60000000000000009       0.41226580352352954     
 -0.49999999999999994       0.60000000000000009       0.36879590376151600     
 -0.39999999999999991       0.60000000000000009       0.18052434101035214     
 -0.29999999999999993       0.60000000000000009       -7.6008806374314425E-002
 -0.19999999999999993       0.60000000000000009      -0.31409839212152790     
  -9.9999999999999978E-002  0.60000000000000009      -0.42934926239027521     
   2.7755575615628914E-017  0.60000000000000009      -0.38362776475946597     
  0.10000000000000009       0.60000000000000009      -0.18914496945963014     
  0.20000000000000009       0.60000000000000009        7.5048179880071689E-002
  0.30000000000000016       0.60000000000000009       0.31248309888703280     
  0.40000000000000013       0.60000000000000009       0.42842184949029943     
  0.50000000000000011       0.60000000000000009       0.38236714120031845     
  0.60000000000000009       0.60000000000000009       0.18853710673335478     
  0.70000000000000007       0.60000000000000009       -7.6059104007112605E-002
  0.80000000000000004       0.60000000000000009      -0.31275877200142149     
  0.90000000000000002       0.60000000000000009      -0.42893913297176828     
   1.0000000000000000       0.60000000000000009      -0.37676846682357629     
  -1.0000000000000000       0.70000000000000007       0.15048106565481129     
 -0.90000000000000002       0.70000000000000007        7.3746721012396543E-002
 -0.80000000000000004       0.70000000000000007       -2.9114561325566498E-002
 -0.69999999999999996       0.70000000000000007      -0.12061170448253097     
 -0.59999999999999998       0.70000000000000007      -0.16531356289467108     
 -0.49999999999999994       0.70000000000000007      -0.14815254847825041     
 -0.39999999999999991       0.70000000000000007       -7.2827836906874763E-002
 -0.29999999999999993       0.70000000000000007        3.0024860357182090E-002
 -0.19999999999999993       0.70000000000000007       0.12566459762938356     
  -9.9999999999999978E-002  0.70000000000000007       0.17216253946530630     
   2.7755575615628914E-017  0.70000000000000007       0.15410756462037623     
  0.10000000000000009       0.70000000000000007        7.6299872596172491E-002
  0.20000000000000009       0.70000000000000007       -2.9639915251620408E-002
  0.30000000000000016       0.70000000000000007      -0.12501958451938994     
  0.40000000000000013       0.70000000000000007      -0.17179289671772438     
  0.50000000000000011       0.70000000000000007      -0.15360529235762699     
  0.60000000000000009       0.70000000000000007       -7.6059104007114617E-002
  0.70000000000000007       0.70000000000000007        3.0043111435754628E-002
  0.80000000000000004       0.70000000000000007       0.12512814482426748     
  0.90000000000000002       0.70000000000000007       0.17199829521597063     
   1.0000000000000000       0.70000000000000007       0.15135383747808612     
  -1.0000000000000000       0.80000000000000004       0.62035846634468916     
 -0.90000000000000002       0.80000000000000004       0.30326252722931696     
 -0.80000000000000004       0.80000000000000004      -0.12124862531667484     
 -0.69999999999999996       0.80000000000000004      -0.49845454434567760     
 -0.59999999999999998       0.80000000000000004      -0.68226304218956002     
 -0.49999999999999994       0.80000000000000004      -0.61076424254504180     
 -0.39999999999999991       0.80000000000000004      -0.29946861499575550     
 -0.29999999999999993       0.80000000000000004       0.12504803303368398     
 -0.19999999999999993       0.80000000000000004       0.51934006683224410     
  -9.9999999999999978E-002  0.80000000000000004       0.71053254867940585     
   2.7755575615628914E-017  0.80000000000000004       0.63532207031647991     
  0.10000000000000009       0.80000000000000004       0.31375987712097464     
  0.20000000000000009       0.80000000000000004      -0.12345869693766541     
  0.30000000000000016       0.80000000000000004      -0.51667130245012338     
  0.40000000000000013       0.80000000000000004      -0.70900141270988570     
  0.50000000000000011       0.80000000000000004      -0.63324110460756999     
  0.60000000000000009       0.80000000000000004      -0.31275877200141317     
  0.70000000000000007       0.80000000000000004       0.12512814482426884     
  0.80000000000000004       0.80000000000000004       0.51712428675156186     
  0.90000000000000002       0.80000000000000004       0.70985416783875410     
   1.0000000000000000       0.80000000000000004       0.62396527594711682     
  -1.0000000000000000       0.90000000000000002       0.85118757479029605     
 -0.90000000000000002       0.90000000000000002       0.41591835311645853     
 -0.80000000000000004       0.90000000000000002      -0.16666266085186851     
 -0.69999999999999996       0.90000000000000002      -0.68422522842034572     
 -0.59999999999999998       0.90000000000000002      -0.93631109303963977     
 -0.49999999999999994       0.90000000000000002      -0.83802468014849729     
 -0.39999999999999991       0.90000000000000002      -0.41071134649657443     
 -0.29999999999999993       0.90000000000000002       0.17188718580564646     
 -0.19999999999999993       0.90000000000000002       0.71289545500513407     
  -9.9999999999999978E-002  0.90000000000000002       0.97510783758080122     
   2.7755575615628914E-017  0.90000000000000002       0.87172224360084427     
  0.10000000000000009       0.90000000000000002       0.43031482229588297     
  0.20000000000000009       0.90000000000000002      -0.16970588830864550     
  0.30000000000000016       0.90000000000000002      -0.70923130407456259     
  0.40000000000000013       0.90000000000000002      -0.97300520409335090     
  0.50000000000000011       0.90000000000000002      -0.86886444647256700     
  0.60000000000000009       0.90000000000000002      -0.42893913297177205     
  0.70000000000000007       0.90000000000000002       0.17199829521597096     
  0.80000000000000004       0.90000000000000002       0.70985416783874633     
  0.90000000000000002       0.90000000000000002       0.97417672484702389     
   1.0000000000000000       0.90000000000000002       0.85613859078782517     
  -1.0000000000000000        1.0000000000000000       0.74793237536949986     
 -0.90000000000000002        1.0000000000000000       0.36533351296308203     
 -0.80000000000000004        1.0000000000000000      -0.14665655109679718     
 -0.69999999999999996        1.0000000000000000      -0.60143655761479642     
 -0.59999999999999998        1.0000000000000000      -0.82286058390423955     
 -0.49999999999999994        1.0000000000000000      -0.73636711408193156     
 -0.39999999999999991        1.0000000000000000      -0.36075715070679298     
 -0.29999999999999993        1.0000000000000000       0.15125536546106350     
 -0.19999999999999993        1.0000000000000000       0.62663836715027443     
  -9.9999999999999978E-002   1.0000000000000000       0.85695697442055685     
   2.7755575615628914E-017   1.0000000000000000       0.76597834625908767     
  0.10000000000000009        1.0000000000000000       0.37797874875756210     
  0.20000000000000009        1.0000000000000000      -0.14933826084351476     
  0.30000000000000016        1.0000000000000000      -0.62341703017155903     
  0.40000000000000013        1.0000000000000000      -0.85510814824082038     
  0.50000000000000011        1.0000000000000000      -0.76346543418544222     
  0.60000000000000009        1.0000000000000000      -0.37676846682355702     
  0.70000000000000007        1.0000000000000000       0.15135383747808476     
  0.80000000000000004        1.0000000000000000       0.62396527594708862     
  0.90000000000000002        1.0000000000000000       0.85613859078782162     
   1.0000000000000000        1.0000000000000000       0.75228431769738191     
