  -1.0000000000000000       -1.0000000000000000       0.94309229945877349     
 -0.90000000000000002       -1.0000000000000000       0.65861923236803355     
 -0.80000000000000004       -1.0000000000000000       0.13498568166721758     
 -0.69999999999999996       -1.0000000000000000      -0.44608726110020225     
 -0.59999999999999998       -1.0000000000000000      -0.86826135485409262     
 -0.49999999999999994       -1.0000000000000000      -0.95753432776149183     
 -0.39999999999999991       -1.0000000000000000      -0.68357391008574708     
 -0.29999999999999993       -1.0000000000000000      -0.14591176073801473     
 -0.19999999999999993       -1.0000000000000000       0.44364313371617792     
  -9.9999999999999978E-002  -1.0000000000000000       0.86718637649089303     
   2.7755575615628914E-017  -1.0000000000000000       0.95448890298603939     
  0.10000000000000009       -1.0000000000000000       0.68168504357843984     
  0.20000000000000009       -1.0000000000000000       0.14229088525500364     
  0.30000000000000016       -1.0000000000000000      -0.44599683615464791     
  0.40000000000000013       -1.0000000000000000      -0.87101613790661481     
  0.50000000000000011       -1.0000000000000000      -0.95742604295103895     
  0.60000000000000009       -1.0000000000000000      -0.68583340748600463     
  0.70000000000000007       -1.0000000000000000      -0.14585662603122779     
  0.80000000000000004       -1.0000000000000000       0.44102394931551181     
  0.90000000000000002       -1.0000000000000000       0.86627235250574208     
   1.0000000000000000       -1.0000000000000000       0.93741601224136950     
  -1.0000000000000000      -0.90000000000000002       0.65861923236803144     
 -0.90000000000000002      -0.90000000000000002       0.45991551503036909     
 -0.80000000000000004      -0.90000000000000002        9.4205833704914269E-002
 -0.69999999999999996      -0.90000000000000002      -0.31159542571790050     
 -0.59999999999999998      -0.90000000000000002      -0.60640057835004246     
 -0.49999999999999994      -0.90000000000000002      -0.66870524456563685     
 -0.39999999999999991      -0.90000000000000002      -0.47734127797656367     
 -0.29999999999999993      -0.90000000000000002      -0.10183406685088034     
 -0.19999999999999993      -0.90000000000000002       0.30988894453951560     
  -9.9999999999999978E-002 -0.90000000000000002       0.60564992355844394     
   2.7755575615628914E-017 -0.90000000000000002       0.66657873642762988     
  0.10000000000000009      -0.90000000000000002       0.47602244299719887     
  0.20000000000000009      -0.90000000000000002        9.9305562558030538E-002
  0.30000000000000016      -0.90000000000000002      -0.31153218236112329     
  0.40000000000000013      -0.90000000000000002      -0.60832444184546286     
  0.50000000000000011      -0.90000000000000002      -0.66862961532555887     
  0.60000000000000009      -0.90000000000000002      -0.47891931956329115     
  0.70000000000000007      -0.90000000000000002      -0.10179556465121166     
  0.80000000000000004      -0.90000000000000002       0.30805954221156406     
  0.90000000000000002      -0.90000000000000002       0.60501157981286779     
   1.0000000000000000      -0.90000000000000002       0.65465540338861017     
  -1.0000000000000000      -0.80000000000000004       0.13498568166720687     
 -0.90000000000000002      -0.80000000000000004        9.4205833704917863E-002
 -0.80000000000000004      -0.80000000000000004        1.9218266134421971E-002
 -0.69999999999999996      -0.80000000000000004       -6.3955087135483674E-002
 -0.59999999999999998      -0.80000000000000004      -0.12434072838507518     
 -0.49999999999999994      -0.80000000000000004      -0.13705320136233867     
 -0.39999999999999991      -0.80000000000000004       -9.7774985873990430E-002
 -0.29999999999999993      -0.80000000000000004       -2.0778681453476680E-002
 -0.19999999999999993      -0.80000000000000004        6.3605912137489229E-002
  -9.9999999999999978E-002 -0.80000000000000004       0.12418697722918659     
   2.7755575615628914E-017 -0.80000000000000004       0.13661779286352285     
  0.10000000000000009      -0.80000000000000004        9.7505080103958655E-002
  0.20000000000000009      -0.80000000000000004        2.0260707162253679E-002
  0.30000000000000016      -0.80000000000000004       -6.3941991570279313E-002
  0.40000000000000013      -0.80000000000000004      -0.12473507089931542     
  0.50000000000000011      -0.80000000000000004      -0.13703769056592457     
  0.60000000000000009      -0.80000000000000004       -9.8098545736076792E-002
  0.70000000000000007      -0.80000000000000004       -2.0770792816603077E-002
  0.80000000000000004      -0.80000000000000004        6.3230594742309104E-002
  0.90000000000000002      -0.80000000000000004       0.12405611195616474     
   1.0000000000000000      -0.80000000000000004       0.13417366962373536     
  -1.0000000000000000      -0.69999999999999996      -0.44608726110019947     
 -0.90000000000000002      -0.69999999999999996      -0.31159542571789922     
 -0.80000000000000004      -0.69999999999999996       -6.3955087135486963E-002
 -0.69999999999999996      -0.69999999999999996       0.21089126690299373     
 -0.59999999999999998      -0.69999999999999996       0.41062372565463967     
 -0.49999999999999994      -0.69999999999999996       0.45291797661362521     
 -0.39999999999999991      -0.69999999999999996       0.32340184313216108     
 -0.29999999999999993      -0.69999999999999996        6.9126749636514134E-002
 -0.19999999999999993      -0.69999999999999996      -0.20973450288721435     
  -9.9999999999999978E-002 -0.69999999999999996      -0.41011513996180488     
   2.7755575615628914E-017 -0.69999999999999996      -0.45147697160954514     
  0.10000000000000009      -0.69999999999999996      -0.32250793367425185     
  0.20000000000000009      -0.69999999999999996       -6.7413762147978049E-002
  0.30000000000000016      -0.69999999999999996       0.21084865414267145     
  0.40000000000000013      -0.69999999999999996       0.41192670185434332     
  0.50000000000000011      -0.69999999999999996       0.45286676969634615     
  0.60000000000000009      -0.69999999999999996       0.32447043462591396     
  0.70000000000000007      -0.69999999999999996        6.9100667698990564E-002
  0.80000000000000004      -0.69999999999999996      -0.20849606311459384     
  0.90000000000000002      -0.69999999999999996      -0.40968284381861236     
   1.0000000000000000      -0.69999999999999996      -0.44340189279894854     
  -1.0000000000000000      -0.59999999999999998      -0.86826135485407319     
 -0.90000000000000002      -0.59999999999999998      -0.60640057835003758     
 -0.80000000000000004      -0.59999999999999998      -0.12434072838506519     
 -0.69999999999999996      -0.59999999999999998       0.41062372565464444     
 -0.59999999999999998      -0.59999999999999998       0.79932584304189402     
 -0.49999999999999994      -0.59999999999999998       0.88155719213485895     
 -0.39999999999999991      -0.59999999999999998       0.62937688312603091     
 -0.29999999999999993      -0.59999999999999998       0.13440207266311321     
 -0.19999999999999993      -0.59999999999999998      -0.40837311051241887     
  -9.9999999999999978E-002 -0.59999999999999998      -0.79833608877250162     
   2.7755575615628914E-017 -0.59999999999999998      -0.87875309895516085     
  0.10000000000000009      -0.59999999999999998      -0.62763760291589898     
  0.20000000000000009      -0.59999999999999998      -0.13106831762770549     
  0.30000000000000016      -0.59999999999999998       0.41054057371927616     
  0.40000000000000013      -0.59999999999999998       0.80186201338777274     
  0.50000000000000011      -0.59999999999999998       0.88145750695197267     
  0.60000000000000009      -0.59999999999999998       0.63145699756622709     
  0.70000000000000007      -0.59999999999999998       0.13435131086933963     
  0.80000000000000004      -0.59999999999999998      -0.40596202541752530     
  0.90000000000000002      -0.59999999999999998      -0.79749461502901220     
   1.0000000000000000      -0.59999999999999998      -0.86303517796121543     
  -1.0000000000000000      -0.49999999999999994      -0.95753432776149439     
 -0.90000000000000002      -0.49999999999999994      -0.66870524456563729     
 -0.80000000000000004      -0.49999999999999994      -0.13705320136233581     
 -0.69999999999999996      -0.49999999999999994       0.45291797661362582     
 -0.59999999999999998      -0.49999999999999994       0.88155719213485784     
 -0.49999999999999994      -0.49999999999999994       0.97219751212783112     
 -0.39999999999999991      -0.49999999999999994       0.69404207612698177     
 -0.29999999999999993      -0.49999999999999994       0.14814661083408545     
 -0.19999999999999993      -0.49999999999999994      -0.45043641843945936     
  -9.9999999999999978E-002 -0.49999999999999994      -0.88046575165438401     
   2.7755575615628914E-017 -0.49999999999999994      -0.96910544930547049     
  0.10000000000000009      -0.49999999999999994      -0.69212428262930725     
  0.20000000000000009      -0.49999999999999994      -0.14447028595999031     
  0.30000000000000016      -0.49999999999999994       0.45282616756569344     
  0.40000000000000013      -0.49999999999999994       0.88435416031944636     
  0.50000000000000011      -0.49999999999999994       0.97208756914413497     
  0.60000000000000009      -0.49999999999999994       0.69633617363611811     
  0.70000000000000007      -0.49999999999999994       0.14809063181116539     
  0.80000000000000004      -0.49999999999999994      -0.44777712695467398     
  0.90000000000000002      -0.49999999999999994      -0.87953773093812082     
   1.0000000000000000      -0.49999999999999994      -0.95177111502349399     
  -1.0000000000000000      -0.39999999999999991      -0.68357391008573476     
 -0.90000000000000002      -0.39999999999999991      -0.47734127797656056     
 -0.80000000000000004      -0.39999999999999991       -9.7774985873982340E-002
 -0.69999999999999996      -0.39999999999999991       0.32340184313216125     
 -0.59999999999999998      -0.39999999999999991       0.62937688312602158     
 -0.49999999999999994      -0.39999999999999991       0.69404207612698177     
 -0.39999999999999991      -0.39999999999999991       0.49542728600137181     
 -0.29999999999999993      -0.39999999999999991       0.10569223967257603     
 -0.19999999999999993      -0.39999999999999991      -0.32163070601524435     
  -9.9999999999999978E-002 -0.39999999999999991      -0.62859778676071965     
   2.7755575615628914E-017 -0.39999999999999991      -0.69183499709002205     
  0.10000000000000009      -0.39999999999999991      -0.49405848222491211     
  0.20000000000000009      -0.39999999999999991      -0.10306793258551157     
  0.30000000000000016      -0.39999999999999991       0.32333620313951150     
  0.40000000000000013      -0.39999999999999991       0.63137364074779134     
  0.50000000000000011      -0.39999999999999991       0.69396358130546398     
  0.60000000000000009      -0.39999999999999991       0.49706511894285532     
  0.70000000000000007      -0.39999999999999991       0.10565227865505626     
  0.80000000000000004      -0.39999999999999991      -0.31973198769151356     
  0.90000000000000002      -0.39999999999999991      -0.62793525645826798     
   1.0000000000000000      -0.39999999999999991      -0.67945989515186844     
  -1.0000000000000000      -0.29999999999999993      -0.14591176073801404     
 -0.90000000000000002      -0.29999999999999993      -0.10183406685088157     
 -0.80000000000000004      -0.29999999999999993       -2.0778681453476475E-002
 -0.69999999999999996      -0.29999999999999993        6.9126749636514523E-002
 -0.59999999999999998      -0.29999999999999993       0.13440207266311230     
 -0.49999999999999994      -0.29999999999999993       0.14814661083408584     
 -0.39999999999999991      -0.29999999999999993       0.10569223967257715     
 -0.29999999999999993      -0.29999999999999993        2.2465563619396448E-002
 -0.19999999999999993      -0.29999999999999993       -6.8749280560314249E-002
  -9.9999999999999978E-002 -0.29999999999999993      -0.13423587122813996     
   2.7755575615628914E-017 -0.29999999999999993      -0.14767593629403583     
  0.10000000000000009      -0.29999999999999993      -0.10540046583261697     
  0.20000000000000009      -0.29999999999999993       -2.1905649725467189E-002
  0.30000000000000016      -0.29999999999999993        6.9112601326362474E-002
  0.40000000000000013      -0.29999999999999993       0.13482833198138144     
  0.50000000000000011      -0.29999999999999993       0.14812984512283531     
  0.60000000000000009      -0.29999999999999993       0.10604198194668187     
  0.70000000000000007      -0.29999999999999993        2.2457036322024431E-002
  0.80000000000000004      -0.29999999999999993       -6.8343604436017696E-002
  0.90000000000000002      -0.29999999999999993      -0.13409441529736052     
   1.0000000000000000      -0.29999999999999993      -0.14503400157304713     
  -1.0000000000000000      -0.19999999999999993       0.44364313371616565     
 -0.90000000000000002      -0.19999999999999993       0.30988894453951271     
 -0.80000000000000004      -0.19999999999999993        6.3605912137472784E-002
 -0.69999999999999996      -0.19999999999999993      -0.20973450288721951     
 -0.59999999999999998      -0.19999999999999993      -0.40837311051243808     
 -0.49999999999999994      -0.19999999999999993      -0.45043641843946169     
 -0.39999999999999991      -0.19999999999999993      -0.32163070601525273     
 -0.29999999999999993      -0.19999999999999993       -6.8749280560315360E-002
 -0.19999999999999993      -0.19999999999999993       0.20858406890388106     
  -9.9999999999999978E-002 -0.19999999999999993       0.40786731002992893     
   2.7755575615628914E-017 -0.19999999999999993       0.44900330287644608     
  0.10000000000000009      -0.19999999999999993       0.32074168889526322     
  0.20000000000000009      -0.19999999999999993        6.7045675147392028E-002
  0.30000000000000016      -0.19999999999999993      -0.20969212545489230     
  0.40000000000000013      -0.19999999999999993      -0.40966894708186813     
  0.50000000000000011      -0.19999999999999993      -0.45038549223188978     
  0.60000000000000009      -0.19999999999999993      -0.32269344078628931     
  0.70000000000000007      -0.19999999999999993       -6.8723341492221271E-002
  0.80000000000000004      -0.19999999999999993       0.20735241979939967     
  0.90000000000000002      -0.19999999999999993       0.40743738293911752     
   1.0000000000000000      -0.19999999999999993       0.44097247331539086     
  -1.0000000000000000       -9.9999999999999978E-002  0.86718637649089270     
 -0.90000000000000002       -9.9999999999999978E-002  0.60564992355844283     
 -0.80000000000000004       -9.9999999999999978E-002  0.12418697722918687     
 -0.69999999999999996       -9.9999999999999978E-002 -0.41011513996180465     
 -0.59999999999999998       -9.9999999999999978E-002 -0.79833608877250162     
 -0.49999999999999994       -9.9999999999999978E-002 -0.88046575165438268     
 -0.39999999999999991       -9.9999999999999978E-002 -0.62859778676072176     
 -0.29999999999999993       -9.9999999999999978E-002 -0.13423587122813888     
 -0.19999999999999993       -9.9999999999999978E-002  0.40786731002992510     
  -9.9999999999999978E-002  -9.9999999999999978E-002  0.79734755968952864     
   2.7755575615628914E-017  -9.9999999999999978E-002  0.87766512925578966     
  0.10000000000000009       -9.9999999999999978E-002  0.62686065907105437     
  0.20000000000000009       -9.9999999999999978E-002  0.13090624311550075     
  0.30000000000000016       -9.9999999999999978E-002 -0.41003209126243406     
  0.40000000000000013       -9.9999999999999978E-002 -0.80086911904264646     
  0.50000000000000011       -9.9999999999999978E-002 -0.88036618991167659     
  0.60000000000000009       -9.9999999999999978E-002 -0.63067532555184991     
  0.70000000000000007       -9.9999999999999978E-002 -0.13418517227626675     
  0.80000000000000004       -9.9999999999999978E-002  0.40545921086521658     
  0.90000000000000002       -9.9999999999999978E-002  0.79650712783420841     
   1.0000000000000000       -9.9999999999999978E-002  0.86196666920334919     
  -1.0000000000000000        2.7755575615628914E-017  0.95448890298601130     
 -0.90000000000000002        2.7755575615628914E-017  0.66657873642762722     
 -0.80000000000000004        2.7755575615628914E-017  0.13661779286350773     
 -0.69999999999999996        2.7755575615628914E-017 -0.45147697160955003     
 -0.59999999999999998        2.7755575615628914E-017 -0.87875309895516018     
 -0.49999999999999994        2.7755575615628914E-017 -0.96910544930547671     
 -0.39999999999999991        2.7755575615628914E-017 -0.69183499709002660     
 -0.29999999999999993        2.7755575615628914E-017 -0.14767593629403641     
 -0.19999999999999993        2.7755575615628914E-017  0.44900330287643558     
  -9.9999999999999978E-002   2.7755575615628914E-017  0.87766512925579265     
   2.7755575615628914E-017   2.7755575615628914E-017  0.96602321843325545     
  0.10000000000000009        2.7755575615628914E-017  0.68992330096335330     
  0.20000000000000009        2.7755575615628914E-017  0.14401130256210998     
  0.30000000000000016        2.7755575615628914E-017 -0.45138545528585439     
  0.40000000000000013        2.7755575615628914E-017 -0.88154117119383879     
  0.50000000000000011        2.7755575615628914E-017 -0.96899585604971405     
  0.60000000000000009        2.7755575615628914E-017 -0.69412179750562497     
  0.70000000000000007        2.7755575615628914E-017 -0.14762013529806994     
  0.80000000000000004        2.7755575615628914E-017  0.44635247128198174     
  0.90000000000000002        2.7755575615628914E-017  0.87674006028706941     
   1.0000000000000000        2.7755575615628914E-017  0.94874401797307806     
  -1.0000000000000000       0.10000000000000009       0.68168504357843995     
 -0.90000000000000002       0.10000000000000009       0.47602244299719881     
 -0.80000000000000004       0.10000000000000009        9.7505080103957767E-002
 -0.69999999999999996       0.10000000000000009      -0.32250793367425190     
 -0.59999999999999998       0.10000000000000009      -0.62763760291589887     
 -0.49999999999999994       0.10000000000000009      -0.69212428262930603     
 -0.39999999999999991       0.10000000000000009      -0.49405848222491344     
 -0.29999999999999993       0.10000000000000009      -0.10540046583261577     
 -0.19999999999999993       0.10000000000000009       0.32074168889526145     
  -9.9999999999999978E-002  0.10000000000000009       0.62686065907105526     
   2.7755575615628914E-017  0.10000000000000009       0.68992330096335275     
  0.10000000000000009       0.10000000000000009       0.49269345962438788     
  0.20000000000000009       0.10000000000000009       0.10278340955681974     
  0.30000000000000016       0.10000000000000009      -0.32244247547257882     
  0.40000000000000013       0.10000000000000009      -0.62962884292232635     
  0.50000000000000011       0.10000000000000009      -0.69204600474487898     
  0.60000000000000009       0.10000000000000009      -0.49569178911278167     
  0.70000000000000007       0.10000000000000009      -0.10536061522890576     
  0.80000000000000004       0.10000000000000009       0.31884821830011123     
  0.90000000000000002       0.10000000000000009       0.62619995959958574     
   1.0000000000000000       0.10000000000000009       0.67758239540985632     
  -1.0000000000000000       0.20000000000000009       0.14229088525499364     
 -0.90000000000000002       0.20000000000000009        9.9305562558033939E-002
 -0.80000000000000004       0.20000000000000009        2.0260707162261127E-002
 -0.69999999999999996       0.20000000000000009       -6.7413762147975120E-002
 -0.59999999999999998       0.20000000000000009      -0.13106831762768947     
 -0.49999999999999994       0.20000000000000009      -0.14447028595999226     
 -0.39999999999999991       0.20000000000000009      -0.10306793258550827     
 -0.29999999999999993       0.20000000000000009       -2.1905649725467290E-002
 -0.19999999999999993       0.20000000000000009        6.7045675147388753E-002
  -9.9999999999999978E-002  0.20000000000000009       0.13090624311550053     
   2.7755575615628914E-017  0.20000000000000009       0.14401130256210531     
  0.10000000000000009       0.20000000000000009       0.10278340955681978     
  0.20000000000000009       0.20000000000000009        2.1359636905216004E-002
  0.30000000000000016       0.20000000000000009       -6.7399961442132117E-002
  0.40000000000000013       0.20000000000000009      -0.13148400019372708     
  0.50000000000000011       0.20000000000000009      -0.14445393602917256     
  0.60000000000000009       0.20000000000000009      -0.10340899940743906     
  0.70000000000000007       0.20000000000000009       -2.1897334102460059E-002
  0.80000000000000004       0.20000000000000009        6.6650056234293056E-002
  0.90000000000000002       0.20000000000000009       0.13076829657061093     
   1.0000000000000000       0.20000000000000009       0.14143491819624723     
  -1.0000000000000000       0.30000000000000016      -0.44599683615464647     
 -0.90000000000000002       0.30000000000000016      -0.31153218236112218     
 -0.80000000000000004       0.30000000000000016       -6.3941991570279660E-002
 -0.69999999999999996       0.30000000000000016       0.21084865414267112     
 -0.59999999999999998       0.30000000000000016       0.41054057371927716     
 -0.49999999999999994       0.30000000000000016       0.45282616756569360     
 -0.39999999999999991       0.30000000000000016       0.32333620313951422     
 -0.29999999999999993       0.30000000000000016        6.9112601326361878E-002
 -0.19999999999999993       0.30000000000000016      -0.20969212545489094     
  -9.9999999999999978E-002  0.30000000000000016      -0.41003209126243489     
   2.7755575615628914E-017  0.30000000000000016      -0.45138545528585489     
  0.10000000000000009       0.30000000000000016      -0.32244247547257865     
  0.20000000000000009       0.30000000000000016       -6.7399961442132700E-002
  0.30000000000000016       0.30000000000000016       0.21080604982721546     
  0.40000000000000013       0.30000000000000016       0.41184328585678237     
  0.50000000000000011       0.30000000000000016       0.45277497101514408     
  0.60000000000000009       0.30000000000000016       0.32440457823657298     
  0.70000000000000007       0.30000000000000016        6.9086524679508529E-002
  0.80000000000000004       0.30000000000000016      -0.20845393617407620     
  0.90000000000000002       0.30000000000000016      -0.40959988269907921     
   1.0000000000000000       0.30000000000000016      -0.44331201275628962     
  -1.0000000000000000       0.40000000000000013      -0.87101613790656929     
 -0.90000000000000002       0.40000000000000013      -0.60832444184545476     
 -0.80000000000000004       0.40000000000000013      -0.12473507089930025     
 -0.69999999999999996       0.40000000000000013       0.41192670185434838     
 -0.59999999999999998       0.40000000000000013       0.80186201338779228     
 -0.49999999999999994       0.40000000000000013       0.88435416031944813     
 -0.39999999999999991       0.40000000000000013       0.63137364074780877     
 -0.29999999999999993       0.40000000000000013       0.13482833198138175     
 -0.19999999999999993       0.40000000000000013      -0.40966894708185841     
  -9.9999999999999978E-002  0.40000000000000013      -0.80086911904264757     
   2.7755575615628914E-017  0.40000000000000013      -0.88154117119385533     
  0.10000000000000009       0.40000000000000013      -0.62962884292232701     
  0.20000000000000009       0.40000000000000013      -0.13148400019374173     
  0.30000000000000016       0.40000000000000013       0.41184328585678165     
  0.40000000000000013       0.40000000000000013       0.80440623046357174     
  0.50000000000000011       0.40000000000000013       0.88425415884013314     
  0.60000000000000009       0.40000000000000013       0.63346035512616750     
  0.70000000000000007       0.40000000000000013       0.13477740913719988     
  0.80000000000000004       0.40000000000000013      -0.40725021151947011     
  0.90000000000000002       0.40000000000000013      -0.80002497544288975     
   1.0000000000000000       0.40000000000000013      -0.86577338031238160     
  -1.0000000000000000       0.50000000000000011      -0.95742604295103784     
 -0.90000000000000002       0.50000000000000011      -0.66862961532555887     
 -0.80000000000000004       0.50000000000000011      -0.13703769056592296     
 -0.69999999999999996       0.50000000000000011       0.45286676969634621     
 -0.59999999999999998       0.50000000000000011       0.88145750695197556     
 -0.49999999999999994       0.50000000000000011       0.97208756914413363     
 -0.39999999999999991       0.50000000000000011       0.69396358130546565     
 -0.29999999999999993       0.50000000000000011       0.14812984512283472     
 -0.19999999999999993       0.50000000000000011      -0.45038549223189028     
  -9.9999999999999978E-002  0.50000000000000011      -0.88036618991167714     
   2.7755575615628914E-017  0.50000000000000011      -0.96899585604971383     
  0.10000000000000009       0.50000000000000011      -0.69204600474487865     
  0.20000000000000009       0.50000000000000011      -0.14445393602917098     
  0.30000000000000016       0.50000000000000011       0.45277497101514419     
  0.40000000000000013       0.50000000000000011       0.88425415884013636     
  0.50000000000000011       0.50000000000000011       0.97197763859338537     
  0.60000000000000009       0.50000000000000011       0.69625741940804275     
  0.70000000000000007       0.50000000000000011       0.14807387243077122     
  0.80000000000000004       0.50000000000000011      -0.44772650143190024     
  0.90000000000000002       0.50000000000000011      -0.87943827413917286     
   1.0000000000000000       0.50000000000000011      -0.95166348200624795     
  -1.0000000000000000       0.60000000000000009      -0.68583340748597399     
 -0.90000000000000002       0.60000000000000009      -0.47891931956328998     
 -0.80000000000000004       0.60000000000000009       -9.8098545736060389E-002
 -0.69999999999999996       0.60000000000000009       0.32447043462591468     
 -0.59999999999999998       0.60000000000000009       0.63145699756623752     
 -0.49999999999999994       0.60000000000000009       0.69633617363612110     
 -0.39999999999999991       0.60000000000000009       0.49706511894285904     
 -0.29999999999999993       0.60000000000000009       0.10604198194668216     
 -0.19999999999999993       0.60000000000000009      -0.32269344078630113     
  -9.9999999999999978E-002  0.60000000000000009      -0.63067532555184902     
   2.7755575615628914E-017  0.60000000000000009      -0.69412179750562952     
  0.10000000000000009       0.60000000000000009      -0.49569178911278072     
  0.20000000000000009       0.60000000000000009      -0.10340899940743160     
  0.30000000000000016       0.60000000000000009       0.32440457823657143     
  0.40000000000000013       0.60000000000000009       0.63346035512617072     
  0.50000000000000011       0.60000000000000009       0.69625741940804242     
  0.60000000000000009       0.60000000000000009       0.49870836509716915     
  0.70000000000000007       0.60000000000000009       0.10600188883106630     
  0.80000000000000004       0.60000000000000009      -0.32078844799586798     
  0.90000000000000002       0.60000000000000009      -0.63001060546457444     
   1.0000000000000000       0.60000000000000009      -0.68170579239044349     
  -1.0000000000000000       0.70000000000000007      -0.14585662603123056     
 -0.90000000000000002       0.70000000000000007      -0.10179556465121231     
 -0.80000000000000004       0.70000000000000007       -2.0770792816600676E-002
 -0.69999999999999996       0.70000000000000007        6.9100667698990703E-002
 -0.59999999999999998       0.70000000000000007       0.13435131086933991     
 -0.49999999999999994       0.70000000000000007       0.14809063181116452     
 -0.39999999999999991       0.70000000000000007       0.10565227865505539     
 -0.29999999999999993       0.70000000000000007        2.2457036322024341E-002
 -0.19999999999999993       0.70000000000000007       -6.8723341492223658E-002
  -9.9999999999999978E-002  0.70000000000000007      -0.13418517227626714     
   2.7755575615628914E-017  0.70000000000000007      -0.14762013529806847     
  0.10000000000000009       0.70000000000000007      -0.10536061522890552     
  0.20000000000000009       0.70000000000000007       -2.1897334102456579E-002
  0.30000000000000016       0.70000000000000007        6.9086524679508654E-002
  0.40000000000000013       0.70000000000000007       0.13477740913720038     
  0.50000000000000011       0.70000000000000007       0.14807387243077086     
  0.60000000000000009       0.70000000000000007       0.10600188883106439     
  0.70000000000000007       0.70000000000000007        2.2448512247832793E-002
  0.80000000000000004       0.70000000000000007       -6.8317818501752420E-002
  0.90000000000000002       0.70000000000000007      -0.13404376978194735     
   1.0000000000000000       0.70000000000000007      -0.14497919869894954     
  -1.0000000000000000       0.80000000000000004       0.44102394931549499     
 -0.90000000000000002       0.80000000000000004       0.30805954221156201     
 -0.80000000000000004       0.80000000000000004        6.3230594742299320E-002
 -0.69999999999999996       0.80000000000000004      -0.20849606311460020     
 -0.59999999999999998       0.80000000000000004      -0.40596202541755871     
 -0.49999999999999994       0.80000000000000004      -0.44777712695467864     
 -0.39999999999999991       0.80000000000000004      -0.31973198769153682     
 -0.29999999999999993       0.80000000000000004       -6.8343604436018252E-002
 -0.19999999999999993       0.80000000000000004       0.20735241979940025     
  -9.9999999999999978E-002  0.80000000000000004       0.40545921086521963     
   2.7755575615628914E-017  0.80000000000000004       0.44635247128200883     
  0.10000000000000009       0.80000000000000004       0.31884821830011373     
  0.20000000000000009       0.80000000000000004        6.6650056234306115E-002
  0.30000000000000016       0.80000000000000004      -0.20845393617407804     
  0.40000000000000013       0.80000000000000004      -0.40725021151948493     
  0.50000000000000011       0.80000000000000004      -0.44772650143190212     
  0.60000000000000009       0.80000000000000004      -0.32078844799587547     
  0.70000000000000007       0.80000000000000004       -6.8317818501751684E-002
  0.80000000000000004       0.80000000000000004       0.20612804296488330     
  0.90000000000000002       0.80000000000000004       0.40503182206331556     
   1.0000000000000000       0.80000000000000004       0.43836905511771540     
  -1.0000000000000000       0.90000000000000002       0.86627235250574219     
 -0.90000000000000002       0.90000000000000002       0.60501157981286646     
 -0.80000000000000004       0.90000000000000002       0.12405611195616685     
 -0.69999999999999996       0.90000000000000002      -0.40968284381861120     
 -0.59999999999999998       0.90000000000000002      -0.79749461502901120     
 -0.49999999999999994       0.90000000000000002      -0.87953773093811982     
 -0.39999999999999991       0.90000000000000002      -0.62793525645827364     
 -0.29999999999999993       0.90000000000000002      -0.13409441529736016     
 -0.19999999999999993       0.90000000000000002       0.40743738293911086     
  -9.9999999999999978E-002  0.90000000000000002       0.79650712783420718     
   2.7755575615628914E-017  0.90000000000000002       0.87674006028706675     
  0.10000000000000009       0.90000000000000002       0.62619995959958630     
  0.20000000000000009       0.90000000000000002       0.13076829657061295     
  0.30000000000000016       0.90000000000000002      -0.40959988269907738     
  0.40000000000000013       0.90000000000000002      -0.80002497544288864     
  0.50000000000000011       0.90000000000000002      -0.87943827413917153     
  0.60000000000000009       0.90000000000000002      -0.63001060546457677     
  0.70000000000000007       0.90000000000000002      -0.13404376978194807     
  0.80000000000000004       0.90000000000000002       0.40503182206330846     
  0.90000000000000002       0.90000000000000002       0.79566758181596053     
   1.0000000000000000       0.90000000000000002       0.86105814671876146     
  -1.0000000000000000        1.0000000000000000       0.93741601224130700     
 -0.90000000000000002        1.0000000000000000       0.65465540338860306     
 -0.80000000000000004        1.0000000000000000       0.13417366962371735     
 -0.69999999999999996        1.0000000000000000      -0.44340189279895048     
 -0.59999999999999998        1.0000000000000000      -0.86303517796121065     
 -0.49999999999999994        1.0000000000000000      -0.95177111502349643     
 -0.39999999999999991        1.0000000000000000      -0.67945989515187166     
 -0.29999999999999993        1.0000000000000000      -0.14503400157304669     
 -0.19999999999999993        1.0000000000000000       0.44097247331537764     
  -9.9999999999999978E-002   1.0000000000000000       0.86196666920334519     
   2.7755575615628914E-017   1.0000000000000000       0.94874401797307073     
  0.10000000000000009        1.0000000000000000       0.67758239540985399     
  0.20000000000000009        1.0000000000000000       0.14143491819624809     
  0.30000000000000016        1.0000000000000000      -0.44331201275628546     
  0.40000000000000013        1.0000000000000000      -0.86577338031235695     
  0.50000000000000011        1.0000000000000000      -0.95166348200624162     
  0.60000000000000009        1.0000000000000000      -0.68170579239042595     
  0.70000000000000007        1.0000000000000000      -0.14497919869894990     
  0.80000000000000004        1.0000000000000000       0.43836905511768148     
  0.90000000000000002        1.0000000000000000       0.86105814671875869     
   1.0000000000000000        1.0000000000000000       0.93177388759495927     
