  -1.0000000000000000       -1.0000000000000000       0.79785271412267889     
 -0.90000000000000002       -1.0000000000000000       0.84598276426565977     
 -0.80000000000000004       -1.0000000000000000       0.58162747658835678     
 -0.69999999999999996       -1.0000000000000000       0.10790649683682593     
 -0.59999999999999998       -1.0000000000000000      -0.43274754608353239     
 -0.49999999999999994       -1.0000000000000000      -0.80721696767032103     
 -0.39999999999999991       -1.0000000000000000      -0.87954709751802840     
 -0.29999999999999993       -1.0000000000000000      -0.61078032190380471     
 -0.19999999999999993       -1.0000000000000000      -0.11524102977382120     
  -9.9999999999999978E-002  -1.0000000000000000       0.42971987756454932     
   2.7755575615628914E-017  -1.0000000000000000       0.80324493663349161     
  0.10000000000000009       -1.0000000000000000       0.87630199260960873     
  0.20000000000000009       -1.0000000000000000       0.60593215348332352     
  0.30000000000000016       -1.0000000000000000       0.11180887520159914     
  0.40000000000000013       -1.0000000000000000      -0.43521230164773322     
  0.50000000000000011       -1.0000000000000000      -0.80726608458979643     
  0.60000000000000009       -1.0000000000000000      -0.88235230105481532     
  0.70000000000000007       -1.0000000000000000      -0.61082635702985588     
  0.80000000000000004       -1.0000000000000000      -0.11858434786394112     
  0.90000000000000002       -1.0000000000000000       0.42880077437431685     
   1.0000000000000000       -1.0000000000000000       0.78726311288377870     
  -1.0000000000000000      -0.90000000000000002       0.84598276426565489     
 -0.90000000000000002      -0.90000000000000002       0.89695211153268606     
 -0.80000000000000004      -0.90000000000000002       0.61660949107053942     
 -0.69999999999999996      -0.90000000000000002       0.11431005337355549     
 -0.59999999999999998      -0.90000000000000002      -0.45892040466556588     
 -0.49999999999999994      -0.90000000000000002      -0.85591299514013441     
 -0.39999999999999991      -0.90000000000000002      -0.93253850584832521     
 -0.29999999999999993      -0.90000000000000002      -0.64751696460012409     
 -0.19999999999999993      -0.90000000000000002      -0.12208341942531269     
  -9.9999999999999978E-002 -0.90000000000000002       0.45571046404909776     
   2.7755575615628914E-017 -0.90000000000000002       0.85170164859181996     
  0.10000000000000009      -0.90000000000000002       0.92909810613183064     
  0.20000000000000009      -0.90000000000000002       0.64237704740642632     
  0.30000000000000016      -0.90000000000000002       0.11844469145160690     
  0.40000000000000013      -0.90000000000000002      -0.46153357089773439     
  0.50000000000000011      -0.90000000000000002      -0.85596502285686527     
  0.60000000000000009      -0.90000000000000002      -0.93551267364453028     
  0.70000000000000007      -0.90000000000000002      -0.64756573141840623     
  0.80000000000000004      -0.90000000000000002      -0.12562796890985989     
  0.90000000000000002      -0.90000000000000002       0.45473601324513357     
   1.0000000000000000      -0.90000000000000002       0.83475632000049660     
  -1.0000000000000000      -0.80000000000000004       0.58162747658833902     
 -0.90000000000000002      -0.80000000000000004       0.61660949107054186     
 -0.80000000000000004      -0.80000000000000004       0.42383136936401589     
 -0.69999999999999996      -0.80000000000000004        7.8490602899212780E-002
 -0.59999999999999998      -0.80000000000000004      -0.31557908141782065     
 -0.49999999999999994      -0.80000000000000004      -0.58845569704225331     
 -0.39999999999999991      -0.80000000000000004      -0.64107321133483319     
 -0.29999999999999993      -0.80000000000000004      -0.44507701896490576     
 -0.19999999999999993      -0.80000000000000004       -8.3831522069645961E-002
  -9.9999999999999978E-002 -0.80000000000000004       0.31337254109097390     
   2.7755575615628914E-017 -0.80000000000000004       0.58556060246085850     
  0.10000000000000009      -0.80000000000000004       0.63870831485265533     
  0.20000000000000009      -0.80000000000000004       0.44154391043846553     
  0.30000000000000016      -0.80000000000000004        8.1330276341330623E-002
  0.40000000000000013      -0.80000000000000004      -0.31737541949555320     
  0.50000000000000011      -0.80000000000000004      -0.58849141795372473     
  0.60000000000000009      -0.80000000000000004      -0.64311775936397164     
  0.70000000000000007      -0.80000000000000004      -0.44511050434812771     
  0.80000000000000004      -0.80000000000000004       -8.6268034502957086E-002
  0.90000000000000002      -0.80000000000000004       0.31270268065875118     
   1.0000000000000000      -0.80000000000000004       0.57391095702792005     
  -1.0000000000000000      -0.69999999999999996       0.10790649683682887     
 -0.90000000000000002      -0.69999999999999996       0.11431005337355669     
 -0.80000000000000004      -0.69999999999999996        7.8490602899212031E-002
 -0.69999999999999996      -0.69999999999999996        1.4419217755101665E-002
 -0.59999999999999998      -0.69999999999999996       -5.8638999441041437E-002
 -0.49999999999999994      -0.69999999999999996      -0.10917476459029883     
 -0.39999999999999991      -0.69999999999999996      -0.11884505961674105     
 -0.29999999999999993      -0.69999999999999996       -8.2426806527974072E-002
 -0.19999999999999993      -0.69999999999999996       -1.5405211324398184E-002
  -9.9999999999999978E-002 -0.69999999999999996        5.8230130470045022E-002
   2.7755575615628914E-017 -0.69999999999999996       0.10863805006964262     
  0.10000000000000009      -0.69999999999999996       0.11840693838155841     
  0.20000000000000009      -0.69999999999999996        8.1772289809160889E-002
  0.30000000000000016      -0.69999999999999996        1.4941800841356750E-002
  0.40000000000000013      -0.69999999999999996       -5.8971895120512687E-002
  0.50000000000000011      -0.69999999999999996      -0.10918132137607504     
  0.60000000000000009      -0.69999999999999996      -0.11922402632948731     
  0.70000000000000007      -0.69999999999999996       -8.2432957744666399E-002
  0.80000000000000004      -0.69999999999999996       -1.5856635283660762E-002
  0.90000000000000002      -0.69999999999999996        5.8105985103028272E-002
   1.0000000000000000      -0.69999999999999996       0.10647754461949832     
  -1.0000000000000000      -0.59999999999999998      -0.43274754608351068     
 -0.90000000000000002      -0.59999999999999998      -0.45892040466555922     
 -0.80000000000000004      -0.59999999999999998      -0.31557908141780072     
 -0.69999999999999996      -0.59999999999999998       -5.8638999441039279E-002
 -0.59999999999999998      -0.59999999999999998       0.23464681697437623     
 -0.49999999999999994      -0.59999999999999998       0.43782548392313986     
 -0.39999999999999991      -0.59999999999999998       0.47712820754558477     
 -0.29999999999999993      -0.59999999999999998       0.33139551921406030     
 -0.19999999999999993      -0.59999999999999998        6.2620993115758528E-002
  -9.9999999999999978E-002 -0.59999999999999998      -0.23300424857900148     
   2.7755575615628914E-017 -0.59999999999999998      -0.43567078178197288     
  0.10000000000000009      -0.59999999999999998      -0.47536760467901301     
  0.20000000000000009      -0.59999999999999998      -0.32876516679416484     
  0.30000000000000016      -0.59999999999999998       -6.0758930931125887E-002
  0.40000000000000013      -0.59999999999999998       0.23598396565552360     
  0.50000000000000011      -0.59999999999999998       0.43785217943393451     
  0.60000000000000009      -0.59999999999999998       0.47864999479364151     
  0.70000000000000007      -0.59999999999999998       0.33142053601883353     
  0.80000000000000004      -0.59999999999999998        6.4434853249912230E-002
  0.90000000000000002      -0.59999999999999998      -0.23250563392049317     
   1.0000000000000000      -0.59999999999999998      -0.42700177389533955     
  -1.0000000000000000      -0.49999999999999994      -0.80721696767032136     
 -0.90000000000000002      -0.49999999999999994      -0.85591299514013497     
 -0.80000000000000004      -0.49999999999999994      -0.58845569704225098     
 -0.69999999999999996      -0.49999999999999994      -0.10917476459030133     
 -0.59999999999999998      -0.49999999999999994       0.43782548392313825     
 -0.49999999999999994      -0.49999999999999994       0.81669110946966916     
 -0.39999999999999991      -0.49999999999999994       0.88987131237940897     
 -0.29999999999999993      -0.49999999999999994       0.61795077167986567     
 -0.19999999999999993      -0.49999999999999994       0.11659544281817116     
  -9.9999999999999978E-002 -0.49999999999999994      -0.43476227393777678     
   2.7755575615628914E-017 -0.49999999999999994      -0.81267245442108005     
  0.10000000000000009      -0.49999999999999994      -0.88658811241190949     
  0.20000000000000009      -0.49999999999999994      -0.61304568911190671     
  0.30000000000000016      -0.49999999999999994      -0.11312299771114528     
  0.40000000000000013      -0.49999999999999994       0.44031917251480895     
  0.50000000000000011      -0.49999999999999994       0.81674080374613889     
  0.60000000000000009      -0.49999999999999994       0.89270944445639855     
  0.70000000000000007      -0.49999999999999994       0.61799734787695859     
  0.80000000000000004      -0.49999999999999994       0.11997800845981876     
  0.90000000000000002      -0.49999999999999994      -0.43383238176524264     
   1.0000000000000000      -0.49999999999999994      -0.79650304491746282     
  -1.0000000000000000      -0.39999999999999991      -0.87954709751800109     
 -0.90000000000000002      -0.39999999999999991      -0.93253850584831666     
 -0.80000000000000004      -0.39999999999999991      -0.64107321133481243     
 -0.69999999999999996      -0.39999999999999991      -0.11884505961674094     
 -0.59999999999999998      -0.39999999999999991       0.47712820754559032     
 -0.49999999999999994      -0.39999999999999991       0.88987131237940886     
 -0.39999999999999991      -0.39999999999999991       0.96953678285703282     
 -0.29999999999999993      -0.39999999999999991       0.67320692857395348     
 -0.19999999999999993      -0.39999999999999991       0.12692682543140016     
  -9.9999999999999978E-002 -0.39999999999999991      -0.47379091350318003     
   2.7755575615628914E-017 -0.39999999999999991      -0.88549288149251171     
  0.10000000000000009      -0.39999999999999991      -0.96595988647192177     
  0.20000000000000009      -0.39999999999999991      -0.66786308698963504     
  0.30000000000000016      -0.39999999999999991      -0.12314373213641101     
  0.40000000000000013      -0.39999999999999991       0.47984505042275427     
  0.50000000000000011      -0.39999999999999991       0.88992540417526989     
  0.60000000000000009      -0.39999999999999991       0.97262895005718131     
  0.70000000000000007      -0.39999999999999991       0.67325763011085216     
  0.80000000000000004      -0.39999999999999991       0.13061200375137474     
  0.90000000000000002      -0.39999999999999991      -0.47277780162147304     
   1.0000000000000000      -0.39999999999999991      -0.86787524899066493     
  -1.0000000000000000      -0.29999999999999993      -0.61078032190380172     
 -0.90000000000000002      -0.29999999999999993      -0.64751696460012520     
 -0.80000000000000004      -0.29999999999999993      -0.44507701896490309     
 -0.69999999999999996      -0.29999999999999993       -8.2426806527973684E-002
 -0.59999999999999998      -0.29999999999999993       0.33139551921406202     
 -0.49999999999999994      -0.29999999999999993       0.61795077167986601     
 -0.39999999999999991      -0.29999999999999993       0.67320692857395581     
 -0.29999999999999993      -0.29999999999999993       0.46738763844498932     
 -0.19999999999999993      -0.29999999999999993        8.8035497310153116E-002
  -9.9999999999999978E-002 -0.29999999999999993      -0.32907837362790210     
   2.7755575615628914E-017 -0.29999999999999993      -0.61491056095700403     
  0.10000000000000009      -0.29999999999999993      -0.67072348776411050     
  0.20000000000000009      -0.29999999999999993      -0.46367742664557537     
  0.30000000000000016      -0.29999999999999993       -8.5408872938620831E-002
  0.40000000000000013      -0.29999999999999993       0.33328190019202991     
  0.50000000000000011      -0.29999999999999993       0.61798828402580952     
  0.60000000000000009      -0.29999999999999993       0.67535396019058402     
  0.70000000000000007      -0.29999999999999993       0.46742280308118361     
  0.80000000000000004      -0.29999999999999993        9.0594143439744659E-002
  0.90000000000000002      -0.29999999999999993      -0.32837493600525469     
   1.0000000000000000      -0.29999999999999993      -0.60267699040880462     
  -1.0000000000000000      -0.19999999999999993      -0.11524102977383295     
 -0.90000000000000002      -0.19999999999999993      -0.12208341942531269     
 -0.80000000000000004      -0.19999999999999993       -8.3831522069656703E-002
 -0.69999999999999996      -0.19999999999999993       -1.5405211324401973E-002
 -0.59999999999999998      -0.19999999999999993        6.2620993115735754E-002
 -0.49999999999999994      -0.19999999999999993       0.11659544281816622     
 -0.39999999999999991      -0.19999999999999993       0.12692682543139203     
 -0.29999999999999993      -0.19999999999999993        8.8035497310151506E-002
 -0.19999999999999993      -0.19999999999999993        1.6458426172182621E-002
  -9.9999999999999978E-002 -0.19999999999999993       -6.2184312131816057E-002
   2.7755575615628914E-017 -0.19999999999999993      -0.11602223063367514     
  0.10000000000000009      -0.19999999999999993      -0.12645889868426929     
  0.20000000000000009      -0.19999999999999993       -8.7336452507566179E-002
  0.30000000000000016      -0.19999999999999993       -1.5963490801683376E-002
  0.40000000000000013      -0.19999999999999993        6.2976531402341052E-002
  0.50000000000000011      -0.19999999999999993       0.11660244817935195     
  0.60000000000000009      -0.19999999999999993       0.12733156542249827     
  0.70000000000000007      -0.19999999999999993        8.8042069152183572E-002
  0.80000000000000004      -0.19999999999999993        1.6940559067077320E-002
  0.90000000000000002      -0.19999999999999993       -6.2051723073898356E-002
   1.0000000000000000      -0.19999999999999993      -0.11371484020015345     
  -1.0000000000000000       -9.9999999999999978E-002  0.42971987756454577     
 -0.90000000000000002       -9.9999999999999978E-002  0.45571046404909554     
 -0.80000000000000004       -9.9999999999999978E-002  0.31337254109097290     
 -0.69999999999999996       -9.9999999999999978E-002   5.8230130470045043E-002
 -0.59999999999999998       -9.9999999999999978E-002 -0.23300424857900259     
 -0.49999999999999994       -9.9999999999999978E-002 -0.43476227393777689     
 -0.39999999999999991       -9.9999999999999978E-002 -0.47379091350318114     
 -0.29999999999999993       -9.9999999999999978E-002 -0.32907837362790093     
 -0.19999999999999993       -9.9999999999999978E-002  -6.2184312131817319E-002
  -9.9999999999999978E-002  -9.9999999999999978E-002  0.23137316735913793     
   2.7755575615628914E-017  -9.9999999999999978E-002  0.43262264305115233     
  0.10000000000000009       -9.9999999999999978E-002  0.47204262238270628     
  0.20000000000000009       -9.9999999999999978E-002  0.32646641476565791     
  0.30000000000000016       -9.9999999999999978E-002   6.0335271495179255E-002
  0.40000000000000013       -9.9999999999999978E-002 -0.23433204566338600     
  0.50000000000000011       -9.9999999999999978E-002 -0.43478878336313498     
  0.60000000000000009       -9.9999999999999978E-002 -0.47530205712852447     
  0.70000000000000007       -9.9999999999999978E-002 -0.32910321600314668     
  0.80000000000000004       -9.9999999999999978E-002  -6.3985487769410293E-002
  0.90000000000000002       -9.9999999999999978E-002  0.23087803992554934     
   1.0000000000000000       -9.9999999999999978E-002  0.42401427911017647     
  -1.0000000000000000        2.7755575615628914E-017  0.80324493663345486     
 -0.90000000000000002        2.7755575615628914E-017  0.85170164859181730     
 -0.80000000000000004        2.7755575615628914E-017  0.58556060246083330     
 -0.69999999999999996        2.7755575615628914E-017  0.10863805006964036     
 -0.59999999999999998        2.7755575615628914E-017 -0.43567078178198909     
 -0.49999999999999994        2.7755575615628914E-017 -0.81267245442108715     
 -0.39999999999999991        2.7755575615628914E-017 -0.88549288149251248     
 -0.29999999999999993        2.7755575615628914E-017 -0.61491056095700591     
 -0.19999999999999993        2.7755575615628914E-017 -0.11602223063368347     
  -9.9999999999999978E-002   2.7755575615628914E-017  0.43262264305115383     
   2.7755575615628914E-017   2.7755575615628914E-017  0.80867357239509052     
  0.10000000000000009        2.7755575615628914E-017  0.88222583481975914     
  0.20000000000000009        2.7755575615628914E-017  0.61002961121963439     
  0.30000000000000016        2.7755575615628914E-017  0.11256687004055548     
  0.40000000000000013        2.7755575615628914E-017 -0.43815220109778291     
  0.50000000000000011        2.7755575615628914E-017 -0.81272190441517100     
  0.60000000000000009        2.7755575615628914E-017 -0.88831704931510935     
  0.70000000000000007        2.7755575615628914E-017 -0.61495690818365500     
  0.80000000000000004        2.7755575615628914E-017 -0.11938815400715583     
  0.90000000000000002        2.7755575615628914E-017  0.43169732609411310     
   1.0000000000000000        2.7755575615628914E-017  0.79258372409362554     
  -1.0000000000000000       0.10000000000000009       0.87630199260960673     
 -0.90000000000000002       0.10000000000000009       0.92909810613182942     
 -0.80000000000000004       0.10000000000000009       0.63870831485265356     
 -0.69999999999999996       0.10000000000000009       0.11840693838155898     
 -0.59999999999999998       0.10000000000000009      -0.47536760467901384     
 -0.49999999999999994       0.10000000000000009      -0.88658811241190694     
 -0.39999999999999991       0.10000000000000009      -0.96595988647192443     
 -0.29999999999999993       0.10000000000000009      -0.67072348776410917     
 -0.19999999999999993       0.10000000000000009      -0.12645889868427174     
  -9.9999999999999978E-002  0.10000000000000009       0.47204262238270694     
   2.7755575615628914E-017  0.10000000000000009       0.88222583481975714     
  0.10000000000000009       0.10000000000000009       0.96239618553198880     
  0.20000000000000009       0.10000000000000009       0.66539935995256194     
  0.30000000000000016       0.10000000000000009       0.12268976158045840     
  0.40000000000000013       0.10000000000000009      -0.47807442464744099     
  0.50000000000000011       0.10000000000000009      -0.88664200481221955     
  0.60000000000000009       0.10000000000000009      -0.96904064594437145     
  0.70000000000000007       0.10000000000000009      -0.67077400239065677     
  0.80000000000000004       0.10000000000000009      -0.13013048200698435     
  0.90000000000000002       0.10000000000000009       0.47103324806692065     
   1.0000000000000000       0.10000000000000009       0.86467320088610677     
  -1.0000000000000000       0.20000000000000009       0.60593215348330176     
 -0.90000000000000002       0.20000000000000009       0.64237704740642776     
 -0.80000000000000004       0.20000000000000009       0.44154391043846364     
 -0.69999999999999996       0.20000000000000009        8.1772289809164539E-002
 -0.59999999999999998       0.20000000000000009      -0.32876516679414169     
 -0.49999999999999994       0.20000000000000009      -0.61304568911190949     
 -0.39999999999999991       0.20000000000000009      -0.66786308698962871     
 -0.29999999999999993       0.20000000000000009      -0.46367742664557893     
 -0.19999999999999993       0.20000000000000009       -8.7336452507574824E-002
  -9.9999999999999978E-002  0.20000000000000009       0.32646641476565691     
   2.7755575615628914E-017  0.20000000000000009       0.61002961121962351     
  0.10000000000000009       0.20000000000000009       0.66539935995256372     
  0.20000000000000009       0.20000000000000009       0.45999666688469160     
  0.30000000000000016       0.20000000000000009        8.4730678446592461E-002
  0.40000000000000013       0.20000000000000009      -0.33063657369081806     
  0.50000000000000011       0.20000000000000009      -0.61308290357841011     
  0.60000000000000009       0.20000000000000009      -0.66999307561297539     
  0.70000000000000007       0.20000000000000009      -0.46371231205269547     
  0.80000000000000004       0.20000000000000009       -8.9874787924759697E-002
  0.90000000000000002       0.20000000000000009       0.32576856101552704     
   1.0000000000000000       0.20000000000000009       0.59789314798096571     
  -1.0000000000000000       0.30000000000000016       0.11180887520159993     
 -0.90000000000000002       0.30000000000000016       0.11844469145160702     
 -0.80000000000000004       0.30000000000000016        8.1330276341330637E-002
 -0.69999999999999996       0.30000000000000016        1.4941800841357062E-002
 -0.59999999999999998       0.30000000000000016       -6.0758930931124028E-002
 -0.49999999999999994       0.30000000000000016      -0.11312299771114320     
 -0.39999999999999991       0.30000000000000016      -0.12314373213640864     
 -0.29999999999999993       0.30000000000000016       -8.5408872938620803E-002
 -0.19999999999999993       0.30000000000000016       -1.5963490801682561E-002
  -9.9999999999999978E-002  0.30000000000000016        6.0335271495179039E-002
   2.7755575615628914E-017  0.30000000000000016       0.11256687004055549     
  0.10000000000000009       0.30000000000000016       0.12268976158045837     
  0.20000000000000009       0.30000000000000016        8.4730678446590810E-002
  0.30000000000000016       0.30000000000000016        1.5483316287238695E-002
  0.40000000000000013       0.30000000000000016       -6.1103868495510992E-002
  0.50000000000000011       0.30000000000000016      -0.11312979216832554     
  0.60000000000000009       0.30000000000000016      -0.12353640673703145     
  0.70000000000000007       0.30000000000000016       -8.5415247085449342E-002
  0.80000000000000004       0.30000000000000016       -1.6431244977544359E-002
  0.90000000000000002       0.30000000000000016        6.0206635464382638E-002
   1.0000000000000000       0.30000000000000016       0.11032822490119552     
  -1.0000000000000000       0.40000000000000013      -0.43521230164768787     
 -0.90000000000000002       0.40000000000000013      -0.46153357089772878     
 -0.80000000000000004       0.40000000000000013      -0.31737541949553533     
 -0.69999999999999996       0.40000000000000013       -5.8971895120508940E-002
 -0.59999999999999998       0.40000000000000013       0.23598396565554483     
 -0.49999999999999994       0.40000000000000013       0.44031917251481190     
 -0.39999999999999991       0.40000000000000013       0.47984505042276565     
 -0.29999999999999993       0.40000000000000013       0.33328190019202852     
 -0.19999999999999993       0.40000000000000013        6.2976531402355124E-002
  -9.9999999999999978E-002  0.40000000000000013      -0.23433204566338747     
   2.7755575615628914E-017  0.40000000000000013      -0.43815220109779485     
  0.10000000000000009       0.40000000000000013      -0.47807442464744071     
  0.20000000000000009       0.40000000000000013      -0.33063657369083888     
  0.30000000000000016       0.40000000000000013       -6.1103868495511492E-002
  0.40000000000000013       0.40000000000000013       0.23732872737474209     
  0.50000000000000011       0.40000000000000013       0.44034601953635544     
  0.60000000000000009       0.40000000000000013       0.48137550250022021     
  0.70000000000000007       0.40000000000000013       0.33330705901639307     
  0.80000000000000004       0.40000000000000013        6.4800717903543595E-002
  0.90000000000000002       0.40000000000000013      -0.23383059209165238     
   1.0000000000000000       0.40000000000000013      -0.42943382410509229     
  -1.0000000000000000       0.50000000000000011      -0.80726608458979432     
 -0.90000000000000002       0.50000000000000011      -0.85596502285686360     
 -0.80000000000000004       0.50000000000000011      -0.58849141795372395     
 -0.69999999999999996       0.50000000000000011      -0.10918132137607568     
 -0.59999999999999998       0.50000000000000011       0.43785217943393434     
 -0.49999999999999994       0.50000000000000011       0.81674080374613733     
 -0.39999999999999991       0.50000000000000011       0.88992540417527255     
 -0.29999999999999993       0.50000000000000011       0.61798828402580852     
 -0.19999999999999993       0.50000000000000011       0.11660244817935379     
  -9.9999999999999978E-002  0.50000000000000011      -0.43478878336313442     
   2.7755575615628914E-017  0.50000000000000011      -0.81272190441516901     
  0.10000000000000009       0.50000000000000011      -0.88664200481221944     
  0.20000000000000009       0.50000000000000011      -0.61308290357840967     
  0.30000000000000016       0.50000000000000011      -0.11312979216832603     
  0.40000000000000013       0.50000000000000011       0.44034601953635627     
  0.50000000000000011       0.50000000000000011       0.81679050100397221     
  0.60000000000000009       0.50000000000000011       0.89276370873347211     
  0.70000000000000007       0.50000000000000011       0.61803486302014876     
  0.80000000000000004       0.50000000000000011       0.11998521927420452     
  0.90000000000000002       0.50000000000000011      -0.43385883468781911     
   1.0000000000000000       0.50000000000000011      -0.79655151152749959     
  -1.0000000000000000       0.60000000000000009      -0.88235230105476670     
 -0.90000000000000002       0.60000000000000009      -0.93551267364452462     
 -0.80000000000000004       0.60000000000000009      -0.64311775936394910     
 -0.69999999999999996       0.60000000000000009      -0.11922402632948659     
 -0.59999999999999998       0.60000000000000009       0.47864999479364378     
 -0.49999999999999994       0.60000000000000009       0.89270944445640010     
 -0.39999999999999991       0.60000000000000009       0.97262895005717842     
 -0.29999999999999993       0.60000000000000009       0.67535396019058413     
 -0.19999999999999993       0.60000000000000009       0.12733156542250038     
  -9.9999999999999978E-002  0.60000000000000009      -0.47530205712852275     
   2.7755575615628914E-017  0.60000000000000009      -0.88831704931510480     
  0.10000000000000009       0.60000000000000009      -0.96904064594437034     
  0.20000000000000009       0.60000000000000009      -0.66999307561297716     
  0.30000000000000016       0.60000000000000009      -0.12353640673703314     
  0.40000000000000013       0.60000000000000009       0.48137550250020933     
  0.50000000000000011       0.60000000000000009       0.89276370873346955     
  0.60000000000000009       0.60000000000000009       0.97573097916091045     
  0.70000000000000007       0.60000000000000009       0.67540482339999319     
  0.80000000000000004       0.60000000000000009       0.13102849680908865     
  0.90000000000000002       0.60000000000000009      -0.47428571412631326     
   1.0000000000000000       0.60000000000000009      -0.87064322804273730     
  -1.0000000000000000       0.70000000000000007      -0.61082635702985555     
 -0.90000000000000002       0.70000000000000007      -0.64756573141840479     
 -0.80000000000000004       0.70000000000000007      -0.44511050434812610     
 -0.69999999999999996       0.70000000000000007       -8.2432957744666260E-002
 -0.59999999999999998       0.70000000000000007       0.33142053601883353     
 -0.49999999999999994       0.70000000000000007       0.61799734787695682     
 -0.39999999999999991       0.70000000000000007       0.67325763011085460     
 -0.29999999999999993       0.70000000000000007       0.46742280308118245     
 -0.19999999999999993       0.70000000000000007        8.8042069152181893E-002
  -9.9999999999999978E-002  0.70000000000000007      -0.32910321600314746     
   2.7755575615628914E-017  0.70000000000000007      -0.61495690818365478     
  0.10000000000000009       0.70000000000000007      -0.67077400239065532     
  0.20000000000000009       0.70000000000000007      -0.46371231205269170     
  0.30000000000000016       0.70000000000000007       -8.5415247085449592E-002
  0.40000000000000013       0.70000000000000007       0.33330705901639474     
  0.50000000000000011       0.70000000000000007       0.61803486302014787     
  0.60000000000000009       0.70000000000000007       0.67540482339999319     
  0.70000000000000007       0.70000000000000007       0.46745797034171244     
  0.80000000000000004       0.70000000000000007        9.0600907870382968E-002
  0.90000000000000002       0.70000000000000007      -0.32839972541741419     
   1.0000000000000000       0.70000000000000007      -0.60272241591961140     
  -1.0000000000000000       0.80000000000000004      -0.11858434786396267     
 -0.90000000000000002       0.80000000000000004      -0.12562796890986058     
 -0.80000000000000004       0.80000000000000004       -8.6268034502957183E-002
 -0.69999999999999996       0.80000000000000004       -1.5856635283664201E-002
 -0.59999999999999998       0.80000000000000004        6.4434853249888180E-002
 -0.49999999999999994       0.80000000000000004       0.11997800845981356     
 -0.39999999999999991       0.80000000000000004       0.13061200375135254     
 -0.29999999999999993       0.80000000000000004        9.0594143439744132E-002
 -0.19999999999999993       0.80000000000000004        1.6940559067066194E-002
  -9.9999999999999978E-002  0.80000000000000004       -6.3985487769410196E-002
   2.7755575615628914E-017  0.80000000000000004      -0.11938815400713852     
  0.10000000000000009       0.80000000000000004      -0.13013048200698019     
  0.20000000000000009       0.80000000000000004       -8.9874787924732358E-002
  0.30000000000000016       0.80000000000000004       -1.6431244977543561E-002
  0.40000000000000013       0.80000000000000004        6.4800717903534699E-002
  0.50000000000000011       0.80000000000000004       0.11998521927420130     
  0.60000000000000009       0.80000000000000004       0.13102849680906803     
  0.70000000000000007       0.80000000000000004        9.0600907870382580E-002
  0.80000000000000004       0.80000000000000004        1.7436698635973670E-002
  0.90000000000000002       0.80000000000000004       -6.3849047983566887E-002
   1.0000000000000000       0.80000000000000004      -0.11701379756185418     
  -1.0000000000000000       0.90000000000000002       0.42880077437431535     
 -0.90000000000000002       0.90000000000000002       0.45473601324513235     
 -0.80000000000000004       0.90000000000000002       0.31270268065875312     
 -0.69999999999999996       0.90000000000000002        5.8105985103028210E-002
 -0.59999999999999998       0.90000000000000002      -0.23250563392049403     
 -0.49999999999999994       0.90000000000000002      -0.43383238176524253     
 -0.39999999999999991       0.90000000000000002      -0.47277780162147803     
 -0.29999999999999993       0.90000000000000002      -0.32837493600525292     
 -0.19999999999999993       0.90000000000000002       -6.2051723073902096E-002
  -9.9999999999999978E-002  0.90000000000000002       0.23087803992554903     
   2.7755575615628914E-017  0.90000000000000002       0.43169732609411310     
  0.10000000000000009       0.90000000000000002       0.47103324806692021     
  0.20000000000000009       0.90000000000000002       0.32576856101552998     
  0.30000000000000016       0.90000000000000002        6.0206635464383179E-002
  0.40000000000000013       0.90000000000000002      -0.23383059209165155     
  0.50000000000000011       0.90000000000000002      -0.43385883468781861     
  0.60000000000000009       0.90000000000000002      -0.47428571412631804     
  0.70000000000000007       0.90000000000000002      -0.32839972541741369     
  0.80000000000000004       0.90000000000000002       -6.3849047983571827E-002
  0.90000000000000002       0.90000000000000002       0.23038397112672529     
   1.0000000000000000       0.90000000000000002       0.42310737186204628     
  -1.0000000000000000        1.0000000000000000       0.78726311288370632     
 -0.90000000000000002        1.0000000000000000       0.83475632000048816     
 -0.80000000000000004        1.0000000000000000       0.57391095702788719     
 -0.69999999999999996        1.0000000000000000       0.10647754461949498     
 -0.59999999999999998        1.0000000000000000      -0.42700177389535676     
 -0.49999999999999994        1.0000000000000000      -0.79650304491746626     
 -0.39999999999999991        1.0000000000000000      -0.86787524899066737     
 -0.29999999999999993        1.0000000000000000      -0.60267699040880329     
 -0.19999999999999993        1.0000000000000000      -0.11371484020016140     
  -9.9999999999999978E-002   1.0000000000000000       0.42401427911017442     
   2.7755575615628914E-017   1.0000000000000000       0.79258372409362599     
  0.10000000000000009        1.0000000000000000       0.86467320088610422     
  0.20000000000000009        1.0000000000000000       0.59789314798097282     
  0.30000000000000016        1.0000000000000000       0.11032822490119602     
  0.40000000000000013        1.0000000000000000      -0.42943382410508302     
  0.50000000000000011        1.0000000000000000      -0.79655151152749359     
  0.60000000000000009        1.0000000000000000      -0.87064322804273586     
  0.70000000000000007        1.0000000000000000      -0.60272241591960962     
  0.80000000000000004        1.0000000000000000      -0.11701379756187429     
  0.90000000000000002        1.0000000000000000       0.42310737186204356     
   1.0000000000000000        1.0000000000000000       0.77681400300012859     
