  -1.0000000000000000       -1.0000000000000000       0.10240773932640053     
 -0.90000000000000002       -1.0000000000000000       0.25181783452058515     
 -0.80000000000000004       -1.0000000000000000       0.30625352298268721     
 -0.69999999999999996       -1.0000000000000000       0.24745390765719394     
 -0.59999999999999998       -1.0000000000000000        9.0128143653368215E-002
 -0.49999999999999994       -1.0000000000000000      -0.10232094406899991     
 -0.39999999999999991       -1.0000000000000000      -0.26288590373130305     
 -0.29999999999999993       -1.0000000000000000      -0.31978976526577663     
 -0.19999999999999993       -1.0000000000000000      -0.25856170712776066     
  -9.9999999999999978E-002  -1.0000000000000000       -9.5220700042245643E-002
   2.7755575615628914E-017  -1.0000000000000000       0.10022821081683259     
  0.10000000000000009       -1.0000000000000000       0.26091775148889484     
  0.20000000000000009       -1.0000000000000000       0.31749141452809382     
  0.30000000000000016       -1.0000000000000000       0.25646939595217916     
  0.40000000000000013       -1.0000000000000000        9.2871581724979446E-002
  0.50000000000000011       -1.0000000000000000      -0.10239113147111463     
  0.60000000000000009       -1.0000000000000000      -0.26318270721587889     
  0.70000000000000007       -1.0000000000000000      -0.31972896663071920     
  0.80000000000000004       -1.0000000000000000      -0.25874672800415094     
  0.90000000000000002       -1.0000000000000000       -9.5311297422988703E-002
   1.0000000000000000       -1.0000000000000000        9.8301841819799715E-002
  -1.0000000000000000      -0.90000000000000002       0.25181783452058332     
 -0.90000000000000002      -0.90000000000000002       0.61852049781573559     
 -0.80000000000000004      -0.90000000000000002       0.75194790493857189     
 -0.69999999999999996      -0.90000000000000002       0.60734867403660375     
 -0.59999999999999998      -0.90000000000000002       0.22092575541178913     
 -0.49999999999999994      -0.90000000000000002      -0.25161436383062097     
 -0.39999999999999991      -0.90000000000000002      -0.64570336179716536     
 -0.29999999999999993      -0.90000000000000002      -0.78518423115170721     
 -0.19999999999999993      -0.90000000000000002      -0.63461297655614479     
  -9.9999999999999978E-002 -0.90000000000000002      -0.23341335635986152     
   2.7755575615628914E-017 -0.90000000000000002       0.24647537262822558     
  0.10000000000000009      -0.90000000000000002       0.64087178054083971     
  0.20000000000000009      -0.90000000000000002       0.77954000415568792     
  0.30000000000000016      -0.90000000000000002       0.62947551577929173     
  0.40000000000000013      -0.90000000000000002       0.22764324781324694     
  0.50000000000000011      -0.90000000000000002      -0.25178603649811648     
  0.60000000000000009      -0.90000000000000002      -0.64643435412533279     
  0.70000000000000007      -0.90000000000000002      -0.78503488579446079     
  0.80000000000000004      -0.90000000000000002      -0.63506724587613839     
  0.90000000000000002      -0.90000000000000002      -0.23363599695025750     
   1.0000000000000000      -0.90000000000000002       0.24173981371754902     
  -1.0000000000000000      -0.80000000000000004       0.30625352298267022     
 -0.90000000000000002      -0.80000000000000004       0.75194790493857222     
 -0.80000000000000004      -0.80000000000000004       0.91404602586172723     
 -0.69999999999999996      -0.80000000000000004       0.73818358572254728     
 -0.59999999999999998      -0.80000000000000004       0.26840305518406776     
 -0.49999999999999994      -0.80000000000000004      -0.30601007422444454     
 -0.39999999999999991      -0.80000000000000004      -0.78499354742464034     
 -0.29999999999999993      -0.80000000000000004      -0.95444739226906805     
 -0.19999999999999993      -0.80000000000000004      -0.77132172972564894     
  -9.9999999999999978E-002 -0.80000000000000004      -0.28357608638282827     
   2.7755575615628914E-017 -0.80000000000000004       0.29976299241536264     
  0.10000000000000009      -0.80000000000000004       0.77912075866314690     
  0.20000000000000009      -0.80000000000000004       0.94758600707244145     
  0.30000000000000016      -0.80000000000000004       0.76507670737906319     
  0.40000000000000013      -0.80000000000000004       0.27656118703955035     
  0.50000000000000011      -0.80000000000000004      -0.30621848883923791     
  0.60000000000000009      -0.80000000000000004      -0.78588302606436111     
  0.70000000000000007      -0.80000000000000004      -0.95426582589649334     
  0.80000000000000004      -0.80000000000000004      -0.77187392042288339     
  0.90000000000000002      -0.80000000000000004      -0.28384680070729429     
   1.0000000000000000      -0.80000000000000004       0.29400427857904404     
  -1.0000000000000000      -0.69999999999999996       0.24745390765719638     
 -0.90000000000000002      -0.69999999999999996       0.60734867403660486     
 -0.80000000000000004      -0.69999999999999996       0.73818358572254628     
 -0.69999999999999996      -0.69999999999999996       0.59608198610989660     
 -0.59999999999999998      -0.69999999999999996       0.21664137601363073     
 -0.49999999999999994      -0.69999999999999996      -0.24726047513108979     
 -0.39999999999999991      -0.69999999999999996      -0.63403874217511136     
 -0.29999999999999993      -0.69999999999999996      -0.77081193757164657     
 -0.19999999999999993      -0.69999999999999996      -0.62284144847260814     
  -9.9999999999999978E-002 -0.69999999999999996      -0.22888977281750938     
   2.7755575615628914E-017 -0.69999999999999996       0.24221510815275193     
  0.10000000000000009      -0.69999999999999996       0.62929615678232387     
  0.20000000000000009      -0.69999999999999996       0.76527033368233555     
  0.30000000000000016      -0.69999999999999996       0.61779790756294584     
  0.40000000000000013      -0.69999999999999996       0.22322378510010668     
  0.50000000000000011      -0.69999999999999996      -0.24742857348678407     
  0.60000000000000009      -0.69999999999999996      -0.63475782576878625     
  0.70000000000000007      -0.69999999999999996      -0.77066528289735159     
  0.80000000000000004      -0.69999999999999996      -0.62328739287112789     
  0.90000000000000002      -0.69999999999999996      -0.22910846623023379     
   1.0000000000000000      -0.69999999999999996       0.23756248483818931     
  -1.0000000000000000      -0.59999999999999998        9.0128143653378456E-002
 -0.90000000000000002      -0.59999999999999998       0.22092575541179610     
 -0.80000000000000004      -0.59999999999999998       0.26840305518409463     
 -0.69999999999999996      -0.59999999999999998       0.21664137601363359     
 -0.59999999999999998      -0.59999999999999998        7.8619858235391346E-002
 -0.49999999999999994      -0.59999999999999998       -9.0061772878943916E-002
 -0.39999999999999991      -0.59999999999999998      -0.23063324727196940     
 -0.29999999999999993      -0.59999999999999998      -0.28026696091078396     
 -0.19999999999999993      -0.59999999999999998      -0.22636747828065362     
  -9.9999999999999978E-002 -0.59999999999999998       -8.3066704084190618E-002
   2.7755575615628914E-017 -0.59999999999999998        8.8227002026470464E-002
  0.10000000000000009      -0.59999999999999998       0.22890919420063358     
  0.20000000000000009      -0.59999999999999998       0.27825160217951167     
  0.30000000000000016      -0.59999999999999998       0.22453357443893809     
  0.40000000000000013      -0.59999999999999998        8.1005613450826339E-002
  0.50000000000000011      -0.59999999999999998       -9.0122622383923240E-002
  0.60000000000000009      -0.59999999999999998      -0.23089562910450520     
  0.70000000000000007      -0.59999999999999998      -0.28021361034987396     
  0.80000000000000004      -0.59999999999999998      -0.22652961735025098     
  0.90000000000000002      -0.59999999999999998       -8.3146301315326493E-002
   1.0000000000000000      -0.59999999999999998        8.6532959674609694E-002
  -1.0000000000000000      -0.49999999999999994      -0.10232094406899779     
 -0.90000000000000002      -0.49999999999999994      -0.25161436383062113     
 -0.80000000000000004      -0.49999999999999994      -0.30601007422444110     
 -0.69999999999999996      -0.49999999999999994      -0.24726047513108979     
 -0.59999999999999998      -0.49999999999999994       -9.0061772878942500E-002
 -0.49999999999999994      -0.49999999999999994       0.10223407926063860     
 -0.39999999999999991      -0.49999999999999994       0.26267352978762853     
 -0.29999999999999993      -0.49999999999999994       0.31953554714814059     
 -0.19999999999999993      -0.49999999999999994       0.25835957135240167     
  -9.9999999999999978E-002 -0.49999999999999994        9.5150514112885512E-002
   2.7755575615628914E-017 -0.49999999999999994      -0.10014301932331914     
  0.10000000000000009      -0.49999999999999994      -0.26070692991370076     
  0.20000000000000009      -0.49999999999999994      -0.31723903864910280     
  0.30000000000000016      -0.49999999999999994      -0.25626892605780816     
  0.40000000000000013      -0.49999999999999994       -9.2803296096352988E-002
  0.50000000000000011      -0.49999999999999994       0.10230422034391766     
  0.60000000000000009      -0.49999999999999994       0.26297006503459658     
  0.70000000000000007      -0.49999999999999994       0.31947479778865367     
  0.80000000000000004      -0.49999999999999994       0.25854444536456000     
  0.90000000000000002      -0.49999999999999994        9.5241036661192144E-002
   1.0000000000000000      -0.49999999999999994       -9.8218263897802596E-002
  -1.0000000000000000      -0.39999999999999991      -0.26288590373126686     
 -0.90000000000000002      -0.39999999999999991      -0.64570336179715737     
 -0.80000000000000004      -0.39999999999999991      -0.78499354742461458     
 -0.69999999999999996      -0.39999999999999991      -0.63403874217511202     
 -0.59999999999999998      -0.39999999999999991      -0.23063324727194917     
 -0.49999999999999994      -0.39999999999999991       0.26267352978762748     
 -0.39999999999999991      -0.39999999999999991       0.67408085269371398     
 -0.29999999999999993      -0.39999999999999991       0.81969050362093998     
 -0.19999999999999993      -0.39999999999999991       0.66250118602795560     
  -9.9999999999999978E-002 -0.39999999999999991       0.24366957235582679     
   2.7755575615628914E-017 -0.39999999999999991      -0.25730869405574047     
  0.10000000000000009      -0.39999999999999991      -0.66903694268425251     
  0.20000000000000009      -0.39999999999999991      -0.81379822711417271     
  0.30000000000000016      -0.39999999999999991      -0.65713794996955233     
  0.40000000000000013      -0.39999999999999991      -0.23764587730656381     
  0.50000000000000011      -0.39999999999999991       0.26285274425662963     
  0.60000000000000009      -0.39999999999999991       0.67484397874182012     
  0.70000000000000007      -0.39999999999999991       0.81953459476237356     
  0.80000000000000004      -0.39999999999999991       0.66297541894498535     
  0.90000000000000002      -0.39999999999999991       0.24390199805258422     
   1.0000000000000000      -0.39999999999999991      -0.25236499994984696     
  -1.0000000000000000      -0.29999999999999993      -0.31978976526577296     
 -0.90000000000000002      -0.29999999999999993      -0.78518423115170610     
 -0.80000000000000004      -0.29999999999999993      -0.95444739226906405     
 -0.69999999999999996      -0.29999999999999993      -0.77081193757164479     
 -0.59999999999999998      -0.29999999999999993      -0.28026696091077796     
 -0.49999999999999994      -0.29999999999999993       0.31953554714814109     
 -0.39999999999999991      -0.29999999999999993       0.81969050362094564     
 -0.29999999999999993      -0.29999999999999993       0.99663452202041236     
 -0.19999999999999993      -0.29999999999999993       0.80541481486997246     
  -9.9999999999999978E-002 -0.29999999999999993       0.29611066370861300     
   2.7755575615628914E-017 -0.29999999999999993      -0.31301234128939071     
  0.10000000000000009      -0.29999999999999993      -0.81355813340112826     
  0.20000000000000009      -0.29999999999999993      -0.98946986055270836     
  0.30000000000000016      -0.29999999999999993      -0.79889375906473470     
  0.40000000000000013      -0.29999999999999993      -0.28878570382512964     
  0.50000000000000011      -0.29999999999999993       0.31975317440298512     
  0.60000000000000009      -0.29999999999999993       0.82061929568983838     
  0.70000000000000007      -0.29999999999999993       0.99644493036880399     
  0.80000000000000004      -0.29999999999999993       0.80599141274122621     
  0.90000000000000002      -0.29999999999999993       0.29639334358419478     
   1.0000000000000000      -0.29999999999999993      -0.30699909416547638     
  -1.0000000000000000      -0.19999999999999993      -0.25856170712776005     
 -0.90000000000000002      -0.19999999999999993      -0.63461297655614346     
 -0.80000000000000004      -0.19999999999999993      -0.77132172972564872     
 -0.69999999999999996      -0.19999999999999993      -0.62284144847260847     
 -0.59999999999999998      -0.19999999999999993      -0.22636747828065840     
 -0.49999999999999994      -0.19999999999999993       0.25835957135240184     
 -0.39999999999999991      -0.19999999999999993       0.66250118602796237     
 -0.29999999999999993      -0.19999999999999993       0.80541481486997224     
 -0.19999999999999993      -0.19999999999999993       0.65080220045530213     
  -9.9999999999999978E-002 -0.19999999999999993       0.23916575688001659     
   2.7755575615628914E-017 -0.19999999999999993      -0.25308771181258971     
  0.10000000000000009      -0.19999999999999993      -0.65754569727301382     
  0.20000000000000009      -0.19999999999999993      -0.79962444239624952     
  0.30000000000000016      -0.19999999999999993      -0.64553224796778885     
  0.40000000000000013      -0.19999999999999993      -0.23324541937688836     
  0.50000000000000011      -0.19999999999999993       0.25853521722818468     
  0.60000000000000009      -0.19999999999999993       0.66325254573367387     
  0.70000000000000007      -0.19999999999999993       0.80526157678794030     
  0.80000000000000004      -0.19999999999999993       0.65126816400262588     
  0.90000000000000002      -0.19999999999999993       0.23939426735684191     
   1.0000000000000000      -0.19999999999999993      -0.24822623715771119     
  -1.0000000000000000       -9.9999999999999978E-002  -9.5220700042247614E-002
 -0.90000000000000002       -9.9999999999999978E-002 -0.23341335635986254     
 -0.80000000000000004       -9.9999999999999978E-002 -0.28357608638282744     
 -0.69999999999999996       -9.9999999999999978E-002 -0.22888977281751072     
 -0.59999999999999998       -9.9999999999999978E-002  -8.3066704084191270E-002
 -0.49999999999999994       -9.9999999999999978E-002   9.5150514112884943E-002
 -0.39999999999999991       -9.9999999999999978E-002  0.24366957235582423     
 -0.29999999999999993       -9.9999999999999978E-002  0.29611066370861522     
 -0.19999999999999993       -9.9999999999999978E-002  0.23916575688001740     
  -9.9999999999999978E-002  -9.9999999999999978E-002   8.7765039822180965E-002
   2.7755575615628914E-017  -9.9999999999999978E-002  -9.3212026670682124E-002
  0.10000000000000009       -9.9999999999999978E-002 -0.24184805168253579     
  0.20000000000000009       -9.9999999999999978E-002 -0.29398138210933344     
  0.30000000000000016       -9.9999999999999978E-002 -0.23722818224497030     
  0.40000000000000013       -9.9999999999999978E-002  -8.5587449172593894E-002
  0.50000000000000011       -9.9999999999999978E-002   9.5214807793443906E-002
  0.60000000000000009       -9.9999999999999978E-002  0.24394677211470142     
  0.70000000000000007       -9.9999999999999978E-002  0.29605429763102759     
  0.80000000000000004       -9.9999999999999978E-002  0.23933706191096524     
  0.90000000000000002       -9.9999999999999978E-002   8.7849135460926167E-002
   1.0000000000000000       -9.9999999999999978E-002  -9.1422256303400729E-002
  -1.0000000000000000        2.7755575615628914E-017  0.10022821081680802     
 -0.90000000000000002        2.7755575615628914E-017  0.24647537262822156     
 -0.80000000000000004        2.7755575615628914E-017  0.29976299241533871     
 -0.69999999999999996        2.7755575615628914E-017  0.24221510815275221     
 -0.59999999999999998        2.7755575615628914E-017   8.8227002026451534E-002
 -0.49999999999999994        2.7755575615628914E-017 -0.10014301932332045     
 -0.39999999999999991        2.7755575615628914E-017 -0.25730869405573381     
 -0.29999999999999993        2.7755575615628914E-017 -0.31301234128938649     
 -0.19999999999999993        2.7755575615628914E-017 -0.25308771181259038     
  -9.9999999999999978E-002   2.7755575615628914E-017  -9.3212026670683859E-002
   2.7755575615628914E-017   2.7755575615628914E-017   9.8094654675014548E-002
  0.10000000000000009        2.7755575615628914E-017  0.25538223282123240     
  0.20000000000000009        2.7755575615628914E-017  0.31076272618723888     
  0.30000000000000016        2.7755575615628914E-017  0.25103974818516633     
  0.40000000000000013        2.7755575615628914E-017   9.0912749980164423E-002
  0.50000000000000011        2.7755575615628914E-017 -0.10021173536242027     
  0.60000000000000009        2.7755575615628914E-017 -0.25759915232391262     
  0.70000000000000007        2.7755575615628914E-017 -0.31295283278648744     
  0.80000000000000004        2.7755575615628914E-017 -0.25326881181423888     
  0.90000000000000002        2.7755575615628914E-017  -9.3300699206942644E-002
   1.0000000000000000        2.7755575615628914E-017   9.6209251777730834E-002
  -1.0000000000000000       0.10000000000000009       0.26091775148889224     
 -0.90000000000000002       0.10000000000000009       0.64087178054083827     
 -0.80000000000000004       0.10000000000000009       0.77912075866314567     
 -0.69999999999999996       0.10000000000000009       0.62929615678232209     
 -0.59999999999999998       0.10000000000000009       0.22890919420063180     
 -0.49999999999999994       0.10000000000000009      -0.26070692991370020     
 -0.39999999999999991       0.10000000000000009      -0.66903694268425407     
 -0.29999999999999993       0.10000000000000009      -0.81355813340112726     
 -0.19999999999999993       0.10000000000000009      -0.65754569727301437     
  -9.9999999999999978E-002  0.10000000000000009      -0.24184805168253440     
   2.7755575615628914E-017  0.10000000000000009       0.25538223282123285     
  0.10000000000000009       0.10000000000000009       0.66403076458764110     
  0.20000000000000009       0.10000000000000009       0.80770994292908871     
  0.30000000000000016       0.10000000000000009       0.65222258600615324     
  0.40000000000000013       0.10000000000000009       0.23586943049009693     
  0.50000000000000011       0.10000000000000009      -0.26088480612336618     
  0.60000000000000009       0.10000000000000009      -0.66979435103561424     
  0.70000000000000007       0.10000000000000009      -0.81340339119519611     
  0.80000000000000004       0.10000000000000009      -0.65801638234718085     
  0.90000000000000002       0.10000000000000009      -0.24207873778843134     
   1.0000000000000000       0.10000000000000009       0.25047554572761971     
  -1.0000000000000000       0.20000000000000009       0.31749141452806995     
 -0.90000000000000002       0.20000000000000009       0.77954000415568669     
 -0.80000000000000004       0.20000000000000009       0.94758600707241769     
 -0.69999999999999996       0.20000000000000009       0.76527033368234021     
 -0.59999999999999998       0.20000000000000009       0.27825160217951389     
 -0.49999999999999994       0.20000000000000009      -0.31723903864910497     
 -0.39999999999999991       0.20000000000000009      -0.81379822711416117     
 -0.29999999999999993       0.20000000000000009      -0.98946986055271002     
 -0.19999999999999993       0.20000000000000009      -0.79962444239624275     
  -9.9999999999999978E-002  0.20000000000000009      -0.29398138210933711     
   2.7755575615628914E-017  0.20000000000000009       0.31076272618722950     
  0.10000000000000009       0.20000000000000009       0.80770994292908938     
  0.20000000000000009       0.20000000000000009       0.98235670323513102     
  0.30000000000000016       0.20000000000000009       0.79315026525238930     
  0.40000000000000013       0.20000000000000009       0.28670907679589974     
  0.50000000000000011       0.20000000000000009      -0.31745510042819053     
  0.60000000000000009       0.20000000000000009      -0.81472034564953044     
  0.70000000000000007       0.20000000000000009      -0.98928163174682315     
  0.80000000000000004       0.20000000000000009      -0.80019689513627545     
  0.90000000000000002       0.20000000000000009      -0.29426203014174457     
   1.0000000000000000       0.20000000000000009       0.30479269870156261     
  -1.0000000000000000       0.30000000000000016       0.25646939595217733     
 -0.90000000000000002       0.30000000000000016       0.62947551577929017     
 -0.80000000000000004       0.30000000000000016       0.76507670737906308     
 -0.69999999999999996       0.30000000000000016       0.61779790756294362     
 -0.59999999999999998       0.30000000000000016       0.22453357443893920     
 -0.49999999999999994       0.30000000000000016      -0.25626892605780666     
 -0.39999999999999991       0.30000000000000016      -0.65713794996955222     
 -0.29999999999999993       0.30000000000000016      -0.79889375906473414     
 -0.19999999999999993       0.30000000000000016      -0.64553224796779141     
  -9.9999999999999978E-002  0.30000000000000016      -0.23722818224496892     
   2.7755575615628914E-017  0.30000000000000016       0.25103974818516567     
  0.10000000000000009       0.30000000000000016       0.65222258600615413     
  0.20000000000000009       0.30000000000000016       0.79315026525238952     
  0.30000000000000016       0.30000000000000016       0.64030496320130281     
  0.40000000000000013       0.30000000000000016       0.23135577191355269     
  0.50000000000000011       0.30000000000000016      -0.25644314781428007     
  0.60000000000000009       0.30000000000000016      -0.65788323310152064     
  0.70000000000000007       0.30000000000000016      -0.79874176147800091     
  0.80000000000000004       0.30000000000000016      -0.64599443878081408     
  0.90000000000000002       0.30000000000000016      -0.23745484317742971     
   1.0000000000000000       0.30000000000000016       0.24621761717442467     
  -1.0000000000000000       0.40000000000000013        9.2871581724989632E-002
 -0.90000000000000002       0.40000000000000013       0.22764324781325090     
 -0.80000000000000004       0.40000000000000013       0.27656118703957239     
 -0.69999999999999996       0.40000000000000013       0.22322378510010932     
 -0.59999999999999998       0.40000000000000013        8.1005613450841771E-002
 -0.49999999999999994       0.40000000000000013       -9.2803296096352045E-002
 -0.39999999999999991       0.40000000000000013      -0.23764587730656730     
 -0.29999999999999993       0.40000000000000013      -0.28878570382513541     
 -0.19999999999999993       0.40000000000000013      -0.23324541937688822     
  -9.9999999999999978E-002  0.40000000000000013       -8.5587449172594754E-002
   2.7755575615628914E-017  0.40000000000000013        9.0912749980164020E-002
  0.10000000000000009       0.40000000000000013       0.23586943049009743     
  0.20000000000000009       0.40000000000000013       0.28670907679589669     
  0.30000000000000016       0.40000000000000013       0.23135577191355239     
  0.40000000000000013       0.40000000000000013        8.3463687193806105E-002
  0.50000000000000011       0.40000000000000013       -9.2865988092707893E-002
  0.60000000000000009       0.40000000000000013      -0.23791625816049980     
  0.70000000000000007       0.40000000000000013      -0.28873073097184743     
  0.80000000000000004       0.40000000000000013      -0.23341248655209818     
  0.90000000000000002       0.40000000000000013       -8.5669467845778183E-002
   1.0000000000000000       0.40000000000000013        8.9167156237809728E-002
  -1.0000000000000000       0.50000000000000011      -0.10239113147111281     
 -0.90000000000000002       0.50000000000000011      -0.25178603649811598     
 -0.80000000000000004       0.50000000000000011      -0.30621848883923819     
 -0.69999999999999996       0.50000000000000011      -0.24742857348678310     
 -0.59999999999999998       0.50000000000000011       -9.0122622383922935E-002
 -0.49999999999999994       0.50000000000000011       0.10230422034391734     
 -0.39999999999999991       0.50000000000000011       0.26285274425663047     
 -0.29999999999999993       0.50000000000000011       0.31975317440298379     
 -0.19999999999999993       0.50000000000000011       0.25853521722818651     
  -9.9999999999999978E-002  0.50000000000000011        9.5214807793443240E-002
   2.7755575615628914E-017  0.50000000000000011      -0.10021173536241874     
  0.10000000000000009       0.50000000000000011      -0.26088480612336606     
  0.20000000000000009       0.50000000000000011      -0.31745510042819070     
  0.30000000000000016       0.50000000000000011      -0.25644314781427868     
  0.40000000000000013       0.50000000000000011       -9.2865988092708102E-002
  0.50000000000000011       0.50000000000000011       0.10237440832994038     
  0.60000000000000009       0.50000000000000011       0.26314948445521202     
  0.70000000000000007       0.50000000000000011       0.31969238358071350     
  0.80000000000000004       0.50000000000000011       0.25872021711877097     
  0.90000000000000002       0.50000000000000011        9.5305392256448906E-002
   1.0000000000000000       0.50000000000000011       -9.8285661415759493E-002
  -1.0000000000000000       0.60000000000000009      -0.26318270721584947     
 -0.90000000000000002       0.60000000000000009      -0.64643435412532713     
 -0.80000000000000004       0.60000000000000009      -0.78588302606432170     
 -0.69999999999999996       0.60000000000000009      -0.63475782576878459     
 -0.59999999999999998       0.60000000000000009      -0.23089562910449232     
 -0.49999999999999994       0.60000000000000009       0.26297006503459625     
 -0.39999999999999991       0.60000000000000009       0.67484397874180269     
 -0.29999999999999993       0.60000000000000009       0.82061929568983338     
 -0.19999999999999993       0.60000000000000009       0.66325254573366121     
  -9.9999999999999978E-002  0.60000000000000009       0.24394677211470395     
   2.7755575615628914E-017  0.60000000000000009      -0.25759915232390390     
  0.10000000000000009       0.60000000000000009      -0.66979435103561258     
  0.20000000000000009       0.60000000000000009      -0.81472034564952323     
  0.30000000000000016       0.60000000000000009      -0.65788323310151986     
  0.40000000000000013       0.60000000000000009      -0.23791625816050047     
  0.50000000000000011       0.60000000000000009       0.26314948445521213     
  0.60000000000000009       0.60000000000000009       0.67560796305826420     
  0.70000000000000007       0.60000000000000009       0.82046321035893721     
  0.80000000000000004       0.60000000000000009       0.66372731605408974     
  0.90000000000000002       0.60000000000000009       0.24417946061255627     
   1.0000000000000000       0.60000000000000009      -0.25264987288634583     
  -1.0000000000000000       0.70000000000000007      -0.31972896663071598     
 -0.90000000000000002       0.70000000000000007      -0.78503488579445913     
 -0.80000000000000004       0.70000000000000007      -0.95426582589649500     
 -0.69999999999999996       0.70000000000000007      -0.77066528289734948     
 -0.59999999999999998       0.70000000000000007      -0.28021361034987219     
 -0.49999999999999994       0.70000000000000007       0.31947479778865218     
 -0.39999999999999991       0.70000000000000007       0.81953459476237678     
 -0.29999999999999993       0.70000000000000007       0.99644493036880144     
 -0.19999999999999993       0.70000000000000007       0.80526157678794319     
  -9.9999999999999978E-002  0.70000000000000007       0.29605429763102648     
   2.7755575615628914E-017  0.70000000000000007      -0.31295283278649016     
  0.10000000000000009       0.70000000000000007      -0.81340339119519423     
  0.20000000000000009       0.70000000000000007      -0.98928163174682471     
  0.30000000000000016       0.70000000000000007      -0.79874176147799902     
  0.40000000000000013       0.70000000000000007      -0.28873073097184554     
  0.50000000000000011       0.70000000000000007       0.31969238358071395     
  0.60000000000000009       0.70000000000000007       0.82046321035894232     
  0.70000000000000007       0.70000000000000007       0.99625537477735171     
  0.80000000000000004       0.70000000000000007       0.80583806497118859     
  0.90000000000000002       0.70000000000000007       0.29633692375037812     
   1.0000000000000000       0.70000000000000007      -0.30694072903099273     
  -1.0000000000000000       0.80000000000000004      -0.25874672800414678     
 -0.90000000000000002       0.80000000000000004      -0.63506724587613894     
 -0.80000000000000004       0.80000000000000004      -0.77187392042288216     
 -0.69999999999999996       0.80000000000000004      -0.62328739287113177     
 -0.59999999999999998       0.80000000000000004      -0.22652961735025229     
 -0.49999999999999994       0.80000000000000004       0.25854444536456006     
 -0.39999999999999991       0.80000000000000004       0.66297541894498191     
 -0.29999999999999993       0.80000000000000004       0.80599141274123010     
 -0.19999999999999993       0.80000000000000004       0.65126816400261567     
  -9.9999999999999978E-002  0.80000000000000004       0.23933706191096638     
   2.7755575615628914E-017  0.80000000000000004      -0.25326881181423949     
  0.10000000000000009       0.80000000000000004      -0.65801638234718063     
  0.20000000000000009       0.80000000000000004      -0.80019689513627346     
  0.30000000000000016       0.80000000000000004      -0.64599443878081431     
  0.40000000000000013       0.80000000000000004      -0.23341248655209204     
  0.50000000000000011       0.80000000000000004       0.25872021711877130     
  0.60000000000000009       0.80000000000000004       0.66372731605409541     
  0.70000000000000007       0.80000000000000004       0.80583806497118804     
  0.80000000000000004       0.80000000000000004       0.65173446115663836     
  0.90000000000000002       0.80000000000000004       0.23956573593291905     
   1.0000000000000000       0.80000000000000004      -0.24840385810248913     
  -1.0000000000000000       0.90000000000000002       -9.5311297422990660E-002
 -0.90000000000000002       0.90000000000000002      -0.23363599695025677     
 -0.80000000000000004       0.90000000000000002      -0.28384680070729140     
 -0.69999999999999996       0.90000000000000002      -0.22910846623023354     
 -0.59999999999999998       0.90000000000000002       -8.3146301315327353E-002
 -0.49999999999999994       0.90000000000000002        9.5241036661190617E-002
 -0.39999999999999991       0.90000000000000002       0.24390199805258014     
 -0.29999999999999993       0.90000000000000002       0.29639334358419528     
 -0.19999999999999993       0.90000000000000002       0.23939426735684188     
  -9.9999999999999978E-002  0.90000000000000002        8.7849135460925154E-002
   2.7755575615628914E-017  0.90000000000000002       -9.3300699206940757E-002
  0.10000000000000009       0.90000000000000002      -0.24207873778843150     
  0.20000000000000009       0.90000000000000002      -0.29426203014173974     
  0.30000000000000016       0.90000000000000002      -0.23745484317742940     
  0.40000000000000013       0.90000000000000002       -8.5669467845776753E-002
  0.50000000000000011       0.90000000000000002        9.5305392256448948E-002
  0.60000000000000009       0.90000000000000002       0.24417946061255244     
  0.70000000000000007       0.90000000000000002       0.29633692375037823     
  0.80000000000000004       0.90000000000000002       0.23956573593291644     
  0.90000000000000002       0.90000000000000002        8.7933311222309546E-002
   1.0000000000000000       0.90000000000000002       -9.1509224893463456E-002
  -1.0000000000000000        1.0000000000000000        9.8301841819764341E-002
 -0.90000000000000002        1.0000000000000000       0.24173981371754397     
 -0.80000000000000004        1.0000000000000000       0.29400427857902145     
 -0.69999999999999996        1.0000000000000000       0.23756248483818809     
 -0.59999999999999998        1.0000000000000000        8.6532959674582702E-002
 -0.49999999999999994        1.0000000000000000       -9.8218263897803998E-002
 -0.39999999999999991        1.0000000000000000      -0.25236499994985118     
 -0.29999999999999993        1.0000000000000000      -0.30699909416547205     
 -0.19999999999999993        1.0000000000000000      -0.24822623715770975     
  -9.9999999999999978E-002   1.0000000000000000       -9.1422256303401228E-002
   2.7755575615628914E-017   1.0000000000000000        9.6209251777740590E-002
  0.10000000000000009        1.0000000000000000       0.25047554572761821     
  0.20000000000000009        1.0000000000000000       0.30479269870157399     
  0.30000000000000016        1.0000000000000000       0.24621761717442411     
  0.40000000000000013        1.0000000000000000        8.9167156237806036E-002
  0.50000000000000011        1.0000000000000000       -9.8285661415759146E-002
  0.60000000000000009        1.0000000000000000      -0.25264987288636170     
  0.70000000000000007        1.0000000000000000      -0.30694072903099145     
  0.80000000000000004        1.0000000000000000      -0.24840385810248758     
  0.90000000000000002        1.0000000000000000       -9.1509224893466135E-002
   1.0000000000000000        1.0000000000000000        9.4360082822132610E-002
