  -1.0000000000000000       -1.0000000000000000       0.75933695129578482     
 -0.90000000000000002       -1.0000000000000000       0.83219641934957778     
 -0.80000000000000004       -1.0000000000000000       0.59755562860065337     
 -0.69999999999999996       -1.0000000000000000       0.14721872142585324     
 -0.59999999999999998       -1.0000000000000000      -0.38339993991846849     
 -0.49999999999999994       -1.0000000000000000      -0.76782769883235347     
 -0.39999999999999991       -1.0000000000000000      -0.86526872101628527     
 -0.29999999999999993       -1.0000000000000000      -0.62698824926403840     
 -0.19999999999999993       -1.0000000000000000      -0.15587809790831336     
  -9.9999999999999978E-002  -1.0000000000000000       0.38034702490812999     
   2.7755575615628914E-017  -1.0000000000000000       0.76386577322527471     
  0.10000000000000009       -1.0000000000000000       0.86199357265930243     
  0.20000000000000009       -1.0000000000000000       0.62208879026013453     
  0.30000000000000016       -1.0000000000000000       0.15234792230218883     
  0.40000000000000013       -1.0000000000000000      -0.38586671716977755     
  0.50000000000000011       -1.0000000000000000      -0.76789358755492965     
  0.60000000000000009       -1.0000000000000000      -0.86808076353075037     
  0.70000000000000007       -1.0000000000000000      -0.62704714568666264     
  0.80000000000000004       -1.0000000000000000      -0.15919317451814657     
  0.90000000000000002       -1.0000000000000000       0.37944248162016569     
   1.0000000000000000       -1.0000000000000000       0.74846302423567346     
  -1.0000000000000000      -0.90000000000000002       0.83219641934957300     
 -0.90000000000000002      -0.90000000000000002       0.91197744933735281     
 -0.80000000000000004      -0.90000000000000002       0.65477911355825769     
 -0.69999999999999996      -0.90000000000000002       0.16123067772292915     
 -0.59999999999999998      -0.90000000000000002      -0.42026058356302992     
 -0.49999999999999994      -0.90000000000000002      -0.84150283986948116     
 -0.39999999999999991      -0.90000000000000002      -0.94822021262187584     
 -0.29999999999999993      -0.90000000000000002      -0.68703151390768491     
 -0.19999999999999993      -0.90000000000000002      -0.17071629973536673     
  -9.9999999999999978E-002 -0.90000000000000002       0.41691518893268642     
   2.7755575615628914E-017 -0.90000000000000002       0.83716139970732206     
  0.10000000000000009      -0.90000000000000002       0.94463126096144012     
  0.20000000000000009      -0.90000000000000002       0.68166265009695470     
  0.30000000000000016      -0.90000000000000002       0.16684820991934579     
  0.40000000000000013      -0.90000000000000002      -0.42296370146097739     
  0.50000000000000011      -0.90000000000000002      -0.84157500857663592     
  0.60000000000000009      -0.90000000000000002      -0.95130163303181159     
  0.70000000000000007      -0.90000000000000002      -0.68709603060107505     
  0.80000000000000004      -0.90000000000000002      -0.17434924130247720     
  0.90000000000000002      -0.90000000000000002       0.41592389700744231     
   1.0000000000000000      -0.90000000000000002       0.82028103753119452     
  -1.0000000000000000      -0.80000000000000004       0.59755562860063471     
 -0.90000000000000002      -0.80000000000000004       0.65477911355826002     
 -0.80000000000000004      -0.80000000000000004       0.47005936633111445     
 -0.69999999999999996      -0.80000000000000004       0.11566773763374866     
 -0.59999999999999998      -0.80000000000000004      -0.30183272883992313     
 -0.49999999999999994      -0.80000000000000004      -0.60423895380542303     
 -0.39999999999999991      -0.80000000000000004      -0.68080049101629658     
 -0.29999999999999993      -0.80000000000000004      -0.49321416270666324     
 -0.19999999999999993      -0.80000000000000004      -0.12247464830059425     
  -9.9999999999999978E-002 -0.80000000000000004       0.29943099051233302     
   2.7755575615628914E-017 -0.80000000000000004       0.60112217737575202     
  0.10000000000000009      -0.80000000000000004       0.67822386737347928     
  0.20000000000000009      -0.80000000000000004       0.48935970959832420     
  0.30000000000000016      -0.80000000000000004       0.11969791665929469     
  0.40000000000000013      -0.80000000000000004      -0.30377337504923668     
  0.50000000000000011      -0.80000000000000004      -0.60429073604610573     
  0.60000000000000009      -0.80000000000000004      -0.68301269297767364     
  0.70000000000000007      -0.80000000000000004      -0.49326046061810969     
  0.80000000000000004      -0.80000000000000004      -0.12508306793288887     
  0.90000000000000002      -0.80000000000000004       0.29871923648415288     
   1.0000000000000000      -0.80000000000000004       0.58900156901268341     
  -1.0000000000000000      -0.69999999999999996       0.14721872142585615     
 -0.90000000000000002      -0.69999999999999996       0.16123067772293037     
 -0.80000000000000004      -0.69999999999999996       0.11566773763374780     
 -0.69999999999999996      -0.69999999999999996        2.8355588588057788E-002
 -0.59999999999999998      -0.69999999999999996       -7.4452380851561889E-002
 -0.49999999999999994      -0.69999999999999996      -0.14886648795702875     
 -0.39999999999999991      -0.69999999999999996      -0.16763795468460238     
 -0.29999999999999993      -0.69999999999999996      -0.12136698237756793     
 -0.19999999999999993      -0.69999999999999996       -3.0026846980633331E-002
  -9.9999999999999978E-002 -0.69999999999999996        7.3861229409574014E-002
   2.7755575615628914E-017 -0.69999999999999996       0.14809940460914922     
  0.10000000000000009      -0.69999999999999996       0.16700371695623736     
  0.20000000000000009      -0.69999999999999996       0.12041824242580672     
  0.30000000000000016      -0.69999999999999996        2.9343754779628729E-002
  0.40000000000000013      -0.69999999999999996       -7.4930060043355687E-002
  0.50000000000000011      -0.69999999999999996      -0.14887919320017096     
  0.60000000000000009      -0.69999999999999996      -0.16818242315627474     
  0.70000000000000007      -0.69999999999999996      -0.12137835035660166     
  0.80000000000000004      -0.69999999999999996       -3.0669204157231948E-002
  0.90000000000000002      -0.69999999999999996        7.3685929870057315E-002
   1.0000000000000000      -0.69999999999999996       0.14511364703525997     
  -1.0000000000000000      -0.59999999999999998      -0.38339993991844773     
 -0.90000000000000002      -0.59999999999999998      -0.42026058356302326     
 -0.80000000000000004      -0.59999999999999998      -0.30183272883990109     
 -0.69999999999999996      -0.59999999999999998       -7.4452380851560057E-002
 -0.59999999999999998      -0.59999999999999998       0.19350753410886981     
 -0.49999999999999994      -0.59999999999999998       0.38768601601970909     
 -0.39999999999999991      -0.59999999999999998       0.43696227167075696     
 -0.29999999999999993      -0.59999999999999998       0.31669821227764478     
 -0.19999999999999993      -0.59999999999999998        7.8829487464307138E-002
  -9.9999999999999978E-002 -0.59999999999999998      -0.19196559976226438     
   2.7755575615628914E-017 -0.59999999999999998      -0.38568491413236045     
  0.10000000000000009      -0.59999999999999998      -0.43530812865447382     
  0.20000000000000009      -0.59999999999999998      -0.31422366582402217     
  0.30000000000000016      -0.59999999999999998       -7.7046200310624743E-002
  0.40000000000000013      -0.59999999999999998       0.19475341239270869     
  0.50000000000000011      -0.59999999999999998       0.38771932839758794     
  0.60000000000000009      -0.59999999999999998       0.43838257526600805     
  0.70000000000000007      -0.59999999999999998       0.31672798237866090     
  0.80000000000000004      -0.59999999999999998        8.0503548823798371E-002
  0.90000000000000002      -0.59999999999999998      -0.19150883734391178     
   1.0000000000000000      -0.59999999999999998      -0.37790753118574805     
  -1.0000000000000000      -0.49999999999999994      -0.76782769883235358     
 -0.90000000000000002      -0.49999999999999994      -0.84150283986948193     
 -0.80000000000000004      -0.49999999999999994      -0.60423895380542159     
 -0.69999999999999996      -0.49999999999999994      -0.14886648795703117     
 -0.59999999999999998      -0.49999999999999994       0.38768601601970692     
 -0.49999999999999994      -0.49999999999999994       0.77641337451272407     
 -0.39999999999999991      -0.49999999999999994       0.87494498941607568     
 -0.29999999999999993      -0.49999999999999994       0.63400074452813970     
 -0.19999999999999993      -0.49999999999999994       0.15762275685528504     
  -9.9999999999999978E-002 -0.49999999999999994      -0.38459895761412632     
   2.7755575615628914E-017 -0.49999999999999994      -0.77240713848202713     
  0.10000000000000009      -0.49999999999999994      -0.87163321270110827     
  0.20000000000000009      -0.49999999999999994      -0.62904649090413289     
  0.30000000000000016      -0.49999999999999994      -0.15405309615586554     
  0.40000000000000013      -0.49999999999999994       0.39018038118823034     
  0.50000000000000011      -0.49999999999999994       0.77648000057848232     
  0.60000000000000009      -0.49999999999999994       0.87778848181511793     
  0.70000000000000007      -0.49999999999999994       0.63406029995065927     
  0.80000000000000004      -0.49999999999999994       0.16097490504205206     
  0.90000000000000002      -0.49999999999999994      -0.38368429930978298     
   1.0000000000000000      -0.49999999999999994      -0.75683215497788026     
  -1.0000000000000000      -0.39999999999999991      -0.86526872101625585     
 -0.90000000000000002      -0.39999999999999991      -0.94822021262186629     
 -0.80000000000000004      -0.39999999999999991      -0.68080049101627582     
 -0.69999999999999996      -0.39999999999999991      -0.16763795468460232     
 -0.59999999999999998      -0.39999999999999991       0.43696227167076507     
 -0.49999999999999994      -0.39999999999999991       0.87494498941607479     
 -0.39999999999999991      -0.39999999999999991       0.98590329410639865     
 -0.29999999999999993      -0.39999999999999991       0.71433462623381672     
 -0.19999999999999993      -0.39999999999999991       0.17750053694300252     
  -9.9999999999999978E-002 -0.39999999999999991      -0.43348392852420170     
   2.7755575615628914E-017 -0.39999999999999991      -0.87043101722864091     
  0.10000000000000009      -0.39999999999999991      -0.98217171473399656     
  0.20000000000000009      -0.39999999999999991      -0.70875239967649484     
  0.30000000000000016      -0.39999999999999991      -0.17347872679088716     
  0.40000000000000013      -0.39999999999999991       0.43977281354257786     
  0.50000000000000011      -0.39999999999999991       0.87502002610910767     
  0.60000000000000009      -0.39999999999999991       0.98910717245182067     
  0.70000000000000007      -0.39999999999999991       0.71440170683299375     
  0.80000000000000004      -0.39999999999999991       0.18127785480844705     
  0.90000000000000002      -0.39999999999999991      -0.43245324175619682     
   1.0000000000000000      -0.39999999999999991      -0.85287981339776675     
  -1.0000000000000000      -0.29999999999999993      -0.62698824926403551     
 -0.90000000000000002      -0.29999999999999993      -0.68703151390768591     
 -0.80000000000000004      -0.29999999999999993      -0.49321416270666041     
 -0.69999999999999996      -0.29999999999999993      -0.12136698237756745     
 -0.59999999999999998      -0.29999999999999993       0.31669821227764650     
 -0.49999999999999994      -0.29999999999999993       0.63400074452814026     
 -0.39999999999999991      -0.29999999999999993       0.71433462623381994     
 -0.29999999999999993      -0.29999999999999993       0.51750952620415269     
 -0.19999999999999993      -0.29999999999999993       0.12850925010177242     
  -9.9999999999999978E-002 -0.29999999999999993      -0.31417816821265282     
   2.7755575615628914E-017 -0.29999999999999993      -0.63073043983033739     
  0.10000000000000009      -0.29999999999999993      -0.71163108287337784     
  0.20000000000000009      -0.29999999999999993      -0.51346520933901507     
  0.30000000000000016      -0.29999999999999993      -0.12559573602378438     
  0.40000000000000013      -0.29999999999999993       0.31873445130591066     
  0.50000000000000011      -0.29999999999999993       0.63405507805450301     
  0.60000000000000009      -0.29999999999999993       0.71665579812838309     
  0.70000000000000007      -0.29999999999999993       0.51755810507102618     
  0.80000000000000004      -0.29999999999999993       0.13124615146302371     
  0.90000000000000002      -0.29999999999999993      -0.31343135594218646     
   1.0000000000000000      -0.29999999999999993      -0.61801282514594336     
  -1.0000000000000000      -0.19999999999999993      -0.15587809790832388     
 -0.90000000000000002      -0.19999999999999993      -0.17071629973536609     
 -0.80000000000000004      -0.19999999999999993      -0.12247464830060449     
 -0.69999999999999996      -0.19999999999999993       -3.0026846980636554E-002
 -0.59999999999999998      -0.19999999999999993        7.8829487464286599E-002
 -0.49999999999999994      -0.19999999999999993       0.15762275685527879     
 -0.39999999999999991      -0.19999999999999993       0.17750053694299539     
 -0.29999999999999993      -0.19999999999999993       0.12850925010176992     
 -0.19999999999999993      -0.19999999999999993        3.1796546503151703E-002
  -9.9999999999999978E-002 -0.19999999999999993       -7.8203551173570543E-002
   2.7755575615628914E-017 -0.19999999999999993      -0.15681053471699735     
  0.10000000000000009      -0.19999999999999993      -0.17682898004728265     
  0.20000000000000009      -0.19999999999999993      -0.12750468447334345     
  0.30000000000000016      -0.19999999999999993       -3.1073250754953315E-002
  0.40000000000000013      -0.19999999999999993        7.9335274111310541E-002
  0.50000000000000011      -0.19999999999999993       0.15763621066760830     
  0.60000000000000009      -0.19999999999999993       0.17807704412240608     
  0.70000000000000007      -0.19999999999999993       0.12852128765990564     
  0.80000000000000004      -0.19999999999999993        3.2476693533384594E-002
  0.90000000000000002      -0.19999999999999993       -7.8017939275645182E-002
   1.0000000000000000      -0.19999999999999993      -0.15364914660628262     
  -1.0000000000000000       -9.9999999999999978E-002  0.38034702490812661     
 -0.90000000000000002       -9.9999999999999978E-002  0.41691518893268426     
 -0.80000000000000004       -9.9999999999999978E-002  0.29943099051233218     
 -0.69999999999999996       -9.9999999999999978E-002   7.3861229409574028E-002
 -0.59999999999999998       -9.9999999999999978E-002 -0.19196559976226546     
 -0.49999999999999994       -9.9999999999999978E-002 -0.38459895761412649     
 -0.39999999999999991       -9.9999999999999978E-002 -0.43348392852420298     
 -0.29999999999999993       -9.9999999999999978E-002 -0.31417816821265160     
 -0.19999999999999993       -9.9999999999999978E-002  -7.8203551173571570E-002
  -9.9999999999999978E-002  -9.9999999999999978E-002  0.19043593672088985     
   2.7755575615628914E-017  -9.9999999999999978E-002  0.38261378049361605     
  0.10000000000000009       -9.9999999999999978E-002  0.43184295030372777     
  0.20000000000000009       -9.9999999999999978E-002  0.31172331544723858     
  0.30000000000000016       -9.9999999999999978E-002   7.6434451808886625E-002
  0.40000000000000013       -9.9999999999999978E-002 -0.19320156264726293     
  0.50000000000000011       -9.9999999999999978E-002 -0.38463200536045866     
  0.60000000000000009       -9.9999999999999978E-002 -0.43489292917723421     
  0.70000000000000007       -9.9999999999999978E-002 -0.31420770172171841     
  0.80000000000000004       -9.9999999999999978E-002  -7.9864285702369961E-002
  0.90000000000000002       -9.9999999999999978E-002  0.18998281073705603     
   1.0000000000000000       -9.9999999999999978E-002  0.37489832235162701     
  -1.0000000000000000        2.7755575615628914E-017  0.76386577322523730     
 -0.90000000000000002        2.7755575615628914E-017  0.83716139970731995     
 -0.80000000000000004        2.7755575615628914E-017  0.60112217737572771     
 -0.69999999999999996        2.7755575615628914E-017  0.14809940460914756     
 -0.59999999999999998        2.7755575615628914E-017 -0.38568491413237760     
 -0.49999999999999994        2.7755575615628914E-017 -0.77240713848203368     
 -0.39999999999999991        2.7755575615628914E-017 -0.87043101722864069     
 -0.29999999999999993        2.7755575615628914E-017 -0.63073043983033950     
 -0.19999999999999993        2.7755575615628914E-017 -0.15681053471700518     
  -9.9999999999999978E-002   2.7755575615628914E-017  0.38261378049361738     
   2.7755575615628914E-017   2.7755575615628914E-017  0.76842156845801168     
  0.10000000000000009        2.7755575615628914E-017  0.86713632480378144     
  0.20000000000000009        2.7755575615628914E-017  0.62580174319625226     
  0.30000000000000016        2.7755575615628914E-017  0.15325928569133679     
  0.40000000000000013        2.7755575615628914E-017 -0.38816641180643846     
  0.50000000000000011        2.7755575615628914E-017 -0.77247342115601025     
  0.60000000000000009        2.7755575615628914E-017 -0.87325984151295721     
  0.70000000000000007        2.7755575615628914E-017 -0.63078968824059189     
  0.80000000000000004        2.7755575615628914E-017 -0.16014538819293558     
  0.90000000000000002        2.7755575615628914E-017  0.38170384132955643     
   1.0000000000000000        2.7755575615628914E-017  0.75292694764618684     
  -1.0000000000000000       0.10000000000000009       0.86199357265930010     
 -0.90000000000000002       0.10000000000000009       0.94463126096143879     
 -0.80000000000000004       0.10000000000000009       0.67822386737347762     
 -0.69999999999999996       0.10000000000000009       0.16700371695623786     
 -0.59999999999999998       0.10000000000000009      -0.43530812865447455     
 -0.49999999999999994       0.10000000000000009      -0.87163321270110572     
 -0.39999999999999991       0.10000000000000009      -0.98217171473399956     
 -0.29999999999999993       0.10000000000000009      -0.71163108287337640     
 -0.19999999999999993       0.10000000000000009      -0.17682898004728556     
  -9.9999999999999978E-002  0.10000000000000009       0.43184295030372855     
   2.7755575615628914E-017  0.10000000000000009       0.86713632480377945     
  0.10000000000000009       0.10000000000000009       0.97845425868831182     
  0.20000000000000009       0.10000000000000009       0.70606998391803144     
  0.30000000000000016       0.10000000000000009       0.17282239085129611     
  0.40000000000000013       0.10000000000000009      -0.43810803318302877     
  0.50000000000000011       0.10000000000000009      -0.87170796547887208     
  0.60000000000000009       0.10000000000000009      -0.98536346714411993     
  0.70000000000000007       0.10000000000000009      -0.71169790964338542     
  0.80000000000000004       0.10000000000000009      -0.18059200086441629     
  0.90000000000000002       0.10000000000000009       0.43081616470177236     
   1.0000000000000000       0.10000000000000009       0.84965155367006540     
  -1.0000000000000000       0.20000000000000009       0.62208879026011132     
 -0.90000000000000002       0.20000000000000009       0.68166265009695604     
 -0.80000000000000004       0.20000000000000009       0.48935970959832165     
 -0.69999999999999996       0.20000000000000009       0.12041824242581055     
 -0.59999999999999998       0.20000000000000009      -0.31422366582400069     
 -0.49999999999999994       0.20000000000000009      -0.62904649090413434     
 -0.39999999999999991       0.20000000000000009      -0.70875239967648884     
 -0.29999999999999993       0.20000000000000009      -0.51346520933901840     
 -0.19999999999999993       0.20000000000000009      -0.12750468447335192     
  -9.9999999999999978E-002  0.20000000000000009       0.31172331544723753     
   2.7755575615628914E-017  0.20000000000000009       0.62580174319624049     
  0.10000000000000009       0.20000000000000009       0.70606998391803333     
  0.20000000000000009       0.20000000000000009       0.50945249801649495     
  0.30000000000000016       0.20000000000000009       0.12461393985215280     
  0.40000000000000013       0.20000000000000009      -0.31624399206048637     
  0.50000000000000011       0.20000000000000009      -0.62910039972562948     
  0.60000000000000009       0.20000000000000009      -0.71105543195803023     
  0.70000000000000007       0.20000000000000009      -0.51351340850349736     
  0.80000000000000004       0.20000000000000009      -0.13022019826092066     
  0.90000000000000002       0.20000000000000009       0.31098233910649559     
   1.0000000000000000       0.20000000000000009       0.61318350838007296     
  -1.0000000000000000       0.30000000000000016       0.15234792230218935     
 -0.90000000000000002       0.30000000000000016       0.16684820991934599     
 -0.80000000000000004       0.30000000000000016       0.11969791665929488     
 -0.69999999999999996       0.30000000000000016        2.9343754779628979E-002
 -0.59999999999999998       0.30000000000000016       -7.7046200310622565E-002
 -0.49999999999999994       0.30000000000000016      -0.15405309615586338     
 -0.39999999999999991       0.30000000000000016      -0.17347872679088472     
 -0.29999999999999993       0.30000000000000016      -0.12559573602378421     
 -0.19999999999999993       0.30000000000000016       -3.1073250754952972E-002
  -9.9999999999999978E-002  0.30000000000000016        7.6434451808886542E-002
   2.7755575615628914E-017  0.30000000000000016       0.15325928569133682     
  0.10000000000000009       0.30000000000000016       0.17282239085129605     
  0.20000000000000009       0.30000000000000016       0.12461393985215101     
  0.30000000000000016       0.30000000000000016        3.0366357418621381E-002
  0.40000000000000013       0.30000000000000016       -7.7540522929388067E-002
  0.50000000000000011       0.30000000000000016      -0.15406624414385373     
  0.60000000000000009       0.30000000000000016      -0.17404216586486557     
  0.70000000000000007       0.30000000000000016      -0.12560750013360533     
  0.80000000000000004       0.30000000000000016       -3.1737988522159685E-002
  0.90000000000000002       0.30000000000000016        7.6253044636747314E-002
   1.0000000000000000       0.30000000000000016       0.15016950173983074     
  -1.0000000000000000       0.40000000000000013      -0.38586671716973397     
 -0.90000000000000002       0.40000000000000013      -0.42296370146097173     
 -0.80000000000000004       0.40000000000000013      -0.30377337504921864     
 -0.69999999999999996       0.40000000000000013       -7.4930060043351857E-002
 -0.59999999999999998       0.40000000000000013       0.19475341239272961     
 -0.49999999999999994       0.40000000000000013       0.39018038118823312     
 -0.39999999999999991       0.40000000000000013       0.43977281354258707     
 -0.29999999999999993       0.40000000000000013       0.31873445130590955     
 -0.19999999999999993       0.40000000000000013        7.9335274111323725E-002
  -9.9999999999999978E-002  0.40000000000000013      -0.19320156264726371     
   2.7755575615628914E-017  0.40000000000000013      -0.38816641180644890     
  0.10000000000000009       0.40000000000000013      -0.43810803318302804     
  0.20000000000000009       0.40000000000000013      -0.31624399206050702     
  0.30000000000000016       0.40000000000000013       -7.7540522929388150E-002
  0.40000000000000013       0.40000000000000013       0.19600730247559861     
  0.50000000000000011       0.40000000000000013       0.39021390739831269     
  0.60000000000000009       0.40000000000000013       0.44120225010260722     
  0.70000000000000007       0.40000000000000013       0.31876441258069776     
  0.80000000000000004       0.40000000000000013        8.1020103677948097E-002
  0.90000000000000002       0.40000000000000013      -0.19274186196017840     
   1.0000000000000000       0.40000000000000013      -0.38033899314434183     
  -1.0000000000000000       0.50000000000000011      -0.76789358755492776     
 -0.90000000000000002       0.50000000000000011      -0.84157500857663436     
 -0.80000000000000004       0.50000000000000011      -0.60429073604610517     
 -0.69999999999999996       0.50000000000000011      -0.14887919320017143     
 -0.59999999999999998       0.50000000000000011       0.38771932839758760     
 -0.49999999999999994       0.50000000000000011       0.77648000057848043     
 -0.39999999999999991       0.50000000000000011       0.87502002610911067     
 -0.29999999999999993       0.50000000000000011       0.63405507805450168     
 -0.19999999999999993       0.50000000000000011       0.15763621066761019     
  -9.9999999999999978E-002  0.50000000000000011      -0.38463200536045805     
   2.7755575615628914E-017  0.50000000000000011      -0.77247342115600826     
  0.10000000000000009       0.50000000000000011      -0.87170796547887219     
  0.20000000000000009       0.50000000000000011      -0.62910039972563014     
  0.30000000000000016       0.50000000000000011      -0.15406624414385431     
  0.40000000000000013       0.50000000000000011       0.39021390739831313     
  0.50000000000000011       0.50000000000000011       0.77654663233601262     
  0.60000000000000009       0.50000000000000011       0.87786376224397222     
  0.70000000000000007       0.50000000000000011       0.63411463856885131     
  0.80000000000000004       0.50000000000000011       0.16098864637514479     
  0.90000000000000002       0.50000000000000011      -0.38371726859355343     
   1.0000000000000000       0.50000000000000011      -0.75689710131424848     
  -1.0000000000000000       0.60000000000000009      -0.86808076353070129     
 -0.90000000000000002       0.60000000000000009      -0.95130163303180570     
 -0.80000000000000004       0.60000000000000009      -0.68301269297764988     
 -0.69999999999999996       0.60000000000000009      -0.16818242315627366     
 -0.59999999999999998       0.60000000000000009       0.43838257526601149     
 -0.49999999999999994       0.60000000000000009       0.87778848181511870     
 -0.39999999999999991       0.60000000000000009       0.98910717245181767     
 -0.29999999999999993       0.60000000000000009       0.71665579812838176     
 -0.19999999999999993       0.60000000000000009       0.17807704412240810     
  -9.9999999999999978E-002  0.60000000000000009      -0.43489292917723299     
   2.7755575615628914E-017  0.60000000000000009      -0.87325984151295188     
  0.10000000000000009       0.60000000000000009      -0.98536346714411815     
  0.20000000000000009       0.60000000000000009      -0.71105543195803222     
  0.30000000000000016       0.60000000000000009      -0.17404216586486726     
  0.40000000000000013       0.60000000000000009       0.44120225010259501     
  0.50000000000000011       0.60000000000000009       0.87786376224396967     
  0.60000000000000009       0.60000000000000009       0.99232146179622560     
  0.70000000000000007       0.60000000000000009       0.71672309664041089     
  0.80000000000000004       0.60000000000000009       0.18186663724615668     
  0.90000000000000002       0.60000000000000009      -0.43385889290844964     
   1.0000000000000000       0.60000000000000009      -0.85565159884278896     
  -1.0000000000000000       0.70000000000000007      -0.62704714568666164     
 -0.90000000000000002       0.70000000000000007      -0.68709603060107349     
 -0.80000000000000004       0.70000000000000007      -0.49326046061810874     
 -0.69999999999999996       0.70000000000000007      -0.12137835035660138     
 -0.59999999999999998       0.70000000000000007       0.31672798237866129     
 -0.49999999999999994       0.70000000000000007       0.63406029995065705     
 -0.39999999999999991       0.70000000000000007       0.71440170683299631     
 -0.29999999999999993       0.70000000000000007       0.51755810507102495     
 -0.19999999999999993       0.70000000000000007       0.12852128765990486     
  -9.9999999999999978E-002  0.70000000000000007      -0.31420770172171947     
   2.7755575615628914E-017  0.70000000000000007      -0.63078968824059112     
  0.10000000000000009       0.70000000000000007      -0.71169790964338442     
  0.20000000000000009       0.70000000000000007      -0.51351340850349414     
  0.30000000000000016       0.70000000000000007      -0.12560750013360536     
  0.40000000000000013       0.70000000000000007       0.31876441258069976     
  0.50000000000000011       0.70000000000000007       0.63411463856885053     
  0.60000000000000009       0.70000000000000007       0.71672309664041156     
  0.70000000000000007       0.70000000000000007       0.51760668849235258     
  0.80000000000000004       0.70000000000000007       0.13125844605070464     
  0.90000000000000002       0.70000000000000007      -0.31346081931118902     
   1.0000000000000000       0.70000000000000007      -0.61807087900551383     
  -1.0000000000000000       0.80000000000000004      -0.15919317451816575     
 -0.90000000000000002       0.80000000000000004      -0.17434924130247806     
 -0.80000000000000004       0.80000000000000004      -0.12508306793288973     
 -0.69999999999999996       0.80000000000000004       -3.0669204157235039E-002
 -0.59999999999999998       0.80000000000000004        8.0503548823776569E-002
 -0.49999999999999994       0.80000000000000004       0.16097490504204606     
 -0.39999999999999991       0.80000000000000004       0.18127785480842654     
 -0.29999999999999993       0.80000000000000004       0.13124615146302318     
 -0.19999999999999993       0.80000000000000004        3.2476693533373381E-002
  -9.9999999999999978E-002  0.80000000000000004       -7.9864285702370558E-002
   2.7755575615628914E-017  0.80000000000000004      -0.16014538819291918     
  0.10000000000000009       0.80000000000000004      -0.18059200086441249     
  0.20000000000000009       0.80000000000000004      -0.13022019826089365     
  0.30000000000000016       0.80000000000000004       -3.1737988522158672E-002
  0.40000000000000013       0.80000000000000004        8.1020103677940061E-002
  0.50000000000000011       0.80000000000000004       0.16098864637514168     
  0.60000000000000009       0.80000000000000004       0.18186663724613675     
  0.70000000000000007       0.80000000000000004       0.13125844605070378     
  0.80000000000000004       0.80000000000000004        3.3171312676769676E-002
  0.90000000000000002       0.80000000000000004       -7.9674724924691409E-002
   1.0000000000000000       0.80000000000000004      -0.15691675642305450     
  -1.0000000000000000       0.90000000000000002       0.37944248162016403     
 -0.90000000000000002       0.90000000000000002       0.41592389700744098     
 -0.80000000000000004       0.90000000000000002       0.29871923648415466     
 -0.69999999999999996       0.90000000000000002        7.3685929870057135E-002
 -0.59999999999999998       0.90000000000000002      -0.19150883734391291     
 -0.49999999999999994       0.90000000000000002      -0.38368429930978309     
 -0.39999999999999991       0.90000000000000002      -0.43245324175620203     
 -0.29999999999999993       0.90000000000000002      -0.31343135594218469     
 -0.19999999999999993       0.90000000000000002       -7.8017939275648193E-002
  -9.9999999999999978E-002  0.90000000000000002       0.18998281073705570     
   2.7755575615628914E-017  0.90000000000000002       0.38170384132955659     
  0.10000000000000009       0.90000000000000002       0.43081616470177203     
  0.20000000000000009       0.90000000000000002       0.31098233910649942     
  0.30000000000000016       0.90000000000000002        7.6253044636747744E-002
  0.40000000000000013       0.90000000000000002      -0.19274186196017773     
  0.50000000000000011       0.90000000000000002      -0.38371726859355293     
  0.60000000000000009       0.90000000000000002      -0.43385889290845481     
  0.70000000000000007       0.90000000000000002      -0.31346081931118852     
  0.80000000000000004       0.90000000000000002       -7.9674724924695739E-002
  0.90000000000000002       0.90000000000000002       0.18953076224587173     
   1.0000000000000000       0.90000000000000002       0.37400673119858974     
  -1.0000000000000000        1.0000000000000000       0.74846302423560185     
 -0.90000000000000002        1.0000000000000000       0.82028103753118631     
 -0.80000000000000004        1.0000000000000000       0.58900156901265199     
 -0.69999999999999996        1.0000000000000000       0.14511364703525609     
 -0.59999999999999998        1.0000000000000000      -0.37790753118576664     
 -0.49999999999999994        1.0000000000000000      -0.75683215497788270     
 -0.39999999999999991        1.0000000000000000      -0.85287981339776919     
 -0.29999999999999993        1.0000000000000000      -0.61801282514594136     
 -0.19999999999999993        1.0000000000000000      -0.15364914660629009     
  -9.9999999999999978E-002   1.0000000000000000       0.37489832235162479     
   2.7755575615628914E-017   1.0000000000000000       0.75292694764618973     
  0.10000000000000009        1.0000000000000000       0.84965155367006306     
  0.20000000000000009        1.0000000000000000       0.61318350838008140     
  0.30000000000000016        1.0000000000000000       0.15016950173983107     
  0.40000000000000013        1.0000000000000000      -0.38033899314433389     
  0.50000000000000011        1.0000000000000000      -0.75689710131424326     
  0.60000000000000009        1.0000000000000000      -0.85565159884278907     
  0.70000000000000007        1.0000000000000000      -0.61807087900551072     
  0.80000000000000004        1.0000000000000000      -0.15691675642307271     
  0.90000000000000002        1.0000000000000000       0.37400673119858696     
   1.0000000000000000        1.0000000000000000       0.73774476225679253     
