  -1.0000000000000000       -1.0000000000000000        4.2928248132139959E-003
 -0.90000000000000002       -1.0000000000000000       -3.4325686558241038E-002
 -0.80000000000000004       -1.0000000000000000       -5.9804938541552992E-002
 -0.69999999999999996       -1.0000000000000000       -6.3036817004573226E-002
 -0.59999999999999998       -1.0000000000000000       -4.1411503552519914E-002
 -0.49999999999999994       -1.0000000000000000       -4.5988233582497408E-003
 -0.39999999999999991       -1.0000000000000000        3.6019559987459010E-002
 -0.29999999999999993       -1.0000000000000000        6.2384730603404853E-002
 -0.19999999999999993       -1.0000000000000000        6.5785459594942711E-002
  -9.9999999999999978E-002  -1.0000000000000000        4.3361451313299465E-002
   2.7755575615628914E-017  -1.0000000000000000        5.2308712504087222E-003
  0.10000000000000009       -1.0000000000000000       -3.5595418840010565E-002
  0.20000000000000009       -1.0000000000000000       -6.1973956755258193E-002
  0.30000000000000016       -1.0000000000000000       -6.5368034736679279E-002
  0.40000000000000013       -1.0000000000000000       -4.2936777325109851E-002
  0.50000000000000011       -1.0000000000000000       -4.8099871044764422E-003
  0.60000000000000009       -1.0000000000000000        3.6054668114736357E-002
  0.70000000000000007       -1.0000000000000000        6.2385690994780973E-002
  0.80000000000000004       -1.0000000000000000        6.5828675782327525E-002
  0.90000000000000002       -1.0000000000000000        4.3356637736573125E-002
   1.0000000000000000       -1.0000000000000000        5.2068917252552430E-003
  -1.0000000000000000      -0.90000000000000002       -3.4325686558241829E-002
 -0.90000000000000002      -0.90000000000000002       0.25546932849587095     
 -0.80000000000000004      -0.90000000000000002       0.44744841047257450     
 -0.69999999999999996      -0.90000000000000002       0.47296816686424203     
 -0.59999999999999998      -0.90000000000000002       0.31200115066003414     
 -0.49999999999999994      -0.90000000000000002        3.6602452898582390E-002
 -0.39999999999999991      -0.90000000000000002      -0.26810107493983099     
 -0.29999999999999993      -0.90000000000000002      -0.46674394925151541     
 -0.19999999999999993      -0.90000000000000002      -0.49358326380829992     
  -9.9999999999999978E-002 -0.90000000000000002      -0.32666941176675418     
   2.7755575615628914E-017 -0.90000000000000002       -4.1386703757709184E-002
  0.10000000000000009      -0.90000000000000002       0.26492458482219178     
  0.20000000000000009      -0.90000000000000002       0.46367054027257143     
  0.30000000000000016      -0.90000000000000002       0.49045777471886592     
  0.40000000000000013      -0.90000000000000002       0.32349125586974758     
  0.50000000000000011      -0.90000000000000002        3.8238696312186432E-002
  0.60000000000000009      -0.90000000000000002      -0.26836289462395296     
  0.70000000000000007      -0.90000000000000002      -0.46675226518877405     
  0.80000000000000004      -0.90000000000000002      -0.49390328529099398     
  0.90000000000000002      -0.90000000000000002      -0.32663222410031534     
   1.0000000000000000      -0.90000000000000002       -4.1172687167414797E-002
  -1.0000000000000000      -0.80000000000000004       -5.9804938541559924E-002
 -0.90000000000000002      -0.80000000000000004       0.44744841047257616     
 -0.80000000000000004      -0.80000000000000004       0.78338306089421272     
 -0.69999999999999996      -0.80000000000000004       0.82788548986657085     
 -0.59999999999999998      -0.80000000000000004       0.54595832147493373     
 -0.49999999999999994      -0.80000000000000004        6.3792724246383603E-002
 -0.39999999999999991      -0.80000000000000004      -0.46956928096759748     
 -0.29999999999999993      -0.80000000000000004      -0.81716606070045794     
 -0.19999999999999993      -0.80000000000000004      -0.86397131004291627     
  -9.9999999999999978E-002 -0.80000000000000004      -0.57162873855103047     
   2.7755575615628914E-017 -0.80000000000000004       -7.2161567152410511E-002
  0.10000000000000009      -0.80000000000000004       0.46400836687429253     
  0.20000000000000009      -0.80000000000000004       0.81178521324118336     
  0.30000000000000016      -0.80000000000000004       0.85849958822419914     
  0.40000000000000013      -0.80000000000000004       0.56606460140348969     
  0.50000000000000011      -0.80000000000000004        6.6649976220034365E-002
  0.60000000000000009      -0.80000000000000004      -0.47002778186844180     
  0.70000000000000007      -0.80000000000000004      -0.81718047067781396     
  0.80000000000000004      -0.80000000000000004      -0.86453203463532535     
  0.90000000000000002      -0.80000000000000004      -0.57156378625100879     
   1.0000000000000000      -0.80000000000000004       -7.1791444706765933E-002
  -1.0000000000000000      -0.69999999999999996       -6.3036817004569562E-002
 -0.90000000000000002      -0.69999999999999996       0.47296816686424142     
 -0.80000000000000004      -0.69999999999999996       0.82788548986656429     
 -0.69999999999999996      -0.69999999999999996       0.87481558252811398     
 -0.59999999999999998      -0.69999999999999996       0.57681052459046911     
 -0.49999999999999994      -0.69999999999999996        6.7252089570784906E-002
 -0.39999999999999991      -0.69999999999999996      -0.49634878921304298     
 -0.29999999999999993      -0.69999999999999996      -0.86358807999243703     
 -0.19999999999999993      -0.69999999999999996      -0.91294759402765713     
  -9.9999999999999978E-002 -0.69999999999999996      -0.60393329264553264     
   2.7755575615628914E-017 -0.69999999999999996       -7.6092196243806101E-002
  0.10000000000000009      -0.69999999999999996       0.49047220701201943     
  0.20000000000000009      -0.69999999999999996       0.85790156352587232     
  0.30000000000000016      -0.69999999999999996       0.90716521463818189     
  0.40000000000000013      -0.69999999999999996       0.59805313031812635     
  0.50000000000000011      -0.69999999999999996        7.0267430684781820E-002
  0.60000000000000009      -0.69999999999999996      -0.49683340053499675     
  0.70000000000000007      -0.69999999999999996      -0.86360322381508969     
  0.80000000000000004      -0.69999999999999996      -0.91354042069169983     
  0.90000000000000002      -0.69999999999999996      -0.60386473851452682     
   1.0000000000000000      -0.69999999999999996       -7.5703642556112075E-002
  -1.0000000000000000      -0.59999999999999998       -4.1411503552510734E-002
 -0.90000000000000002      -0.59999999999999998       0.31200115066003864     
 -0.80000000000000004      -0.59999999999999998       0.54595832147495560     
 -0.69999999999999996      -0.59999999999999998       0.57681052459047377     
 -0.59999999999999998      -0.59999999999999998       0.38022810892650777     
 -0.49999999999999994      -0.59999999999999998        4.4192222464755009E-002
 -0.39999999999999991      -0.59999999999999998      -0.32742274650322911     
 -0.29999999999999993      -0.59999999999999998      -0.56950322028249534     
 -0.19999999999999993      -0.59999999999999998      -0.60195348531526471     
  -9.9999999999999978E-002 -0.59999999999999998      -0.39810882659684643     
   2.7755575615628914E-017 -0.59999999999999998       -5.0017943809833265E-002
  0.10000000000000009      -0.59999999999999998       0.32354759558538193     
  0.20000000000000009      -0.59999999999999998       0.56575318953253728     
  0.30000000000000016      -0.59999999999999998       0.59814040348261499     
  0.40000000000000013      -0.59999999999999998       0.39423114780352864     
  0.50000000000000011      -0.59999999999999998        4.6176667968789699E-002
  0.60000000000000009      -0.59999999999999998      -0.32774239016482570     
  0.70000000000000007      -0.59999999999999998      -0.56951312571721857     
  0.80000000000000004      -0.59999999999999998      -0.60234466986134105     
  0.90000000000000002      -0.59999999999999998      -0.39806370223141968     
   1.0000000000000000      -0.59999999999999998       -4.9764197516126693E-002
  -1.0000000000000000      -0.49999999999999994       -4.5988233582482082E-003
 -0.90000000000000002      -0.49999999999999994        3.6602452898582494E-002
 -0.80000000000000004      -0.49999999999999994        6.3792724246385005E-002
 -0.69999999999999996      -0.49999999999999994        6.7252089570784920E-002
 -0.59999999999999998      -0.49999999999999994        4.4192222464755397E-002
 -0.49999999999999994      -0.49999999999999994        4.9251131152536357E-003
 -0.39999999999999991      -0.49999999999999994       -3.8408902591721861E-002
 -0.29999999999999993      -0.49999999999999994       -6.6544483360048395E-002
 -0.19999999999999993      -0.49999999999999994       -7.0184461445848972E-002
  -9.9999999999999978E-002 -0.49999999999999994       -4.6272900673633488E-002
   2.7755575615628914E-017 -0.49999999999999994       -5.5998011152622830E-003
  0.10000000000000009      -0.49999999999999994        3.7956451504367578E-002
  0.20000000000000009      -0.49999999999999994        6.6106318602192071E-002
  0.30000000000000016      -0.49999999999999994        6.9739181347437604E-002
  0.40000000000000013      -0.49999999999999994        4.5819902218927476E-002
  0.50000000000000011      -0.49999999999999994        5.1508611508987367E-003
  0.60000000000000009      -0.49999999999999994       -3.8446344136971115E-002
  0.70000000000000007      -0.49999999999999994       -6.6545517926600462E-002
  0.80000000000000004      -0.49999999999999994       -7.0230529717724893E-002
  0.90000000000000002      -0.49999999999999994       -4.6267755611137926E-002
   1.0000000000000000      -0.49999999999999994       -5.5739129770363532E-003
  -1.0000000000000000      -0.39999999999999991        3.6019559987489069E-002
 -0.90000000000000002      -0.39999999999999991      -0.26810107493982638     
 -0.80000000000000004      -0.39999999999999991      -0.46956928096757822     
 -0.69999999999999996      -0.39999999999999991      -0.49634878921304493     
 -0.59999999999999998      -0.39999999999999991      -0.32742274650320485     
 -0.49999999999999994      -0.39999999999999991       -3.8408902591723137E-002
 -0.39999999999999991      -0.39999999999999991       0.28135736578874176     
 -0.29999999999999993      -0.39999999999999991       0.48981875735068792     
 -0.19999999999999993      -0.39999999999999991       0.51798298049135494     
  -9.9999999999999978E-002 -0.39999999999999991       0.34281606272393211     
   2.7755575615628914E-017 -0.39999999999999991        4.3429598153313320E-002
  0.10000000000000009      -0.39999999999999991      -0.27802384138601410     
  0.20000000000000009      -0.39999999999999991      -0.48659340589870831     
  0.30000000000000016      -0.39999999999999991      -0.51470297745771276     
  0.40000000000000013      -0.39999999999999991      -0.33948078695177336     
  0.50000000000000011      -0.39999999999999991       -4.0125958760579672E-002
  0.60000000000000009      -0.39999999999999991       0.28163213047305324     
  0.70000000000000007      -0.39999999999999991       0.48982748281856453     
  0.80000000000000004      -0.39999999999999991       0.51831882782094996     
  0.90000000000000002      -0.39999999999999991       0.34277703823289302     
   1.0000000000000000      -0.39999999999999991        4.3205049854983864E-002
  -1.0000000000000000      -0.29999999999999993        6.2384730603408968E-002
 -0.90000000000000002      -0.29999999999999993      -0.46674394925151369     
 -0.80000000000000004      -0.29999999999999993      -0.81716606070045494     
 -0.69999999999999996      -0.29999999999999993      -0.86358807999243536     
 -0.59999999999999998      -0.29999999999999993      -0.56950322028248779     
 -0.49999999999999994      -0.29999999999999993       -6.6544483360049533E-002
 -0.39999999999999991      -0.29999999999999993       0.48981875735069486     
 -0.29999999999999993      -0.29999999999999993       0.85240593337626147     
 -0.19999999999999993      -0.29999999999999993       0.90123009971456591     
  -9.9999999999999978E-002 -0.29999999999999993       0.59628068748388330     
   2.7755575615628914E-017 -0.29999999999999993        7.5274246813858289E-002
  0.10000000000000009      -0.29999999999999993      -0.48401803058918297     
  0.20000000000000009      -0.29999999999999993      -0.84679303955792617     
  0.30000000000000016      -0.29999999999999993      -0.89552241185241754     
  0.40000000000000013      -0.29999999999999993      -0.59047659945272735     
  0.50000000000000011      -0.29999999999999993       -6.9524971621084217E-002
  0.60000000000000009      -0.29999999999999993       0.49029703058920443     
  0.70000000000000007      -0.29999999999999993       0.85242096515308707     
  0.80000000000000004      -0.29999999999999993       0.90181500417229188     
  0.90000000000000002      -0.29999999999999993       0.59621293375800566     
   1.0000000000000000      -0.29999999999999993        7.4888151514358209E-002
  -1.0000000000000000      -0.19999999999999993        6.5785459594944182E-002
 -0.90000000000000002      -0.19999999999999993      -0.49358326380830081     
 -0.80000000000000004      -0.19999999999999993      -0.86397131004291450     
 -0.69999999999999996      -0.19999999999999993      -0.91294759402765868     
 -0.59999999999999998      -0.19999999999999993      -0.60195348531526160     
 -0.49999999999999994      -0.19999999999999993       -7.0184461445847765E-002
 -0.39999999999999991      -0.19999999999999993       0.51798298049136648     
 -0.29999999999999993      -0.19999999999999993       0.90123009971456824     
 -0.19999999999999993      -0.19999999999999993       0.95274172396489165     
  -9.9999999999999978E-002 -0.19999999999999993       0.63025851463692117     
   2.7755575615628914E-017 -0.19999999999999993        7.9409915192988484E-002
  0.10000000000000009      -0.19999999999999993      -0.51185024877733376     
  0.20000000000000009      -0.19999999999999993      -0.89529571968125798     
  0.30000000000000016      -0.19999999999999993      -0.94670730149959381     
  0.40000000000000013      -0.19999999999999993      -0.62412204778016733     
  0.50000000000000011      -0.19999999999999993       -7.3331260552990024E-002
  0.60000000000000009      -0.19999999999999993       0.51848871463366719     
  0.70000000000000007      -0.19999999999999993       0.90124590413487271     
  0.80000000000000004      -0.19999999999999993       0.95336038921758115     
  0.90000000000000002      -0.19999999999999993       0.63018697184347172     
   1.0000000000000000      -0.19999999999999993        7.9004409610698365E-002
  -1.0000000000000000       -9.9999999999999978E-002   4.3361451313297099E-002
 -0.90000000000000002       -9.9999999999999978E-002 -0.32666941176675468     
 -0.80000000000000004       -9.9999999999999978E-002 -0.57162873855102925     
 -0.69999999999999996       -9.9999999999999978E-002 -0.60393329264553330     
 -0.59999999999999998       -9.9999999999999978E-002 -0.39810882659684682     
 -0.49999999999999994       -9.9999999999999978E-002  -4.6272900673633911E-002
 -0.39999999999999991       -9.9999999999999978E-002  0.34281606272393117     
 -0.29999999999999993       -9.9999999999999978E-002  0.59628068748388607     
 -0.19999999999999993       -9.9999999999999978E-002  0.63025851463692273     
  -9.9999999999999978E-002  -9.9999999999999978E-002  0.41683037892688907     
   2.7755575615628914E-017  -9.9999999999999978E-002   5.2372612428358424E-002
  0.10000000000000009       -9.9999999999999978E-002 -0.33875870204194930     
  0.20000000000000009       -9.9999999999999978E-002 -0.59235433390444547     
  0.30000000000000016       -9.9999999999999978E-002 -0.62626614241893042     
  0.40000000000000013       -9.9999999999999978E-002 -0.41277037446300663     
  0.50000000000000011       -9.9999999999999978E-002  -4.8350724844405543E-002
  0.60000000000000009       -9.9999999999999978E-002  0.34315073462179535     
  0.70000000000000007       -9.9999999999999978E-002  0.59629106010525257     
  0.80000000000000004       -9.9999999999999978E-002  0.63066808805430985     
  0.90000000000000002       -9.9999999999999978E-002  0.41678313136059414     
   1.0000000000000000       -9.9999999999999978E-002   5.2106891029659014E-002
  -1.0000000000000000        2.7755575615628914E-017   5.2308712503948088E-003
 -0.90000000000000002        2.7755575615628914E-017  -4.1386703757711807E-002
 -0.80000000000000004        2.7755575615628914E-017  -7.2161567152426678E-002
 -0.69999999999999996        2.7755575615628914E-017  -7.6092196243804089E-002
 -0.59999999999999998        2.7755575615628914E-017  -5.0017943809843805E-002
 -0.49999999999999994        2.7755575615628914E-017  -5.5998011152629612E-003
 -0.39999999999999991        2.7755575615628914E-017   4.3429598153322806E-002
 -0.29999999999999993        2.7755575615628914E-017   7.5274246813863757E-002
 -0.19999999999999993        2.7755575615628914E-017   7.9409915192991828E-002
  -9.9999999999999978E-002   2.7755575615628914E-017   5.2372612428355926E-002
   2.7755575615628914E-017   2.7755575615628914E-017   6.3637216933369132E-003
  0.10000000000000009        2.7755575615628914E-017  -4.2917749919609061E-002
  0.20000000000000009        2.7755575615628914E-017  -7.4778598819404948E-002
  0.30000000000000016        2.7755575615628914E-017  -7.8906188328947899E-002
  0.40000000000000013        2.7755575615628914E-017  -5.1860174980561405E-002
  0.50000000000000011        2.7755575615628914E-017  -5.8558986220952607E-003
  0.60000000000000009        2.7755575615628914E-017   4.3471940449034206E-002
  0.70000000000000007        2.7755575615628914E-017   7.5275431796724857E-002
  0.80000000000000004        2.7755575615628914E-017   7.9461983857301841E-002
  0.90000000000000002        2.7755575615628914E-017   5.2366777138103386E-002
   1.0000000000000000        2.7755575615628914E-017   6.3339868690774626E-003
  -1.0000000000000000       0.10000000000000009       -3.5595418840011959E-002
 -0.90000000000000002       0.10000000000000009       0.26492458482219039     
 -0.80000000000000004       0.10000000000000009       0.46400836687429042     
 -0.69999999999999996       0.10000000000000009       0.49047220701201816     
 -0.59999999999999998       0.10000000000000009       0.32354759558538049     
 -0.49999999999999994       0.10000000000000009        3.7956451504367356E-002
 -0.39999999999999991       0.10000000000000009      -0.27802384138601549     
 -0.29999999999999993       0.10000000000000009      -0.48401803058918297     
 -0.19999999999999993       0.10000000000000009      -0.51185024877733143     
  -9.9999999999999978E-002  0.10000000000000009      -0.33875870204194791     
   2.7755575615628914E-017  0.10000000000000009       -4.2917749919607243E-002
  0.10000000000000009       0.10000000000000009       0.27472979107543283     
  0.20000000000000009       0.10000000000000009       0.48083087552444548     
  0.30000000000000016       0.10000000000000009       0.50860908681273154     
  0.40000000000000013       0.10000000000000009       0.33546292362277108     
  0.50000000000000011       0.10000000000000009        3.9653235204881190E-002
  0.60000000000000009       0.10000000000000009      -0.27829535120605287     
  0.70000000000000007       0.10000000000000009      -0.48402665396352895     
  0.80000000000000004       0.10000000000000009      -0.51218211515953194     
  0.90000000000000002       0.10000000000000009      -0.33872013841559478     
   1.0000000000000000       0.10000000000000009       -4.2695822863438891E-002
  -1.0000000000000000       0.20000000000000009       -6.1973956755271786E-002
 -0.90000000000000002       0.20000000000000009       0.46367054027257049     
 -0.80000000000000004       0.20000000000000009       0.81178521324116037     
 -0.69999999999999996       0.20000000000000009       0.85790156352587821     
 -0.59999999999999998       0.20000000000000009       0.56575318953252507     
 -0.49999999999999994       0.20000000000000009        6.6106318602192668E-002
 -0.39999999999999991       0.20000000000000009      -0.48659340589869943     
 -0.29999999999999993       0.20000000000000009      -0.84679303955792551     
 -0.19999999999999993       0.20000000000000009      -0.89529571968124155     
  -9.9999999999999978E-002  0.20000000000000009      -0.59235433390444747     
   2.7755575615628914E-017  0.20000000000000009       -7.4778598819406697E-002
  0.10000000000000009       0.20000000000000009       0.48083087552444542     
  0.20000000000000009       0.20000000000000009       0.84121710539661787     
  0.30000000000000016       0.20000000000000009       0.88962561562216791     
  0.40000000000000013       0.20000000000000009       0.58658846449613666     
  0.50000000000000011       0.20000000000000009        6.9067181292636129E-002
  0.60000000000000009       0.20000000000000009      -0.48706852982771204     
  0.70000000000000007       0.20000000000000009      -0.84680797236938232     
  0.80000000000000004       0.20000000000000009      -0.89587677268688692     
  0.90000000000000002       0.20000000000000009      -0.59228702630676600     
   1.0000000000000000       0.20000000000000009       -7.4395045629096324E-002
  -1.0000000000000000       0.30000000000000016       -6.5368034736679653E-002
 -0.90000000000000002       0.30000000000000016       0.49045777471886465     
 -0.80000000000000004       0.30000000000000016       0.85849958822419825     
 -0.69999999999999996       0.30000000000000016       0.90716521463817879     
 -0.59999999999999998       0.30000000000000016       0.59814040348261432     
 -0.49999999999999994       0.30000000000000016        6.9739181347438575E-002
 -0.39999999999999991       0.30000000000000016      -0.51470297745771521     
 -0.29999999999999993       0.30000000000000016      -0.89552241185241632     
 -0.19999999999999993       0.30000000000000016      -0.94670730149959648     
  -9.9999999999999978E-002  0.30000000000000016      -0.62626614241892908     
   2.7755575615628914E-017  0.30000000000000016       -7.8906188328948301E-002
  0.10000000000000009       0.30000000000000016       0.50860908681273254     
  0.20000000000000009       0.30000000000000016       0.88962561562216902     
  0.30000000000000016       0.30000000000000016       0.94071109724300173     
  0.40000000000000013       0.30000000000000016       0.62016853949515482     
  0.50000000000000011       0.30000000000000016        7.2866030823574152E-002
  0.60000000000000009       0.30000000000000016      -0.51520550898494977     
  0.70000000000000007       0.30000000000000016      -0.89553811577831044     
  0.80000000000000004       0.30000000000000016      -0.94732204980856105     
  0.90000000000000002       0.30000000000000016      -0.62619505313940838     
   1.0000000000000000       0.30000000000000016       -7.8503263301013926E-002
  -1.0000000000000000       0.40000000000000013       -4.2936777325109581E-002
 -0.90000000000000002       0.40000000000000013       0.32349125586974931     
 -0.80000000000000004       0.40000000000000013       0.56606460140350889     
 -0.69999999999999996       0.40000000000000013       0.59805313031812846     
 -0.59999999999999998       0.40000000000000013       0.39423114780353863     
 -0.49999999999999994       0.40000000000000013        4.5819902218929592E-002
 -0.39999999999999991       0.40000000000000013      -0.33948078695178119     
 -0.29999999999999993       0.40000000000000013      -0.59047659945273478     
 -0.19999999999999993       0.40000000000000013      -0.62412204778017533     
  -9.9999999999999978E-002  0.40000000000000013      -0.41277037446300829     
   2.7755575615628914E-017  0.40000000000000013       -5.1860174980560975E-002
  0.10000000000000009       0.40000000000000013       0.33546292362277152     
  0.20000000000000009       0.40000000000000013       0.58658846449614699     
  0.30000000000000016       0.40000000000000013       0.62016853949515616     
  0.40000000000000013       0.40000000000000013       0.40874989043933785     
  0.50000000000000011       0.40000000000000013        4.7877434660945496E-002
  0.60000000000000009       0.40000000000000013      -0.33981220222917924     
  0.70000000000000007       0.40000000000000013      -0.59048686978475295     
  0.80000000000000004       0.40000000000000013      -0.62452763841347381     
  0.90000000000000002       0.40000000000000013      -0.41272358817252564     
   1.0000000000000000       0.40000000000000013       -5.1597080837422274E-002
  -1.0000000000000000       0.50000000000000011       -4.8099871044769262E-003
 -0.90000000000000002       0.50000000000000011        3.8238696312186772E-002
 -0.80000000000000004       0.50000000000000011        6.6649976220036239E-002
 -0.69999999999999996       0.50000000000000011        7.0267430684781959E-002
 -0.59999999999999998       0.50000000000000011        4.6176667968790754E-002
 -0.49999999999999994       0.50000000000000011        5.1508611508994852E-003
 -0.39999999999999991       0.50000000000000011       -4.0125958760579367E-002
 -0.29999999999999993       0.50000000000000011       -6.9524971621084619E-002
 -0.19999999999999993       0.50000000000000011       -7.3331260552991454E-002
  -9.9999999999999978E-002  0.50000000000000011       -4.8350724844405849E-002
   2.7755575615628914E-017  0.50000000000000011       -5.8558986220951731E-003
  0.10000000000000009       0.50000000000000011        3.9653235204881752E-002
  0.20000000000000009       0.50000000000000011        6.9067181292637211E-002
  0.30000000000000016       0.50000000000000011        7.2866030823574929E-002
  0.40000000000000013       0.50000000000000011        4.7877434660945704E-002
  0.50000000000000011       0.50000000000000011        5.3868530070805502E-003
  0.60000000000000009       0.50000000000000011       -4.0165075266765507E-002
  0.70000000000000007       0.50000000000000011       -6.9526055162969419E-002
  0.80000000000000004       0.50000000000000011       -7.3379384358806699E-002
  0.90000000000000002       0.50000000000000011       -4.8345346594873502E-002
   1.0000000000000000       0.50000000000000011       -5.8287697037103705E-003
  -1.0000000000000000       0.60000000000000009        3.6054668114746224E-002
 -0.90000000000000002       0.60000000000000009      -0.26836289462394936     
 -0.80000000000000004       0.60000000000000009      -0.47002778186840288     
 -0.69999999999999996       0.60000000000000009      -0.49683340053499914     
 -0.59999999999999998       0.60000000000000009      -0.32774239016480405     
 -0.49999999999999994       0.60000000000000009       -3.8446344136971455E-002
 -0.39999999999999991       0.60000000000000009       0.28163213047303171     
 -0.29999999999999993       0.60000000000000009       0.49029703058919843     
 -0.19999999999999993       0.60000000000000009       0.51848871463364177     
  -9.9999999999999978E-002  0.60000000000000009       0.34315073462179774     
   2.7755575615628914E-017  0.60000000000000009        4.3471940449037030E-002
  0.10000000000000009       0.60000000000000009      -0.27829535120605192     
  0.20000000000000009       0.60000000000000009      -0.48706852982769439     
  0.30000000000000016       0.60000000000000009      -0.51520550898494877     
  0.40000000000000013       0.60000000000000009      -0.33981220222916725     
  0.50000000000000011       0.60000000000000009       -4.0165075266764452E-002
  0.60000000000000009       0.60000000000000009       0.28190716347210681     
  0.70000000000000007       0.60000000000000009       0.49030576454658292     
  0.80000000000000004       0.60000000000000009       0.51882488999416698     
  0.90000000000000002       0.60000000000000009       0.34311167205799653     
   1.0000000000000000       0.60000000000000009        4.3247173873442388E-002
  -1.0000000000000000       0.70000000000000007        6.2385690994783957E-002
 -0.90000000000000002       0.70000000000000007      -0.46675226518877250     
 -0.80000000000000004       0.70000000000000007      -0.81718047067781541     
 -0.69999999999999996       0.70000000000000007      -0.86360322381508658     
 -0.59999999999999998       0.70000000000000007      -0.56951312571721746     
 -0.49999999999999994       0.70000000000000007       -6.6545517926600434E-002
 -0.39999999999999991       0.70000000000000007       0.48982748281856670     
 -0.29999999999999993       0.70000000000000007       0.85242096515308508     
 -0.19999999999999993       0.70000000000000007       0.90124590413487526     
  -9.9999999999999978E-002  0.70000000000000007       0.59629106010525035     
   2.7755575615628914E-017  0.70000000000000007        7.5275431796722386E-002
  0.10000000000000009       0.70000000000000007      -0.48402665396352834     
  0.20000000000000009       0.70000000000000007      -0.84680797236938399     
  0.30000000000000016       0.70000000000000007      -0.89553811577830844     
  0.40000000000000013       0.70000000000000007      -0.59048686978475229     
  0.50000000000000011       0.70000000000000007       -6.9526055162968142E-002
  0.60000000000000009       0.70000000000000007       0.49030576454658753     
  0.70000000000000007       0.70000000000000007       0.85243599712435014     
  0.80000000000000004       0.70000000000000007       0.90183081912005081     
  0.90000000000000002       0.70000000000000007       0.59622330525810285     
   1.0000000000000000       0.70000000000000007        7.4889331878413734E-002
  -1.0000000000000000       0.80000000000000004        6.5828675782341195E-002
 -0.90000000000000002       0.80000000000000004      -0.49390328529099509     
 -0.80000000000000004       0.80000000000000004      -0.86453203463533113     
 -0.69999999999999996       0.80000000000000004      -0.91354042069170627     
 -0.59999999999999998       0.80000000000000004      -0.60234466986133961     
 -0.49999999999999994       0.80000000000000004       -7.0230529717724866E-002
 -0.39999999999999991       0.80000000000000004       0.51831882782095573     
 -0.29999999999999993       0.80000000000000004       0.90181500417229665     
 -0.19999999999999993       0.80000000000000004       0.95336038921758148     
  -9.9999999999999978E-002  0.80000000000000004       0.63066808805431263     
   2.7755575615628914E-017  0.80000000000000004        7.9461983857300106E-002
  0.10000000000000009       0.80000000000000004      -0.51218211515953360     
  0.20000000000000009       0.80000000000000004      -0.89587677268690202     
  0.30000000000000016       0.80000000000000004      -0.94732204980856338     
  0.40000000000000013       0.80000000000000004      -0.62452763841346548     
  0.50000000000000011       0.80000000000000004       -7.3379384358805380E-002
  0.60000000000000009       0.80000000000000004       0.51882488999419030     
  0.70000000000000007       0.80000000000000004       0.90183081912005092     
  0.80000000000000004       0.80000000000000004       0.95397945522096517     
  0.90000000000000002       0.80000000000000004       0.63059649854923716     
   1.0000000000000000       0.80000000000000004        7.9056206931987422E-002
  -1.0000000000000000       0.90000000000000002        4.3356637736571974E-002
 -0.90000000000000002       0.90000000000000002      -0.32663222410031395     
 -0.80000000000000004       0.90000000000000002      -0.57156378625100490     
 -0.69999999999999996       0.90000000000000002      -0.60386473851452416     
 -0.59999999999999998       0.90000000000000002      -0.39806370223142007     
 -0.49999999999999994       0.90000000000000002       -4.6267755611139369E-002
 -0.39999999999999991       0.90000000000000002       0.34277703823288869     
 -0.29999999999999993       0.90000000000000002       0.59621293375800533     
 -0.19999999999999993       0.90000000000000002       0.63018697184347217     
  -9.9999999999999978E-002  0.90000000000000002       0.41678313136059236     
   2.7755575615628914E-017  0.90000000000000002        5.2366777138104822E-002
  0.10000000000000009       0.90000000000000002      -0.33872013841559501     
  0.20000000000000009       0.90000000000000002      -0.59228702630676056     
  0.30000000000000016       0.90000000000000002      -0.62619505313940693     
  0.40000000000000013       0.90000000000000002      -0.41272358817252291     
  0.50000000000000011       0.90000000000000002       -4.8345346594873329E-002
  0.60000000000000009       0.90000000000000002       0.34311167205799425     
  0.70000000000000007       0.90000000000000002       0.59622330525810330     
  0.80000000000000004       0.90000000000000002       0.63059649854923294     
  0.90000000000000002       0.90000000000000002       0.41673588910318571     
   1.0000000000000000       0.90000000000000002        5.2101084154372125E-002
  -1.0000000000000000        1.0000000000000000        5.2068917252378437E-003
 -0.90000000000000002        1.0000000000000000       -4.1172687167415567E-002
 -0.80000000000000004        1.0000000000000000       -7.1791444706777355E-002
 -0.69999999999999996        1.0000000000000000       -7.5703642556110187E-002
 -0.59999999999999998        1.0000000000000000       -4.9764197516144359E-002
 -0.49999999999999994        1.0000000000000000       -5.5739129770379890E-003
 -0.39999999999999991        1.0000000000000000        4.3205049854981734E-002
 -0.29999999999999993        1.0000000000000000        7.4888151514362067E-002
 -0.19999999999999993        1.0000000000000000        7.9004409610700613E-002
  -9.9999999999999978E-002   1.0000000000000000        5.2106891029658785E-002
   2.7755575615628914E-017   1.0000000000000000        6.3339868690841638E-003
  0.10000000000000009        1.0000000000000000       -4.2695822863440008E-002
  0.20000000000000009        1.0000000000000000       -7.4395045629089412E-002
  0.30000000000000016        1.0000000000000000       -7.8503263301013856E-002
  0.40000000000000013        1.0000000000000000       -5.1597080837422329E-002
  0.50000000000000011        1.0000000000000000       -5.8287697037106029E-003
  0.60000000000000009        1.0000000000000000        4.3247173873431001E-002
  0.70000000000000007        1.0000000000000000        7.4889331878413901E-002
  0.80000000000000004        1.0000000000000000        7.9056206931987769E-002
  0.90000000000000002        1.0000000000000000        5.2101084154370050E-002
   1.0000000000000000        1.0000000000000000        6.3043598798037150E-003
