  -1.0000000000000000       -1.0000000000000000       0.50363043032137367     
 -0.90000000000000002       -1.0000000000000000       0.12044916974674313     
 -0.80000000000000004       -1.0000000000000000      -0.31305983038140855     
 -0.69999999999999996       -1.0000000000000000      -0.62582934649198674     
 -0.59999999999999998       -1.0000000000000000      -0.70232134018143211     
 -0.49999999999999994       -1.0000000000000000      -0.51090203789307076     
 -0.39999999999999991       -1.0000000000000000      -0.12406715867397475     
 -0.29999999999999993       -1.0000000000000000       0.31011125432121733     
 -0.19999999999999993       -1.0000000000000000       0.62589417953431004     
  -9.9999999999999978E-002  -1.0000000000000000       0.70257876456524160     
   2.7755575615628914E-017  -1.0000000000000000       0.51088445615415679     
  0.10000000000000009       -1.0000000000000000       0.12408277121167716     
  0.20000000000000009       -1.0000000000000000      -0.31037571942156678     
  0.30000000000000016       -1.0000000000000000      -0.62594923144924197     
  0.40000000000000013       -1.0000000000000000      -0.70328023713743404     
  0.50000000000000011       -1.0000000000000000      -0.51105148435512537     
  0.60000000000000009       -1.0000000000000000      -0.12550115509665336     
  0.70000000000000007       -1.0000000000000000       0.30995108675476341     
  0.80000000000000004       -1.0000000000000000       0.62371724799483741     
  0.90000000000000002       -1.0000000000000000       0.70205619222539106     
   1.0000000000000000       -1.0000000000000000       0.50117994870198079     
  -1.0000000000000000      -0.90000000000000002       0.12044916974674176     
 -0.90000000000000002      -0.90000000000000002        2.8764908736343991E-002
 -0.80000000000000004      -0.90000000000000002       -7.4941926104172399E-002
 -0.69999999999999996      -0.90000000000000002      -0.14974471059192643     
 -0.59999999999999998      -0.90000000000000002      -0.16801186039907479     
 -0.49999999999999994      -0.90000000000000002      -0.12218832840457226     
 -0.39999999999999991      -0.90000000000000002       -2.9628894084473872E-002
 -0.29999999999999993      -0.90000000000000002        7.4236943595047719E-002
 -0.19999999999999993      -0.90000000000000002       0.14976023656039364     
  -9.9999999999999978E-002 -0.90000000000000002       0.16807343469613348     
   2.7755575615628914E-017 -0.90000000000000002       0.12218419864499552     
  0.10000000000000009      -0.90000000000000002        2.9632533454592189E-002
  0.20000000000000009      -0.90000000000000002       -7.4300032107758249E-002
  0.30000000000000016      -0.90000000000000002      -0.14977333275426136     
  0.40000000000000013      -0.90000000000000002      -0.16824095178635240     
  0.50000000000000011      -0.90000000000000002      -0.12222403058342855     
  0.60000000000000009      -0.90000000000000002       -2.9971393186666376E-002
  0.70000000000000007      -0.90000000000000002        7.4198609007264743E-002
  0.80000000000000004      -0.90000000000000002       0.14923974138918628     
  0.90000000000000002      -0.90000000000000002       0.16794837168677862     
   1.0000000000000000      -0.90000000000000002       0.11986309608241202     
  -1.0000000000000000      -0.80000000000000004      -0.31305983038141083     
 -0.90000000000000002      -0.80000000000000004       -7.4941926104170664E-002
 -0.80000000000000004      -0.80000000000000004       0.19448320872430380     
 -0.69999999999999996      -0.80000000000000004       0.38890226851413834     
 -0.59999999999999998      -0.80000000000000004       0.43649491171687410     
 -0.49999999999999994      -0.80000000000000004       0.31757979412344189     
 -0.39999999999999991      -0.80000000000000004        7.7193058865724376E-002
 -0.29999999999999993      -0.80000000000000004      -0.19265001448695909     
 -0.19999999999999993      -0.80000000000000004      -0.38894253513716043     
  -9.9999999999999978E-002 -0.80000000000000004      -0.43665491464098133     
   2.7755575615628914E-017 -0.80000000000000004      -0.31756873986529788     
  0.10000000000000009      -0.80000000000000004       -7.7202921480050937E-002
  0.20000000000000009      -0.80000000000000004       0.19281467701891497     
  0.30000000000000016      -0.80000000000000004       0.38897687275338988     
  0.40000000000000013      -0.80000000000000004       0.43709136878682886     
  0.50000000000000011      -0.80000000000000004       0.31767275723687233     
  0.60000000000000009      -0.80000000000000004        7.8085204355026361E-002
  0.70000000000000007      -0.80000000000000004      -0.19255050107941571     
  0.80000000000000004      -0.80000000000000004      -0.38758910102550315     
  0.90000000000000002      -0.80000000000000004      -0.43633021998772870     
   1.0000000000000000      -0.80000000000000004      -0.31153661571746438     
  -1.0000000000000000      -0.69999999999999996      -0.62582934649198252     
 -0.90000000000000002      -0.69999999999999996      -0.14974471059192701     
 -0.80000000000000004      -0.69999999999999996       0.38890226851413595     
 -0.69999999999999996      -0.69999999999999996       0.77756052339645287     
 -0.59999999999999998      -0.69999999999999996       0.87265714084223234     
 -0.49999999999999994      -0.69999999999999996       0.63486519497212524     
 -0.39999999999999991      -0.69999999999999996       0.15424273037605299     
 -0.29999999999999993      -0.69999999999999996      -0.38523791935525437     
 -0.19999999999999993      -0.69999999999999996      -0.77764105314523801     
  -9.9999999999999978E-002 -0.69999999999999996      -0.87297701192392263     
   2.7755575615628914E-017 -0.69999999999999996      -0.63484322146596917     
  0.10000000000000009      -0.69999999999999996      -0.15426228942452352     
  0.20000000000000009      -0.69999999999999996       0.38556682359565886     
  0.30000000000000016      -0.69999999999999996       0.77770958007382618     
  0.40000000000000013      -0.69999999999999996       0.87384910298766416     
  0.50000000000000011      -0.69999999999999996       0.63505096903894287     
  0.60000000000000009      -0.69999999999999996       0.15602543323125781     
  0.70000000000000007      -0.69999999999999996      -0.38503893728889071     
  0.80000000000000004      -0.69999999999999996      -0.77493567874616087     
  0.90000000000000002      -0.69999999999999996      -0.87232778477827211     
   1.0000000000000000      -0.69999999999999996      -0.62278430973986920     
  -1.0000000000000000      -0.59999999999999998      -0.70232134018142700     
 -0.90000000000000002      -0.59999999999999998      -0.16801186039907215     
 -0.80000000000000004      -0.59999999999999998       0.43649491171689403     
 -0.69999999999999996      -0.59999999999999998       0.87265714084223434     
 -0.59999999999999998      -0.59999999999999998       0.97935430752180952     
 -0.49999999999999994      -0.59999999999999998       0.71246165248744164     
 -0.39999999999999991      -0.59999999999999998       0.17305855375991006     
 -0.29999999999999993      -0.59999999999999998      -0.43238285993307074     
 -0.19999999999999993      -0.59999999999999998      -0.87274753053814391     
  -9.9999999999999978E-002 -0.59999999999999998      -0.97971328174549654     
   2.7755575615628914E-017 -0.59999999999999998      -0.71243705667710522     
  0.10000000000000009      -0.59999999999999998      -0.17308042359908007     
  0.20000000000000009      -0.59999999999999998       0.43275182821816466     
  0.30000000000000016      -0.59999999999999998       0.87282437397795476     
  0.40000000000000013      -0.59999999999999998       0.98069175449606139     
  0.50000000000000011      -0.59999999999999998       0.71267009926817182     
  0.60000000000000009      -0.59999999999999998       0.17505876079761962     
  0.70000000000000007      -0.59999999999999998      -0.43215953312330729     
  0.80000000000000004      -0.59999999999999998      -0.86971161308477141     
  0.90000000000000002      -0.59999999999999998      -0.97898463218932030     
   1.0000000000000000      -0.59999999999999998      -0.69890411365392524     
  -1.0000000000000000      -0.49999999999999994      -0.51090203789307187     
 -0.90000000000000002      -0.49999999999999994      -0.12218832840457332     
 -0.80000000000000004      -0.49999999999999994       0.31757979412344139     
 -0.69999999999999996      -0.49999999999999994       0.63486519497212635     
 -0.59999999999999998      -0.49999999999999994       0.71246165248744109     
 -0.49999999999999994      -0.49999999999999994       0.51827863559499310     
 -0.39999999999999991      -0.49999999999999994       0.12585855733888976     
 -0.29999999999999993      -0.49999999999999994      -0.31458864507126089     
 -0.19999999999999993      -0.49999999999999994      -0.63493096406375582     
  -9.9999999999999978E-002 -0.49999999999999994      -0.71272279363659830     
   2.7755575615628914E-017 -0.49999999999999994      -0.51826079988115770     
  0.10000000000000009      -0.49999999999999994      -0.12587439544973419     
  0.20000000000000009      -0.49999999999999994       0.31485692888085665     
  0.30000000000000016      -0.49999999999999994       0.63498681095243581     
  0.40000000000000013      -0.49999999999999994       0.71343439474108639     
  0.50000000000000011      -0.49999999999999994       0.51843023988525594     
  0.60000000000000009      -0.49999999999999994       0.12731325909169031     
  0.70000000000000007      -0.49999999999999994      -0.31442616499104309     
  0.80000000000000004      -0.49999999999999994      -0.63272260092966226     
  0.90000000000000002      -0.49999999999999994      -0.71219267633321059     
   1.0000000000000000      -0.49999999999999994      -0.50841617530802108     
  -1.0000000000000000      -0.39999999999999991      -0.12406715867396671     
 -0.90000000000000002      -0.39999999999999991       -2.9628894084473244E-002
 -0.80000000000000004      -0.39999999999999991        7.7193058865720046E-002
 -0.69999999999999996      -0.39999999999999991       0.15424273037605052     
 -0.59999999999999998      -0.39999999999999991       0.17305855375991477     
 -0.49999999999999994      -0.39999999999999991       0.12585855733888865     
 -0.39999999999999991      -0.39999999999999991        3.0518830145919024E-002
 -0.29999999999999993      -0.39999999999999991       -7.6466900656490519E-002
 -0.19999999999999993      -0.39999999999999991      -0.15425872272221222     
  -9.9999999999999978E-002 -0.39999999999999991      -0.17312197758410935     
   2.7755575615628914E-017 -0.39999999999999991      -0.12585430360084487     
  0.10000000000000009      -0.39999999999999991       -3.0522578744372385E-002
  0.20000000000000009      -0.39999999999999991        7.6531884036213291E-002
  0.30000000000000016      -0.39999999999999991       0.15427221222597143     
  0.40000000000000013      -0.39999999999999991       0.17329452623296537     
  0.50000000000000011      -0.39999999999999991       0.12589533188220545     
  0.60000000000000009      -0.39999999999999991        3.0871616626763992E-002
  0.70000000000000007      -0.39999999999999991       -7.6427414567517296E-002
  0.80000000000000004      -0.39999999999999991      -0.15372259333043783     
  0.90000000000000002      -0.39999999999999991      -0.17299315791726749     
   1.0000000000000000      -0.39999999999999991      -0.12346348082496508     
  -1.0000000000000000      -0.29999999999999993       0.31011125432121794     
 -0.90000000000000002      -0.29999999999999993        7.4236943595047677E-002
 -0.80000000000000004      -0.29999999999999993      -0.19265001448695873     
 -0.69999999999999996      -0.29999999999999993      -0.38523791935525414     
 -0.59999999999999998      -0.29999999999999993      -0.43238285993306957     
 -0.49999999999999994      -0.29999999999999993      -0.31458864507126000     
 -0.39999999999999991      -0.29999999999999993       -7.6466900656491393E-002
 -0.29999999999999993      -0.29999999999999993       0.19083408211219796     
 -0.19999999999999993      -0.29999999999999993       0.38527780630481739     
  -9.9999999999999978E-002 -0.29999999999999993       0.43254135568901286     
   2.7755575615628914E-017 -0.29999999999999993       0.31457769338193331     
  0.10000000000000009      -0.29999999999999993        7.6476672325785158E-002
  0.20000000000000009      -0.29999999999999993      -0.19099719708220239     
  0.30000000000000016      -0.29999999999999993      -0.38531182195325264     
  0.40000000000000013      -0.29999999999999993      -0.43297370417401493     
  0.50000000000000011      -0.29999999999999993      -0.31468073342255831     
  0.60000000000000009      -0.29999999999999993       -7.7350652841681952E-002
  0.70000000000000007      -0.29999999999999993       0.19073550656792176     
  0.80000000000000004      -0.29999999999999993       0.38393711664850572     
  0.90000000000000002      -0.29999999999999993       0.43221972091750238     
   1.0000000000000000      -0.29999999999999993       0.30860238640931092     
  -1.0000000000000000      -0.19999999999999993       0.62589417953430670     
 -0.90000000000000002      -0.19999999999999993       0.14976023656039192     
 -0.80000000000000004      -0.19999999999999993      -0.38894253513717747     
 -0.69999999999999996      -0.19999999999999993      -0.77764105314523968     
 -0.59999999999999998      -0.19999999999999993      -0.87274753053814813     
 -0.49999999999999994      -0.19999999999999993      -0.63493096406375815     
 -0.39999999999999991      -0.19999999999999993      -0.15425872272221633     
 -0.29999999999999993      -0.19999999999999993       0.38527780630481789     
 -0.19999999999999993      -0.19999999999999993       0.77772159123079843     
  -9.9999999999999978E-002 -0.19999999999999993       0.87306743475854098     
   2.7755575615628914E-017 -0.19999999999999993       0.63490898825832720     
  0.10000000000000009      -0.19999999999999993       0.15427828382629949     
  0.20000000000000009      -0.19999999999999993      -0.38560674466852218     
  0.30000000000000016      -0.19999999999999993      -0.77779012528037550     
  0.40000000000000013      -0.19999999999999993      -0.87393961624353189     
  0.50000000000000011      -0.19999999999999993      -0.63511675738858231     
  0.60000000000000009      -0.19999999999999993      -0.15604161039887338     
  0.70000000000000007      -0.19999999999999993       0.38507880363371755     
  0.80000000000000004      -0.19999999999999993       0.77501593652173995     
  0.90000000000000002      -0.19999999999999993       0.87241814038231758     
   1.0000000000000000      -0.19999999999999993       0.62284882733426428     
  -1.0000000000000000       -9.9999999999999978E-002  0.70257876456524204     
 -0.90000000000000002       -9.9999999999999978E-002  0.16807343469613428     
 -0.80000000000000004       -9.9999999999999978E-002 -0.43665491464098205     
 -0.69999999999999996       -9.9999999999999978E-002 -0.87297701192392174     
 -0.59999999999999998       -9.9999999999999978E-002 -0.97971328174549643     
 -0.49999999999999994       -9.9999999999999978E-002 -0.71272279363659663     
 -0.39999999999999991       -9.9999999999999978E-002 -0.17312197758411133     
 -0.29999999999999993       -9.9999999999999978E-002  0.43254135568901347     
 -0.19999999999999993       -9.9999999999999978E-002  0.87306743475853910     
  -9.9999999999999978E-002  -9.9999999999999978E-002  0.98007238757370796     
   2.7755575615628914E-017  -9.9999999999999978E-002  0.71269818882860669     
  0.10000000000000009       -9.9999999999999978E-002  0.17314385542077057     
  0.20000000000000009       -9.9999999999999978E-002 -0.43291045918222559     
  0.30000000000000016       -9.9999999999999978E-002 -0.87314430635116147     
  0.40000000000000013       -9.9999999999999978E-002 -0.98105121891481495     
  0.50000000000000011       -9.9999999999999978E-002 -0.71293131681449518     
  0.60000000000000009       -9.9999999999999978E-002 -0.17512291767140103     
  0.70000000000000007       -9.9999999999999978E-002  0.43231794701680221     
  0.80000000000000004       -9.9999999999999978E-002  0.87003040456022118     
  0.90000000000000002       -9.9999999999999978E-002  0.97934347092903107     
   1.0000000000000000       -9.9999999999999978E-002  0.69916028550737386     
  -1.0000000000000000        2.7755575615628914E-017  0.51088445615414468     
 -0.90000000000000002        2.7755575615628914E-017  0.12218419864499386     
 -0.80000000000000004        2.7755575615628914E-017 -0.31756873986530715     
 -0.69999999999999996        2.7755575615628914E-017 -0.63484322146596939     
 -0.59999999999999998        2.7755575615628914E-017 -0.71243705667711110     
 -0.49999999999999994        2.7755575615628914E-017 -0.51826079988115858     
 -0.39999999999999991        2.7755575615628914E-017 -0.12585430360084335     
 -0.29999999999999993        2.7755575615628914E-017  0.31457769338193292     
 -0.19999999999999993        2.7755575615628914E-017  0.63490898825832320     
  -9.9999999999999978E-002   2.7755575615628914E-017  0.71269818882860669     
   2.7755575615628914E-017   2.7755575615628914E-017  0.51824296464701824     
  0.10000000000000009        2.7755575615628914E-017  0.12587014133588709     
  0.20000000000000009        2.7755575615628914E-017 -0.31484596824811084     
  0.30000000000000016        2.7755575615628914E-017 -0.63496483335077447     
  0.40000000000000013        2.7755575615628914E-017 -0.71340976588868077     
  0.50000000000000011        2.7755575615628914E-017 -0.51841239902561431     
  0.60000000000000009        2.7755575615628914E-017 -0.12730895611211104     
  0.70000000000000007        2.7755575615628914E-017  0.31441521894438812     
  0.80000000000000004        2.7755575615628914E-017  0.63270070086277486     
  0.90000000000000002        2.7755575615628914E-017  0.71216808991828628     
   1.0000000000000000        2.7755575615628914E-017  0.50839867913703463     
  -1.0000000000000000       0.10000000000000009       0.12408277121167734     
 -0.90000000000000002       0.10000000000000009        2.9632533454592803E-002
 -0.80000000000000004       0.10000000000000009       -7.7202921480051048E-002
 -0.69999999999999996       0.10000000000000009      -0.15426228942452352     
 -0.59999999999999998       0.10000000000000009      -0.17308042359908052     
 -0.49999999999999994       0.10000000000000009      -0.12587439544973367     
 -0.39999999999999991       0.10000000000000009       -3.0522578744372461E-002
 -0.29999999999999993       0.10000000000000009        7.6476672325785477E-002
 -0.19999999999999993       0.10000000000000009       0.15427828382630041     
  -9.9999999999999978E-002  0.10000000000000009       0.17314385542077029     
   2.7755575615628914E-017  0.10000000000000009       0.12587014133588748     
  0.10000000000000009       0.10000000000000009        3.0526327613623502E-002
  0.20000000000000009       0.10000000000000009       -7.6541663539981902E-002
  0.30000000000000016       0.10000000000000009      -0.15429177487853935     
  0.40000000000000013       0.10000000000000009      -0.17331642525558366     
  0.50000000000000011       0.10000000000000009      -0.12591117453627168     
  0.60000000000000009       0.10000000000000009       -3.0875408646521513E-002
  0.70000000000000007       0.10000000000000009        7.6437181207101051E-002
  0.80000000000000004       0.10000000000000009       0.15374208727398636     
  0.90000000000000002       0.10000000000000009       0.17301501936549665     
   1.0000000000000000       0.10000000000000009       0.12347901737069542     
  -1.0000000000000000       0.20000000000000009      -0.31037571942156950     
 -0.90000000000000002       0.20000000000000009       -7.4300032107756375E-002
 -0.80000000000000004       0.20000000000000009       0.19281467701892380     
 -0.69999999999999996       0.20000000000000009       0.38556682359565903     
 -0.59999999999999998       0.20000000000000009       0.43275182821815078     
 -0.49999999999999994       0.20000000000000009       0.31485692888085637     
 -0.39999999999999991       0.20000000000000009        7.6531884036218426E-002
 -0.29999999999999993       0.20000000000000009      -0.19099719708220161     
 -0.19999999999999993       0.20000000000000009      -0.38560674466851247     
  -9.9999999999999978E-002  0.20000000000000009      -0.43291045918222509     
   2.7755575615628914E-017  0.20000000000000009      -0.31484596824810557     
  0.10000000000000009       0.20000000000000009       -7.6541663539981653E-002
  0.20000000000000009       0.20000000000000009       0.19116045030609022     
  0.30000000000000016       0.20000000000000009       0.38564078895562021     
  0.40000000000000013       0.20000000000000009       0.43334317506698983     
  0.50000000000000011       0.20000000000000009       0.31494909555612605     
  0.60000000000000009       0.20000000000000009        7.7416387474715673E-002
  0.70000000000000007       0.20000000000000009      -0.19089853732098824     
  0.80000000000000004       0.20000000000000009      -0.38426491242128735     
  0.90000000000000002       0.20000000000000009      -0.43258854967674581     
   1.0000000000000000       0.20000000000000009      -0.30886556467295823     
  -1.0000000000000000       0.30000000000000016      -0.62594923144923886     
 -0.90000000000000002       0.30000000000000016      -0.14977333275426155     
 -0.80000000000000004       0.30000000000000016       0.38897687275338994     
 -0.69999999999999996       0.30000000000000016       0.77770958007382485     
 -0.59999999999999998       0.30000000000000016       0.87282437397795576     
 -0.49999999999999994       0.30000000000000016       0.63498681095243481     
 -0.39999999999999991       0.30000000000000016       0.15427221222597273     
 -0.29999999999999993       0.30000000000000016      -0.38531182195325220     
 -0.19999999999999993       0.30000000000000016      -0.77779012528037605     
  -9.9999999999999978E-002  0.30000000000000016      -0.87314430635116236     
   2.7755575615628914E-017  0.30000000000000016      -0.63496483335077669     
  0.10000000000000009       0.30000000000000016      -0.15429177487853907     
  0.20000000000000009       0.30000000000000016       0.38564078895562165     
  0.30000000000000016       0.30000000000000016       0.77785866523041280     
  0.40000000000000013       0.30000000000000016       0.87401656409884376     
  0.50000000000000011       0.30000000000000016       0.63517262054687040     
  0.60000000000000009       0.30000000000000016       0.15605525588704078     
  0.70000000000000007       0.30000000000000016      -0.38511280172634399     
  0.80000000000000004       0.30000000000000016      -0.77508423285087180     
  0.90000000000000002       0.30000000000000016      -0.87249495471257232     
   1.0000000000000000       0.30000000000000016      -0.62290361136650796     
  -1.0000000000000000       0.40000000000000013      -0.70328023713741317     
 -0.90000000000000002       0.40000000000000013      -0.16824095178634885     
 -0.80000000000000004       0.40000000000000013       0.43709136878684590     
 -0.69999999999999996       0.40000000000000013       0.87384910298766194     
 -0.59999999999999998       0.40000000000000013       0.98069175449607082     
 -0.49999999999999994       0.40000000000000013       0.71343439474108594     
 -0.39999999999999991       0.40000000000000013       0.17329452623297253     
 -0.29999999999999993       0.40000000000000013      -0.43297370417401321     
 -0.19999999999999993       0.40000000000000013      -0.87393961624352856     
  -9.9999999999999978E-002  0.40000000000000013      -0.98105121891481306     
   2.7755575615628914E-017  0.40000000000000013      -0.71340976588868743     
  0.10000000000000009       0.40000000000000013      -0.17331642525558330     
  0.20000000000000009       0.40000000000000013       0.43334317506699471     
  0.30000000000000016       0.40000000000000013       0.87401656409884021     
  0.40000000000000013       0.40000000000000013       0.98203102582026347     
  0.50000000000000011       0.40000000000000013       0.71364312583717049     
  0.60000000000000009       0.40000000000000013       0.17529746092558068     
  0.70000000000000007       0.40000000000000013      -0.43275007224588458     
  0.80000000000000004       0.40000000000000013      -0.87089955479816850     
  0.90000000000000002       0.40000000000000013      -0.98032157391880970     
   1.0000000000000000       0.40000000000000013      -0.69985834489928522     
  -1.0000000000000000       0.50000000000000011      -0.51105148435512437     
 -0.90000000000000002       0.50000000000000011      -0.12222403058342901     
 -0.80000000000000004       0.50000000000000011       0.31767275723687322     
 -0.69999999999999996       0.50000000000000011       0.63505096903894365     
 -0.59999999999999998       0.50000000000000011       0.71267009926817437     
 -0.49999999999999994       0.50000000000000011       0.51843023988525561     
 -0.39999999999999991       0.50000000000000011       0.12589533188220628     
 -0.29999999999999993       0.50000000000000011      -0.31468073342255931     
 -0.19999999999999993       0.50000000000000011      -0.63511675738858486     
  -9.9999999999999978E-002  0.50000000000000011      -0.71293131681449584     
   2.7755575615628914E-017  0.50000000000000011      -0.51841239902561542     
  0.10000000000000009       0.50000000000000011      -0.12591117453627157     
  0.20000000000000009       0.50000000000000011       0.31494909555612938     
  0.30000000000000016       0.50000000000000011       0.63517262054687174     
  0.40000000000000013       0.50000000000000011       0.71364312583717482     
  0.50000000000000011       0.50000000000000011       0.51858188848451947     
  0.60000000000000009       0.50000000000000011       0.12735045872233783     
  0.70000000000000007       0.50000000000000011      -0.31451820578735395     
  0.80000000000000004       0.50000000000000011      -0.63290774841119168     
  0.90000000000000002       0.50000000000000011      -0.71240104436472640     
   1.0000000000000000       0.50000000000000011      -0.50856489460685195     
  -1.0000000000000000       0.60000000000000009      -0.12550115509664694     
 -0.90000000000000002       0.60000000000000009       -2.9971393186666327E-002
 -0.80000000000000004       0.60000000000000009        7.8085204355039753E-002
 -0.69999999999999996       0.60000000000000009       0.15602543323125637     
 -0.59999999999999998       0.60000000000000009       0.17505876079764635     
 -0.49999999999999994       0.60000000000000009       0.12731325909169094     
 -0.39999999999999991       0.60000000000000009        3.0871616626754712E-002
 -0.29999999999999993       0.60000000000000009       -7.7350652841681980E-002
 -0.19999999999999993       0.60000000000000009      -0.15604161039889511     
  -9.9999999999999978E-002  0.60000000000000009      -0.17512291767140037     
   2.7755575615628914E-017  0.60000000000000009      -0.12730895611211665     
  0.10000000000000009       0.60000000000000009       -3.0875408646520396E-002
  0.20000000000000009       0.60000000000000009        7.7416387474736184E-002
  0.30000000000000016       0.60000000000000009       0.15605525588703967     
  0.40000000000000013       0.60000000000000009       0.17529746092559600     
  0.50000000000000011       0.60000000000000009       0.12735045872233849     
  0.60000000000000009       0.60000000000000009        3.1228481151701321E-002
  0.70000000000000007       0.60000000000000009       -7.7310710392054158E-002
  0.80000000000000004       0.60000000000000009      -0.15549928416099756     
  0.90000000000000002       0.60000000000000009      -0.17499260916008391     
   1.0000000000000000       0.60000000000000009      -0.12489049981369052     
  -1.0000000000000000       0.70000000000000007       0.30995108675476191     
 -0.90000000000000002       0.70000000000000007        7.4198609007263910E-002
 -0.80000000000000004       0.70000000000000007      -0.19255050107941568     
 -0.69999999999999996       0.70000000000000007      -0.38503893728888994     
 -0.59999999999999998       0.70000000000000007      -0.43215953312330785     
 -0.49999999999999994       0.70000000000000007      -0.31442616499104159     
 -0.39999999999999991       0.70000000000000007       -7.6427414567518420E-002
 -0.29999999999999993       0.70000000000000007       0.19073550656792179     
 -0.19999999999999993       0.70000000000000007       0.38507880363371833     
  -9.9999999999999978E-002  0.70000000000000007       0.43231794701680143     
   2.7755575615628914E-017  0.70000000000000007       0.31441521894438990     
  0.10000000000000009       0.70000000000000007        7.6437181207100427E-002
  0.20000000000000009       0.70000000000000007      -0.19089853732098855     
  0.30000000000000016       0.70000000000000007      -0.38511280172634360     
  0.40000000000000013       0.70000000000000007      -0.43275007224588663     
  0.50000000000000011       0.70000000000000007      -0.31451820578735268     
  0.60000000000000009       0.70000000000000007       -7.7310710392055226E-002
  0.70000000000000007       0.70000000000000007       0.19063698194156670     
  0.80000000000000004       0.70000000000000007       0.38373880639640051     
  0.90000000000000002       0.70000000000000007       0.43199647837975536     
   1.0000000000000000       0.70000000000000007       0.30844299815149728     
  -1.0000000000000000       0.80000000000000004       0.62371724799484130     
 -0.90000000000000002       0.80000000000000004       0.14923974138918319     
 -0.80000000000000004       0.80000000000000004      -0.38758910102552963     
 -0.69999999999999996       0.80000000000000004      -0.77493567874616431     
 -0.59999999999999998       0.80000000000000004      -0.86971161308478462     
 -0.49999999999999994       0.80000000000000004      -0.63272260092966548     
 -0.39999999999999991       0.80000000000000004      -0.15372259333044339     
 -0.29999999999999993       0.80000000000000004       0.38393711664850727     
 -0.19999999999999993       0.80000000000000004       0.77501593652174927     
  -9.9999999999999978E-002  0.80000000000000004       0.87003040456022396     
   2.7755575615628914E-017  0.80000000000000004       0.63270070086278374     
  0.10000000000000009       0.80000000000000004       0.15374208727398639     
  0.20000000000000009       0.80000000000000004      -0.38426491242129901     
  0.30000000000000016       0.80000000000000004      -0.77508423285087313     
  0.40000000000000013       0.80000000000000004      -0.87089955479817438     
  0.50000000000000011       0.80000000000000004      -0.63290774841119013     
  0.60000000000000009       0.80000000000000004      -0.15549928416097816     
  0.70000000000000007       0.80000000000000004       0.38373880639640084     
  0.80000000000000004       0.80000000000000004       0.77231969106013365     
  0.90000000000000002       0.80000000000000004       0.86938336927799509     
   1.0000000000000000       0.80000000000000004       0.62068248798948278     
  -1.0000000000000000       0.90000000000000002       0.70205619222538795     
 -0.90000000000000002       0.90000000000000002       0.16794837168677915     
 -0.80000000000000004       0.90000000000000002      -0.43633021998772614     
 -0.69999999999999996       0.90000000000000002      -0.87232778477827100     
 -0.59999999999999998       0.90000000000000002      -0.97898463218931753     
 -0.49999999999999994       0.90000000000000002      -0.71219267633320926     
 -0.39999999999999991       0.90000000000000002      -0.17299315791727288     
 -0.29999999999999993       0.90000000000000002       0.43221972091750277     
 -0.19999999999999993       0.90000000000000002       0.87241814038231180     
  -9.9999999999999978E-002  0.90000000000000002       0.97934347092903007     
   2.7755575615628914E-017  0.90000000000000002       0.71216808991828617     
  0.10000000000000009       0.90000000000000002       0.17301501936549674     
  0.20000000000000009       0.90000000000000002      -0.43258854967674332     
  0.30000000000000016       0.90000000000000002      -0.87249495471257243     
  0.40000000000000013       0.90000000000000002      -0.98032157391880992     
  0.50000000000000011       0.90000000000000002      -0.71240104436472540     
  0.60000000000000009       0.90000000000000002      -0.17499260916008602     
  0.70000000000000007       0.90000000000000002       0.43199647837975547     
  0.80000000000000004       0.90000000000000002       0.86938336927798776     
  0.90000000000000002       0.90000000000000002       0.97861509634420030     
   1.0000000000000000       0.90000000000000002       0.69864025578958255     
  -1.0000000000000000        1.0000000000000000       0.50117994870194749     
 -0.90000000000000002        1.0000000000000000       0.11986309608240976     
 -0.80000000000000004        1.0000000000000000      -0.31153661571746499     
 -0.69999999999999996        1.0000000000000000      -0.62278430973986554     
 -0.59999999999999998        1.0000000000000000      -0.69890411365392391     
 -0.49999999999999994        1.0000000000000000      -0.50841617530802097     
 -0.39999999999999991        1.0000000000000000      -0.12346348082497083     
 -0.29999999999999993        1.0000000000000000       0.30860238640930954     
 -0.19999999999999993        1.0000000000000000       0.62284882733425018     
  -9.9999999999999978E-002   1.0000000000000000       0.69916028550737275     
   2.7755575615628914E-017   1.0000000000000000       0.50839867913703340     
  0.10000000000000009        1.0000000000000000       0.12347901737069462     
  0.20000000000000009        1.0000000000000000      -0.30886556467295512     
  0.30000000000000016        1.0000000000000000      -0.62290361136650407     
  0.40000000000000013        1.0000000000000000      -0.69985834489926901     
  0.50000000000000011        1.0000000000000000      -0.50856489460684839     
  0.60000000000000009        1.0000000000000000      -0.12489049981368526     
  0.70000000000000007        1.0000000000000000       0.30844299815149384     
  0.80000000000000004        1.0000000000000000       0.62068248798946157     
  0.90000000000000002        1.0000000000000000       0.69864025578958211     
   1.0000000000000000        1.0000000000000000       0.49874139022723912     
