  -1.0000000000000000       -1.0000000000000000        3.8364792819848628E-002
 -0.90000000000000002       -1.0000000000000000       -8.1175804858116915E-002
 -0.80000000000000004       -1.0000000000000000      -0.17076193475342102     
 -0.69999999999999996       -1.0000000000000000      -0.19463561148439854     
 -0.59999999999999998       -1.0000000000000000      -0.14445542627123764     
 -0.49999999999999994       -1.0000000000000000       -3.9104432303234675E-002
 -0.39999999999999991       -1.0000000000000000        8.1182258577819327E-002
 -0.29999999999999993       -1.0000000000000000       0.17046403179102923     
 -0.19999999999999993       -1.0000000000000000       0.19463184119223353     
  -9.9999999999999978E-002  -1.0000000000000000       0.14445721512472731     
   2.7755575615628914E-017  -1.0000000000000000        3.9106851406820402E-002
  0.10000000000000009       -1.0000000000000000       -8.1184571589039509E-002
  0.20000000000000009       -1.0000000000000000      -0.17046248228388136     
  0.30000000000000016       -1.0000000000000000      -0.19463203045304431     
  0.40000000000000013       -1.0000000000000000      -0.14445829575388097     
  0.50000000000000011       -1.0000000000000000       -3.9104487999112821E-002
  0.60000000000000009       -1.0000000000000000        8.1184922031067933E-002
  0.70000000000000007       -1.0000000000000000       0.17046553968273828     
  0.80000000000000004       -1.0000000000000000       0.19465618146349539     
  0.90000000000000002       -1.0000000000000000       0.14444700011239917     
   1.0000000000000000       -1.0000000000000000        3.8740342152660569E-002
  -1.0000000000000000      -0.90000000000000002       -8.1175804858117012E-002
 -0.90000000000000002      -0.90000000000000002       0.17161358490530246     
 -0.80000000000000004      -0.90000000000000002       0.36107841817636893     
 -0.69999999999999996      -0.90000000000000002       0.41159269163448431     
 -0.59999999999999998      -0.90000000000000002       0.30550681736881913     
 -0.49999999999999994      -0.90000000000000002        8.2740901612824574E-002
 -0.39999999999999991      -0.90000000000000002      -0.17162736211310264     
 -0.29999999999999993      -0.90000000000000002      -0.36044814091142102     
 -0.19999999999999993      -0.90000000000000002      -0.41158471168946925     
  -9.9999999999999978E-002 -0.90000000000000002      -0.30551056335406201     
   2.7755575615628914E-017 -0.90000000000000002       -8.2746018147958192E-002
  0.10000000000000009      -0.90000000000000002       0.17163224711615988     
  0.20000000000000009      -0.90000000000000002       0.36044486957368072     
  0.30000000000000016      -0.90000000000000002       0.41158510589097980     
  0.40000000000000013      -0.90000000000000002       0.30551285051507493     
  0.50000000000000011      -0.90000000000000002        8.2741017861166610E-002
  0.60000000000000009      -0.90000000000000002      -0.17163301535437459     
  0.70000000000000007      -0.90000000000000002      -0.36045133875143909     
  0.80000000000000004      -0.90000000000000002      -0.41163632292906477     
  0.90000000000000002      -0.90000000000000002      -0.30548894622507028     
   1.0000000000000000      -0.90000000000000002       -8.1970451903448233E-002
  -1.0000000000000000      -0.80000000000000004      -0.17076193475342463     
 -0.90000000000000002      -0.80000000000000004       0.36107841817637160     
 -0.80000000000000004      -0.80000000000000004       0.75968160496258841     
 -0.69999999999999996      -0.80000000000000004       0.86594368917022024     
 -0.59999999999999998      -0.80000000000000004       0.64273691452046455     
 -0.49999999999999994      -0.80000000000000004       0.17405423412939533     
 -0.39999999999999991      -0.80000000000000004      -0.36110734065112615     
 -0.29999999999999993      -0.80000000000000004      -0.75835572362558856     
 -0.19999999999999993      -0.80000000000000004      -0.86592690368112246     
  -9.9999999999999978E-002 -0.80000000000000004      -0.64274481361569791     
   2.7755575615628914E-017 -0.80000000000000004      -0.17406499829375033     
  0.10000000000000009      -0.80000000000000004       0.36111762119844099     
  0.20000000000000009      -0.80000000000000004       0.75834883848524970     
  0.30000000000000016      -0.80000000000000004       0.86592773597256223     
  0.40000000000000013      -0.80000000000000004       0.64274962457809359     
  0.50000000000000011      -0.80000000000000004       0.17405447944870889     
  0.60000000000000009      -0.80000000000000004      -0.36111922424278936     
  0.70000000000000007      -0.80000000000000004      -0.75836244706481915     
  0.80000000000000004      -0.80000000000000004      -0.86603541991013322     
  0.90000000000000002      -0.80000000000000004      -0.64269934127199402     
   1.0000000000000000      -0.80000000000000004      -0.17243354723120097     
  -1.0000000000000000      -0.69999999999999996      -0.19463561148439834     
 -0.90000000000000002      -0.69999999999999996       0.41159269163448381     
 -0.80000000000000004      -0.69999999999999996       0.86594368917021736     
 -0.69999999999999996      -0.69999999999999996       0.98706190564894158     
 -0.59999999999999998      -0.69999999999999996       0.73262888571023088     
 -0.49999999999999994      -0.69999999999999996       0.19838817427933325     
 -0.39999999999999991      -0.69999999999999996      -0.41162563003314534     
 -0.29999999999999993      -0.69999999999999996      -0.86443242847327995     
 -0.19999999999999993      -0.69999999999999996      -0.98704277398126428     
  -9.9999999999999978E-002 -0.69999999999999996      -0.73263789800753099     
   2.7755575615628914E-017 -0.69999999999999996      -0.19840044380726096     
  0.10000000000000009      -0.69999999999999996       0.41163734993067863     
  0.20000000000000009      -0.69999999999999996       0.86442457909822668     
  0.30000000000000016      -0.69999999999999996       0.98704372405128349     
  0.40000000000000013      -0.69999999999999996       0.73264338142422003     
  0.50000000000000011      -0.69999999999999996       0.19838845425846921     
  0.60000000000000009      -0.69999999999999996      -0.41163917102593561     
  0.70000000000000007      -0.69999999999999996      -0.86444009023853530     
  0.80000000000000004      -0.69999999999999996      -0.98716643660306624     
  0.90000000000000002      -0.69999999999999996      -0.73258606905976198     
   1.0000000000000000      -0.69999999999999996      -0.19654092110664620     
  -1.0000000000000000      -0.59999999999999998      -0.14445542627124086     
 -0.90000000000000002      -0.59999999999999998       0.30550681736881974     
 -0.80000000000000004      -0.59999999999999998       0.64273691452047277     
 -0.69999999999999996      -0.59999999999999998       0.73262888571023232     
 -0.59999999999999998      -0.59999999999999998       0.54377466433153621     
 -0.49999999999999994      -0.59999999999999998       0.14724049829783473     
 -0.39999999999999991      -0.59999999999999998      -0.30553123920432340     
 -0.29999999999999993      -0.59999999999999998      -0.64161527030711751     
 -0.19999999999999993      -0.59999999999999998      -0.73261468697839993     
  -9.9999999999999978E-002 -0.59999999999999998      -0.54378136096958618     
   2.7755575615628914E-017 -0.59999999999999998      -0.14724960495293632     
  0.10000000000000009      -0.59999999999999998       0.30553993935166041     
  0.20000000000000009      -0.59999999999999998       0.64160944316725999     
  0.30000000000000016      -0.59999999999999998       0.73261539336366666     
  0.40000000000000013      -0.59999999999999998       0.54378543053959194     
  0.50000000000000011      -0.59999999999999998       0.14724070641546522     
  0.60000000000000009      -0.59999999999999998      -0.30554128555833721     
  0.70000000000000007      -0.59999999999999998      -0.64162095527686736     
  0.80000000000000004      -0.59999999999999998      -0.73270644529100271     
  0.90000000000000002      -0.59999999999999998      -0.54374289501135242     
   1.0000000000000000      -0.59999999999999998      -0.14586951150494964     
  -1.0000000000000000      -0.49999999999999994       -3.9104432303235667E-002
 -0.90000000000000002      -0.49999999999999994        8.2740901612824519E-002
 -0.80000000000000004      -0.49999999999999994       0.17405423412939589     
 -0.69999999999999996      -0.49999999999999994       0.19838817427933311     
 -0.59999999999999998      -0.49999999999999994       0.14724049829783439     
 -0.49999999999999994      -0.49999999999999994        3.9858331321727301E-002
 -0.39999999999999991      -0.49999999999999994       -8.2747479671405777E-002
 -0.29999999999999993      -0.49999999999999994      -0.17375058782108527     
 -0.19999999999999993      -0.49999999999999994      -0.19838433130081368     
  -9.9999999999999978E-002 -0.49999999999999994      -0.14724232166561707     
   2.7755575615628914E-017 -0.49999999999999994       -3.9860797064900373E-002
  0.10000000000000009      -0.49999999999999994        8.2749837281633376E-002
  0.20000000000000009      -0.49999999999999994       0.17374900843590307     
  0.30000000000000016      -0.49999999999999994       0.19838452421463479     
  0.40000000000000013      -0.49999999999999994       0.14724342312795527     
  0.50000000000000011      -0.49999999999999994        3.9858388092484175E-002
  0.60000000000000009      -0.49999999999999994       -8.2750194461538307E-002
  0.70000000000000007      -0.49999999999999994      -0.17375212477863328     
  0.80000000000000004      -0.49999999999999994      -0.19840914075619542     
  0.90000000000000002      -0.49999999999999994      -0.14723190971910327     
   1.0000000000000000      -0.49999999999999994       -3.9487221884276405E-002
  -1.0000000000000000      -0.39999999999999991        8.1182258577819633E-002
 -0.90000000000000002      -0.39999999999999991      -0.17162736211310384     
 -0.80000000000000004      -0.39999999999999991      -0.36110734065112088     
 -0.69999999999999996      -0.39999999999999991      -0.41162563003314695     
 -0.59999999999999998      -0.39999999999999991      -0.30553123920431280     
 -0.49999999999999994      -0.39999999999999991       -8.2747479671405305E-002
 -0.39999999999999991      -0.39999999999999991       0.17164114030491912     
 -0.29999999999999993      -0.39999999999999991       0.36047701322892789     
 -0.19999999999999993      -0.39999999999999991       0.41161764945590956     
  -9.9999999999999978E-002 -0.39999999999999991       0.30553498552303204     
   2.7755575615628914E-017 -0.39999999999999991        8.2752596615174964E-002
  0.10000000000000009      -0.39999999999999991      -0.17164602570466689     
  0.20000000000000009      -0.39999999999999991      -0.36047374162445917     
  0.30000000000000016      -0.39999999999999991      -0.41161804369450478     
  0.40000000000000013      -0.39999999999999991      -0.30553727286527116     
  0.50000000000000011      -0.39999999999999991       -8.2747595930441648E-002
  0.60000000000000009      -0.39999999999999991       0.17164679397956814     
  0.70000000000000007      -0.39999999999999991       0.36048021131651220     
  0.80000000000000004      -0.39999999999999991       0.41166926469843362     
  0.90000000000000002      -0.39999999999999991       0.30551336667837564     
   1.0000000000000000      -0.39999999999999991        8.1976968776187986E-002
  -1.0000000000000000      -0.29999999999999993       0.17046403179102979     
 -0.90000000000000002      -0.29999999999999993      -0.36044814091142080     
 -0.80000000000000004      -0.29999999999999993      -0.75835572362558901     
 -0.69999999999999996      -0.29999999999999993      -0.86443242847327961     
 -0.59999999999999998      -0.29999999999999993      -0.64161527030711685     
 -0.49999999999999994      -0.29999999999999993      -0.17375058782108496     
 -0.39999999999999991      -0.29999999999999993       0.36047701322892856     
 -0.29999999999999993      -0.29999999999999993       0.75703215549007086     
 -0.19999999999999993      -0.29999999999999993       0.86441567226155336     
  -9.9999999999999978E-002 -0.29999999999999993       0.64162315552586535     
   2.7755575615628914E-017 -0.29999999999999993       0.17376133320178042     
  0.10000000000000009      -0.29999999999999993      -0.36048727581892615     
  0.20000000000000009      -0.29999999999999993      -0.75702528237905797     
  0.30000000000000016      -0.29999999999999993      -0.86441650308560458     
  0.40000000000000013      -0.29999999999999993      -0.64162795809688700     
  0.50000000000000011      -0.29999999999999993      -0.17375083270848277     
  0.60000000000000009      -0.29999999999999993       0.36048887613249347     
  0.70000000000000007      -0.29999999999999993       0.75703886721786540     
  0.80000000000000004      -0.29999999999999993       0.86452399944827629     
  0.90000000000000002      -0.29999999999999993       0.64157776250294618     
   1.0000000000000000      -0.29999999999999993       0.17213272811221336     
  -1.0000000000000000      -0.19999999999999993       0.19463184119223567     
 -0.90000000000000002      -0.19999999999999993      -0.41158471168947053     
 -0.80000000000000004      -0.19999999999999993      -0.86592690368112979     
 -0.69999999999999996      -0.19999999999999993      -0.98704277398126539     
 -0.59999999999999998      -0.19999999999999993      -0.73261468697840171     
 -0.49999999999999994      -0.19999999999999993      -0.19838433130081329     
 -0.39999999999999991      -0.19999999999999993       0.41161764945591861     
 -0.29999999999999993      -0.19999999999999993       0.86441567226155347     
 -0.19999999999999993      -0.19999999999999993       0.98702364268406140     
  -9.9999999999999978E-002 -0.19999999999999993       0.73262369909927916     
   2.7755575615628914E-017 -0.19999999999999993       0.19839660059096859     
  0.10000000000000009      -0.19999999999999993      -0.41162936912600279     
  0.20000000000000009      -0.19999999999999993      -0.86440782303891506     
  0.30000000000000016      -0.19999999999999993      -0.98702459273539489     
  0.40000000000000013      -0.19999999999999993      -0.73262918240979047     
  0.50000000000000011      -0.19999999999999993      -0.19838461127444543     
  0.60000000000000009      -0.19999999999999993       0.41163119018731137     
  0.70000000000000007      -0.19999999999999993       0.86442333387874426     
  0.80000000000000004      -0.19999999999999993       0.98714730291572661     
  0.90000000000000002      -0.19999999999999993       0.73257187115533950     
   1.0000000000000000      -0.19999999999999993       0.19653711390775491     
  -1.0000000000000000       -9.9999999999999978E-002  0.14445721512472859     
 -0.90000000000000002       -9.9999999999999978E-002 -0.30551056335406152     
 -0.80000000000000004       -9.9999999999999978E-002 -0.64274481361569824     
 -0.69999999999999996       -9.9999999999999978E-002 -0.73263789800753021     
 -0.59999999999999998       -9.9999999999999978E-002 -0.54378136096958585     
 -0.49999999999999994       -9.9999999999999978E-002 -0.14724232166561699     
 -0.39999999999999991       -9.9999999999999978E-002  0.30553498552303149     
 -0.29999999999999993       -9.9999999999999978E-002  0.64162315552586546     
 -0.19999999999999993       -9.9999999999999978E-002  0.73262369909927916     
  -9.9999999999999978E-002  -9.9999999999999978E-002  0.54378805768060823     
   2.7755575615628914E-017  -9.9999999999999978E-002  0.14725142843298220     
  0.10000000000000009       -9.9999999999999978E-002 -0.30554368577577179     
  0.20000000000000009       -9.9999999999999978E-002 -0.64161732831570961     
  0.30000000000000016       -9.9999999999999978E-002 -0.73262440549166108     
  0.40000000000000013       -9.9999999999999978E-002 -0.54379212730119397     
  0.50000000000000011       -9.9999999999999978E-002 -0.14724252978542152     
  0.60000000000000009       -9.9999999999999978E-002  0.30554503200590000     
  0.70000000000000007       -9.9999999999999978E-002  0.64162884056787151     
  0.80000000000000004       -9.9999999999999978E-002  0.73271545857608777     
  0.90000000000000002       -9.9999999999999978E-002  0.54374959124520728     
   1.0000000000000000       -9.9999999999999978E-002  0.14587131787652108     
  -1.0000000000000000        2.7755575615628914E-017   3.9106851406818792E-002
 -0.90000000000000002        2.7755575615628914E-017  -8.2746018147957331E-002
 -0.80000000000000004        2.7755575615628914E-017 -0.17406499829375238     
 -0.69999999999999996        2.7755575615628914E-017 -0.19840044380725905     
 -0.59999999999999998        2.7755575615628914E-017 -0.14724960495294173     
 -0.49999999999999994        2.7755575615628914E-017  -3.9860797064901012E-002
 -0.39999999999999991        2.7755575615628914E-017   8.2752596615175880E-002
 -0.29999999999999993        2.7755575615628914E-017  0.17376133320178114     
 -0.19999999999999993        2.7755575615628914E-017  0.19839660059096700     
  -9.9999999999999978E-002   2.7755575615628914E-017  0.14725142843298142     
   2.7755575615628914E-017   2.7755575615628914E-017   3.9863262960571855E-002
  0.10000000000000009        2.7755575615628914E-017  -8.2754954371117143E-002
  0.20000000000000009        2.7755575615628914E-017 -0.17375975371900496     
  0.30000000000000016        2.7755575615628914E-017 -0.19839679351663653     
  0.40000000000000013        2.7755575615628914E-017 -0.14725252996345825     
  0.50000000000000011        2.7755575615628914E-017  -3.9860853839148710E-002
  0.60000000000000009        2.7755575615628914E-017   8.2755311573500065E-002
  0.70000000000000007        2.7755575615628914E-017  0.17376287025451229     
  0.80000000000000004        2.7755575615628914E-017  0.19842141158266993     
  0.90000000000000002        2.7755575615628914E-017  0.14724101584231200     
   1.0000000000000000        2.7755575615628914E-017   3.9489664668618793E-002
  -1.0000000000000000       0.10000000000000009       -8.1184571589039758E-002
 -0.90000000000000002       0.10000000000000009       0.17163224711615960     
 -0.80000000000000004       0.10000000000000009       0.36111762119844087     
 -0.69999999999999996       0.10000000000000009       0.41163734993067863     
 -0.59999999999999998       0.10000000000000009       0.30553993935165930     
 -0.49999999999999994       0.10000000000000009        8.2749837281633001E-002
 -0.39999999999999991       0.10000000000000009      -0.17164602570466708     
 -0.29999999999999993       0.10000000000000009      -0.36048727581892598     
 -0.19999999999999993       0.10000000000000009      -0.41162936912600295     
  -9.9999999999999978E-002  0.10000000000000009      -0.30554368577577218     
   2.7755575615628914E-017  0.10000000000000009       -8.2754954371116962E-002
  0.10000000000000009       0.10000000000000009       0.17165091124327997     
  0.20000000000000009       0.10000000000000009       0.36048400412150411     
  0.30000000000000016       0.10000000000000009       0.41162976337559309     
  0.40000000000000013       0.10000000000000009       0.30554597318319543     
  0.50000000000000011       0.10000000000000009        8.2749953543930554E-002
  0.60000000000000009       0.10000000000000009      -0.17165167954096100     
  0.70000000000000007       0.10000000000000009      -0.36049047399787693     
  0.80000000000000004       0.10000000000000009      -0.41168098584280771     
  0.90000000000000002       0.10000000000000009      -0.30552206631504641     
   1.0000000000000000       0.10000000000000009       -8.1979304430864305E-002
  -1.0000000000000000       0.20000000000000009      -0.17046248228388289     
 -0.90000000000000002       0.20000000000000009       0.36044486957368355     
 -0.80000000000000004       0.20000000000000009       0.75834883848525125     
 -0.69999999999999996       0.20000000000000009       0.86442457909823012     
 -0.59999999999999998       0.20000000000000009       0.64160944316725155     
 -0.49999999999999994       0.20000000000000009       0.17374900843590244     
 -0.39999999999999991       0.20000000000000009      -0.36047374162446438     
 -0.29999999999999993       0.20000000000000009      -0.75702528237905808     
 -0.19999999999999993       0.20000000000000009      -0.86440782303890651     
  -9.9999999999999978E-002  0.20000000000000009      -0.64161732831571061     
   2.7755575615628914E-017  0.20000000000000009      -0.17375975371900196     
  0.10000000000000009       0.20000000000000009       0.36048400412150472     
  0.20000000000000009       0.20000000000000009       0.75701840933029751     
  0.30000000000000016       0.20000000000000009       0.86440865385562271     
  0.40000000000000013       0.20000000000000009       0.64162213084308595     
  0.50000000000000011       0.20000000000000009       0.17374925332112787     
  0.60000000000000009       0.20000000000000009      -0.36048560441963551     
  0.70000000000000007       0.20000000000000009      -0.75703199404558896     
  0.80000000000000004       0.20000000000000009      -0.86451614923714959     
  0.90000000000000002       0.20000000000000009      -0.64157193570553062     
   1.0000000000000000       0.20000000000000009      -0.17213116343585799     
  -1.0000000000000000       0.30000000000000016      -0.19463203045304447     
 -0.90000000000000002       0.30000000000000016       0.41158510589097902     
 -0.80000000000000004       0.30000000000000016       0.86592773597256134     
 -0.69999999999999996       0.30000000000000016       0.98704372405128216     
 -0.59999999999999998       0.30000000000000016       0.73261539336366610     
 -0.49999999999999994       0.30000000000000016       0.19838452421463504     
 -0.39999999999999991       0.30000000000000016      -0.41161804369450389     
 -0.29999999999999993       0.30000000000000016      -0.86441650308560369     
 -0.19999999999999993       0.30000000000000016      -0.98702459273539411     
  -9.9999999999999978E-002  0.30000000000000016      -0.73262440549166097     
   2.7755575615628914E-017  0.30000000000000016      -0.19839679351663789     
  0.10000000000000009       0.30000000000000016       0.41162976337559293     
  0.20000000000000009       0.30000000000000016       0.86440865385562138     
  0.30000000000000016       0.30000000000000016       0.98702554278736976     
  0.40000000000000013       0.30000000000000016       0.73262988880751989     
  0.50000000000000011       0.30000000000000016       0.19838480418847579     
  0.60000000000000009       0.30000000000000016      -0.41163158443973841     
  0.70000000000000007       0.30000000000000016      -0.86442416471054606     
  0.80000000000000004       0.30000000000000016      -0.98714825309177967     
  0.90000000000000002       0.30000000000000016      -0.73257257749718019     
   1.0000000000000000       0.30000000000000016      -0.19653730502228342     
  -1.0000000000000000       0.40000000000000013      -0.14445829575388031     
 -0.90000000000000002       0.40000000000000013       0.30551285051507515     
 -0.80000000000000004       0.40000000000000013       0.64274962457810270     
 -0.69999999999999996       0.40000000000000013       0.73264338142421970     
 -0.59999999999999998       0.40000000000000013       0.54378543053959671     
 -0.49999999999999994       0.40000000000000013       0.14724342312795544     
 -0.39999999999999991       0.40000000000000013      -0.30553727286527593     
 -0.29999999999999993       0.40000000000000013      -0.64162795809688622     
 -0.19999999999999993       0.40000000000000013      -0.73262918240979213     
  -9.9999999999999978E-002  0.40000000000000013      -0.54379212730119320     
   2.7755575615628914E-017  0.40000000000000013      -0.14725252996345914     
  0.10000000000000009       0.40000000000000013       0.30554597318319626     
  0.20000000000000009       0.40000000000000013       0.64162213084309527     
  0.30000000000000016       0.40000000000000013       0.73262988880751934     
  0.40000000000000013       0.40000000000000013       0.54379619695223214     
  0.50000000000000011       0.40000000000000013       0.14724363124933523     
  0.60000000000000009       0.40000000000000013      -0.30554731942312108     
  0.70000000000000007       0.40000000000000013      -0.64163364318133309     
  0.80000000000000004       0.40000000000000013      -0.73272094257173548     
  0.90000000000000002       0.40000000000000013      -0.54375366057808361     
   1.0000000000000000       0.40000000000000013      -0.14587240908380544     
  -1.0000000000000000       0.50000000000000011       -3.9104487999113653E-002
 -0.90000000000000002       0.50000000000000011        8.2741017861166666E-002
 -0.80000000000000004       0.50000000000000011       0.17405447944870972     
 -0.69999999999999996       0.50000000000000011       0.19838845425846882     
 -0.59999999999999998       0.50000000000000011       0.14724070641546627     
 -0.49999999999999994       0.50000000000000011        3.9858388092484237E-002
 -0.39999999999999991       0.50000000000000011       -8.2747595930441981E-002
 -0.29999999999999993       0.50000000000000011      -0.17375083270848307     
 -0.19999999999999993       0.50000000000000011      -0.19838461127444673     
  -9.9999999999999978E-002  0.50000000000000011      -0.14724252978542132     
   2.7755575615628914E-017  0.50000000000000011       -3.9860853839148905E-002
  0.10000000000000009       0.50000000000000011        8.2749953543930624E-002
  0.20000000000000009       0.50000000000000011       0.17374925332112906     
  0.30000000000000016       0.50000000000000011       0.19838480418847587     
  0.40000000000000013       0.50000000000000011       0.14724363124933670     
  0.50000000000000011       0.50000000000000011        3.9858444863304823E-002
  0.60000000000000009       0.50000000000000011       -8.2750310724632514E-002
  0.70000000000000007       0.50000000000000011      -0.17375236966829991     
  0.80000000000000004       0.50000000000000011      -0.19840942076636175     
  0.90000000000000002       0.50000000000000011      -0.14723211782404305     
   1.0000000000000000       0.50000000000000011       -3.9487278125673132E-002
  -1.0000000000000000       0.60000000000000009        8.1184922031068668E-002
 -0.90000000000000002       0.60000000000000009      -0.17163301535437570     
 -0.80000000000000004       0.60000000000000009      -0.36111922424278375     
 -0.69999999999999996       0.60000000000000009      -0.41163917102593839     
 -0.59999999999999998       0.60000000000000009      -0.30554128555832627     
 -0.49999999999999994       0.60000000000000009       -8.2750194461537904E-002
 -0.39999999999999991       0.60000000000000009       0.17164679397956620     
 -0.29999999999999993       0.60000000000000009       0.36048887613249220     
 -0.19999999999999993       0.60000000000000009       0.41163119018730265     
  -9.9999999999999978E-002  0.60000000000000009       0.30554503200590089     
   2.7755575615628914E-017  0.60000000000000009        8.2755311573499954E-002
  0.10000000000000009       0.60000000000000009      -0.17165167954096072     
  0.20000000000000009       0.60000000000000009      -0.36048560441962624     
  0.30000000000000016       0.60000000000000009      -0.41163158443973930     
  0.40000000000000013       0.60000000000000009      -0.30554731942311264     
  0.50000000000000011       0.60000000000000009       -8.2750310724632570E-002
  0.60000000000000009       0.60000000000000009       0.17165244783700129     
  0.70000000000000007       0.60000000000000009       0.36049207432388158     
  0.80000000000000004       0.60000000000000009       0.41168280710638278     
  0.90000000000000002       0.60000000000000009       0.30552341245246201     
   1.0000000000000000       0.60000000000000009        8.1979658298426947E-002
  -1.0000000000000000       0.70000000000000007       0.17046553968273850     
 -0.90000000000000002       0.70000000000000007      -0.36045133875143870     
 -0.80000000000000004       0.70000000000000007      -0.75836244706481970     
 -0.69999999999999996       0.70000000000000007      -0.86444009023853507     
 -0.59999999999999998       0.70000000000000007      -0.64162095527686880     
 -0.49999999999999994       0.70000000000000007      -0.17375212477863325     
 -0.39999999999999991       0.70000000000000007       0.36048021131651253     
 -0.29999999999999993       0.70000000000000007       0.75703886721786495     
 -0.19999999999999993       0.70000000000000007       0.86442333387874670     
  -9.9999999999999978E-002  0.70000000000000007       0.64162884056787151     
   2.7755575615628914E-017  0.70000000000000007       0.17376287025451251     
  0.10000000000000009       0.70000000000000007      -0.36049047399787643     
  0.20000000000000009       0.70000000000000007      -0.75703199404558985     
  0.30000000000000016       0.70000000000000007      -0.86442416471054540     
  0.40000000000000013       0.70000000000000007      -0.64163364318133431     
  0.50000000000000011       0.70000000000000007      -0.17375236966829982     
  0.60000000000000009       0.70000000000000007       0.36049207432388292     
  0.70000000000000007       0.70000000000000007       0.75704557900455960     
  0.80000000000000004       0.70000000000000007       0.86453166201664833     
  0.90000000000000002       0.70000000000000007       0.64158344714362237     
   1.0000000000000000       0.70000000000000007       0.17213425076321995     
  -1.0000000000000000       0.80000000000000004       0.19465618146350017     
 -0.90000000000000002       0.80000000000000004      -0.41163632292906677     
 -0.80000000000000004       0.80000000000000004      -0.86603541991014210     
 -0.69999999999999996       0.80000000000000004      -0.98716643660307002     
 -0.59999999999999998       0.80000000000000004      -0.73270644529100393     
 -0.49999999999999994       0.80000000000000004      -0.19840914075619570     
 -0.39999999999999991       0.80000000000000004       0.41166926469844245     
 -0.29999999999999993       0.80000000000000004       0.86452399944827618     
 -0.19999999999999993       0.80000000000000004       0.98714730291572372     
  -9.9999999999999978E-002  0.80000000000000004       0.73271545857608800     
   2.7755575615628914E-017  0.80000000000000004       0.19842141158266627     
  0.10000000000000009       0.80000000000000004      -0.41168098584280882     
  0.20000000000000009       0.80000000000000004      -0.86451614923715714     
  0.30000000000000016       0.80000000000000004      -0.98714825309178145     
  0.40000000000000013       0.80000000000000004      -0.73272094257173048     
  0.50000000000000011       0.80000000000000004      -0.19840942076636131     
  0.60000000000000009       0.80000000000000004       0.41168280710639260     
  0.70000000000000007       0.80000000000000004       0.86453166201664755     
  0.80000000000000004       0.80000000000000004       0.98727097850730117     
  0.90000000000000002       0.80000000000000004       0.73266362415373920     
   1.0000000000000000       0.80000000000000004       0.19656169242405450     
  -1.0000000000000000       0.90000000000000002       0.14444700011239783     
 -0.90000000000000002       0.90000000000000002      -0.30548894622507006     
 -0.80000000000000004       0.90000000000000002      -0.64269934127199069     
 -0.69999999999999996       0.90000000000000002      -0.73258606905976198     
 -0.59999999999999998       0.90000000000000002      -0.54374289501135253     
 -0.49999999999999994       0.90000000000000002      -0.14723190971910349     
 -0.39999999999999991       0.90000000000000002       0.30551336667837159     
 -0.29999999999999993       0.90000000000000002       0.64157776250294651     
 -0.19999999999999993       0.90000000000000002       0.73257187115533773     
  -9.9999999999999978E-002  0.90000000000000002       0.54374959124520783     
   2.7755575615628914E-017  0.90000000000000002       0.14724101584231505     
  0.10000000000000009       0.90000000000000002      -0.30552206631504641     
  0.20000000000000009       0.90000000000000002      -0.64157193570552717     
  0.30000000000000016       0.90000000000000002      -0.73257257749718052     
  0.40000000000000013       0.90000000000000002      -0.54375366057808494     
  0.50000000000000011       0.90000000000000002      -0.14723211782404369     
  0.60000000000000009       0.90000000000000002       0.30552341245245745     
  0.70000000000000007       0.90000000000000002       0.64158344714362292     
  0.80000000000000004       0.90000000000000002       0.73266362415373698     
  0.90000000000000002       0.90000000000000002       0.54371112752958761     
   1.0000000000000000       0.90000000000000002       0.14586100287106404     
  -1.0000000000000000        1.0000000000000000        3.8740342152656634E-002
 -0.90000000000000002        1.0000000000000000       -8.1970451903447747E-002
 -0.80000000000000004        1.0000000000000000      -0.17243354723120122     
 -0.69999999999999996        1.0000000000000000      -0.19654092110664584     
 -0.59999999999999998        1.0000000000000000      -0.14586951150495894     
 -0.49999999999999994        1.0000000000000000       -3.9487221884277952E-002
 -0.39999999999999991        1.0000000000000000        8.1976968776183171E-002
 -0.29999999999999993        1.0000000000000000       0.17213272811221397     
 -0.19999999999999993        1.0000000000000000       0.19653711390775572     
  -9.9999999999999978E-002   1.0000000000000000       0.14587131787652255     
   2.7755575615628914E-017   1.0000000000000000        3.9489664668624545E-002
  0.10000000000000009        1.0000000000000000       -8.1979304430864028E-002
  0.20000000000000009        1.0000000000000000      -0.17213116343585927     
  0.30000000000000016        1.0000000000000000      -0.19653730502228420     
  0.40000000000000013        1.0000000000000000      -0.14587240908380755     
  0.50000000000000011        1.0000000000000000       -3.9487278125674104E-002
  0.60000000000000009        1.0000000000000000        8.1979658298423644E-002
  0.70000000000000007        1.0000000000000000       0.17213425076321995     
  0.80000000000000004        1.0000000000000000       0.19656169242405863     
  0.90000000000000002        1.0000000000000000       0.14586100287106291     
   1.0000000000000000        1.0000000000000000        3.9119567704006826E-002
