  -1.0000000000000000       -1.0000000000000000       0.22497605020347961     
 -0.90000000000000002       -1.0000000000000000       0.41297566211538800     
 -0.80000000000000004       -1.0000000000000000       0.44616739301782032     
 -0.69999999999999996       -1.0000000000000000       0.31265839944170526     
 -0.59999999999999998       -1.0000000000000000        5.6444654031382831E-002
 -0.49999999999999994       -1.0000000000000000      -0.21947319070724569     
 -0.39999999999999991       -1.0000000000000000      -0.41402205563263494     
 -0.29999999999999993       -1.0000000000000000      -0.44831326026854357     
 -0.19999999999999993       -1.0000000000000000      -0.31436100693560914     
  -9.9999999999999978E-002  -1.0000000000000000       -5.7496425306378447E-002
   2.7755575615628914E-017  -1.0000000000000000       0.22564851128628136     
  0.10000000000000009       -1.0000000000000000       0.42778661911616456     
  0.20000000000000009       -1.0000000000000000       0.46266965771457819     
  0.30000000000000016       -1.0000000000000000       0.32413644384451235     
  0.40000000000000013       -1.0000000000000000        5.7566357198925298E-002
  0.50000000000000011       -1.0000000000000000      -0.22758967905914937     
  0.60000000000000009       -1.0000000000000000      -0.43014741151704489     
  0.70000000000000007       -1.0000000000000000      -0.46483782261923334     
  0.80000000000000004       -1.0000000000000000      -0.32653645847792423     
  0.90000000000000002       -1.0000000000000000       -5.9950051330717402E-002
   1.0000000000000000       -1.0000000000000000       0.22154664399287227     
  -1.0000000000000000      -0.90000000000000002       0.41297566211538628     
 -0.90000000000000002      -0.90000000000000002       0.75742089710622718     
 -0.80000000000000004      -0.90000000000000002       0.81794536627550540     
 -0.69999999999999996      -0.90000000000000002       0.57286413422386329     
 -0.59999999999999998      -0.90000000000000002       0.10295612644088563     
 -0.49999999999999994      -0.90000000000000002      -0.40287824757257423     
 -0.39999999999999991      -0.90000000000000002      -0.75933698598977362     
 -0.29999999999999993      -0.90000000000000002      -0.82187957907257436     
 -0.19999999999999993      -0.90000000000000002      -0.57598202232293338     
  -9.9999999999999978E-002 -0.90000000000000002      -0.10487895297946506     
   2.7755575615628914E-017 -0.90000000000000002       0.41421990576799123     
  0.10000000000000009      -0.90000000000000002       0.78458490885030852     
  0.20000000000000009      -0.90000000000000002       0.84819874782909188     
  0.30000000000000016      -0.90000000000000002       0.59389481958859047     
  0.40000000000000013      -0.90000000000000002       0.10499124992432529     
  0.50000000000000011      -0.90000000000000002      -0.41777668380073091     
  0.60000000000000009      -0.90000000000000002      -0.78891351191665693     
  0.70000000000000007      -0.90000000000000002      -0.85217466898203242     
  0.80000000000000004      -0.90000000000000002      -0.59829588111889986     
  0.90000000000000002      -0.90000000000000002      -0.10936294484790825     
   1.0000000000000000      -0.90000000000000002       0.40668869215878928     
  -1.0000000000000000      -0.80000000000000004       0.44616739301779879     
 -0.90000000000000002      -0.80000000000000004       0.81794536627550674     
 -0.80000000000000004      -0.80000000000000004       0.88311791637886128     
 -0.69999999999999996      -0.80000000000000004       0.61833554814603298     
 -0.59999999999999998      -0.80000000000000004       0.11087922901640423     
 -0.49999999999999994      -0.80000000000000004      -0.43526050220745643     
 -0.39999999999999991      -0.80000000000000004      -0.82001292738211551     
 -0.29999999999999993      -0.80000000000000004      -0.88736573953040399     
 -0.19999999999999993      -0.80000000000000004      -0.62170001194997593     
  -9.9999999999999978E-002 -0.80000000000000004      -0.11295238925953573     
   2.7755575615628914E-017 -0.80000000000000004       0.44751691674641131     
  0.10000000000000009      -0.80000000000000004       0.84727994875698376     
  0.20000000000000009      -0.80000000000000004       0.91578198403542921     
  0.30000000000000016      -0.80000000000000004       0.64103565986882893     
  0.40000000000000013      -0.80000000000000004       0.11306509583864209     
  0.50000000000000011      -0.80000000000000004      -0.45135606952235569     
  0.60000000000000009      -0.80000000000000004      -0.85195378750029316     
  0.70000000000000007      -0.80000000000000004      -0.92007528466679434     
  0.80000000000000004      -0.80000000000000004      -0.64578802755349252     
  0.90000000000000002      -0.80000000000000004      -0.11778605400265857     
   1.0000000000000000      -0.80000000000000004       0.43937951874258679     
  -1.0000000000000000      -0.69999999999999996       0.31265839944170748     
 -0.90000000000000002      -0.69999999999999996       0.57286413422386395     
 -0.80000000000000004      -0.69999999999999996       0.61833554814603220     
 -0.69999999999999996      -0.69999999999999996       0.43278222332539712     
 -0.59999999999999998      -0.69999999999999996        7.7376488957062894E-002
 -0.49999999999999994      -0.69999999999999996      -0.30501714403735858     
 -0.39999999999999991      -0.69999999999999996      -0.57431068109975580     
 -0.29999999999999993      -0.69999999999999996      -0.62130988811207177     
 -0.19999999999999993      -0.69999999999999996      -0.43513622439644722     
  -9.9999999999999978E-002 -0.69999999999999996       -7.8825412768411554E-002
   2.7755575615628914E-017 -0.69999999999999996       0.31360895659432853     
  0.10000000000000009      -0.69999999999999996       0.59340912344100294     
  0.20000000000000009      -0.69999999999999996       0.64120618940330099     
  0.30000000000000016      -0.69999999999999996       0.44867046395637761     
  0.40000000000000013      -0.69999999999999996        7.8896461944849450E-002
  0.50000000000000011      -0.69999999999999996      -0.31629608586738639     
  0.60000000000000009      -0.69999999999999996      -0.59668193322376351     
  0.70000000000000007      -0.69999999999999996      -0.64421278217299294     
  0.80000000000000004      -0.69999999999999996      -0.45199853130877871     
  0.90000000000000002      -0.69999999999999996       -8.2202810750550082E-002
   1.0000000000000000      -0.69999999999999996       0.30790574009242366     
  -1.0000000000000000      -0.59999999999999998        5.6444654031395446E-002
 -0.90000000000000002      -0.59999999999999998       0.10295612644089060     
 -0.80000000000000004      -0.59999999999999998       0.11087922901642977     
 -0.69999999999999996      -0.59999999999999998        7.7376488957064421E-002
 -0.59999999999999998      -0.59999999999999998        1.3504205532244780E-002
 -0.49999999999999994      -0.59999999999999998       -5.5067908347266513E-002
 -0.39999999999999991      -0.59999999999999998      -0.10321393360265435     
 -0.29999999999999993      -0.59999999999999998      -0.11141276784958502     
 -0.19999999999999993      -0.59999999999999998       -7.7796154486984320E-002
  -9.9999999999999978E-002 -0.59999999999999998       -1.3760221907251645E-002
   2.7755575615628914E-017 -0.59999999999999998        5.6623232318307772E-002
  0.10000000000000009      -0.59999999999999998       0.10664841684564731     
  0.20000000000000009      -0.59999999999999998       0.11498055981330788     
  0.30000000000000016      -0.59999999999999998        8.0217261308428434E-002
  0.40000000000000013      -0.59999999999999998        1.3761664955031512E-002
  0.50000000000000011      -0.59999999999999998       -5.7103730985602230E-002
  0.60000000000000009      -0.59999999999999998      -0.10723574281954262     
  0.70000000000000007      -0.59999999999999998      -0.11552047210667089     
  0.80000000000000004      -0.59999999999999998       -8.0814889162912795E-002
  0.90000000000000002      -0.59999999999999998       -1.4355791211870533E-002
   1.0000000000000000      -0.59999999999999998        5.5592453762972976E-002
  -1.0000000000000000      -0.49999999999999994      -0.21947319070724350     
 -0.90000000000000002      -0.49999999999999994      -0.40287824757257551     
 -0.80000000000000004      -0.49999999999999994      -0.43526050220745355     
 -0.69999999999999996      -0.49999999999999994      -0.30501714403735947     
 -0.59999999999999998      -0.49999999999999994       -5.5067908347266270E-002
 -0.49999999999999994      -0.49999999999999994       0.21410490695320916     
 -0.39999999999999991      -0.49999999999999994       0.40389907441822992     
 -0.29999999999999993      -0.49999999999999994       0.43735391061676060     
 -0.19999999999999993      -0.49999999999999994       0.30667815043182706     
  -9.9999999999999978E-002 -0.49999999999999994        5.6093999982702300E-002
   2.7755575615628914E-017 -0.49999999999999994      -0.22012914539186068     
  0.10000000000000009      -0.49999999999999994      -0.41732707169807792     
  0.20000000000000009      -0.49999999999999994      -0.45135935526125120     
  0.30000000000000016      -0.49999999999999994      -0.31621466814988108     
  0.40000000000000013      -0.49999999999999994       -5.6162316300086952E-002
  0.50000000000000011      -0.49999999999999994       0.22202287115037636     
  0.60000000000000009      -0.49999999999999994       0.41963014904922658     
  0.70000000000000007      -0.49999999999999994       0.45347451134953976     
  0.80000000000000004      -0.49999999999999994       0.31855600563885200     
  0.90000000000000002      -0.49999999999999994        5.8487728985943795E-002
   1.0000000000000000      -0.49999999999999994      -0.21612761852649631     
  -1.0000000000000000      -0.39999999999999991      -0.41402205563259364     
 -0.90000000000000002      -0.39999999999999991      -0.75933698598976318     
 -0.80000000000000004      -0.39999999999999991      -0.82001292738209008     
 -0.69999999999999996      -0.39999999999999991      -0.57431068109975414     
 -0.59999999999999998      -0.39999999999999991      -0.10321393360263352     
 -0.49999999999999994      -0.39999999999999991       0.40389907441822853     
 -0.39999999999999991      -0.39999999999999991       0.76125790784219560     
 -0.29999999999999993      -0.39999999999999991       0.82395708610747087     
 -0.19999999999999993      -0.39999999999999991       0.57743643430668457     
  -9.9999999999999978E-002 -0.39999999999999991       0.10514159545316795     
   2.7755575615628914E-017 -0.39999999999999991      -0.41526949786093054     
  0.10000000000000009      -0.39999999999999991      -0.78656971542878984     
  0.20000000000000009      -0.39999999999999991      -0.85034278320108081     
  0.30000000000000016      -0.39999999999999991      -0.59539447222621666     
  0.40000000000000013      -0.39999999999999991      -0.10525410198635748     
  0.50000000000000011      -0.39999999999999991       0.41883525763758184     
  0.60000000000000009      -0.39999999999999991       0.79090926307687581     
  0.70000000000000007      -0.39999999999999991       0.85432875956045429     
  0.80000000000000004      -0.39999999999999991       0.59980666409693029     
  0.90000000000000002      -0.39999999999999991       0.10963685560249853     
   1.0000000000000000      -0.39999999999999991      -0.40771919403964779     
  -1.0000000000000000      -0.29999999999999993      -0.44831326026853574     
 -0.90000000000000002      -0.29999999999999993      -0.82187957907257447     
 -0.80000000000000004      -0.29999999999999993      -0.88736573953039766     
 -0.69999999999999996      -0.29999999999999993      -0.62130988811207144     
 -0.59999999999999998      -0.29999999999999993      -0.11141276784957903     
 -0.49999999999999994      -0.29999999999999993       0.43735391061675943     
 -0.39999999999999991      -0.29999999999999993       0.82395708610747387     
 -0.29999999999999993      -0.29999999999999993       0.89163399475476313     
 -0.19999999999999993      -0.29999999999999993       0.62469053644616601     
  -9.9999999999999978E-002 -0.29999999999999993       0.11349590205199175     
   2.7755575615628914E-017 -0.29999999999999993      -0.44966927069052720     
  0.10000000000000009      -0.29999999999999993      -0.85135525721503713     
  0.20000000000000009      -0.29999999999999993      -0.92018692223079868     
  0.30000000000000016      -0.29999999999999993      -0.64411919264587481     
  0.40000000000000013      -0.29999999999999993      -0.11360915712852748     
  0.50000000000000011      -0.29999999999999993       0.45352689067206925     
  0.60000000000000009      -0.29999999999999993       0.85605157700926160     
  0.70000000000000007      -0.29999999999999993       0.92450087331175290     
  0.80000000000000004      -0.29999999999999993       0.64889441890910649     
  0.90000000000000002      -0.29999999999999993       0.11835282256898841     
   1.0000000000000000      -0.29999999999999993      -0.44149273606788375     
  -1.0000000000000000      -0.19999999999999993      -0.31436100693560781     
 -0.90000000000000002      -0.19999999999999993      -0.57598202232293072     
 -0.80000000000000004      -0.19999999999999993      -0.62170001194998048     
 -0.69999999999999996      -0.19999999999999993      -0.43513622439644517     
 -0.59999999999999998      -0.19999999999999993       -7.7796154486993896E-002
 -0.49999999999999994      -0.19999999999999993       0.30667815043182600     
 -0.39999999999999991      -0.19999999999999993       0.57743643430668912     
 -0.29999999999999993      -0.19999999999999993       0.62469053644616757     
 -0.19999999999999993      -0.19999999999999993       0.43750302502671712     
  -9.9999999999999978E-002 -0.19999999999999993        7.9252948283023136E-002
   2.7755575615628914E-017 -0.19999999999999993      -0.31531676586109136     
  0.10000000000000009      -0.19999999999999993      -0.59663883000344553     
  0.20000000000000009      -0.19999999999999993      -0.64469509676726022     
  0.30000000000000016      -0.19999999999999993      -0.45111088528954979     
  0.40000000000000013      -0.19999999999999993       -7.9324342831500583E-002
  0.50000000000000011      -0.19999999999999993       0.31801851129860570     
  0.60000000000000009      -0.19999999999999993       0.59992944931421066     
  0.70000000000000007      -0.19999999999999993       0.64771805172160790     
  0.80000000000000004      -0.19999999999999993       0.45445706426555055     
  0.90000000000000002      -0.19999999999999993        8.2648686520109607E-002
   1.0000000000000000      -0.19999999999999993      -0.30958248775111352     
  -1.0000000000000000       -9.9999999999999978E-002  -5.7496425306381535E-002
 -0.90000000000000002       -9.9999999999999978E-002 -0.10487895297946681     
 -0.80000000000000004       -9.9999999999999978E-002 -0.11295238925953617     
 -0.69999999999999996       -9.9999999999999978E-002  -7.8825412768413650E-002
 -0.59999999999999998       -9.9999999999999978E-002  -1.3760221907254077E-002
 -0.49999999999999994       -9.9999999999999978E-002   5.6093999982701398E-002
 -0.39999999999999991       -9.9999999999999978E-002  0.10514159545316340     
 -0.29999999999999993       -9.9999999999999978E-002  0.11349590205199425     
 -0.19999999999999993       -9.9999999999999978E-002   7.9252948283023705E-002
  -9.9999999999999978E-002  -9.9999999999999978E-002   1.4021061948803818E-002
   2.7755575615628914E-017  -9.9999999999999978E-002  -5.7678265570248279E-002
  0.10000000000000009       -9.9999999999999978E-002 -0.10864020202009195     
  0.20000000000000009       -9.9999999999999978E-002 -0.11713040255248797     
  0.30000000000000016       -9.9999999999999978E-002  -8.1719379125645211E-002
  0.40000000000000013       -9.9999999999999978E-002  -1.4022638773642805E-002
  0.50000000000000011       -9.9999999999999978E-002   5.8167761125713084E-002
  0.60000000000000009       -9.9999999999999978E-002  0.10923850523500385     
  0.70000000000000007       -9.9999999999999978E-002  0.11768040261841312     
  0.80000000000000004       -9.9999999999999978E-002   8.2328172991135193E-002
  0.90000000000000002       -9.9999999999999978E-002   1.4627861854033824E-002
   1.0000000000000000       -9.9999999999999978E-002  -5.6628290823821995E-002
  -1.0000000000000000        2.7755575615628914E-017  0.22564851128625260     
 -0.90000000000000002        2.7755575615628914E-017  0.41421990576798928     
 -0.80000000000000004        2.7755575615628914E-017  0.44751691674638872     
 -0.69999999999999996        2.7755575615628914E-017  0.31360895659432697     
 -0.59999999999999998        2.7755575615628914E-017   5.6623232318287003E-002
 -0.49999999999999994        2.7755575615628914E-017 -0.22012914539186434     
 -0.39999999999999991        2.7755575615628914E-017 -0.41526949786092782     
 -0.29999999999999993        2.7755575615628914E-017 -0.44966927069052443     
 -0.19999999999999993        2.7755575615628914E-017 -0.31531676586109147     
  -9.9999999999999978E-002   2.7755575615628914E-017  -5.7678265570252407E-002
   2.7755575615628914E-017   2.7755575615628914E-017  0.22632283441897863     
  0.10000000000000009        2.7755575615628914E-017  0.42907548821038638     
  0.20000000000000009        2.7755575615628914E-017  0.46406909175621464     
  0.30000000000000016        2.7755575615628914E-017  0.32512189413537362     
  0.40000000000000013        2.7755575615628914E-017   5.7748647988365071E-002
  0.50000000000000011        2.7755575615628914E-017 -0.22826990229359098     
  0.60000000000000009        2.7755575615628914E-017 -0.43144341179447726     
  0.70000000000000007        2.7755575615628914E-017 -0.46624379837729729     
  0.80000000000000004        2.7755575615628914E-017 -0.32752915023539558     
  0.90000000000000002        2.7755575615628914E-017  -6.0139525908645727E-002
   1.0000000000000000        2.7755575615628914E-017  0.22220873130961530     
  -1.0000000000000000       0.10000000000000009       0.42778661911616306     
 -0.90000000000000002       0.10000000000000009       0.78458490885030840     
 -0.80000000000000004       0.10000000000000009       0.84727994875698165     
 -0.69999999999999996       0.10000000000000009       0.59340912344100194     
 -0.59999999999999998       0.10000000000000009       0.10664841684564974     
 -0.49999999999999994       0.10000000000000009      -0.41732707169807581     
 -0.39999999999999991       0.10000000000000009      -0.78656971542879339     
 -0.29999999999999993       0.10000000000000009      -0.85135525721503602     
 -0.19999999999999993       0.10000000000000009      -0.59663883000344797     
  -9.9999999999999978E-002  0.10000000000000009      -0.10864020202009228     
   2.7755575615628914E-017  0.10000000000000009       0.42907548821038605     
  0.10000000000000009       0.10000000000000009       0.81272312598640262     
  0.20000000000000009       0.10000000000000009       0.87861832988414146     
  0.30000000000000016       0.10000000000000009       0.61519404562461710     
  0.40000000000000013       0.10000000000000009       0.10875652331283821     
  0.50000000000000011       0.10000000000000009      -0.43275982525437312     
  0.60000000000000009       0.10000000000000009      -0.81720696908372004     
  0.70000000000000007       0.10000000000000009      -0.88273684264920849     
  0.80000000000000004       0.10000000000000009      -0.61975294593842412     
  0.90000000000000002       0.10000000000000009      -0.11328500392948210     
   1.0000000000000000       0.10000000000000009       0.42127417487762581     
  -1.0000000000000000       0.20000000000000009       0.46266965771455271     
 -0.90000000000000002       0.20000000000000009       0.84819874782908777     
 -0.80000000000000004       0.20000000000000009       0.91578198403541111     
 -0.69999999999999996       0.20000000000000009       0.64120618940330243     
 -0.59999999999999998       0.20000000000000009       0.11498055981331522     
 -0.49999999999999994       0.20000000000000009      -0.45135935526125232     
 -0.39999999999999991       0.20000000000000009      -0.85034278320106893     
 -0.29999999999999993       0.20000000000000009      -0.92018692223079990     
 -0.19999999999999993       0.20000000000000009      -0.64469509676725567     
  -9.9999999999999978E-002  0.20000000000000009      -0.11713040255249089     
   2.7755575615628914E-017  0.20000000000000009       0.46406909175620265     
  0.10000000000000009       0.20000000000000009       0.87861832988414079     
  0.20000000000000009       0.20000000000000009       0.94965420433308412     
  0.30000000000000016       0.20000000000000009       0.66474591977098452     
  0.40000000000000013       0.20000000000000009       0.11724728456366182     
  0.50000000000000011       0.20000000000000009      -0.46805024489269842     
  0.60000000000000009       0.20000000000000009      -0.88346504061756670     
  0.70000000000000007       0.20000000000000009      -0.95410630169518906     
  0.80000000000000004       0.20000000000000009      -0.66967406380628447     
  0.90000000000000002       0.20000000000000009      -0.12214285709403740     
   1.0000000000000000       0.20000000000000009       0.45563071885060857     
  -1.0000000000000000       0.30000000000000016       0.32413644384450896     
 -0.90000000000000002       0.30000000000000016       0.59389481958859036     
 -0.80000000000000004       0.30000000000000016       0.64103565986882804     
 -0.69999999999999996       0.30000000000000016       0.44867046395637733     
 -0.59999999999999998       0.30000000000000016        8.0217261308428961E-002
 -0.49999999999999994       0.30000000000000016      -0.31621466814988014     
 -0.39999999999999991       0.30000000000000016      -0.59539447222621600     
 -0.29999999999999993       0.30000000000000016      -0.64411919264587481     
 -0.19999999999999993       0.30000000000000016      -0.45111088528955084     
  -9.9999999999999978E-002  0.30000000000000016       -8.1719379125643227E-002
   2.7755575615628914E-017  0.30000000000000016       0.32512189413537573     
  0.10000000000000009       0.30000000000000016       0.61519404562461821     
  0.20000000000000009       0.30000000000000016       0.66474591977098274     
  0.30000000000000016       0.30000000000000016       0.46514199140837548     
  0.40000000000000013       0.30000000000000016        8.1793041305782743E-002
  0.50000000000000011       0.30000000000000016      -0.32790767288812711     
  0.60000000000000009       0.30000000000000016      -0.61858700543322787     
  0.70000000000000007       0.30000000000000016      -0.66786288917779346     
  0.80000000000000004       0.30000000000000016      -0.46859223721007670     
  0.90000000000000002       0.30000000000000016       -8.5220771074689672E-002
   1.0000000000000000       0.30000000000000016       0.31920930657335267     
  -1.0000000000000000       0.40000000000000013        5.7566357198946018E-002
 -0.90000000000000002       0.40000000000000013       0.10499124992432990     
 -0.80000000000000004       0.40000000000000013       0.11306509583866757     
 -0.69999999999999996       0.40000000000000013        7.8896461944851920E-002
 -0.59999999999999998       0.40000000000000013        1.3761664955048996E-002
 -0.49999999999999994       0.40000000000000013       -5.6162316300086397E-002
 -0.39999999999999991       0.40000000000000013      -0.10525410198635970     
 -0.29999999999999993       0.40000000000000013      -0.11360915712853345     
 -0.19999999999999993       0.40000000000000013       -7.9324342831498376E-002
  -9.9999999999999978E-002  0.40000000000000013       -1.4022638773642760E-002
   2.7755575615628914E-017  0.40000000000000013        5.7748647988365279E-002
  0.10000000000000009       0.40000000000000013       0.10875652331283864     
  0.20000000000000009       0.40000000000000013       0.11724728456365435     
  0.30000000000000016       0.40000000000000013        8.1793041305783826E-002
  0.40000000000000013       0.40000000000000013        1.4023843220868696E-002
  0.50000000000000011       0.40000000000000013       -5.8238587160243313E-002
  0.60000000000000009       0.40000000000000013      -0.10935543841686263     
  0.70000000000000007       0.40000000000000013      -0.11779785896835511     
  0.80000000000000004       0.40000000000000013       -8.2402470636536010E-002
  0.90000000000000002       0.40000000000000013       -1.4629711211729901E-002
   1.0000000000000000       0.40000000000000013        5.6697357722389492E-002
  -1.0000000000000000       0.50000000000000011      -0.22758967905914557     
 -0.90000000000000002       0.50000000000000011      -0.41777668380072969     
 -0.80000000000000004       0.50000000000000011      -0.45135606952235569     
 -0.69999999999999996       0.50000000000000011      -0.31629608586738489     
 -0.59999999999999998       0.50000000000000011       -5.7103730985601411E-002
 -0.49999999999999994       0.50000000000000011       0.22202287115037558     
 -0.39999999999999991       0.50000000000000011       0.41883525763758422     
 -0.29999999999999993       0.50000000000000011       0.45352689067206592     
 -0.19999999999999993       0.50000000000000011       0.31801851129860820     
  -9.9999999999999978E-002  0.50000000000000011        5.8167761125712911E-002
   2.7755575615628914E-017  0.50000000000000011      -0.22826990229358998     
  0.10000000000000009       0.50000000000000011      -0.43275982525437207     
  0.20000000000000009       0.50000000000000011      -0.46805024489269986     
  0.30000000000000016       0.50000000000000011      -0.32790767288812528     
  0.40000000000000013       0.50000000000000011       -5.8238587160242286E-002
  0.50000000000000011       0.50000000000000011       0.23023365445092517     
  0.60000000000000009       0.50000000000000011       0.43514806912676962     
  0.70000000000000007       0.50000000000000011       0.47024361881665439     
  0.80000000000000004       0.50000000000000011       0.33033559229108955     
  0.90000000000000002       0.50000000000000011        6.0649993450144962E-002
   1.0000000000000000       0.50000000000000011      -0.22412039050650134     
  -1.0000000000000000       0.60000000000000009      -0.43014741151700414     
 -0.90000000000000002       0.60000000000000009      -0.78891351191665049     
 -0.80000000000000004       0.60000000000000009      -0.85195378750025552     
 -0.69999999999999996       0.60000000000000009      -0.59668193322376351     
 -0.59999999999999998       0.60000000000000009      -0.10723574281953321     
 -0.49999999999999994       0.60000000000000009       0.41963014904922696     
 -0.39999999999999991       0.60000000000000009       0.79090926307686160     
 -0.29999999999999993       0.60000000000000009       0.85605157700925916     
 -0.19999999999999993       0.60000000000000009       0.59992944931420067     
  -9.9999999999999978E-002  0.60000000000000009       0.10923850523500683     
   2.7755575615628914E-017  0.60000000000000009      -0.43144341179446727     
  0.10000000000000009       0.60000000000000009      -0.81720696908371937     
  0.20000000000000009       0.60000000000000009      -0.88346504061756392     
  0.30000000000000016       0.60000000000000009      -0.61858700543322676     
  0.40000000000000013       0.60000000000000009      -0.10935543841686492     
  0.50000000000000011       0.60000000000000009       0.43514806912676773     
  0.60000000000000009       0.60000000000000009       0.82171554752723752     
  0.70000000000000007       0.60000000000000009       0.88760627431656114     
  0.80000000000000004       0.60000000000000009       0.62317105616528412     
  0.90000000000000002       0.60000000000000009       0.11390890268346825     
   1.0000000000000000       0.60000000000000009      -0.42359904288198175     
  -1.0000000000000000       0.70000000000000007      -0.46483782261922935     
 -0.90000000000000002       0.70000000000000007      -0.85217466898202998     
 -0.80000000000000004       0.70000000000000007      -0.92007528466679411     
 -0.69999999999999996       0.70000000000000007      -0.64421278217299227     
 -0.59999999999999998       0.70000000000000007      -0.11552047210667027     
 -0.49999999999999994       0.70000000000000007       0.45347451134953637     
 -0.39999999999999991       0.70000000000000007       0.85432875956045984     
 -0.29999999999999993       0.70000000000000007       0.92450087331174757     
 -0.19999999999999993       0.70000000000000007       0.64771805172160890     
  -9.9999999999999978E-002  0.70000000000000007       0.11768040261841130     
   2.7755575615628914E-017  0.70000000000000007      -0.46624379837730151     
  0.10000000000000009       0.70000000000000007      -0.88273684264920482     
  0.20000000000000009       0.70000000000000007      -0.95410630169518929     
  0.30000000000000016       0.70000000000000007      -0.66786288917779102     
  0.40000000000000013       0.70000000000000007      -0.11779785896835231     
  0.50000000000000011       0.70000000000000007       0.47024361881665511     
  0.60000000000000009       0.70000000000000007       0.88760627431656502     
  0.70000000000000007       0.70000000000000007       0.95857926925812675     
  0.80000000000000004       0.70000000000000007       0.67281413497360887     
  0.90000000000000002       0.70000000000000007       0.12271637964207308     
   1.0000000000000000       0.70000000000000007      -0.45776588426277404     
  -1.0000000000000000       0.80000000000000004      -0.32653645847792340     
 -0.90000000000000002       0.80000000000000004      -0.59829588111889820     
 -0.80000000000000004       0.80000000000000004      -0.64578802755349074     
 -0.69999999999999996       0.80000000000000004      -0.45199853130878243     
 -0.59999999999999998       0.80000000000000004       -8.0814889162917111E-002
 -0.49999999999999994       0.80000000000000004       0.31855600563885184     
 -0.39999999999999991       0.80000000000000004       0.59980666409692451     
 -0.29999999999999993       0.80000000000000004       0.64889441890911059     
 -0.19999999999999993       0.80000000000000004       0.45445706426553484     
  -9.9999999999999978E-002  0.80000000000000004        8.2328172991136331E-002
   2.7755575615628914E-017  0.80000000000000004      -0.32752915023539270     
  0.10000000000000009       0.80000000000000004      -0.61975294593842256     
  0.20000000000000009       0.80000000000000004      -0.66967406380627403     
  0.30000000000000016       0.80000000000000004      -0.46859223721007792     
  0.40000000000000013       0.80000000000000004       -8.2402470636531638E-002
  0.50000000000000011       0.80000000000000004       0.33033559229108839     
  0.60000000000000009       0.80000000000000004       0.62317105616528234     
  0.70000000000000007       0.80000000000000004       0.67281413497361087     
  0.80000000000000004       0.80000000000000004       0.47206805503531962     
  0.90000000000000002       0.80000000000000004        8.5855602396611400E-002
   1.0000000000000000       0.80000000000000004      -0.32157279314109927     
  -1.0000000000000000       0.90000000000000002       -5.9950051330719116E-002
 -0.90000000000000002       0.90000000000000002      -0.10936294484790911     
 -0.80000000000000004       0.90000000000000002      -0.11778605400265646     
 -0.69999999999999996       0.90000000000000002       -8.2202810750551303E-002
 -0.59999999999999998       0.90000000000000002       -1.4355791211872778E-002
 -0.49999999999999994       0.90000000000000002        5.8487728985942636E-002
 -0.39999999999999991       0.90000000000000002       0.10963685560249338     
 -0.29999999999999993       0.90000000000000002       0.11835282256899037     
 -0.19999999999999993       0.90000000000000002        8.2648686520110898E-002
  -9.9999999999999978E-002  0.90000000000000002        1.4627861854033366E-002
   2.7755575615628914E-017  0.90000000000000002       -6.0139525908644353E-002
  0.10000000000000009       0.90000000000000002      -0.11328500392948186     
  0.20000000000000009       0.90000000000000002      -0.12214285709403172     
  0.30000000000000016       0.90000000000000002       -8.5220771074690074E-002
  0.40000000000000013       0.90000000000000002       -1.4629711211729230E-002
  0.50000000000000011       0.90000000000000002        6.0649993450145566E-002
  0.60000000000000009       0.90000000000000002       0.11390890268346339     
  0.70000000000000007       0.90000000000000002       0.12271637964207291     
  0.80000000000000004       0.90000000000000002        8.5855602396609040E-002
  0.90000000000000002       0.90000000000000002        1.5260811810579341E-002
   1.0000000000000000       0.90000000000000002       -5.9044765164690531E-002
  -1.0000000000000000        1.0000000000000000       0.22154664399282559     
 -0.90000000000000002        1.0000000000000000       0.40668869215878561     
 -0.80000000000000004        1.0000000000000000       0.43937951874256143     
 -0.69999999999999996        1.0000000000000000       0.30790574009242161     
 -0.59999999999999998        1.0000000000000000        5.5592453762943479E-002
 -0.49999999999999994        1.0000000000000000      -0.21612761852649795     
 -0.39999999999999991        1.0000000000000000      -0.40771919403965257     
 -0.29999999999999993        1.0000000000000000      -0.44149273606788103     
 -0.19999999999999993        1.0000000000000000      -0.30958248775111336     
  -9.9999999999999978E-002   1.0000000000000000       -5.6628290823825624E-002
   2.7755575615628914E-017   1.0000000000000000       0.22220873130962052     
  0.10000000000000009        1.0000000000000000       0.42127417487762536     
  0.20000000000000009        1.0000000000000000       0.45563071885061912     
  0.30000000000000016        1.0000000000000000       0.31920930657335272     
  0.40000000000000013        1.0000000000000000        5.6697357722383566E-002
  0.50000000000000011        1.0000000000000000      -0.22412039050650037     
  0.60000000000000009        1.0000000000000000      -0.42359904288199729     
  0.70000000000000007        1.0000000000000000      -0.45776588426277171     
  0.80000000000000004        1.0000000000000000      -0.32157279314109927     
  0.90000000000000002        1.0000000000000000       -5.9044765164692453E-002
   1.0000000000000000        1.0000000000000000       0.21816941118090732     
