  -1.0000000000000000       -1.0000000000000000       0.96984944575617715     
 -0.90000000000000002       -1.0000000000000000       0.76186424256440555     
 -0.80000000000000004       -1.0000000000000000       0.27580823852413472     
 -0.69999999999999996       -1.0000000000000000      -0.31555005360286020     
 -0.59999999999999998       -1.0000000000000000      -0.80466606755629311     
 -0.49999999999999994       -1.0000000000000000      -0.98393991974740835     
 -0.39999999999999991       -1.0000000000000000      -0.79083380183947871     
 -0.29999999999999993       -1.0000000000000000      -0.29240788103898879     
 -0.19999999999999993       -1.0000000000000000       0.31266744004525460     
  -9.9999999999999978E-002  -1.0000000000000000       0.80308248070061150     
   2.7755575615628914E-017  -1.0000000000000000       0.98024068028768707     
  0.10000000000000009       -1.0000000000000000       0.78862150646690765     
  0.20000000000000009       -1.0000000000000000       0.28860342949385315     
  0.30000000000000016       -1.0000000000000000      -0.31580028573503727     
  0.40000000000000013       -1.0000000000000000      -0.80716443968661633     
  0.50000000000000011       -1.0000000000000000      -0.98390431590033678     
  0.60000000000000009       -1.0000000000000000      -0.79335862305005889     
  0.70000000000000007       -1.0000000000000000      -0.29238583030546927     
  0.80000000000000004       -1.0000000000000000       0.31026124227737123     
  0.90000000000000002       -1.0000000000000000       0.80226258847380372     
   1.0000000000000000       -1.0000000000000000       0.96306868606420859     
  -1.0000000000000000      -0.90000000000000002       0.76186424256440188     
 -0.90000000000000002      -0.90000000000000002       0.59844035373046178     
 -0.80000000000000004      -0.90000000000000002       0.21659429120984214     
 -0.69999999999999996      -0.90000000000000002      -0.24795008312220554     
 -0.59999999999999998      -0.90000000000000002      -0.63214755923286126     
 -0.49999999999999994      -0.90000000000000002      -0.77293332449782270     
 -0.39999999999999991      -0.90000000000000002      -0.62119548651022238     
 -0.29999999999999993      -0.90000000000000002      -0.22963107077235567     
 -0.19999999999999993      -0.90000000000000002       0.24568556310056924     
  -9.9999999999999978E-002 -0.90000000000000002       0.63090398640628276     
   2.7755575615628914E-017 -0.90000000000000002       0.77002751057138219     
  0.10000000000000009      -0.90000000000000002       0.61945792509310782     
  0.20000000000000009      -0.90000000000000002       0.22664245817973463     
  0.30000000000000016      -0.90000000000000002      -0.24814648740893500     
  0.40000000000000013      -0.90000000000000002      -0.63411042693283559     
  0.50000000000000011      -0.90000000000000002      -0.77290533570280340     
  0.60000000000000009      -0.90000000000000002      -0.62317888310344594     
  0.70000000000000007      -0.90000000000000002      -0.22961371528517682     
  0.80000000000000004      -0.90000000000000002       0.24379559641132401     
  0.90000000000000002      -0.90000000000000002       0.63025988094911523     
   1.0000000000000000      -0.90000000000000002       0.75653820146008166     
  -1.0000000000000000      -0.80000000000000004       0.27580823852412317     
 -0.90000000000000002      -0.80000000000000004       0.21659429120984530     
 -0.80000000000000004      -0.80000000000000004        7.8327745090772297E-002
 -0.69999999999999996      -0.80000000000000004       -8.9849815411446862E-002
 -0.59999999999999998      -0.80000000000000004      -0.22890218114774991     
 -0.49999999999999994      -0.80000000000000004      -0.27981584597762360     
 -0.39999999999999991      -0.80000000000000004      -0.22482970646453623     
 -0.29999999999999993      -0.80000000000000004       -8.3043474385393876E-002
 -0.19999999999999993      -0.80000000000000004        8.9029912076999840E-002
  -9.9999999999999978E-002 -0.80000000000000004       0.22845250094913763     
   2.7755575615628914E-017 -0.80000000000000004       0.27876404000972876     
  0.10000000000000009      -0.80000000000000004       0.22420105975060273     
  0.20000000000000009      -0.80000000000000004        8.1961507201699910E-002
  0.30000000000000016      -0.80000000000000004       -8.9920710693567232E-002
  0.40000000000000013      -0.80000000000000004      -0.22961311608514173     
  0.50000000000000011      -0.80000000000000004      -0.27980568827430502     
  0.60000000000000009      -0.80000000000000004      -0.22554776322344122     
  0.70000000000000007      -0.80000000000000004       -8.3037149471783103E-002
  0.80000000000000004      -0.80000000000000004        8.8345985223585721E-002
  0.90000000000000002      -0.80000000000000004       0.22821927354900806     
   1.0000000000000000      -0.80000000000000004       0.27388083991031975     
  -1.0000000000000000      -0.69999999999999996      -0.31555005360285693     
 -0.90000000000000002      -0.69999999999999996      -0.24795008312220448     
 -0.80000000000000004      -0.69999999999999996       -8.9849815411449194E-002
 -0.69999999999999996      -0.69999999999999996       0.10254853452677654     
 -0.59999999999999998      -0.69999999999999996       0.26173319980188797     
 -0.49999999999999994      -0.69999999999999996       0.32013397777893610     
 -0.39999999999999991      -0.69999999999999996       0.25737879282385745     
 -0.29999999999999993      -0.69999999999999996        9.5255847742223204E-002
 -0.19999999999999993      -0.69999999999999996      -0.10161079346556658     
  -9.9999999999999978E-002 -0.69999999999999996      -0.26121726539470830     
   2.7755575615628914E-017 -0.69999999999999996      -0.31893019064903771     
  0.10000000000000009      -0.69999999999999996      -0.25665848375327310     
  0.20000000000000009      -0.69999999999999996       -9.4018082142556789E-002
  0.30000000000000016      -0.69999999999999996       0.10263023027015553     
  0.40000000000000013      -0.69999999999999996       0.26254560517255959     
  0.50000000000000011      -0.69999999999999996       0.32012242801243979     
  0.60000000000000009      -0.69999999999999996       0.25820022437130774     
  0.70000000000000007      -0.69999999999999996        9.5248730208800717E-002
  0.80000000000000004      -0.69999999999999996      -0.10082754120272264     
  0.90000000000000002      -0.69999999999999996      -0.26095057313408948     
   1.0000000000000000      -0.69999999999999996      -0.31334288725811005     
  -1.0000000000000000      -0.59999999999999998      -0.80466606755627201     
 -0.90000000000000002      -0.59999999999999998      -0.63214755923285693     
 -0.80000000000000004      -0.59999999999999998      -0.22890218114773744     
 -0.69999999999999996      -0.59999999999999998       0.26173319980189297     
 -0.59999999999999998      -0.59999999999999998       0.66757184633652511     
 -0.49999999999999994      -0.59999999999999998       0.81635633483025571     
 -0.39999999999999991      -0.59999999999999998       0.65618501313567146     
 -0.29999999999999993      -0.59999999999999998       0.24267776898982790     
 -0.19999999999999993      -0.59999999999999998      -0.25934163815305994     
  -9.9999999999999978E-002 -0.59999999999999998      -0.66625754530254888     
   2.7755575615628914E-017 -0.59999999999999998      -0.81328702001320408     
  0.10000000000000009      -0.59999999999999998      -0.65434919578686968     
  0.20000000000000009      -0.59999999999999998      -0.23952131694395254     
  0.30000000000000016      -0.59999999999999998       0.26194098456332437     
  0.40000000000000013      -0.59999999999999998       0.66964441447302159     
  0.50000000000000011      -0.59999999999999998       0.81632681600245682     
  0.60000000000000009      -0.59999999999999998       0.65827978348667127     
  0.70000000000000007      -0.59999999999999998       0.24265950878197165     
  0.80000000000000004      -0.59999999999999998      -0.25734503239762013     
  0.90000000000000002      -0.59999999999999998      -0.66557733747751024     
   1.0000000000000000      -0.59999999999999998      -0.79903959671853697     
  -1.0000000000000000      -0.49999999999999994      -0.98393991974741113     
 -0.90000000000000002      -0.49999999999999994      -0.77293332449782315     
 -0.80000000000000004      -0.49999999999999994      -0.27981584597762044     
 -0.69999999999999996      -0.49999999999999994       0.32013397777893560     
 -0.59999999999999998      -0.49999999999999994       0.81635633483025261     
 -0.49999999999999994      -0.49999999999999994       0.99823510488439537     
 -0.39999999999999991      -0.49999999999999994       0.80232378324278975     
 -0.29999999999999993      -0.49999999999999994       0.29665668066381334     
 -0.19999999999999993      -0.49999999999999994      -0.31720948479990613     
  -9.9999999999999978E-002 -0.49999999999999994      -0.81474973756555402     
   2.7755575615628914E-017 -0.49999999999999994      -0.99448212002973391     
  0.10000000000000009      -0.49999999999999994      -0.80007934409017734     
  0.20000000000000009      -0.49999999999999994      -0.29279695631029146     
  0.30000000000000016      -0.49999999999999994       0.32038784670769327     
  0.40000000000000013      -0.49999999999999994       0.81889100245000546     
  0.50000000000000011      -0.49999999999999994       0.99819898392321005     
  0.60000000000000009      -0.49999999999999994       0.80488528614595967     
  0.70000000000000007      -0.49999999999999994       0.29663430982908184     
  0.80000000000000004      -0.49999999999999994      -0.31476832681053279     
  0.90000000000000002      -0.49999999999999994      -0.81391793383205058     
   1.0000000000000000      -0.49999999999999994      -0.97706064113545865     
  -1.0000000000000000      -0.39999999999999991      -0.79083380183946539     
 -0.90000000000000002      -0.39999999999999991      -0.62119548651021717     
 -0.80000000000000004      -0.39999999999999991      -0.22482970646452574     
 -0.69999999999999996      -0.39999999999999991       0.25737879282385639     
 -0.59999999999999998      -0.39999999999999991       0.65618501313566668     
 -0.49999999999999994      -0.39999999999999991       0.80232378324278908     
 -0.39999999999999991      -0.39999999999999991       0.64481585970320410     
 -0.29999999999999993      -0.39999999999999991       0.23836218158969397     
 -0.19999999999999993      -0.39999999999999991      -0.25502816478982776     
  -9.9999999999999978E-002 -0.39999999999999991      -0.65489415699991249     
   2.7755575615628914E-017 -0.39999999999999991      -0.79930747791143086     
  0.10000000000000009      -0.39999999999999991      -0.64301223044202849     
  0.20000000000000009      -0.39999999999999991      -0.23525992806604498     
  0.30000000000000016      -0.39999999999999991       0.25758266407207475     
  0.40000000000000013      -0.39999999999999991       0.65822252004412873     
  0.50000000000000011      -0.39999999999999991       0.80229473002987206     
  0.60000000000000009      -0.39999999999999991       0.64687467423944078     
  0.70000000000000007      -0.39999999999999991       0.23834416592022847     
  0.80000000000000004      -0.39999999999999991      -0.25306633449095273     
  0.90000000000000002      -0.39999999999999991      -0.65422555940728411     
   1.0000000000000000      -0.39999999999999991      -0.78530524455378514     
  -1.0000000000000000      -0.29999999999999993      -0.29240788103898757     
 -0.90000000000000002      -0.29999999999999993      -0.22963107077235703     
 -0.80000000000000004      -0.29999999999999993       -8.3043474385392946E-002
 -0.69999999999999996      -0.29999999999999993        9.5255847742223634E-002
 -0.59999999999999998      -0.29999999999999993       0.24267776898982713     
 -0.49999999999999994      -0.29999999999999993       0.29665668066381329     
 -0.39999999999999991      -0.29999999999999993       0.23836218158969560     
 -0.29999999999999993      -0.29999999999999993        8.8043092574674534E-002
 -0.19999999999999993      -0.29999999999999993       -9.4386600157322711E-002
  -9.9999999999999978E-002 -0.29999999999999993      -0.24220101504449262     
   2.7755575615628914E-017 -0.29999999999999993      -0.29554156854587715     
  0.10000000000000009      -0.29999999999999993      -0.23769569238664534     
  0.20000000000000009      -0.29999999999999993       -8.6896007385759644E-002
  0.30000000000000016      -0.29999999999999993        9.5331013697363048E-002
  0.40000000000000013      -0.29999999999999993       0.24343148553010463     
  0.50000000000000011      -0.29999999999999993       0.29664591207507945     
  0.60000000000000009      -0.29999999999999993       0.23912345427449450     
  0.70000000000000007      -0.29999999999999993        8.8036387767964658E-002
  0.80000000000000004      -0.29999999999999993       -9.3661505735989706E-002
  0.90000000000000002      -0.29999999999999993      -0.24195375166295333     
   1.0000000000000000      -0.29999999999999993      -0.29036446771429092     
  -1.0000000000000000      -0.19999999999999993       0.31266744004524100     
 -0.90000000000000002      -0.19999999999999993       0.24568556310056672     
 -0.80000000000000004      -0.19999999999999993        8.9029912076984630E-002
 -0.69999999999999996      -0.19999999999999993      -0.10161079346557199     
 -0.59999999999999998      -0.19999999999999993      -0.25934163815308015     
 -0.49999999999999994      -0.19999999999999993      -0.31720948479990974     
 -0.39999999999999991      -0.19999999999999993      -0.25502816478983648     
 -0.29999999999999993      -0.19999999999999993       -9.4386600157323822E-002
 -0.19999999999999993      -0.19999999999999993       0.10068162001300865     
  -9.9999999999999978E-002 -0.19999999999999993       0.25883041138016538     
   2.7755575615628914E-017 -0.19999999999999993       0.31601669290917622     
  0.10000000000000009      -0.19999999999999993       0.25431443178644558     
  0.20000000000000009      -0.19999999999999993        9.3160142191085274E-002
  0.30000000000000016      -0.19999999999999993      -0.10169174511579458     
  0.40000000000000013      -0.19999999999999993      -0.26014661836166864     
  0.50000000000000011      -0.19999999999999993      -0.31719804081257646     
  0.60000000000000009      -0.19999999999999993      -0.25584209203744779     
  0.70000000000000007      -0.19999999999999993       -9.4379548093725021E-002
  0.80000000000000004      -0.19999999999999993        9.9905519963763456E-002
  0.90000000000000002      -0.19999999999999993       0.25856615594101284     
   1.0000000000000000      -0.19999999999999993       0.31048042886217991     
  -1.0000000000000000       -9.9999999999999978E-002  0.80308248070061017     
 -0.90000000000000002       -9.9999999999999978E-002  0.63090398640628198     
 -0.80000000000000004       -9.9999999999999978E-002  0.22845250094913641     
 -0.69999999999999996       -9.9999999999999978E-002 -0.26121726539470791     
 -0.59999999999999998       -9.9999999999999978E-002 -0.66625754530254766     
 -0.49999999999999994       -9.9999999999999978E-002 -0.81474973756555302     
 -0.39999999999999991       -9.9999999999999978E-002 -0.65489415699991416     
 -0.29999999999999993       -9.9999999999999978E-002 -0.24220101504449160     
 -0.19999999999999993       -9.9999999999999978E-002  0.25883041138016455     
  -9.9999999999999978E-002  -9.9999999999999978E-002  0.66494582586831252     
   2.7755575615628914E-017  -9.9999999999999978E-002  0.81168646172675807     
  0.10000000000000009       -9.9999999999999978E-002  0.65306194889667046     
  0.20000000000000009       -9.9999999999999978E-002  0.23905077526953841     
  0.30000000000000016       -9.9999999999999978E-002 -0.26142464322457326     
  0.40000000000000013       -9.9999999999999978E-002 -0.66832603132108093     
  0.50000000000000011       -9.9999999999999978E-002 -0.81472027707577854     
  0.60000000000000009       -9.9999999999999978E-002 -0.65698480453189279     
  0.70000000000000007       -9.9999999999999978E-002 -0.24218279117638139     
  0.80000000000000004       -9.9999999999999978E-002  0.25683773232814228     
  0.90000000000000002       -9.9999999999999978E-002  0.66426695717812734     
   1.0000000000000000       -9.9999999999999978E-002  0.79746707584311227     
  -1.0000000000000000        2.7755575615628914E-017  0.98024068028765665     
 -0.90000000000000002        2.7755575615628914E-017  0.77002751057138163     
 -0.80000000000000004        2.7755575615628914E-017  0.27876404000971189     
 -0.69999999999999996        2.7755575615628914E-017 -0.31893019064904216     
 -0.59999999999999998        2.7755575615628914E-017 -0.81328702001320763     
 -0.49999999999999994        2.7755575615628914E-017 -0.99448212002974046     
 -0.39999999999999991        2.7755575615628914E-017 -0.79930747791143653     
 -0.29999999999999993        2.7755575615628914E-017 -0.29554156854587865     
 -0.19999999999999993        2.7755575615628914E-017  0.31601669290916601     
  -9.9999999999999978E-002   2.7755575615628914E-017  0.81168646172676195     
   2.7755575615628914E-017   2.7755575615628914E-017  0.99074324463493590     
  0.10000000000000009        2.7755575615628914E-017  0.79707147607340256     
  0.20000000000000009        2.7755575615628914E-017  0.29169635536875699     
  0.30000000000000016        2.7755575615628914E-017 -0.31918310560583252     
  0.40000000000000013        2.7755575615628914E-017 -0.81581215744388602     
  0.50000000000000011        2.7755575615628914E-017 -0.99444613492540623     
  0.60000000000000009        2.7755575615628914E-017 -0.80185935044110723     
  0.70000000000000007        2.7755575615628914E-017 -0.29551928191487792     
  0.80000000000000004        2.7755575615628914E-017  0.31358471207590516     
  0.90000000000000002        2.7755575615628914E-017  0.81085778537111242     
   1.0000000000000000        2.7755575615628914E-017  0.97338726344669657     
  -1.0000000000000000       0.10000000000000009       0.78862150646690710     
 -0.90000000000000002       0.10000000000000009       0.61945792509310726     
 -0.80000000000000004       0.10000000000000009       0.22420105975060192     
 -0.69999999999999996       0.10000000000000009      -0.25665848375327283     
 -0.59999999999999998       0.10000000000000009      -0.65434919578686968     
 -0.49999999999999994       0.10000000000000009      -0.80007934409017567     
 -0.39999999999999991       0.10000000000000009      -0.64301223044203093     
 -0.29999999999999993       0.10000000000000009      -0.23769569238664406     
 -0.19999999999999993       0.10000000000000009       0.25431443178644503     
  -9.9999999999999978E-002  0.10000000000000009       0.65306194889667091     
   2.7755575615628914E-017  0.10000000000000009       0.79707147607340034     
  0.10000000000000009       0.10000000000000009       0.64121364538132453     
  0.20000000000000009       0.10000000000000009       0.23460211731195812     
  0.30000000000000016       0.10000000000000009      -0.25686178543392985     
  0.40000000000000013       0.10000000000000009      -0.65638100171109537     
  0.50000000000000011       0.10000000000000009      -0.80005037224732312     
  0.60000000000000009       0.10000000000000009      -0.64506528552848119     
  0.70000000000000007       0.10000000000000009      -0.23767772726476261     
  0.80000000000000004       0.10000000000000009       0.25235808861822306     
  0.90000000000000002       0.10000000000000009       0.65239522183888132     
   1.0000000000000000       0.10000000000000009       0.78310841231921791     
  -1.0000000000000000       0.20000000000000009       0.28860342949384055     
 -0.90000000000000002       0.20000000000000009       0.22664245817973733     
 -0.80000000000000004       0.20000000000000009        8.1961507201705044E-002
 -0.69999999999999996       0.20000000000000009       -9.4018082142554305E-002
 -0.59999999999999998       0.20000000000000009      -0.23952131694393711     
 -0.49999999999999994       0.20000000000000009      -0.29279695631029456     
 -0.39999999999999991       0.20000000000000009      -0.23525992806604323     
 -0.29999999999999993       0.20000000000000009       -8.6896007385761059E-002
 -0.19999999999999993       0.20000000000000009        9.3160142191081027E-002
  -9.9999999999999978E-002  0.20000000000000009       0.23905077526953911     
   2.7755575615628914E-017  0.20000000000000009       0.29169635536874922     
  0.10000000000000009       0.20000000000000009       0.23460211731195924     
  0.20000000000000009       0.20000000000000009        8.5763845989406562E-002
  0.30000000000000016       0.20000000000000009       -9.4092266389246407E-002
  0.40000000000000013       0.20000000000000009      -0.24026523325672700     
  0.50000000000000011       0.20000000000000009      -0.29278632737199684     
  0.60000000000000009       0.20000000000000009      -0.23601129659843342     
  0.70000000000000007       0.20000000000000009       -8.6889389054063002E-002
  0.80000000000000004       0.20000000000000009        9.2444486782456481E-002
  0.90000000000000002       0.20000000000000009       0.23880672807129313     
   1.0000000000000000       0.20000000000000009       0.28658661563117549     
  -1.0000000000000000       0.30000000000000016      -0.31580028573503555     
 -0.90000000000000002       0.30000000000000016      -0.24814648740893422     
 -0.80000000000000004       0.30000000000000016       -8.9920710693567815E-002
 -0.69999999999999996       0.30000000000000016       0.10263023027015522     
 -0.59999999999999998       0.30000000000000016       0.26194098456332504     
 -0.49999999999999994       0.30000000000000016       0.32038784670769388     
 -0.39999999999999991       0.30000000000000016       0.25758266407207786     
 -0.29999999999999993       0.30000000000000016        9.5331013697362202E-002
 -0.19999999999999993       0.30000000000000016      -0.10169174511579349     
  -9.9999999999999978E-002  0.30000000000000016      -0.26142464322457387     
   2.7755575615628914E-017  0.30000000000000016      -0.31918310560583202     
  0.10000000000000009       0.30000000000000016      -0.25686178543392929     
  0.20000000000000009       0.30000000000000016       -9.4092266389247170E-002
  0.30000000000000016       0.30000000000000016       0.10271198991693042     
  0.40000000000000013       0.30000000000000016       0.26275403563890964     
  0.50000000000000011       0.30000000000000016       0.32037628767527404     
  0.60000000000000009       0.30000000000000016       0.25840474716305811     
  0.70000000000000007       0.30000000000000016        9.5323890340488354E-002
  0.80000000000000004       0.30000000000000016      -0.10090787291358566     
  0.90000000000000002       0.30000000000000016      -0.26115773926419833     
   1.0000000000000000       0.30000000000000016      -0.31359137219025202     
  -1.0000000000000000       0.40000000000000013      -0.80716443968656859     
 -0.90000000000000002       0.40000000000000013      -0.63411042693282893     
 -0.80000000000000004       0.40000000000000013      -0.22961311608512774     
 -0.69999999999999996       0.40000000000000013       0.26254560517256514     
 -0.59999999999999998       0.40000000000000013       0.66964441447303957     
 -0.49999999999999994       0.40000000000000013       0.81889100245000890     
 -0.39999999999999991       0.40000000000000013       0.65822252004414550     
 -0.29999999999999993       0.40000000000000013       0.24343148553010491     
 -0.19999999999999993       0.40000000000000013      -0.26014661836165481     
  -9.9999999999999978E-002  0.40000000000000013      -0.66832603132108159     
   2.7755575615628914E-017  0.40000000000000013      -0.81581215744390001     
  0.10000000000000009       0.40000000000000013      -0.65638100171109592     
  0.20000000000000009       0.40000000000000013      -0.24026523325674462     
  0.30000000000000016       0.40000000000000013       0.26275403563890931     
  0.40000000000000013       0.40000000000000013       0.67172341670207292     
  0.50000000000000011       0.40000000000000013       0.81886139203962827     
  0.60000000000000009       0.40000000000000013       0.66032379426865040     
  0.70000000000000007       0.40000000000000013       0.24341316874120736     
  0.80000000000000004       0.40000000000000013      -0.25814381268774017     
  0.90000000000000002       0.40000000000000013      -0.66764371168517500     
   1.0000000000000000       0.40000000000000013      -0.80152049750205701     
  -1.0000000000000000       0.50000000000000011      -0.98390431590033589     
 -0.90000000000000002       0.50000000000000011      -0.77290533570280362     
 -0.80000000000000004       0.50000000000000011      -0.27980568827430385     
 -0.69999999999999996       0.50000000000000011       0.32012242801243956     
 -0.59999999999999998       0.50000000000000011       0.81632681600245782     
 -0.49999999999999994       0.50000000000000011       0.99819898392320838     
 -0.39999999999999991       0.50000000000000011       0.80229473002987506     
 -0.29999999999999993       0.50000000000000011       0.29664591207507912     
 -0.19999999999999993       0.50000000000000011      -0.31719804081257857     
  -9.9999999999999978E-002  0.50000000000000011      -0.81472027707577876     
   2.7755575615628914E-017  0.50000000000000011      -0.99444613492540579     
  0.10000000000000009       0.50000000000000011      -0.80005037224732289     
  0.20000000000000009       0.50000000000000011      -0.29278632737199545     
  0.30000000000000016       0.50000000000000011       0.32037628767527399     
  0.40000000000000013       0.50000000000000011       0.81886139203963060     
  0.50000000000000011       0.50000000000000011       0.99816286425987588     
  0.60000000000000009       0.50000000000000011       0.80485614026232433     
  0.70000000000000007       0.50000000000000011       0.29662354203349961     
  0.80000000000000004       0.50000000000000011      -0.31475697126907826     
  0.90000000000000002       0.50000000000000011      -0.81388850342246744     
   1.0000000000000000       0.50000000000000011      -0.97702528649855247     
  -1.0000000000000000       0.60000000000000009      -0.79335862305002192     
 -0.90000000000000002       0.60000000000000009      -0.62317888310344349     
 -0.80000000000000004       0.60000000000000009      -0.22554776322342537     
 -0.69999999999999996       0.60000000000000009       0.25820022437130818     
 -0.59999999999999998       0.60000000000000009       0.65827978348668059     
 -0.49999999999999994       0.60000000000000009       0.80488528614596289     
 -0.39999999999999991       0.60000000000000009       0.64687467423944245     
 -0.29999999999999993       0.60000000000000009       0.23912345427449497     
 -0.19999999999999993       0.60000000000000009      -0.25584209203745495     
  -9.9999999999999978E-002  0.60000000000000009      -0.65698480453189267     
   2.7755575615628914E-017  0.60000000000000009      -0.80185935044111001     
  0.10000000000000009       0.60000000000000009      -0.64506528552848075     
  0.20000000000000009       0.60000000000000009      -0.23601129659843006     
  0.30000000000000016       0.60000000000000009       0.25840474716305650     
  0.40000000000000013       0.60000000000000009       0.66032379426864785     
  0.50000000000000011       0.60000000000000009       0.80485614026232288     
  0.60000000000000009       0.60000000000000009       0.64894006168712259     
  0.70000000000000007       0.60000000000000009       0.23910538122161484     
  0.80000000000000004       0.60000000000000009      -0.25387399754944739     
  0.90000000000000002       0.60000000000000009      -0.65631407253452545     
   1.0000000000000000       0.60000000000000009      -0.78781241297205562     
  -1.0000000000000000       0.70000000000000007      -0.29238583030547122     
 -0.90000000000000002       0.70000000000000007      -0.22961371528517671     
 -0.80000000000000004       0.70000000000000007       -8.3037149471780064E-002
 -0.69999999999999996       0.70000000000000007        9.5248730208800633E-002
 -0.59999999999999998       0.70000000000000007       0.24265950878197232     
 -0.49999999999999994       0.70000000000000007       0.29663430982908034     
 -0.39999999999999991       0.70000000000000007       0.23834416592022875     
 -0.29999999999999993       0.70000000000000007        8.8036387767964339E-002
 -0.19999999999999993       0.70000000000000007       -9.4379548093727936E-002
  -9.9999999999999978E-002  0.70000000000000007      -0.24218279117638175     
   2.7755575615628914E-017  0.70000000000000007      -0.29551928191487647     
  0.10000000000000009       0.70000000000000007      -0.23767772726476191     
  0.20000000000000009       0.70000000000000007       -8.6889389054059477E-002
  0.30000000000000016       0.70000000000000007        9.5323890340488368E-002
  0.40000000000000013       0.70000000000000007       0.24341316874120814     
  0.50000000000000011       0.70000000000000007       0.29662354203349917     
  0.60000000000000009       0.70000000000000007       0.23910538122161296     
  0.70000000000000007       0.70000000000000007        8.8029683435360773E-002
  0.80000000000000004       0.70000000000000007       -9.3654508559180880E-002
  0.90000000000000002       0.70000000000000007      -0.24193554640377221     
   1.0000000000000000       0.70000000000000007      -0.29034257161900318     
  -1.0000000000000000       0.80000000000000004       0.31026124227735102     
 -0.90000000000000002       0.80000000000000004       0.24379559641132331     
 -0.80000000000000004       0.80000000000000004        8.8345985223578755E-002
 -0.69999999999999996       0.80000000000000004      -0.10082754120272862     
 -0.59999999999999998       0.80000000000000004      -0.25734503239765250     
 -0.49999999999999994       0.80000000000000004      -0.31476832681053823     
 -0.39999999999999991       0.80000000000000004      -0.25306633449097482     
 -0.29999999999999993       0.80000000000000004       -9.3661505735990080E-002
 -0.19999999999999993       0.80000000000000004        9.9905519963762832E-002
  -9.9999999999999978E-002  0.80000000000000004       0.25683773232814339     
   2.7755575615628914E-017  0.80000000000000004       0.31358471207593075     
  0.10000000000000009       0.80000000000000004       0.25235808861822706     
  0.20000000000000009       0.80000000000000004        9.2444486782473689E-002
  0.30000000000000016       0.80000000000000004      -0.10090787291358654     
  0.40000000000000013       0.80000000000000004      -0.25814381268775544     
  0.50000000000000011       0.80000000000000004      -0.31475697126908103     
  0.60000000000000009       0.80000000000000004      -0.25387399754946005     
  0.70000000000000007       0.80000000000000004       -9.3654508559181449E-002
  0.80000000000000004       0.80000000000000004        9.9135388565946017E-002
  0.90000000000000002       0.80000000000000004       0.25657551126177103     
   1.0000000000000000       0.80000000000000004       0.30809105110622576     
  -1.0000000000000000       0.90000000000000002       0.80226258847380294     
 -0.90000000000000002       0.90000000000000002       0.63025988094911378     
 -0.80000000000000004       0.90000000000000002       0.22821927354900842     
 -0.69999999999999996       0.90000000000000002      -0.26095057313408815     
 -0.59999999999999998       0.90000000000000002      -0.66557733747750925     
 -0.49999999999999994       0.90000000000000002      -0.81391793383204947     
 -0.39999999999999991       0.90000000000000002      -0.65422555940728933     
 -0.29999999999999993       0.90000000000000002      -0.24195375166295296     
 -0.19999999999999993       0.90000000000000002       0.25856615594100796     
  -9.9999999999999978E-002  0.90000000000000002       0.66426695717812578     
   2.7755575615628914E-017  0.90000000000000002       0.81085778537110931     
  0.10000000000000009       0.90000000000000002       0.65239522183888154     
  0.20000000000000009       0.90000000000000002       0.23880672807129438     
  0.30000000000000016       0.90000000000000002      -0.26115773926419650     
  0.40000000000000013       0.90000000000000002      -0.66764371168517322     
  0.50000000000000011       0.90000000000000002      -0.81388850342246577     
  0.60000000000000009       0.90000000000000002      -0.65631407253452900     
  0.70000000000000007       0.90000000000000002      -0.24193554640377293     
  0.80000000000000004       0.90000000000000002       0.25657551126176542     
  0.90000000000000002       0.90000000000000002       0.66358878157177559     
   1.0000000000000000       0.90000000000000002       0.79665291650108860     
  -1.0000000000000000        1.0000000000000000       0.96306868606414031     
 -0.90000000000000002        1.0000000000000000       0.75653820146007300     
 -0.80000000000000004        1.0000000000000000       0.27388083991029705     
 -0.69999999999999996        1.0000000000000000      -0.31334288725811221     
 -0.59999999999999998        1.0000000000000000      -0.79903959671853841     
 -0.49999999999999994        1.0000000000000000      -0.97706064113546143     
 -0.39999999999999991        1.0000000000000000      -0.78530524455378714     
 -0.29999999999999993        1.0000000000000000      -0.29036446771429003     
 -0.19999999999999993        1.0000000000000000       0.31048042886216926     
  -9.9999999999999978E-002   1.0000000000000000       0.79746707584311027     
   2.7755575615628914E-017   1.0000000000000000       0.97338726344669224     
  0.10000000000000009        1.0000000000000000       0.78310841231921513     
  0.20000000000000009        1.0000000000000000       0.28658661563117754     
  0.30000000000000016        1.0000000000000000      -0.31359137219024885     
  0.40000000000000013        1.0000000000000000      -0.80152049750203702     
  0.50000000000000011        1.0000000000000000      -0.97702528649854570     
  0.60000000000000009        1.0000000000000000      -0.78781241297204097     
  0.70000000000000007        1.0000000000000000      -0.29034257161900312     
  0.80000000000000004        1.0000000000000000       0.30809105110619561     
  0.90000000000000002        1.0000000000000000       0.79665291650108649     
   1.0000000000000000        1.0000000000000000       0.95633532637790131     
