  -1.0000000000000000       -1.0000000000000000        6.8361093650487717E-002
 -0.90000000000000002       -1.0000000000000000       -8.7067814024548662E-002
 -0.80000000000000004       -1.0000000000000000      -0.20843760672447578     
 -0.69999999999999996       -1.0000000000000000      -0.25200004284873811     
 -0.59999999999999998       -1.0000000000000000      -0.19666045529842391     
 -0.49999999999999994       -1.0000000000000000       -6.8659630124397200E-002
 -0.39999999999999991       -1.0000000000000000        9.1863278842597998E-002
 -0.29999999999999993       -1.0000000000000000       0.21724302048397368     
 -0.19999999999999993       -1.0000000000000000       0.26277673168349347     
  -9.9999999999999978E-002  -1.0000000000000000       0.20535981576791248     
   2.7755575615628914E-017  -1.0000000000000000        7.2653873179903281E-002
  0.10000000000000009       -1.0000000000000000       -9.0372933552502532E-002
  0.20000000000000009       -1.0000000000000000      -0.21566569460331608     
  0.30000000000000016       -1.0000000000000000      -0.26123070172410590     
  0.40000000000000013       -1.0000000000000000      -0.20366165518173315     
  0.50000000000000011       -1.0000000000000000       -7.1107680351307323E-002
  0.60000000000000009       -1.0000000000000000        9.2028306796835727E-002
  0.70000000000000007       -1.0000000000000000       0.21725308479996533     
  0.80000000000000004       -1.0000000000000000       0.26277571814657658     
  0.90000000000000002       -1.0000000000000000       0.20532093874532800     
   1.0000000000000000       -1.0000000000000000        7.1617498585788891E-002
  -1.0000000000000000      -0.90000000000000002       -8.7067814024549176E-002
 -0.90000000000000002      -0.90000000000000002       0.10962248396405141     
 -0.80000000000000004      -0.90000000000000002       0.26341864905631168     
 -0.69999999999999996      -0.90000000000000002       0.31887893447099647     
 -0.59999999999999998      -0.90000000000000002       0.24919540358629488     
 -0.49999999999999994      -0.90000000000000002        8.7432745636463347E-002
 -0.39999999999999991      -0.90000000000000002      -0.11566778821956865     
 -0.29999999999999993      -0.90000000000000002      -0.27454346250941780     
 -0.19999999999999993      -0.90000000000000002      -0.33251303574198299     
  -9.9999999999999978E-002 -0.90000000000000002      -0.26021367776332471     
   2.7755575615628914E-017 -0.90000000000000002       -9.2506630781017563E-002
  0.10000000000000009      -0.90000000000000002       0.11378457028212570     
  0.20000000000000009      -0.90000000000000002       0.27254733928277308     
  0.30000000000000016      -0.90000000000000002       0.33055822691902542     
  0.40000000000000013      -0.90000000000000002       0.25806487801411326     
  0.50000000000000011      -0.90000000000000002        9.0550922944980100E-002
  0.60000000000000009      -0.90000000000000002      -0.11587779886953205     
  0.70000000000000007      -0.90000000000000002      -0.27455612862110274     
  0.80000000000000004      -0.90000000000000002      -0.33250947531411945     
  0.90000000000000002      -0.90000000000000002      -0.26016422438772452     
   1.0000000000000000      -0.90000000000000002       -9.1183245300420088E-002
  -1.0000000000000000      -0.80000000000000004      -0.20843760672447886     
 -0.90000000000000002      -0.80000000000000004       0.26341864905631440     
 -0.80000000000000004      -0.80000000000000004       0.63221143372566879     
 -0.69999999999999996      -0.80000000000000004       0.76499931510999097     
 -0.59999999999999998      -0.80000000000000004       0.59755902280845086     
 -0.49999999999999994      -0.80000000000000004       0.20932310714275995     
 -0.39999999999999991      -0.80000000000000004      -0.27793933104197616     
 -0.29999999999999993      -0.80000000000000004      -0.65891382071645166     
 -0.19999999999999993      -0.80000000000000004      -0.79770995822574664     
  -9.9999999999999978E-002 -0.80000000000000004      -0.62398422562150813     
   2.7755575615628914E-017 -0.80000000000000004      -0.22148019511394842     
  0.10000000000000009      -0.80000000000000004       0.27341936786359972     
  0.20000000000000009      -0.80000000000000004       0.65412521235246401     
  0.30000000000000016      -0.80000000000000004       0.79301912711334066     
  0.40000000000000013      -0.80000000000000004       0.61882916511330088     
  0.50000000000000011      -0.80000000000000004       0.21678774819800131     
  0.60000000000000009      -0.80000000000000004      -0.27844222680825764     
  0.70000000000000007      -0.80000000000000004      -0.65894426108503501     
  0.80000000000000004      -0.80000000000000004      -0.79770319499284514     
  0.90000000000000002      -0.80000000000000004      -0.62386578756783750     
   1.0000000000000000      -0.80000000000000004      -0.21831469789569297     
  -1.0000000000000000      -0.69999999999999996      -0.25200004284873490     
 -0.90000000000000002      -0.69999999999999996       0.31887893447099580     
 -0.80000000000000004      -0.69999999999999996       0.76499931510998376     
 -0.69999999999999996      -0.69999999999999996       0.92554652158700257     
 -0.59999999999999998      -0.69999999999999996       0.72285597686067693     
 -0.49999999999999994      -0.69999999999999996       0.25307550799327155     
 -0.39999999999999991      -0.69999999999999996      -0.33645435849154048     
 -0.29999999999999993      -0.69999999999999996      -0.79731124653006158     
 -0.19999999999999993      -0.69999999999999996      -0.96512285935425746     
  -9.9999999999999978E-002 -0.69999999999999996      -0.75482365507834503     
   2.7755575615628914E-017 -0.69999999999999996      -0.26777764814382765     
  0.10000000000000009      -0.69999999999999996       0.33098495593281674     
  0.20000000000000009      -0.69999999999999996       0.79151773313903728     
  0.30000000000000016      -0.69999999999999996       0.95944709234921766     
  0.40000000000000013      -0.69999999999999996       0.74858671077345862     
  0.50000000000000011      -0.69999999999999996       0.26210014912966134     
  0.60000000000000009      -0.69999999999999996      -0.33706241353750444     
  0.70000000000000007      -0.69999999999999996      -0.79734809755164793     
  0.80000000000000004      -0.69999999999999996      -0.96511540950010100     
  0.90000000000000002      -0.69999999999999996      -0.75468044414061308     
   1.0000000000000000      -0.69999999999999996      -0.26395167012939807     
  -1.0000000000000000      -0.59999999999999998      -0.19666045529841641     
 -0.90000000000000002      -0.59999999999999998       0.24919540358629833     
 -0.80000000000000004      -0.59999999999999998       0.59755902280847162     
 -0.69999999999999996      -0.59999999999999998       0.72285597686068315     
 -0.59999999999999998      -0.59999999999999998       0.56446098332444183     
 -0.49999999999999994      -0.59999999999999998       0.19750387204256772     
 -0.39999999999999991      -0.59999999999999998      -0.26292807033440341     
 -0.29999999999999993      -0.59999999999999998      -0.62279951970161052     
 -0.19999999999999993      -0.59999999999999998      -0.75376598800859052     
  -9.9999999999999978E-002 -0.59999999999999998      -0.58942513062065238     
   2.7755575615628914E-017 -0.59999999999999998      -0.20898100433134925     
  0.10000000000000009      -0.59999999999999998       0.25865572422605859     
  0.20000000000000009      -0.59999999999999998       0.61827481044105814     
  0.30000000000000016      -0.59999999999999998       0.74933277562412193     
  0.40000000000000013      -0.59999999999999998       0.58455403843321829     
  0.50000000000000011      -0.59999999999999998       0.20454662678355520     
  0.60000000000000009      -0.59999999999999998      -0.26340264317739964     
  0.70000000000000007      -0.59999999999999998      -0.62282831924349547     
  0.80000000000000004      -0.59999999999999998      -0.75376078616945030     
  0.90000000000000002      -0.59999999999999998      -0.58931335225301895     
   1.0000000000000000      -0.59999999999999998      -0.20599613677400272     
  -1.0000000000000000      -0.49999999999999994       -6.8659630124396409E-002
 -0.90000000000000002      -0.49999999999999994        8.7432745636463416E-002
 -0.80000000000000004      -0.49999999999999994       0.20932310714276131     
 -0.69999999999999996      -0.49999999999999994       0.25307550799327128     
 -0.59999999999999998      -0.49999999999999994       0.19750387204256692     
 -0.49999999999999994      -0.49999999999999994        6.8959286200491826E-002
 -0.39999999999999991      -0.49999999999999994       -9.2248401245448364E-002
 -0.29999999999999993      -0.49999999999999994      -0.21816588941810311     
 -0.19999999999999993      -0.49999999999999994      -0.26389815694047997     
  -9.9999999999999978E-002 -0.49999999999999994      -0.20624048133280470     
   2.7755575615628914E-017 -0.49999999999999994       -7.2970811468077018E-002
  0.10000000000000009      -0.49999999999999994        9.0751727519774658E-002
  0.20000000000000009      -0.49999999999999994       0.21658182970270015     
  0.30000000000000016      -0.49999999999999994       0.26234554732450843     
  0.40000000000000013      -0.49999999999999994       0.20453507396291071     
  0.50000000000000011      -0.49999999999999994        7.1418029947866460E-002
  0.60000000000000009      -0.49999999999999994       -9.2414147760359056E-002
  0.70000000000000007      -0.49999999999999994      -0.21817599585267081     
  0.80000000000000004      -0.49999999999999994      -0.26389711166219942     
  0.90000000000000002      -0.49999999999999994      -0.20620143528029944     
   1.0000000000000000      -0.49999999999999994       -7.1929869910571598E-002
  -1.0000000000000000      -0.39999999999999991        9.1863278842622964E-002
 -0.90000000000000002      -0.39999999999999991      -0.11566778821956654     
 -0.80000000000000004      -0.39999999999999991      -0.27793933104196300     
 -0.69999999999999996      -0.39999999999999991      -0.33645435849154282     
 -0.59999999999999998      -0.39999999999999991      -0.26292807033438170     
 -0.49999999999999994      -0.39999999999999991       -9.2248401245449488E-002
 -0.39999999999999991      -0.39999999999999991       0.12204642446398425     
 -0.29999999999999993      -0.39999999999999991       0.28967740804393399     
 -0.19999999999999993      -0.39999999999999991       0.35083993670286179     
  -9.9999999999999978E-002 -0.39999999999999991       0.27455356979904849     
   2.7755575615628914E-017 -0.39999999999999991        9.7601822338442168E-002
  0.10000000000000009      -0.39999999999999991      -0.12005939459570805     
  0.20000000000000009      -0.39999999999999991      -0.28757126703511032     
  0.30000000000000016      -0.39999999999999991      -0.34877737690095850     
  0.40000000000000013      -0.39999999999999991      -0.27228633592273388     
  0.50000000000000011      -0.39999999999999991       -9.5538318136205141E-002
  0.60000000000000009      -0.39999999999999991       0.12226800300330663     
  0.70000000000000007      -0.39999999999999991       0.28969077268102361     
  0.80000000000000004      -0.39999999999999991       0.35083619372426245     
  0.90000000000000002      -0.39999999999999991       0.27450139229166809     
   1.0000000000000000      -0.39999999999999991        9.6205568655677642E-002
  -1.0000000000000000      -0.29999999999999993       0.21724302048397579     
 -0.90000000000000002      -0.29999999999999993      -0.27454346250941597     
 -0.80000000000000004      -0.29999999999999993      -0.65891382071644755     
 -0.69999999999999996      -0.29999999999999993      -0.79731124653006058     
 -0.59999999999999998      -0.29999999999999993      -0.62279951970160308     
 -0.49999999999999994      -0.29999999999999993      -0.21816588941810344     
 -0.39999999999999991      -0.29999999999999993       0.28967740804393882     
 -0.29999999999999993      -0.29999999999999993       0.68674401417972164     
 -0.19999999999999993      -0.29999999999999993       0.83140351028721471     
  -9.9999999999999978E-002 -0.29999999999999993       0.65034089267107864     
   2.7755575615628914E-017 -0.29999999999999993       0.23083651729211938     
  0.10000000000000009      -0.29999999999999993      -0.28496653815863066     
  0.20000000000000009      -0.29999999999999993      -0.68175314478313165     
  0.30000000000000016      -0.29999999999999993      -0.82651455245861249     
  0.40000000000000013      -0.29999999999999993      -0.64496809352180318     
  0.50000000000000011      -0.29999999999999993      -0.22594587362339399     
  0.60000000000000009      -0.29999999999999993       0.29020154811789245     
  0.70000000000000007      -0.29999999999999993       0.68677574010680953     
  0.80000000000000004      -0.29999999999999993       0.83139645551081753     
  0.90000000000000002      -0.29999999999999993       0.65021745138141163     
   1.0000000000000000      -0.29999999999999993       0.22753728538678705     
  -1.0000000000000000      -0.19999999999999993       0.26277673168349486     
 -0.90000000000000002      -0.19999999999999993      -0.33251303574198399     
 -0.80000000000000004      -0.19999999999999993      -0.79770995822574819     
 -0.69999999999999996      -0.19999999999999993      -0.96512285935425968     
 -0.59999999999999998      -0.19999999999999993      -0.75376598800858607     
 -0.49999999999999994      -0.19999999999999993      -0.26389815694047758     
 -0.39999999999999991      -0.19999999999999993       0.35083993670287578     
 -0.29999999999999993      -0.19999999999999993       0.83140351028721771     
 -0.19999999999999993      -0.19999999999999993        1.0063914744806888     
  -9.9999999999999978E-002 -0.19999999999999993       0.78710062425338390     
   2.7755575615628914E-017 -0.19999999999999993       0.27922900094896086     
  0.10000000000000009      -0.19999999999999993      -0.34513666820563704     
  0.20000000000000009      -0.19999999999999993      -0.82536226606962992     
  0.30000000000000016      -0.19999999999999993       -1.0004730150513366     
  0.40000000000000013      -0.19999999999999993      -0.78059698851636872     
  0.50000000000000011      -0.19999999999999993      -0.27330873400579941     
  0.60000000000000009      -0.19999999999999993       0.35147399463050033     
  0.70000000000000007      -0.19999999999999993       0.83144193691272383     
  0.80000000000000004      -0.19999999999999993        1.0063837013250672     
  0.90000000000000002      -0.19999999999999993       0.78695128908147871     
   1.0000000000000000      -0.19999999999999993       0.27523939931175978     
  -1.0000000000000000       -9.9999999999999978E-002  0.20535981576790988     
 -0.90000000000000002       -9.9999999999999978E-002 -0.26021367776332449     
 -0.80000000000000004       -9.9999999999999978E-002 -0.62398422562150480     
 -0.69999999999999996       -9.9999999999999978E-002 -0.75482365507834492     
 -0.59999999999999998       -9.9999999999999978E-002 -0.58942513062065116     
 -0.49999999999999994       -9.9999999999999978E-002 -0.20624048133280568     
 -0.39999999999999991       -9.9999999999999978E-002  0.27455356979904627     
 -0.29999999999999993       -9.9999999999999978E-002  0.65034089267108186     
 -0.19999999999999993       -9.9999999999999978E-002  0.78710062425338323     
  -9.9999999999999978E-002  -9.9999999999999978E-002  0.61549333574396692     
   2.7755575615628914E-017  -9.9999999999999978E-002  0.21822525706718610     
  0.10000000000000009       -9.9999999999999978E-002 -0.27009229334314522     
  0.20000000000000009       -9.9999999999999978E-002 -0.64561608132873927     
  0.30000000000000016       -9.9999999999999978E-002 -0.78247136291056396     
  0.40000000000000013       -9.9999999999999978E-002 -0.61040682393138967     
  0.50000000000000011       -9.9999999999999978E-002 -0.21359477630312013     
  0.60000000000000009       -9.9999999999999978E-002  0.27504913487492466     
  0.70000000000000007       -9.9999999999999978E-002  0.65037096557382190     
  0.80000000000000004       -9.9999999999999978E-002  0.78709518339478557     
  0.90000000000000002       -9.9999999999999978E-002  0.61537661305472624     
   1.0000000000000000       -9.9999999999999978E-002  0.21510833919038636     
  -1.0000000000000000        2.7755575615628914E-017   7.2653873179893108E-002
 -0.90000000000000002        2.7755575615628914E-017  -9.2506630781019603E-002
 -0.80000000000000004        2.7755575615628914E-017 -0.22148019511396078     
 -0.69999999999999996        2.7755575615628914E-017 -0.26777764814382626     
 -0.59999999999999998        2.7755575615628914E-017 -0.20898100433135836     
 -0.49999999999999994        2.7755575615628914E-017  -7.2970811468078309E-002
 -0.39999999999999991        2.7755575615628914E-017   9.7601822338452007E-002
 -0.29999999999999993        2.7755575615628914E-017  0.23083651729212498     
 -0.19999999999999993        2.7755575615628914E-017  0.27922900094896574     
  -9.9999999999999978E-002   2.7755575615628914E-017  0.21822525706718285     
   2.7755575615628914E-017   2.7755575615628914E-017   7.7215574252396751E-002
  0.10000000000000009        2.7755575615628914E-017  -9.6018227062615133E-002
  0.20000000000000009        2.7755575615628914E-017 -0.22916043154841731     
  0.30000000000000016        2.7755575615628914E-017 -0.27758620918191840     
  0.40000000000000013        2.7755575615628914E-017 -0.21642077638997509     
  0.50000000000000011        2.7755575615628914E-017  -7.5572593793697546E-002
  0.60000000000000009        2.7755575615628914E-017   9.7777209337811810E-002
  0.70000000000000007        2.7755575615628914E-017  0.23084721016806609     
  0.80000000000000004        2.7755575615628914E-017  0.27922787258748105     
  0.90000000000000002        2.7755575615628914E-017  0.21818394013705683     
   1.0000000000000000        2.7755575615628914E-017   7.6114042896073250E-002
  -1.0000000000000000       0.10000000000000009       -9.0372933552502657E-002
 -0.90000000000000002       0.10000000000000009       0.11378457028212506     
 -0.80000000000000004       0.10000000000000009       0.27341936786359705     
 -0.69999999999999996       0.10000000000000009       0.33098495593281557     
 -0.59999999999999998       0.10000000000000009       0.25865572422605754     
 -0.49999999999999994       0.10000000000000009        9.0751727519774714E-002
 -0.39999999999999991       0.10000000000000009      -0.12005939459570783     
 -0.29999999999999993       0.10000000000000009      -0.28496653815863027     
 -0.19999999999999993       0.10000000000000009      -0.34513666820563399     
  -9.9999999999999978E-002  0.10000000000000009      -0.27009229334314472     
   2.7755575615628914E-017  0.10000000000000009       -9.6018227062614064E-002
  0.10000000000000009       0.10000000000000009       0.11810467992423368     
  0.20000000000000009       0.10000000000000009       0.28289463359241218     
  0.30000000000000016       0.10000000000000009       0.34310764544865302     
  0.40000000000000013       0.10000000000000009       0.26786191582891411     
  0.50000000000000011       0.10000000000000009        9.3988271592563011E-002
  0.60000000000000009       0.10000000000000009      -0.12027737742540492     
  0.70000000000000007       0.10000000000000009      -0.28497968517431299     
  0.80000000000000004       0.10000000000000009      -0.34513297402413928     
  0.90000000000000002       0.10000000000000009      -0.27004096266528976     
   1.0000000000000000       0.10000000000000009       -9.4644607595960384E-002
  -1.0000000000000000       0.20000000000000009      -0.21566569460332477     
 -0.90000000000000002       0.20000000000000009       0.27254733928277258     
 -0.80000000000000004       0.20000000000000009       0.65412521235244669     
 -0.69999999999999996       0.20000000000000009       0.79151773313904372     
 -0.59999999999999998       0.20000000000000009       0.61827481044104293     
 -0.49999999999999994       0.20000000000000009       0.21658182970269954     
 -0.39999999999999991       0.20000000000000009      -0.28757126703510216     
 -0.29999999999999993       0.20000000000000009      -0.68175314478313109     
 -0.19999999999999993       0.20000000000000009      -0.82536226606960872     
  -9.9999999999999978E-002  0.20000000000000009      -0.64561608132874293     
   2.7755575615628914E-017  0.20000000000000009      -0.22916043154841487     
  0.10000000000000009       0.20000000000000009       0.28289463359241274     
  0.20000000000000009       0.20000000000000009       0.67679854020098140     
  0.30000000000000016       0.20000000000000009       0.82050883626655458     
  0.40000000000000013       0.20000000000000009       0.64028232269815399     
  0.50000000000000011       0.20000000000000009       0.22430532664428235     
  0.60000000000000009       0.20000000000000009      -0.28809160113038979     
  0.70000000000000007       0.20000000000000009      -0.68178464002915684     
  0.80000000000000004       0.20000000000000009      -0.82535525758943762     
  0.90000000000000002       0.20000000000000009      -0.64549353643851504     
   1.0000000000000000       0.20000000000000009      -0.22588514681426314     
  -1.0000000000000000       0.30000000000000016      -0.26123070172410634     
 -0.90000000000000002       0.30000000000000016       0.33055822691902387     
 -0.80000000000000004       0.30000000000000016       0.79301912711334022     
 -0.69999999999999996       0.30000000000000016       0.95944709234921366     
 -0.59999999999999998       0.30000000000000016       0.74933277562412126     
 -0.49999999999999994       0.30000000000000016       0.26234554732450882     
 -0.39999999999999991       0.30000000000000016      -0.34877737690096072     
 -0.29999999999999993       0.30000000000000016      -0.82651455245861205     
 -0.19999999999999993       0.30000000000000016       -1.0004730150513386     
  -9.9999999999999978E-002  0.30000000000000016      -0.78247136291056207     
   2.7755575615628914E-017  0.30000000000000016      -0.27758620918191873     
  0.10000000000000009       0.30000000000000016       0.34310764544865407     
  0.20000000000000009       0.30000000000000016       0.82050883626655668     
  0.30000000000000016       0.30000000000000016       0.99458935952326255     
  0.40000000000000013       0.30000000000000016       0.77600597419950001     
  0.50000000000000011       0.30000000000000016       0.27170075759635726     
  0.60000000000000009       0.30000000000000016      -0.34940770459772857     
  0.70000000000000007       0.30000000000000016      -0.82655275318432098     
  0.80000000000000004       0.30000000000000016       -1.0004652903250189     
  0.90000000000000002       0.30000000000000016      -0.78232290626853385     
   1.0000000000000000       0.30000000000000016      -0.27362008416135547     
  -1.0000000000000000       0.40000000000000013      -0.20366165518173229     
 -0.90000000000000002       0.40000000000000013       0.25806487801411454     
 -0.80000000000000004       0.40000000000000013       0.61882916511331898     
 -0.69999999999999996       0.40000000000000013       0.74858671077346040     
 -0.59999999999999998       0.40000000000000013       0.58455403843322584     
 -0.49999999999999994       0.40000000000000013       0.20453507396291418     
 -0.39999999999999991       0.40000000000000013      -0.27228633592274043     
 -0.29999999999999993       0.40000000000000013      -0.64496809352180884     
 -0.19999999999999993       0.40000000000000013      -0.78059698851637571     
  -9.9999999999999978E-002  0.40000000000000013      -0.61040682393139223     
   2.7755575615628914E-017  0.40000000000000013      -0.21642077638997642     
  0.10000000000000009       0.40000000000000013       0.26786191582891411     
  0.20000000000000009       0.40000000000000013       0.64028232269816754     
  0.30000000000000016       0.40000000000000013       0.77600597419950113     
  0.40000000000000013       0.40000000000000013       0.60536234086780538     
  0.50000000000000011       0.40000000000000013       0.21182855434544826     
  0.60000000000000009       0.40000000000000013      -0.27277780346292124     
  0.70000000000000007       0.40000000000000013      -0.64499791809721363     
  0.80000000000000004       0.40000000000000013      -0.78059159793286303     
  0.90000000000000002       0.40000000000000013      -0.61029106629736107     
   1.0000000000000000       0.40000000000000013      -0.21332964083622824     
  -1.0000000000000000       0.50000000000000011       -7.1107680351308059E-002
 -0.90000000000000002       0.50000000000000011        9.0550922944979642E-002
 -0.80000000000000004       0.50000000000000011       0.21678774819800276     
 -0.69999999999999996       0.50000000000000011       0.26210014912966123     
 -0.59999999999999998       0.50000000000000011       0.20454662678355637     
 -0.49999999999999994       0.50000000000000011        7.1418029947867029E-002
 -0.39999999999999991       0.50000000000000011       -9.5538318136204448E-002
 -0.29999999999999993       0.50000000000000011      -0.22594587362339430     
 -0.19999999999999993       0.50000000000000011      -0.27330873400580202     
  -9.9999999999999978E-002  0.50000000000000011      -0.21359477630311960     
   2.7755575615628914E-017  0.50000000000000011       -7.5572593793697490E-002
  0.10000000000000009       0.50000000000000011        9.3988271592563358E-002
  0.20000000000000009       0.50000000000000011       0.22430532664428485     
  0.30000000000000016       0.50000000000000011       0.27170075759635792     
  0.40000000000000013       0.50000000000000011       0.21182855434544848     
  0.50000000000000011       0.50000000000000011        7.3964439772689461E-002
  0.60000000000000009       0.50000000000000011       -9.5709974416334220E-002
  0.70000000000000007       0.50000000000000011      -0.22595634049271324     
  0.80000000000000004       0.50000000000000011      -0.27330765284120612     
  0.90000000000000002       0.50000000000000011      -0.21355433802928614     
   1.0000000000000000       0.50000000000000011       -7.4494539666507112E-002
  -1.0000000000000000       0.60000000000000009        9.2028306796838488E-002
 -0.90000000000000002       0.60000000000000009      -0.11587779886953056     
 -0.80000000000000004       0.60000000000000009      -0.27844222680822361     
 -0.69999999999999996       0.60000000000000009      -0.33706241353750738     
 -0.59999999999999998       0.60000000000000009      -0.26340264317737455     
 -0.49999999999999994       0.60000000000000009       -9.2414147760358417E-002
 -0.39999999999999991       0.60000000000000009       0.12226800300328644     
 -0.29999999999999993       0.60000000000000009       0.29020154811788773     
 -0.19999999999999993       0.60000000000000009       0.35147399463046791     
  -9.9999999999999978E-002  0.60000000000000009       0.27504913487492832     
   2.7755575615628914E-017  0.60000000000000009        9.7777209337811033E-002
  0.10000000000000009       0.60000000000000009      -0.12027737742540455     
  0.20000000000000009       0.60000000000000009      -0.28809160113036736     
  0.30000000000000016       0.60000000000000009      -0.34940770459772780     
  0.40000000000000013       0.60000000000000009      -0.27277780346290326     
  0.50000000000000011       0.60000000000000009       -9.5709974416332361E-002
  0.60000000000000009       0.60000000000000009       0.12248997990860766     
  0.70000000000000007       0.60000000000000009       0.29021493703035739     
  0.80000000000000004       0.60000000000000009       0.35147024888973083     
  0.90000000000000002       0.60000000000000009       0.27499686352529618     
   1.0000000000000000       0.60000000000000009        9.6378453314483248E-002
  -1.0000000000000000       0.70000000000000007       0.21725308479996694     
 -0.90000000000000002       0.70000000000000007      -0.27455612862110218     
 -0.80000000000000004       0.70000000000000007      -0.65894426108503656     
 -0.69999999999999996       0.70000000000000007      -0.79734809755164493     
 -0.59999999999999998       0.70000000000000007      -0.62282831924349435     
 -0.49999999999999994       0.70000000000000007      -0.21817599585267006     
 -0.39999999999999991       0.70000000000000007       0.28969077268102422     
 -0.29999999999999993       0.70000000000000007       0.68677574010680698     
 -0.19999999999999993       0.70000000000000007       0.83144193691272561     
  -9.9999999999999978E-002  0.70000000000000007       0.65037096557381946     
   2.7755575615628914E-017  0.70000000000000007       0.23084721016806539     
  0.10000000000000009       0.70000000000000007      -0.28497968517431249     
  0.20000000000000009       0.70000000000000007      -0.68178464002915762     
  0.30000000000000016       0.70000000000000007      -0.82655275318431909     
  0.40000000000000013       0.70000000000000007      -0.64499791809721396     
  0.50000000000000011       0.70000000000000007      -0.22595634049271218     
  0.60000000000000009       0.70000000000000007       0.29021493703035978     
  0.70000000000000007       0.70000000000000007       0.68680746749744515     
  0.80000000000000004       0.70000000000000007       0.83143488171519520     
  0.90000000000000002       0.70000000000000007       0.65024751856809848     
   1.0000000000000000       0.70000000000000007       0.22754782527673234     
  -1.0000000000000000       0.80000000000000004       0.26277571814659190     
 -0.90000000000000002       0.80000000000000004      -0.33250947531412078     
 -0.80000000000000004       0.80000000000000004      -0.79770319499285680     
 -0.69999999999999996       0.80000000000000004      -0.96511540950010744     
 -0.59999999999999998       0.80000000000000004      -0.75376078616945152     
 -0.49999999999999994       0.80000000000000004      -0.26389711166219937     
 -0.39999999999999991       0.80000000000000004       0.35083619372426889     
 -0.29999999999999993       0.80000000000000004       0.83139645551082375     
 -0.19999999999999993       0.80000000000000004        1.0063837013250720     
  -9.9999999999999978E-002  0.80000000000000004       0.78709518339479112     
   2.7755575615628914E-017  0.80000000000000004       0.27922787258748222     
  0.10000000000000009       0.80000000000000004      -0.34513297402414139     
  0.20000000000000009       0.80000000000000004      -0.82535525758945738     
  0.30000000000000016       0.80000000000000004       -1.0004652903250209     
  0.40000000000000013       0.80000000000000004      -0.78059159793285782     
  0.50000000000000011       0.80000000000000004      -0.27330765284120551     
  0.60000000000000009       0.80000000000000004       0.35147024888975825     
  0.70000000000000007       0.80000000000000004       0.83143488171519586     
  0.80000000000000004       0.80000000000000004        1.0063759241321040     
  0.90000000000000002       0.80000000000000004       0.78694584891025565     
   1.0000000000000000       0.80000000000000004       0.27523828022421609     
  -1.0000000000000000       0.90000000000000002       0.20532093874532842     
 -0.90000000000000002       0.90000000000000002      -0.26016422438772280     
 -0.80000000000000004       0.90000000000000002      -0.62386578756783340     
 -0.69999999999999996       0.90000000000000002      -0.75468044414060997     
 -0.59999999999999998       0.90000000000000002      -0.58931335225301740     
 -0.49999999999999994       0.90000000000000002      -0.20620143528030024     
 -0.39999999999999991       0.90000000000000002       0.27450139229166287     
 -0.29999999999999993       0.90000000000000002       0.65021745138141185     
 -0.19999999999999993       0.90000000000000002       0.78695128908147827     
  -9.9999999999999978E-002  0.90000000000000002       0.61537661305472391     
   2.7755575615628914E-017  0.90000000000000002       0.21818394013705825     
  0.10000000000000009       0.90000000000000002      -0.27004096266529010     
  0.20000000000000009       0.90000000000000002      -0.64549353643851026     
  0.30000000000000016       0.90000000000000002      -0.78232290626853285     
  0.40000000000000013       0.90000000000000002      -0.61029106629735863     
  0.50000000000000011       0.90000000000000002      -0.21355433802928547     
  0.60000000000000009       0.90000000000000002       0.27499686352529407     
  0.70000000000000007       0.90000000000000002       0.65024751856809904     
  0.80000000000000004       0.90000000000000002       0.78694584891025054     
  0.90000000000000002       0.90000000000000002       0.61525991247192113     
   1.0000000000000000       0.90000000000000002       0.21506761181504871     
  -1.0000000000000000        1.0000000000000000        7.1617498585776096E-002
 -0.90000000000000002        1.0000000000000000       -9.1183245300420129E-002
 -0.80000000000000004        1.0000000000000000      -0.21831469789569952     
 -0.69999999999999996        1.0000000000000000      -0.26395167012939463     
 -0.59999999999999998        1.0000000000000000      -0.20599613677401496     
 -0.49999999999999994        1.0000000000000000       -7.1929869910573443E-002
 -0.39999999999999991        1.0000000000000000        9.6205568655676796E-002
 -0.29999999999999993        1.0000000000000000       0.22753728538679041     
 -0.19999999999999993        1.0000000000000000       0.27523939931176233     
  -9.9999999999999978E-002   1.0000000000000000       0.21510833919038594     
   2.7755575615628914E-017   1.0000000000000000        7.6114042896076706E-002
  0.10000000000000009        1.0000000000000000       -9.4644607595960772E-002
  0.20000000000000009        1.0000000000000000      -0.22588514681426120     
  0.30000000000000016        1.0000000000000000      -0.27362008416135303     
  0.40000000000000013        1.0000000000000000      -0.21332964083622416     
  0.50000000000000011        1.0000000000000000       -7.4494539666506154E-002
  0.60000000000000009        1.0000000000000000        9.6378453314478307E-002
  0.70000000000000007        1.0000000000000000       0.22754782527673070     
  0.80000000000000004        1.0000000000000000       0.27523828022421154     
  0.90000000000000002        1.0000000000000000       0.21506761181504633     
   1.0000000000000000        1.0000000000000000        7.5028214136232077E-002
