  -1.0000000000000000       -1.0000000000000000       0.64585847739849633     
 -0.90000000000000002       -1.0000000000000000       0.24939203766942705     
 -0.80000000000000004       -1.0000000000000000      -0.24244755102253357     
 -0.69999999999999996       -1.0000000000000000      -0.64383692706852413     
 -0.59999999999999998       -1.0000000000000000      -0.80336066161549147     
 -0.49999999999999994       -1.0000000000000000      -0.65567144769842711     
 -0.39999999999999991       -1.0000000000000000      -0.25772229365687982     
 -0.29999999999999993       -1.0000000000000000       0.23863120907576624     
 -0.19999999999999993       -1.0000000000000000       0.64377498253405330     
  -9.9999999999999978E-002  -1.0000000000000000       0.80311913494514520     
   2.7755575615628914E-017  -1.0000000000000000       0.65529633902607509     
  0.10000000000000009       -1.0000000000000000       0.25766493635945314     
  0.20000000000000009       -1.0000000000000000      -0.23952219261320443     
  0.30000000000000016       -1.0000000000000000      -0.64399505778560040     
  0.40000000000000013       -1.0000000000000000      -0.80489142098129052     
  0.50000000000000011       -1.0000000000000000      -0.65583945729658821     
  0.60000000000000009       -1.0000000000000000      -0.26033070574199824     
  0.70000000000000007       -1.0000000000000000       0.23851497071425420     
  0.80000000000000004       -1.0000000000000000       0.64095038023581496     
  0.90000000000000002       -1.0000000000000000       0.80256960716212222     
   1.0000000000000000       -1.0000000000000000       0.64301630061169812     
  -1.0000000000000000      -0.90000000000000002       0.24939203766942555     
 -0.90000000000000002      -0.90000000000000002        9.6261843946160677E-002
 -0.80000000000000004      -0.90000000000000002       -9.3683469407289457E-002
 -0.69999999999999996      -0.90000000000000002      -0.24867563998770381     
 -0.59999999999999998      -0.90000000000000002      -0.31024930932488115     
 -0.49999999999999994      -0.90000000000000002      -0.25318078267162702     
 -0.39999999999999991      -0.90000000000000002       -9.9476683983282618E-002
 -0.29999999999999993      -0.90000000000000002        9.2209636818818178E-002
 -0.19999999999999993      -0.90000000000000002       0.24865182493968602     
  -9.9999999999999978E-002 -0.90000000000000002       0.31015620135226463     
   2.7755575615628914E-017 -0.90000000000000002       0.25303617474941675     
  0.10000000000000009      -0.90000000000000002        9.9454769392875314E-002
  0.20000000000000009      -0.90000000000000002       -9.2553317047644676E-002
  0.30000000000000016      -0.90000000000000002      -0.24873671506393880     
  0.40000000000000013      -0.90000000000000002      -0.31084010537025203     
  0.50000000000000011      -0.90000000000000002      -0.25324571913208593     
  0.60000000000000009      -0.90000000000000002      -0.10048391455815729     
  0.70000000000000007      -0.90000000000000002        9.2164695003305860E-002
  0.80000000000000004      -0.90000000000000002       0.24756098533587123     
  0.90000000000000002      -0.90000000000000002       0.30994398469148171     
   1.0000000000000000      -0.90000000000000002       0.24829423973378231     
  -1.0000000000000000      -0.80000000000000004      -0.24244755102253698     
 -0.90000000000000002      -0.80000000000000004       -9.3683469407288639E-002
 -0.80000000000000004      -0.80000000000000004        9.0903227588720645E-002
 -0.69999999999999996      -0.80000000000000004       0.24158079961439047     
 -0.59999999999999998      -0.80000000000000004       0.30150591956395106     
 -0.49999999999999994      -0.80000000000000004       0.24613196055254932     
 -0.39999999999999991      -0.80000000000000004        9.6813586261232515E-002
 -0.29999999999999993      -0.80000000000000004       -8.9470935796433615E-002
 -0.19999999999999993      -0.80000000000000004      -0.24155737122209670     
  -9.9999999999999978E-002 -0.80000000000000004      -0.30141499249875608     
   2.7755575615628914E-017 -0.80000000000000004      -0.24599075153435521     
  0.10000000000000009      -0.80000000000000004       -9.6791662864232242E-002
  0.20000000000000009      -0.80000000000000004        8.9806012834473092E-002
  0.30000000000000016      -0.80000000000000004       0.24164013576249857     
  0.40000000000000013      -0.80000000000000004       0.30208103891248583     
  0.50000000000000011      -0.80000000000000004       0.24619492656021577     
  0.60000000000000009      -0.80000000000000004        9.7792723838346932E-002
  0.70000000000000007      -0.80000000000000004       -8.9427397908415723E-002
  0.80000000000000004      -0.80000000000000004      -0.24049729562390618     
  0.90000000000000002      -0.80000000000000004      -0.30120874296035882     
   1.0000000000000000      -0.80000000000000004      -0.24138116737920909     
  -1.0000000000000000      -0.69999999999999996      -0.64383692706852080     
 -0.90000000000000002      -0.69999999999999996      -0.24867563998770340     
 -0.80000000000000004      -0.69999999999999996       0.24158079961438886     
 -0.69999999999999996      -0.69999999999999996       0.64171461174176103     
 -0.59999999999999998      -0.69999999999999996       0.80078054344794070     
 -0.49999999999999994      -0.69999999999999996       0.65361991494196614     
 -0.39999999999999991      -0.69999999999999996       0.25698283811548589     
 -0.29999999999999993      -0.69999999999999996      -0.23777671791317156     
 -0.19999999999999993      -0.69999999999999996      -0.64165268722685354     
  -9.9999999999999978E-002 -0.69999999999999996      -0.80053951384363020     
   2.7755575615628914E-017 -0.69999999999999996      -0.65324558558268531     
  0.10000000000000009      -0.69999999999999996      -0.25692527107516905     
  0.20000000000000009      -0.69999999999999996       0.23866552062386923     
  0.30000000000000016      -0.69999999999999996       0.64187222345217487     
  0.40000000000000013      -0.69999999999999996       0.80230699848774500     
  0.50000000000000011      -0.69999999999999996       0.65378729663497703     
  0.60000000000000009      -0.69999999999999996       0.25958305689051592     
  0.70000000000000007      -0.69999999999999996      -0.23766093927366949     
  0.80000000000000004      -0.69999999999999996      -0.63883717051966471     
  0.90000000000000002      -0.69999999999999996      -0.79999174244605398     
   1.0000000000000000      -0.69999999999999996      -0.64100417796214493     
  -1.0000000000000000      -0.59999999999999998      -0.80336066161548148     
 -0.90000000000000002      -0.59999999999999998      -0.31024930932487765     
 -0.80000000000000004      -0.59999999999999998       0.30150591956397138     
 -0.69999999999999996      -0.59999999999999998       0.80078054344794480     
 -0.59999999999999998      -0.59999999999999998       0.99923193077594519     
 -0.49999999999999994      -0.59999999999999998       0.81556711899598622     
 -0.39999999999999991      -0.59999999999999998       0.32061286896067814     
 -0.29999999999999993      -0.59999999999999998      -0.29675909885079294     
 -0.19999999999999993      -0.59999999999999998      -0.80070338634787264     
  -9.9999999999999978E-002 -0.59999999999999998      -0.99893134565447372     
   2.7755575615628914E-017 -0.59999999999999998      -0.81510029274390328     
  0.10000000000000009      -0.59999999999999998      -0.32054128585588143     
  0.20000000000000009      -0.59999999999999998       0.29786773426608842     
  0.30000000000000016      -0.59999999999999998       0.80097722195793408     
  0.40000000000000013      -0.59999999999999998        1.0011362867539688     
  0.50000000000000011      -0.59999999999999998       0.81577603774882279     
  0.60000000000000009      -0.59999999999999998       0.32385736339179000     
  0.70000000000000007      -0.59999999999999998      -0.29661457276060887     
  0.80000000000000004      -0.59999999999999998      -0.79719011255402006     
  0.90000000000000002      -0.59999999999999998      -0.99824782962097403     
   1.0000000000000000      -0.59999999999999998      -0.79982570334175651     
  -1.0000000000000000      -0.49999999999999994      -0.65567144769842867     
 -0.90000000000000002      -0.49999999999999994      -0.25318078267162830     
 -0.80000000000000004      -0.49999999999999994       0.24613196055255054     
 -0.69999999999999996      -0.49999999999999994       0.65361991494196825     
 -0.59999999999999998      -0.49999999999999994       0.81556711899598355     
 -0.49999999999999994      -0.49999999999999994       0.66563350817045541     
 -0.39999999999999991      -0.49999999999999994       0.26163758532066389     
 -0.29999999999999993      -0.49999999999999994      -0.24225763215408472     
 -0.19999999999999993      -0.49999999999999994      -0.65355703043005853     
  -9.9999999999999978E-002 -0.49999999999999994      -0.81532192441957552     
   2.7755575615628914E-017 -0.49999999999999994      -0.66525270291407368     
  0.10000000000000009      -0.49999999999999994      -0.26157935921555586     
  0.20000000000000009      -0.49999999999999994       0.24316214885847148     
  0.30000000000000016      -0.49999999999999994       0.65378044841196603     
  0.40000000000000013      -0.49999999999999994       0.81712113291043476     
  0.50000000000000011      -0.49999999999999994       0.66580407115109974     
  0.60000000000000009      -0.49999999999999994       0.26428562899229407     
  0.70000000000000007      -0.49999999999999994      -0.24213962704800063     
  0.80000000000000004      -0.49999999999999994      -0.65068951034354761     
  0.90000000000000002      -0.49999999999999994      -0.81476404703575589     
   1.0000000000000000      -0.49999999999999994      -0.65278608413822181     
  -1.0000000000000000      -0.39999999999999991      -0.25772229365687072     
 -0.90000000000000002      -0.39999999999999991       -9.9476683983280315E-002
 -0.80000000000000004      -0.39999999999999991        9.6813586261232196E-002
 -0.69999999999999996      -0.39999999999999991       0.25698283811548400     
 -0.59999999999999998      -0.39999999999999991       0.32061286896067681     
 -0.49999999999999994      -0.39999999999999991       0.26163758532066339     
 -0.39999999999999991      -0.39999999999999991       0.10279888238393275     
 -0.29999999999999993      -0.39999999999999991       -9.5290521781546594E-002
 -0.19999999999999993      -0.39999999999999991      -0.25695822900361659     
  -9.9999999999999978E-002 -0.39999999999999991      -0.32051665309050859     
   2.7755575615628914E-017 -0.39999999999999991      -0.26148815037764367     
  0.10000000000000009      -0.39999999999999991      -0.10277623896029003     
  0.20000000000000009      -0.39999999999999991        9.5645676762045287E-002
  0.30000000000000016      -0.39999999999999991       0.25704595343302034     
  0.40000000000000013      -0.39999999999999991       0.32122339497346458     
  0.50000000000000011      -0.39999999999999991       0.26170469163468019     
  0.60000000000000009      -0.39999999999999991       0.10383975695396488     
  0.70000000000000007      -0.39999999999999991       -9.5244078028749846E-002
  0.80000000000000004      -0.39999999999999991      -0.25583095091484764     
  0.90000000000000002      -0.39999999999999991      -0.32029734761882928     
   1.0000000000000000      -0.39999999999999991      -0.25658782247485995     
  -1.0000000000000000      -0.29999999999999993       0.23863120907576635     
 -0.90000000000000002      -0.29999999999999993        9.2209636818817775E-002
 -0.80000000000000004      -0.29999999999999993       -8.9470935796434392E-002
 -0.69999999999999996      -0.29999999999999993      -0.23777671791317118     
 -0.59999999999999998      -0.29999999999999993      -0.29675909885079310     
 -0.49999999999999994      -0.29999999999999993      -0.24225763215408372     
 -0.39999999999999991      -0.29999999999999993       -9.5290521781546372E-002
 -0.29999999999999993      -0.29999999999999993        8.8061193630760301E-002
 -0.19999999999999993      -0.29999999999999993       0.23775365605849300     
  -9.9999999999999978E-002 -0.29999999999999993       0.29666959971857920     
   2.7755575615628914E-017 -0.29999999999999993       0.24211864079268233     
  0.10000000000000009      -0.29999999999999993        9.5268938449402596E-002
  0.20000000000000009      -0.29999999999999993       -8.8391004109723323E-002
  0.30000000000000016      -0.29999999999999993      -0.23783511974651958     
  0.40000000000000013      -0.29999999999999993      -0.29732517159814170     
  0.50000000000000011      -0.29999999999999993      -0.24231960570222563     
  0.60000000000000009      -0.29999999999999993       -9.6254246477846139E-002
  0.70000000000000007      -0.29999999999999993        8.8018342307001229E-002
  0.80000000000000004      -0.29999999999999993       0.23671027016121227     
  0.90000000000000002      -0.29999999999999993       0.29646659720231539     
   1.0000000000000000      -0.29999999999999993       0.23758161813506992     
  -1.0000000000000000      -0.19999999999999993       0.64377498253404497     
 -0.90000000000000002      -0.19999999999999993       0.24865182493968413     
 -0.80000000000000004      -0.19999999999999993      -0.24155737122211218     
 -0.69999999999999996      -0.19999999999999993      -0.64165268722685653     
 -0.59999999999999998      -0.19999999999999993      -0.80070338634787819     
 -0.49999999999999994      -0.19999999999999993      -0.65355703043006041     
 -0.39999999999999991      -0.19999999999999993      -0.25695822900362369     
 -0.29999999999999993      -0.19999999999999993       0.23775365605849269     
 -0.19999999999999993      -0.19999999999999993       0.64159076837195450     
  -9.9999999999999978E-002 -0.19999999999999993       0.80046237948261190     
   2.7755575615628914E-017 -0.19999999999999993       0.65318273640801294     
  0.10000000000000009      -0.19999999999999993       0.25690066683457652     
  0.20000000000000009      -0.19999999999999993      -0.23864237429942226     
  0.30000000000000016      -0.19999999999999993      -0.64181028373166482     
  0.40000000000000013      -0.19999999999999993      -0.80222969535739197     
  0.50000000000000011      -0.19999999999999993      -0.65372439584395603     
  0.60000000000000009      -0.19999999999999993      -0.25955819756314896     
  0.70000000000000007      -0.19999999999999993       0.23763788872270075     
  0.80000000000000004      -0.19999999999999993       0.63877552296791051     
  0.90000000000000002      -0.19999999999999993       0.79991466084971052     
   1.0000000000000000      -0.19999999999999993       0.64094250688302279     
  -1.0000000000000000       -9.9999999999999978E-002  0.80311913494514620     
 -0.90000000000000002       -9.9999999999999978E-002  0.31015620135226546     
 -0.80000000000000004       -9.9999999999999978E-002 -0.30141499249875697     
 -0.69999999999999996       -9.9999999999999978E-002 -0.80053951384363053     
 -0.59999999999999998       -9.9999999999999978E-002 -0.99893134565447284     
 -0.49999999999999994       -9.9999999999999978E-002 -0.81532192441957352     
 -0.39999999999999991       -9.9999999999999978E-002 -0.32051665309051053     
 -0.29999999999999993       -9.9999999999999978E-002  0.29666959971858053     
 -0.19999999999999993       -9.9999999999999978E-002  0.80046237948261079     
  -9.9999999999999978E-002  -9.9999999999999978E-002  0.99863085025624143     
   2.7755575615628914E-017  -9.9999999999999978E-002  0.81485523748287025     
  0.10000000000000009       -9.9999999999999978E-002  0.32044509048371167     
  0.20000000000000009       -9.9999999999999978E-002 -0.29777790342116922     
  0.30000000000000016       -9.9999999999999978E-002 -0.80073613316148773     
  0.40000000000000013       -9.9999999999999978E-002  -1.0008351303898642     
  0.50000000000000011       -9.9999999999999978E-002 -0.81553078009451052     
  0.60000000000000009       -9.9999999999999978E-002 -0.32376017197775681     
  0.70000000000000007       -9.9999999999999978E-002  0.29652511733120834     
  0.80000000000000004       -9.9999999999999978E-002  0.79695016258731421     
  0.90000000000000002       -9.9999999999999978E-002  0.99794753981213324     
   1.0000000000000000       -9.9999999999999978E-002  0.79958524083355753     
  -1.0000000000000000        2.7755575615628914E-017  0.65529633902605733     
 -0.90000000000000002        2.7755575615628914E-017  0.25303617474941525     
 -0.80000000000000004        2.7755575615628914E-017 -0.24599075153436442     
 -0.69999999999999996        2.7755575615628914E-017 -0.65324558558268808     
 -0.59999999999999998        2.7755575615628914E-017 -0.81510029274390372     
 -0.49999999999999994        2.7755575615628914E-017 -0.66525270291407890     
 -0.39999999999999991        2.7755575615628914E-017 -0.26148815037764755     
 -0.29999999999999993        2.7755575615628914E-017  0.24211864079268378     
 -0.19999999999999993        2.7755575615628914E-017  0.65318273640800628     
  -9.9999999999999978E-002   2.7755575615628914E-017  0.81485523748287270     
   2.7755575615628914E-017   2.7755575615628914E-017  0.66487211406363678     
  0.10000000000000009        2.7755575615628914E-017  0.26142995615263065     
  0.20000000000000009        2.7755575615628914E-017 -0.24302264226047926     
  0.30000000000000016        2.7755575615628914E-017 -0.65340602712292284     
  0.40000000000000013        2.7755575615628914E-017 -0.81665341939630931     
  0.50000000000000011        2.7755575615628914E-017 -0.66542316794063949     
  0.60000000000000009        2.7755575615628914E-017 -0.26413467900721610     
  0.70000000000000007        2.7755575615628914E-017  0.24200070354973977     
  0.80000000000000004        2.7755575615628914E-017  0.65031685772295778     
  0.90000000000000002        2.7755575615628914E-017  0.81429767939402820     
   1.0000000000000000        2.7755575615628914E-017  0.65241262813337442     
  -1.0000000000000000       0.10000000000000009       0.25766493635945314     
 -0.90000000000000002       0.10000000000000009        9.9454769392875980E-002
 -0.80000000000000004       0.10000000000000009       -9.6791662864231492E-002
 -0.69999999999999996       0.10000000000000009      -0.25692527107516938     
 -0.59999999999999998       0.10000000000000009      -0.32054128585588132     
 -0.49999999999999994       0.10000000000000009      -0.26157935921555520     
 -0.39999999999999991       0.10000000000000009      -0.10277623896029044     
 -0.29999999999999993       0.10000000000000009        9.5268938449403096E-002
 -0.19999999999999993       0.10000000000000009       0.25690066683457702     
  -9.9999999999999978E-002  0.10000000000000009       0.32044509048371134     
   2.7755575615628914E-017  0.10000000000000009       0.26142995615262932     
  0.10000000000000009       0.10000000000000009       0.10275359921914506     
  0.20000000000000009       0.10000000000000009       -9.5624016509184590E-002
  0.30000000000000016       0.10000000000000009      -0.25698837226166449     
  0.40000000000000013       0.10000000000000009      -0.32115167768559794     
  0.50000000000000011       0.10000000000000009      -0.26164645023883404     
  0.60000000000000009       0.10000000000000009      -0.10381688178743141     
  0.70000000000000007       0.10000000000000009        9.5222505367227039E-002
  0.80000000000000004       0.10000000000000009       0.25577364047661949     
  0.90000000000000002       0.10000000000000009       0.32022583394695098     
   1.0000000000000000       0.10000000000000009       0.25653071951376505     
  -1.0000000000000000       0.20000000000000009      -0.23952219261320901     
 -0.90000000000000002       0.20000000000000009       -9.2553317047643358E-002
 -0.80000000000000004       0.20000000000000009        8.9806012834482113E-002
 -0.69999999999999996       0.20000000000000009       0.23866552062386848     
 -0.59999999999999998       0.20000000000000009       0.29786773426608060     
 -0.49999999999999994       0.20000000000000009       0.24316214885846960     
 -0.39999999999999991       0.20000000000000009        9.5645676762045245E-002
 -0.29999999999999993       0.20000000000000009       -8.8391004109721255E-002
 -0.19999999999999993       0.20000000000000009      -0.23864237429941773     
  -9.9999999999999978E-002  0.20000000000000009      -0.29777790342116778     
   2.7755575615628914E-017  0.20000000000000009      -0.24302264226047782     
  0.10000000000000009       0.20000000000000009       -9.5624016509184256E-002
  0.20000000000000009       0.20000000000000009        8.8722040284029233E-002
  0.30000000000000016       0.20000000000000009       0.23872414074084344     
  0.40000000000000013       0.20000000000000009       0.29843591599410235     
  0.50000000000000011       0.20000000000000009       0.24322435475993423     
  0.60000000000000009       0.20000000000000009        9.6613000003750241E-002
  0.70000000000000007       0.20000000000000009       -8.8347991887776450E-002
  0.80000000000000004       0.20000000000000009      -0.23759509038534202     
  0.90000000000000002       0.20000000000000009      -0.29757414260596837     
   1.0000000000000000       0.20000000000000009      -0.23846867778020986     
  -1.0000000000000000       0.30000000000000016      -0.64399505778559829     
 -0.90000000000000002       0.30000000000000016      -0.24873671506393852     
 -0.80000000000000004       0.30000000000000016       0.24164013576249896     
 -0.69999999999999996       0.30000000000000016       0.64187222345217376     
 -0.59999999999999998       0.30000000000000016       0.80097722195793508     
 -0.49999999999999994       0.30000000000000016       0.65378044841196459     
 -0.39999999999999991       0.30000000000000016       0.25704595343302139     
 -0.29999999999999993       0.30000000000000016      -0.23783511974651936     
 -0.19999999999999993       0.30000000000000016      -0.64181028373166427     
  -9.9999999999999978E-002  0.30000000000000016      -0.80073613316148817     
   2.7755575615628914E-017  0.30000000000000016      -0.65340602712292362     
  0.10000000000000009       0.30000000000000016      -0.25698837226166404     
  0.20000000000000009       0.30000000000000016       0.23872414074084500     
  0.30000000000000016       0.30000000000000016       0.64202987387363497     
  0.40000000000000013       0.30000000000000016       0.80250405189614160     
  0.50000000000000011       0.30000000000000016       0.65394787121712628     
  0.60000000000000009       0.30000000000000016       0.25964681083911650     
  0.70000000000000007       0.30000000000000016      -0.23771931266906138     
  0.80000000000000004       0.30000000000000016      -0.63899407550978748     
  0.90000000000000002       0.30000000000000016      -0.80018822722673755     
   1.0000000000000000       0.30000000000000016      -0.64116161292601503     
  -1.0000000000000000       0.40000000000000013      -0.80489142098126354     
 -0.90000000000000002       0.40000000000000013      -0.31084010537024737     
 -0.80000000000000004       0.40000000000000013       0.30208103891250404     
 -0.69999999999999996       0.40000000000000013       0.80230699848774656     
 -0.59999999999999998       0.40000000000000013        1.0011362867539777     
 -0.49999999999999994       0.40000000000000013       0.81712113291043664     
 -0.39999999999999991       0.40000000000000013       0.32122339497347929     
 -0.29999999999999993       0.40000000000000013      -0.29732517159814115     
 -0.19999999999999993       0.40000000000000013      -0.80222969535738731     
  -9.9999999999999978E-002  0.40000000000000013       -1.0008351303898624     
   2.7755575615628914E-017  0.40000000000000013      -0.81665341939631897     
  0.10000000000000009       0.40000000000000013      -0.32115167768559783     
  0.20000000000000009       0.40000000000000013       0.29843591599410368     
  0.30000000000000016       0.40000000000000013       0.80250405189613916     
  0.40000000000000013       0.40000000000000013        1.0030442686195409     
  0.50000000000000011       0.40000000000000013       0.81733045032757246     
  0.60000000000000009       0.40000000000000013       0.32447407174959697     
  0.70000000000000007       0.40000000000000013      -0.29718036957564276     
  0.80000000000000004       0.40000000000000013      -0.79870972582946143     
  0.90000000000000002       0.40000000000000013       -1.0001503117455295     
   1.0000000000000000       0.40000000000000013      -0.80134972401193905     
  -1.0000000000000000       0.50000000000000011      -0.65583945729658744     
 -0.90000000000000002       0.50000000000000011      -0.25324571913208632     
 -0.80000000000000004       0.50000000000000011       0.24619492656021597     
 -0.69999999999999996       0.50000000000000011       0.65378729663497848     
 -0.59999999999999998       0.50000000000000011       0.81577603774882468     
 -0.49999999999999994       0.50000000000000011       0.66580407115109852     
 -0.39999999999999991       0.50000000000000011       0.26170469163468130     
 -0.29999999999999993       0.50000000000000011      -0.24231960570222710     
 -0.19999999999999993       0.50000000000000011      -0.65372439584395770     
  -9.9999999999999978E-002  0.50000000000000011      -0.81553078009451174     
   2.7755575615628914E-017  0.50000000000000011      -0.66542316794063983     
  0.10000000000000009       0.50000000000000011      -0.26164645023883393     
  0.20000000000000009       0.50000000000000011       0.24322435475993698     
  0.30000000000000016       0.50000000000000011       0.65394787121712727     
  0.40000000000000013       0.50000000000000011       0.81733045032757690     
  0.50000000000000011       0.50000000000000011       0.66597467773963381     
  0.60000000000000009       0.50000000000000011       0.26435341381666660     
  0.70000000000000007       0.50000000000000011      -0.24220157044982224     
  0.80000000000000004       0.50000000000000011      -0.65085614121506441     
  0.90000000000000002       0.50000000000000011      -0.81497275979467054     
   1.0000000000000000       0.50000000000000011      -0.65295335489603845     
  -1.0000000000000000       0.60000000000000009      -0.26033070574198569     
 -0.90000000000000002       0.60000000000000009      -0.10048391455815539     
 -0.80000000000000004       0.60000000000000009        9.7792723838361309E-002
 -0.69999999999999996       0.60000000000000009       0.25958305689051697     
 -0.59999999999999998       0.60000000000000009       0.32385736339181537     
 -0.49999999999999994       0.60000000000000009       0.26428562899229707     
 -0.39999999999999991       0.60000000000000009       0.10383975695396004     
 -0.29999999999999993       0.60000000000000009       -9.6254246477848360E-002
 -0.19999999999999993       0.60000000000000009      -0.25955819756316900     
  -9.9999999999999978E-002  0.60000000000000009      -0.32376017197775725     
   2.7755575615628914E-017  0.60000000000000009      -0.26413467900722193     
  0.10000000000000009       0.60000000000000009      -0.10381688178743083     
  0.20000000000000009       0.60000000000000009        9.6613000003769642E-002
  0.30000000000000016       0.60000000000000009       0.25964681083911606     
  0.40000000000000013       0.60000000000000009       0.32447407174961129     
  0.50000000000000011       0.60000000000000009       0.26435341381666672     
  0.60000000000000009       0.60000000000000009       0.10489116606843679     
  0.70000000000000007       0.60000000000000009       -9.6207333299934875E-002
  0.80000000000000004       0.60000000000000009      -0.25841951187913426     
  0.90000000000000002       0.60000000000000009      -0.32353864715317643     
   1.0000000000000000       0.60000000000000009      -0.25918475606745456     
  -1.0000000000000000       0.70000000000000007       0.23851497071425323     
 -0.90000000000000002       0.70000000000000007        9.2164695003305194E-002
 -0.80000000000000004       0.70000000000000007       -8.9427397908414738E-002
 -0.69999999999999996       0.70000000000000007      -0.23766093927366905     
 -0.59999999999999998       0.70000000000000007      -0.29661457276060998     
 -0.49999999999999994       0.70000000000000007      -0.24213962704799932     
 -0.39999999999999991       0.70000000000000007       -9.5244078028750886E-002
 -0.29999999999999993       0.70000000000000007        8.8018342307001174E-002
 -0.19999999999999993       0.70000000000000007       0.23763788872270003     
  -9.9999999999999978E-002  0.70000000000000007       0.29652511733120807     
   2.7755575615628914E-017  0.70000000000000007       0.24200070354974104     
  0.10000000000000009       0.70000000000000007        9.5222505367226581E-002
  0.20000000000000009       0.70000000000000007       -8.8347991887776089E-002
  0.30000000000000016       0.70000000000000007      -0.23771931266906093     
  0.40000000000000013       0.70000000000000007      -0.29718036957564470     
  0.50000000000000011       0.70000000000000007      -0.24220157044982146     
  0.60000000000000009       0.70000000000000007       -9.6207333299935624E-002
  0.70000000000000007       0.70000000000000007        8.7975511817551449E-002
  0.80000000000000004       0.70000000000000007       0.23659501096522728     
  0.90000000000000002       0.70000000000000007       0.29632221368354994     
   1.0000000000000000       0.70000000000000007       0.23746589081904523     
  -1.0000000000000000       0.80000000000000004       0.64095038023581719     
 -0.90000000000000002       0.80000000000000004       0.24756098533587029     
 -0.80000000000000004       0.80000000000000004      -0.24049729562392788     
 -0.69999999999999996       0.80000000000000004      -0.63883717051966959     
 -0.59999999999999998       0.80000000000000004      -0.79719011255403660     
 -0.49999999999999994       0.80000000000000004      -0.65068951034355049     
 -0.39999999999999991       0.80000000000000004      -0.25583095091485819     
 -0.29999999999999993       0.80000000000000004       0.23671027016121307     
 -0.19999999999999993       0.80000000000000004       0.63877552296791995     
  -9.9999999999999978E-002  0.80000000000000004       0.79695016258731788     
   2.7755575615628914E-017  0.80000000000000004       0.65031685772297487     
  0.10000000000000009       0.80000000000000004       0.25577364047662060     
  0.20000000000000009       0.80000000000000004      -0.23759509038534754     
  0.30000000000000016       0.80000000000000004      -0.63899407550978871     
  0.40000000000000013       0.80000000000000004      -0.79870972582946875     
  0.50000000000000011       0.80000000000000004      -0.65085614121506408     
  0.60000000000000009       0.80000000000000004      -0.25841951187912082     
  0.70000000000000007       0.80000000000000004       0.23659501096522728     
  0.80000000000000004       0.80000000000000004       0.63597263014842964     
  0.90000000000000002       0.80000000000000004       0.79640484717980731     
   1.0000000000000000       0.80000000000000004       0.63813033337316993     
  -1.0000000000000000       0.90000000000000002       0.80256960716212045     
 -0.90000000000000002       0.90000000000000002       0.30994398469148216     
 -0.80000000000000004       0.90000000000000002      -0.30120874296035627     
 -0.69999999999999996       0.90000000000000002      -0.79999174244605364     
 -0.59999999999999998       0.90000000000000002      -0.99824782962097303     
 -0.49999999999999994       0.90000000000000002      -0.81476404703575389     
 -0.39999999999999991       0.90000000000000002      -0.32029734761883488     
 -0.29999999999999993       0.90000000000000002       0.29646659720231577     
 -0.19999999999999993       0.90000000000000002       0.79991466084970420     
  -9.9999999999999978E-002  0.90000000000000002       0.99794753981213258     
   2.7755575615628914E-017  0.90000000000000002       0.81429767939402609     
  0.10000000000000009       0.90000000000000002       0.32022583394695087     
  0.20000000000000009       0.90000000000000002      -0.29757414260596660     
  0.30000000000000016       0.90000000000000002      -0.80018822722673699     
  0.40000000000000013       0.90000000000000002       -1.0001503117455279     
  0.50000000000000011       0.90000000000000002      -0.81497275979466954     
  0.60000000000000009       0.90000000000000002      -0.32353864715317920     
  0.70000000000000007       0.90000000000000002       0.29632221368355005     
  0.80000000000000004       0.90000000000000002       0.79640484717979942     
  0.90000000000000002       0.90000000000000002       0.99726469692067576     
   1.0000000000000000       0.90000000000000002       0.79903813113183952     
  -1.0000000000000000        1.0000000000000000       0.64301630061165505     
 -0.90000000000000002        1.0000000000000000       0.24829423973377826     
 -0.80000000000000004        1.0000000000000000      -0.24138116737921300     
 -0.69999999999999996        1.0000000000000000      -0.64100417796214371     
 -0.59999999999999998        1.0000000000000000      -0.79982570334175174     
 -0.49999999999999994        1.0000000000000000      -0.65278608413822492     
 -0.39999999999999991        1.0000000000000000      -0.25658782247486633     
 -0.29999999999999993        1.0000000000000000       0.23758161813506901     
 -0.19999999999999993        1.0000000000000000       0.64094250688300747     
  -9.9999999999999978E-002   1.0000000000000000       0.79958524083355709     
   2.7755575615628914E-017   1.0000000000000000       0.65241262813336942     
  0.10000000000000009        1.0000000000000000       0.25653071951376460     
  0.20000000000000009        1.0000000000000000      -0.23846867778020900     
  0.30000000000000016        1.0000000000000000      -0.64116161292601304     
  0.40000000000000013        1.0000000000000000      -0.80134972401191595     
  0.50000000000000011        1.0000000000000000      -0.65295335489603401     
  0.60000000000000009        1.0000000000000000      -0.25918475606744379     
  0.70000000000000007        1.0000000000000000       0.23746589081904251     
  0.80000000000000004        1.0000000000000000       0.63813033337314029     
  0.90000000000000002        1.0000000000000000       0.79903813113183775     
   1.0000000000000000        1.0000000000000000       0.64018662852545893     
