  -1.0000000000000000       -1.0000000000000000       0.93836527175575624     
 -0.90000000000000002       -1.0000000000000000       0.67202311707093654     
 -0.80000000000000004       -1.0000000000000000       0.16068987586298783     
 -0.69999999999999996       -1.0000000000000000      -0.40739405547656993     
 -0.59999999999999998       -1.0000000000000000      -0.81928701009410676     
 -0.49999999999999994       -1.0000000000000000      -0.92308021712851063     
 -0.39999999999999991       -1.0000000000000000      -0.66925167329194413     
 -0.29999999999999993       -1.0000000000000000      -0.16322338312972326     
 -0.19999999999999993       -1.0000000000000000       0.42399835717007134     
  -9.9999999999999978E-002  -1.0000000000000000       0.85219418601864205     
   2.7755575615628914E-017  -1.0000000000000000       0.95813733285871583     
  0.10000000000000009       -1.0000000000000000       0.69570277573075434     
  0.20000000000000009       -1.0000000000000000       0.16978869906950173     
  0.30000000000000016       -1.0000000000000000      -0.42258058406554494     
  0.40000000000000013       -1.0000000000000000      -0.85230850776673106     
  0.50000000000000011       -1.0000000000000000      -0.95706876143054354     
  0.60000000000000009       -1.0000000000000000      -0.69623243010038838     
  0.70000000000000007       -1.0000000000000000      -0.16910910264197834     
  0.80000000000000004       -1.0000000000000000       0.42164796195051801     
  0.90000000000000002       -1.0000000000000000       0.85144676730402757     
   1.0000000000000000       -1.0000000000000000       0.94114511617454055     
  -1.0000000000000000      -0.90000000000000002       0.67202311707093132     
 -0.90000000000000002      -0.90000000000000002       0.48115450206402544     
 -0.80000000000000004      -0.90000000000000002       0.11488026012004612     
 -0.69999999999999996      -0.90000000000000002      -0.29196258656136137     
 -0.59999999999999998      -0.90000000000000002      -0.58686706167455183     
 -0.49999999999999994      -0.90000000000000002      -0.66107691739520569     
 -0.39999999999999991      -0.90000000000000002      -0.47916795673565377     
 -0.29999999999999993      -0.90000000000000002      -0.11669257495179236     
 -0.19999999999999993      -0.90000000000000002       0.30386282978043899     
  -9.9999999999999978E-002 -0.90000000000000002       0.61044020082625949     
   2.7755575615628914E-017 -0.90000000000000002       0.68618473655507062     
  0.10000000000000009      -0.90000000000000002       0.49810857496110739     
  0.20000000000000009      -0.90000000000000002       0.12138898047928362     
  0.30000000000000016      -0.90000000000000002      -0.30284596918881768     
  0.40000000000000013      -0.90000000000000002      -0.61052114030094395     
  0.50000000000000011      -0.90000000000000002      -0.68541876362350429     
  0.60000000000000009      -0.90000000000000002      -0.49848729313900592     
  0.70000000000000007      -0.90000000000000002      -0.12090129386149620     
  0.80000000000000004      -0.90000000000000002       0.30217877211515554     
  0.90000000000000002      -0.90000000000000002       0.60990490325087310     
   1.0000000000000000      -0.90000000000000002       0.67401601160100599     
  -1.0000000000000000      -0.80000000000000004       0.16068987586297862     
 -0.90000000000000002      -0.80000000000000004       0.11488026012004941     
 -0.80000000000000004      -0.80000000000000004        2.7194806587795974E-002
 -0.69999999999999996      -0.80000000000000004       -7.0089291800159020E-002
 -0.59999999999999998      -0.80000000000000004      -0.14049745189541224     
 -0.49999999999999994      -0.80000000000000004      -0.15807304129973743     
 -0.39999999999999991      -0.80000000000000004      -0.11440286346419647     
 -0.29999999999999993      -0.80000000000000004       -2.7625284216858798E-002
 -0.19999999999999993      -0.80000000000000004        7.2946948663118197E-002
  -9.9999999999999978E-002 -0.80000000000000004       0.14614264511369532     
   2.7755575615628914E-017 -0.80000000000000004       0.16407829193300383     
  0.10000000000000009      -0.80000000000000004       0.11892811499484179     
  0.20000000000000009      -0.80000000000000004        2.8740795167729302E-002
  0.30000000000000016      -0.80000000000000004       -7.2701739531948681E-002
  0.40000000000000013      -0.80000000000000004      -0.14616071681121370     
  0.50000000000000011      -0.80000000000000004      -0.16389417490868013     
  0.60000000000000009      -0.80000000000000004      -0.11901784631684661     
  0.70000000000000007      -0.80000000000000004       -2.8622830969724119E-002
  0.80000000000000004      -0.80000000000000004        7.2543182678899115E-002
  0.90000000000000002      -0.80000000000000004       0.14601461597352725     
   1.0000000000000000      -0.80000000000000004       0.16116924784504807     
  -1.0000000000000000      -0.69999999999999996      -0.40739405547656793     
 -0.90000000000000002      -0.69999999999999996      -0.29196258656136087     
 -0.80000000000000004      -0.69999999999999996       -7.0089291800163475E-002
 -0.69999999999999996      -0.69999999999999996       0.17654314101306343     
 -0.59999999999999998      -0.69999999999999996       0.35549503970078872     
 -0.49999999999999994      -0.69999999999999996       0.40075735141686158     
 -0.39999999999999991      -0.69999999999999996       0.29076218311392060     
 -0.29999999999999993      -0.69999999999999996        7.1192622917160470E-002
 -0.19999999999999993      -0.69999999999999996      -0.18373755939851383     
  -9.9999999999999978E-002 -0.69999999999999996      -0.36977167763634977     
   2.7755575615628914E-017 -0.69999999999999996      -0.41597557187073098     
  0.10000000000000009      -0.69999999999999996      -0.30225039982820057     
  0.20000000000000009      -0.69999999999999996       -7.4051815084023767E-002
  0.30000000000000016      -0.69999999999999996       0.18312447381361210     
  0.40000000000000013      -0.69999999999999996       0.36982282938088534     
  0.50000000000000011      -0.69999999999999996       0.41551278851032436     
  0.60000000000000009      -0.69999999999999996       0.30248132849818027     
  0.70000000000000007      -0.69999999999999996        7.3758367413896561E-002
  0.80000000000000004      -0.69999999999999996      -0.18271841345105580     
  0.90000000000000002      -0.69999999999999996      -0.36944722173958250     
   1.0000000000000000      -0.69999999999999996      -0.40859756459559132     
  -1.0000000000000000      -0.59999999999999998      -0.81928701009409388     
 -0.90000000000000002      -0.59999999999999998      -0.58686706167454628     
 -0.80000000000000004      -0.59999999999999998      -0.14049745189540266     
 -0.69999999999999996      -0.59999999999999998       0.35549503970079382     
 -0.59999999999999998      -0.59999999999999998       0.71519684118209770     
 -0.49999999999999994      -0.59999999999999998       0.80594122489168085     
 -0.39999999999999991      -0.59999999999999998       0.58444904326015512     
 -0.29999999999999993      -0.59999999999999998       0.14271153937346098     
 -0.19999999999999993      -0.59999999999999998      -0.36998345578698516     
  -9.9999999999999978E-002 -0.59999999999999998      -0.74392192005782665     
   2.7755575615628914E-017 -0.59999999999999998      -0.83654842249894512     
  0.10000000000000009      -0.59999999999999998      -0.60754619695681300     
  0.20000000000000009      -0.59999999999999998      -0.14844912891892179     
  0.30000000000000016      -0.59999999999999998       0.36874709373910175     
  0.40000000000000013      -0.59999999999999998       0.74402266372935444     
  0.50000000000000011      -0.59999999999999998       0.83561615012619361     
  0.60000000000000009      -0.59999999999999998       0.60800923663017514     
  0.70000000000000007      -0.59999999999999998       0.14785675287690925     
  0.80000000000000004      -0.59999999999999998      -0.36793211138695092     
  0.90000000000000002      -0.59999999999999998      -0.74326937188869358     
   1.0000000000000000      -0.59999999999999998      -0.82171203173076002     
  -1.0000000000000000      -0.49999999999999994      -0.92308021712850918     
 -0.90000000000000002      -0.49999999999999994      -0.66107691739520935     
 -0.80000000000000004      -0.49999999999999994      -0.15807304129973743     
 -0.69999999999999996      -0.49999999999999994       0.40075735141686025     
 -0.59999999999999998      -0.49999999999999994       0.80594122489167475     
 -0.49999999999999994      -0.49999999999999994       0.90804413988846777     
 -0.39999999999999991      -0.49999999999999994       0.65835062338488159     
 -0.29999999999999993      -0.49999999999999994       0.16056528708705664     
 -0.19999999999999993      -0.49999999999999994      -0.41709115665930474     
  -9.9999999999999978E-002 -0.49999999999999994      -0.83831235498778434     
   2.7755575615628914E-017 -0.49999999999999994      -0.94253020559364931     
  0.10000000000000009      -0.49999999999999994      -0.68437087188530643     
  0.20000000000000009      -0.49999999999999994      -0.16702367790462089     
  0.30000000000000016      -0.49999999999999994       0.41569648255715252     
  0.40000000000000013      -0.49999999999999994       0.83842481756872134     
  0.50000000000000011      -0.49999999999999994       0.94147904241758817     
  0.60000000000000009      -0.49999999999999994       0.68489190064893057     
  0.70000000000000007      -0.49999999999999994       0.16635515460886063     
  0.80000000000000004      -0.49999999999999994      -0.41477904968653728     
  0.90000000000000002      -0.49999999999999994      -0.83757711107797761     
   1.0000000000000000      -0.49999999999999994      -0.92581477395193024     
  -1.0000000000000000      -0.39999999999999991      -0.66925167329193180     
 -0.90000000000000002      -0.39999999999999991      -0.47916795673564949     
 -0.80000000000000004      -0.39999999999999991      -0.11440286346419534     
 -0.69999999999999996      -0.39999999999999991       0.29076218311391805     
 -0.59999999999999998      -0.39999999999999991       0.58444904326014957     
 -0.49999999999999994      -0.39999999999999991       0.65835062338488270     
 -0.39999999999999991      -0.39999999999999991       0.47718957247986171     
 -0.29999999999999993      -0.39999999999999991       0.11620766639816804     
 -0.19999999999999993      -0.39999999999999991      -0.30261350980187857     
  -9.9999999999999978E-002 -0.39999999999999991      -0.60792507881683411     
   2.7755575615628914E-017 -0.39999999999999991      -0.68335491866265563     
  0.10000000000000009      -0.39999999999999991      -0.49605203003391302     
  0.20000000000000009      -0.39999999999999991      -0.12088460517583001     
  0.30000000000000016      -0.39999999999999991       0.30160081551749851     
  0.40000000000000013      -0.39999999999999991       0.60800566756472818     
  0.50000000000000011      -0.39999999999999991       0.68259209191528891     
  0.60000000000000009      -0.39999999999999991       0.49642917546761184     
  0.70000000000000007      -0.39999999999999991       0.12039891193296211     
  0.80000000000000004      -0.39999999999999991      -0.30093638294128977     
  0.90000000000000002      -0.39999999999999991      -0.60739198840389175     
   1.0000000000000000      -0.39999999999999991      -0.67123638665283414     
  -1.0000000000000000      -0.29999999999999993      -0.16322338312972268     
 -0.90000000000000002      -0.29999999999999993      -0.11669257495179428     
 -0.80000000000000004      -0.29999999999999993       -2.7625284216860106E-002
 -0.69999999999999996      -0.29999999999999993        7.1192622917161510E-002
 -0.59999999999999998      -0.29999999999999993       0.14271153937346201     
 -0.49999999999999994      -0.29999999999999993       0.16056528708705758     
 -0.39999999999999991      -0.29999999999999993       0.11620766639817080     
 -0.29999999999999993      -0.29999999999999993        2.8062567086472659E-002
 -0.19999999999999993      -0.29999999999999993       -7.4095259167753433E-002
  -9.9999999999999978E-002 -0.29999999999999993      -0.14844568408306300     
   2.7755575615628914E-017 -0.29999999999999993      -0.16666520902168419     
  0.10000000000000009      -0.29999999999999993      -0.12080428811079277     
  0.20000000000000009      -0.29999999999999993       -2.9195711998971002E-002
  0.30000000000000016      -0.29999999999999993        7.3846196834470149E-002
  0.40000000000000013      -0.29999999999999993       0.14846404870606494     
  0.50000000000000011      -0.29999999999999993       0.16647819512679929     
  0.60000000000000009      -0.29999999999999993       0.12089543932670446     
  0.70000000000000007      -0.29999999999999993        2.9075896325234454E-002
  0.80000000000000004      -0.29999999999999993       -7.3685134092281501E-002
  0.90000000000000002      -0.29999999999999993      -0.14831563659491473     
   1.0000000000000000      -0.29999999999999993      -0.16371029548026997     
  -1.0000000000000000      -0.19999999999999993       0.42399835717005685     
 -0.90000000000000002      -0.19999999999999993       0.30386282978043327     
 -0.80000000000000004      -0.19999999999999993        7.2946948663094688E-002
 -0.69999999999999996      -0.19999999999999993      -0.18373755939852085     
 -0.59999999999999998      -0.19999999999999993      -0.36998345578700315     
 -0.49999999999999994      -0.19999999999999993      -0.41709115665930824     
 -0.39999999999999991      -0.19999999999999993      -0.30261350980187740     
 -0.29999999999999993      -0.19999999999999993       -7.4095259167753613E-002
 -0.19999999999999993      -0.19999999999999993       0.19122515884616934     
  -9.9999999999999978E-002 -0.19999999999999993       0.38484194048349607     
   2.7755575615628914E-017 -0.19999999999999993       0.43292962549146413     
  0.10000000000000009      -0.19999999999999993       0.31456996930975056     
  0.20000000000000009      -0.19999999999999993        7.7071011647696017E-002
  0.30000000000000016      -0.19999999999999993      -0.19058709305790567     
  0.40000000000000013      -0.19999999999999993      -0.38489518172141390     
  0.50000000000000011      -0.19999999999999993      -0.43244798382317468     
  0.60000000000000009      -0.19999999999999993      -0.31481031303541851     
  0.70000000000000007      -0.19999999999999993       -7.6765608760058474E-002
  0.80000000000000004      -0.19999999999999993       0.19016447919428134     
  0.90000000000000002      -0.19999999999999993       0.38450426074519040     
   1.0000000000000000      -0.19999999999999993       0.42525090776532948     
  -1.0000000000000000       -9.9999999999999978E-002  0.85219418601863461     
 -0.90000000000000002       -9.9999999999999978E-002  0.61044020082625861     
 -0.80000000000000004       -9.9999999999999978E-002  0.14614264511369551     
 -0.69999999999999996       -9.9999999999999978E-002 -0.36977167763634899     
 -0.59999999999999998       -9.9999999999999978E-002 -0.74392192005782820     
 -0.49999999999999994       -9.9999999999999978E-002 -0.83831235498778356     
 -0.39999999999999991       -9.9999999999999978E-002 -0.60792507881683699     
 -0.29999999999999993       -9.9999999999999978E-002 -0.14844568408306186     
 -0.19999999999999993       -9.9999999999999978E-002  0.38484194048349729     
  -9.9999999999999978E-002  -9.9999999999999978E-002  0.77380069683253383     
   2.7755575615628914E-017  -9.9999999999999978E-002  0.87014889786096117     
  0.10000000000000009       -9.9999999999999978E-002  0.63194997148138587     
  0.20000000000000009       -9.9999999999999978E-002  0.15441378244696718     
  0.30000000000000016       -9.9999999999999978E-002 -0.38355593440067193     
  0.40000000000000013       -9.9999999999999978E-002 -0.77390549639217887     
  0.50000000000000011       -9.9999999999999978E-002 -0.86917918728015264     
  0.60000000000000009       -9.9999999999999978E-002 -0.63243161552047589     
  0.70000000000000007       -9.9999999999999978E-002 -0.15379762320423090     
  0.80000000000000004       -9.9999999999999978E-002  0.38270821059517068     
  0.90000000000000002       -9.9999999999999978E-002  0.77312193890177516     
   1.0000000000000000       -9.9999999999999978E-002  0.85471658924962368     
  -1.0000000000000000        2.7755575615628914E-017  0.95813733285868707     
 -0.90000000000000002        2.7755575615628914E-017  0.68618473655506518     
 -0.80000000000000004        2.7755575615628914E-017  0.16407829193299217     
 -0.69999999999999996        2.7755575615628914E-017 -0.41597557187073503     
 -0.59999999999999998        2.7755575615628914E-017 -0.83654842249894479     
 -0.49999999999999994        2.7755575615628914E-017 -0.94253020559365697     
 -0.39999999999999991        2.7755575615628914E-017 -0.68335491866265818     
 -0.29999999999999993        2.7755575615628914E-017 -0.16666520902168128     
 -0.19999999999999993        2.7755575615628914E-017  0.43292962549146241     
  -9.9999999999999978E-002   2.7755575615628914E-017  0.87014889786096206     
   2.7755575615628914E-017   2.7755575615628914E-017  0.97832598592296482     
  0.10000000000000009        2.7755575615628914E-017  0.71036340023024758     
  0.20000000000000009        2.7755575615628914E-017  0.17336893052318231     
  0.30000000000000016        2.7755575615628914E-017 -0.43148199808182647     
  0.40000000000000013        2.7755575615628914E-017 -0.87026564040810206     
  0.50000000000000011        2.7755575615628914E-017 -0.97723490786259015     
  0.60000000000000009        2.7755575615628914E-017 -0.71090422251215435     
  0.70000000000000007        2.7755575615628914E-017 -0.17267502706879478     
  0.80000000000000004        2.7755575615628914E-017  0.43052971585307137     
  0.90000000000000002        2.7755575615628914E-017  0.86938573078253623     
   1.0000000000000000        2.7755575615628914E-017  0.96097572425320665     
  -1.0000000000000000       0.10000000000000009       0.69570277573075134     
 -0.90000000000000002       0.10000000000000009       0.49810857496110944     
 -0.80000000000000004       0.10000000000000009       0.11892811499484139     
 -0.69999999999999996       0.10000000000000009      -0.30225039982820040     
 -0.59999999999999998       0.10000000000000009      -0.60754619695681122     
 -0.49999999999999994       0.10000000000000009      -0.68437087188530454     
 -0.39999999999999991       0.10000000000000009      -0.49605203003391463     
 -0.29999999999999993       0.10000000000000009      -0.12080428811079227     
 -0.19999999999999993       0.10000000000000009       0.31456996930975190     
  -9.9999999999999978E-002  0.10000000000000009       0.63194997148138765     
   2.7755575615628914E-017  0.10000000000000009       0.71036340023024658     
  0.10000000000000009       0.10000000000000009       0.51566004551230449     
  0.20000000000000009       0.10000000000000009       0.12566617496385560     
  0.30000000000000016       0.10000000000000009      -0.31351727741747376     
  0.40000000000000013       0.10000000000000009      -0.63203376246110654     
  0.50000000000000011       0.10000000000000009      -0.70957043680677001     
  0.60000000000000009       0.10000000000000009      -0.51605210801861645     
  0.70000000000000007       0.10000000000000009      -0.12516130349834564     
  0.80000000000000004       0.10000000000000009       0.31282657113374801     
  0.90000000000000002       0.10000000000000009       0.63139581194824557     
   1.0000000000000000       0.10000000000000009       0.69776589377845399     
  -1.0000000000000000       0.20000000000000009       0.16978869906948874     
 -0.90000000000000002       0.20000000000000009       0.12138898047928796     
 -0.80000000000000004       0.20000000000000009        2.8740795167744637E-002
 -0.69999999999999996       0.20000000000000009       -7.4051815084020353E-002
 -0.59999999999999998       0.20000000000000009      -0.14844912891890866     
 -0.49999999999999994       0.20000000000000009      -0.16702367790462250     
 -0.39999999999999991       0.20000000000000009      -0.12088460517583328     
 -0.29999999999999993       0.20000000000000009       -2.9195711998970558E-002
 -0.19999999999999993       0.20000000000000009        7.7071011647699889E-002
  -9.9999999999999978E-002  0.20000000000000009       0.15441378244696849     
   2.7755575615628914E-017  0.20000000000000009       0.17336893052318209     
  0.10000000000000009       0.20000000000000009       0.12566617496385568     
  0.20000000000000009       0.20000000000000009        3.0374553477921246E-002
  0.30000000000000016       0.20000000000000009       -7.6811963937273908E-002
  0.40000000000000013       0.20000000000000009      -0.15443290601405968     
  0.50000000000000011       0.20000000000000009      -0.17317440960945191     
  0.60000000000000009       0.20000000000000009      -0.12576100559162204     
  0.70000000000000007       0.20000000000000009       -3.0249939870438343E-002
  0.80000000000000004       0.20000000000000009        7.6644407218787874E-002
  0.90000000000000002       0.20000000000000009       0.15427850456825953     
   1.0000000000000000       0.20000000000000009       0.17029515137315304     
  -1.0000000000000000       0.30000000000000016      -0.42258058406554300     
 -0.90000000000000002       0.30000000000000016      -0.30284596918881573     
 -0.80000000000000004       0.30000000000000016       -7.2701739531948056E-002
 -0.69999999999999996       0.30000000000000016       0.18312447381361138     
 -0.59999999999999998       0.30000000000000016       0.36874709373910181     
 -0.49999999999999994       0.30000000000000016       0.41569648255715119     
 -0.39999999999999991       0.30000000000000016       0.30160081551750106     
 -0.29999999999999993       0.30000000000000016        7.3846196834468941E-002
 -0.19999999999999993       0.30000000000000016      -0.19058709305790320     
  -9.9999999999999978E-002  0.30000000000000016      -0.38355593440067093     
   2.7755575615628914E-017  0.30000000000000016      -0.43148199808182403     
  0.10000000000000009       0.30000000000000016      -0.31351727741747287     
  0.20000000000000009       0.30000000000000016       -7.6811963937273478E-002
  0.30000000000000016       0.30000000000000016       0.18995115116652347     
  0.40000000000000013       0.30000000000000016       0.38360899159784340     
  0.50000000000000011       0.30000000000000016       0.43100196242208239     
  0.60000000000000009       0.30000000000000016       0.31375681360759800     
  0.70000000000000007       0.30000000000000016        7.6507575922012058E-002
  0.80000000000000004       0.30000000000000016      -0.18952995503898445     
  0.90000000000000002       0.30000000000000016      -0.38321938365098529     
   1.0000000000000000       0.30000000000000016      -0.42382895969758416     
  -1.0000000000000000       0.40000000000000013      -0.85230850776668365     
 -0.90000000000000002       0.40000000000000013      -0.61052114030093707     
 -0.80000000000000004       0.40000000000000013      -0.14616071681119672     
 -0.69999999999999996       0.40000000000000013       0.36982282938089006     
 -0.59999999999999998       0.40000000000000013       0.74402266372937098     
 -0.49999999999999994       0.40000000000000013       0.83842481756872744     
 -0.39999999999999991       0.40000000000000013       0.60800566756473839     
 -0.29999999999999993       0.40000000000000013       0.14846404870606225     
 -0.19999999999999993       0.40000000000000013      -0.38489518172140580     
  -9.9999999999999978E-002  0.40000000000000013      -0.77390549639217598     
   2.7755575615628914E-017  0.40000000000000013      -0.87026564040811139     
  0.10000000000000009       0.40000000000000013      -0.63203376246110654     
  0.20000000000000009       0.40000000000000013      -0.15443290601406609     
  0.30000000000000016       0.40000000000000013       0.38360899159784295     
  0.40000000000000013       0.40000000000000013       0.77401030285263539     
  0.50000000000000011       0.40000000000000013       0.86929579436651128     
  0.60000000000000009       0.40000000000000013       0.63251546650403201     
  0.70000000000000007       0.40000000000000013       0.15381665656596566     
  0.80000000000000004       0.40000000000000013      -0.38276115953966938     
  0.90000000000000002       0.40000000000000013      -0.77322664722678047     
   1.0000000000000000       0.40000000000000013      -0.85483126525903752     
  -1.0000000000000000       0.50000000000000011      -0.95706876143054087     
 -0.90000000000000002       0.50000000000000011      -0.68541876362350629     
 -0.80000000000000004       0.50000000000000011      -0.16389417490868166     
 -0.69999999999999996       0.50000000000000011       0.41551278851032269     
 -0.59999999999999998       0.50000000000000011       0.83561615012619594     
 -0.49999999999999994       0.50000000000000011       0.94147904241758373     
 -0.39999999999999991       0.50000000000000011       0.68259209191529180     
 -0.29999999999999993       0.50000000000000011       0.16647819512679854     
 -0.19999999999999993       0.50000000000000011      -0.43244798382317751     
  -9.9999999999999978E-002  0.50000000000000011      -0.86917918728015187     
   2.7755575615628914E-017  0.50000000000000011      -0.97723490786259015     
  0.10000000000000009       0.50000000000000011      -0.70957043680676868     
  0.20000000000000009       0.50000000000000011      -0.17317440960945157     
  0.30000000000000016       0.50000000000000011       0.43100196242208366     
  0.40000000000000013       0.50000000000000011       0.86929579436651572     
  0.50000000000000011       0.50000000000000011       0.97614504268617497     
  0.60000000000000009       0.50000000000000011       0.71011065254346917     
  0.70000000000000007       0.50000000000000011       0.17248127448913195     
  0.80000000000000004       0.50000000000000011      -0.43005074625326073     
  0.90000000000000002       0.50000000000000011      -0.86841687119859212     
   1.0000000000000000       0.50000000000000011      -0.95990399895532663     
  -1.0000000000000000       0.60000000000000009      -0.69623243010035674     
 -0.90000000000000002       0.60000000000000009      -0.49848729313900536     
 -0.80000000000000004       0.60000000000000009      -0.11901784631683822     
 -0.69999999999999996       0.60000000000000009       0.30248132849817799     
 -0.59999999999999998       0.60000000000000009       0.60800923663018347     
 -0.49999999999999994       0.60000000000000009       0.68489190064893324     
 -0.39999999999999991       0.60000000000000009       0.49642917546760984     
 -0.29999999999999993       0.60000000000000009       0.12089543932670400     
 -0.19999999999999993       0.60000000000000009      -0.31481031303543411     
  -9.9999999999999978E-002  0.60000000000000009      -0.63243161552047533     
   2.7755575615628914E-017  0.60000000000000009      -0.71090422251215601     
  0.10000000000000009       0.60000000000000009      -0.51605210801861734     
  0.20000000000000009       0.60000000000000009      -0.12576100559161096     
  0.30000000000000016       0.60000000000000009       0.31375681360759666     
  0.40000000000000013       0.60000000000000009       0.63251546650403645     
  0.50000000000000011       0.60000000000000009       0.71011065254346828     
  0.60000000000000009       0.60000000000000009       0.51644446657170329     
  0.70000000000000007       0.60000000000000009       0.12525574576176404     
  0.80000000000000004       0.60000000000000009      -0.31306558436880555     
  0.90000000000000002       0.60000000000000009      -0.63187703399832118     
   1.0000000000000000       0.60000000000000009      -0.69829712725182846     
  -1.0000000000000000       0.70000000000000007      -0.16910910264197873     
 -0.90000000000000002       0.70000000000000007      -0.12090129386149748     
 -0.80000000000000004       0.70000000000000007       -2.8622830969723054E-002
 -0.69999999999999996       0.70000000000000007        7.3758367413896575E-002
 -0.59999999999999998       0.70000000000000007       0.14785675287690953     
 -0.49999999999999994       0.70000000000000007       0.16635515460885994     
 -0.39999999999999991       0.70000000000000007       0.12039891193296276     
 -0.29999999999999993       0.70000000000000007        2.9075896325235114E-002
 -0.19999999999999993       0.70000000000000007       -7.6765608760061332E-002
  -9.9999999999999978E-002  0.70000000000000007      -0.15379762320423171     
   2.7755575615628914E-017  0.70000000000000007      -0.17267502706879423     
  0.10000000000000009       0.70000000000000007      -0.12516130349834523     
  0.20000000000000009       0.70000000000000007       -3.0249939870435352E-002
  0.30000000000000016       0.70000000000000007        7.6507575922012711E-002
  0.40000000000000013       0.70000000000000007       0.15381665656596688     
  0.50000000000000011       0.70000000000000007       0.17248127448913167     
  0.60000000000000009       0.70000000000000007       0.12525574576176260     
  0.70000000000000007       0.70000000000000007        3.0125810641943807E-002
  0.80000000000000004       0.70000000000000007       -7.6340700287784113E-002
  0.90000000000000002       0.70000000000000007      -0.15366288644403958     
   1.0000000000000000       0.70000000000000007      -0.16961355810794118     
  -1.0000000000000000       0.80000000000000004       0.42164796195050069     
 -0.90000000000000002       0.80000000000000004       0.30217877211515232     
 -0.80000000000000004       0.80000000000000004        7.2543182678883864E-002
 -0.69999999999999996       0.80000000000000004      -0.18271841345106260     
 -0.59999999999999998       0.80000000000000004      -0.36793211138698517     
 -0.49999999999999994       0.80000000000000004      -0.41477904968654428     
 -0.39999999999999991       0.80000000000000004      -0.30093638294130759     
 -0.29999999999999993       0.80000000000000004       -7.3685134092281543E-002
 -0.19999999999999993       0.80000000000000004       0.19016447919428237     
  -9.9999999999999978E-002  0.80000000000000004       0.38270821059517207     
   2.7755575615628914E-017  0.80000000000000004       0.43052971585309724     
  0.10000000000000009       0.80000000000000004       0.31282657113375339     
  0.20000000000000009       0.80000000000000004        7.6644407218797214E-002
  0.30000000000000016       0.80000000000000004      -0.18952995503898684     
  0.40000000000000013       0.80000000000000004      -0.38276115953968304     
  0.50000000000000011       0.80000000000000004      -0.43005074625326317     
  0.60000000000000009       0.80000000000000004      -0.31306558436881454     
  0.70000000000000007       0.80000000000000004       -7.6340700287782420E-002
  0.80000000000000004       0.80000000000000004       0.18910968176253709     
  0.90000000000000002       0.80000000000000004       0.38237240283022994     
   1.0000000000000000       0.80000000000000004       0.42289356289037278     
  -1.0000000000000000       0.90000000000000002       0.85144676730402702     
 -0.90000000000000002       0.90000000000000002       0.60990490325087210     
 -0.80000000000000004       0.90000000000000002       0.14601461597353058     
 -0.69999999999999996       0.90000000000000002      -0.36944722173958111     
 -0.59999999999999998       0.90000000000000002      -0.74326937188869668     
 -0.49999999999999994       0.90000000000000002      -0.83757711107797517     
 -0.39999999999999991       0.90000000000000002      -0.60739198840389919     
 -0.29999999999999993       0.90000000000000002      -0.14831563659491304     
 -0.19999999999999993       0.90000000000000002       0.38450426074518601     
  -9.9999999999999978E-002  0.90000000000000002       0.77312193890177228     
   2.7755575615628914E-017  0.90000000000000002       0.86938573078253689     
  0.10000000000000009       0.90000000000000002       0.63139581194824468     
  0.20000000000000009       0.90000000000000002       0.15427850456826184     
  0.30000000000000016       0.90000000000000002      -0.38321938365098440     
  0.40000000000000013       0.90000000000000002      -0.77322664722678136     
  0.50000000000000011       0.90000000000000002      -0.86841687119858979     
  0.60000000000000009       0.90000000000000002      -0.63187703399832595     
  0.70000000000000007       0.90000000000000002      -0.15366288644403928     
  0.80000000000000004       0.90000000000000002       0.38237240283022267     
  0.90000000000000002       0.90000000000000002       0.77244377629510197     
   1.0000000000000000       0.90000000000000002       0.85396695675536172     
  -1.0000000000000000        1.0000000000000000       0.94114511617448082     
 -0.90000000000000002        1.0000000000000000       0.67401601160099922     
 -0.80000000000000004        1.0000000000000000       0.16116924784503167     
 -0.69999999999999996        1.0000000000000000      -0.40859756459559149     
 -0.59999999999999998        1.0000000000000000      -0.82171203173075535     
 -0.49999999999999994        1.0000000000000000      -0.92581477395193523     
 -0.39999999999999991        1.0000000000000000      -0.67123638665283158     
 -0.29999999999999993        1.0000000000000000      -0.16371029548026600     
 -0.19999999999999993        1.0000000000000000       0.42525090776532393     
  -9.9999999999999978E-002   1.0000000000000000       0.85471658924962002     
   2.7755575615628914E-017   1.0000000000000000       0.96097572425319511     
  0.10000000000000009        1.0000000000000000       0.69776589377845422     
  0.20000000000000009        1.0000000000000000       0.17029515137314721     
  0.30000000000000016        1.0000000000000000      -0.42382895969758239     
  0.40000000000000013        1.0000000000000000      -0.85483126525901898     
  0.50000000000000011        1.0000000000000000      -0.95990399895531986     
  0.60000000000000009        1.0000000000000000      -0.69829712725180859     
  0.70000000000000007        1.0000000000000000      -0.16961355810794101     
  0.80000000000000004        1.0000000000000000       0.42289356289033936     
  0.90000000000000002        1.0000000000000000       0.85396695675535850     
   1.0000000000000000        1.0000000000000000       0.94393316117147896     
