  -1.0000000000000000       -1.0000000000000000       0.95487250760887565     
 -0.90000000000000002       -1.0000000000000000       0.79454419051747860     
 -0.80000000000000004       -1.0000000000000000       0.34263225452283741     
 -0.69999999999999996       -1.0000000000000000      -0.23377649294270370     
 -0.59999999999999998       -1.0000000000000000      -0.72270380048452598     
 -0.49999999999999994       -1.0000000000000000      -0.93837152394095968     
 -0.39999999999999991       -1.0000000000000000      -0.79283666612320847     
 -0.29999999999999993       -1.0000000000000000      -0.34627170441266597     
 -0.19999999999999993       -1.0000000000000000       0.24275558692537361     
  -9.9999999999999978E-002  -1.0000000000000000       0.75065734701709086     
   2.7755575615628914E-017  -1.0000000000000000       0.97287432988029121     
  0.10000000000000009       -1.0000000000000000       0.82255380300116487     
  0.20000000000000009       -1.0000000000000000       0.35841863065359025     
  0.30000000000000016       -1.0000000000000000      -0.24246494242891337     
  0.40000000000000013       -1.0000000000000000      -0.75158861652972087     
  0.50000000000000011       -1.0000000000000000      -0.97255459248133336     
  0.60000000000000009       -1.0000000000000000      -0.82391527826050792     
  0.70000000000000007       -1.0000000000000000      -0.35877503044666670     
  0.80000000000000004       -1.0000000000000000       0.24040212508660980     
  0.90000000000000002       -1.0000000000000000       0.74979813461821876     
   1.0000000000000000       -1.0000000000000000       0.95512651784541536     
  -1.0000000000000000      -0.90000000000000002       0.79454419051747405     
 -0.90000000000000002      -0.90000000000000002       0.66100989308285474     
 -0.80000000000000004      -0.90000000000000002       0.28489829530468358     
 -0.69999999999999996      -0.90000000000000002      -0.19473016578939972     
 -0.59999999999999998      -0.90000000000000002      -0.60148493757866717     
 -0.49999999999999994      -0.90000000000000002      -0.78081524680970937     
 -0.39999999999999991      -0.90000000000000002      -0.65958848503266709     
 -0.29999999999999993      -0.90000000000000002      -0.28792583311532510     
 -0.19999999999999993      -0.90000000000000002       0.20221032765944955     
  -9.9999999999999978E-002 -0.90000000000000002       0.62475072578120250     
   2.7755575615628914E-017 -0.90000000000000002       0.80952611310941247     
  0.10000000000000009      -0.90000000000000002       0.68431203320373346     
  0.20000000000000009      -0.90000000000000002       0.29802661763105093     
  0.30000000000000016      -0.90000000000000002      -0.20196763066250512     
  0.40000000000000013      -0.90000000000000002      -0.62552491531008647     
  0.50000000000000011      -0.90000000000000002      -0.80925901371731068     
  0.60000000000000009      -0.90000000000000002      -0.68544359226301377     
  0.70000000000000007      -0.90000000000000002      -0.29832190260184582     
  0.80000000000000004      -0.90000000000000002       0.20025273301310806     
  0.90000000000000002      -0.90000000000000002       0.62403603741217539     
   1.0000000000000000      -0.90000000000000002       0.79475899309015496     
  -1.0000000000000000      -0.80000000000000004       0.34263225452282431     
 -0.90000000000000002      -0.80000000000000004       0.28489829530468674     
 -0.80000000000000004      -0.80000000000000004       0.12261431120376562     
 -0.69999999999999996      -0.80000000000000004       -8.4218705115874704E-002
 -0.59999999999999998      -0.80000000000000004      -0.25953016119065803     
 -0.49999999999999994      -0.80000000000000004      -0.33671361126598748     
 -0.39999999999999991      -0.80000000000000004      -0.28428464262215636     
 -0.29999999999999993      -0.80000000000000004      -0.12391889479968743     
 -0.19999999999999993      -0.80000000000000004        8.7454737520351114E-002
  -9.9999999999999978E-002 -0.80000000000000004       0.26956998596419768     
   2.7755575615628914E-017 -0.80000000000000004       0.34909614330775030     
  0.10000000000000009      -0.80000000000000004       0.29494154837160191     
  0.20000000000000009      -0.80000000000000004       0.12826681284876934     
  0.30000000000000016      -0.80000000000000004       -8.7349064398210371E-002
  0.40000000000000013      -0.80000000000000004      -0.26990299079426089     
  0.50000000000000011      -0.80000000000000004      -0.34897971596762184     
  0.60000000000000009      -0.80000000000000004      -0.29542794586538523     
  0.70000000000000007      -0.80000000000000004      -0.12839263484268551     
  0.80000000000000004      -0.80000000000000004        8.6611403605616963E-002
  0.90000000000000002      -0.80000000000000004       0.26926209630589287     
   1.0000000000000000      -0.80000000000000004       0.34272897694664495     
  -1.0000000000000000      -0.69999999999999996      -0.23377649294270225     
 -0.90000000000000002      -0.69999999999999996      -0.19473016578939931     
 -0.80000000000000004      -0.69999999999999996       -8.4218705115878312E-002
 -0.69999999999999996      -0.69999999999999996        5.6897365256987908E-002
 -0.59999999999999998      -0.69999999999999996       0.17672804494481145     
 -0.49999999999999994      -0.69999999999999996       0.22973429654943214     
 -0.39999999999999991      -0.69999999999999996       0.19431308026267546     
 -0.29999999999999993      -0.69999999999999996        8.5111087752332087E-002
 -0.19999999999999993      -0.69999999999999996       -5.9081431562818996E-002
  -9.9999999999999978E-002 -0.69999999999999996      -0.18356229013792622     
   2.7755575615628914E-017 -0.69999999999999996      -0.23817936269714154     
  0.10000000000000009      -0.69999999999999996      -0.20159498184957714     
  0.20000000000000009      -0.69999999999999996       -8.8095760582811697E-002
  0.30000000000000016      -0.69999999999999996        5.9011669979834681E-002
  0.40000000000000013      -0.69999999999999996       0.18379145685863776     
  0.50000000000000011      -0.69999999999999996       0.23810279633137593     
  0.60000000000000009      -0.69999999999999996       0.20193045865052353     
  0.70000000000000007      -0.69999999999999996        8.8185098463224851E-002
  0.80000000000000004      -0.69999999999999996       -5.8504087685424790E-002
  0.90000000000000002      -0.69999999999999996      -0.18335151239404926     
   1.0000000000000000      -0.69999999999999996      -0.23383305200766533     
  -1.0000000000000000      -0.59999999999999998      -0.72270380048450977     
 -0.90000000000000002      -0.59999999999999998      -0.60148493757866095     
 -0.80000000000000004      -0.59999999999999998      -0.25953016119064770     
 -0.69999999999999996      -0.59999999999999998       0.17672804494481653     
 -0.59999999999999998      -0.59999999999999998       0.54685669324727459     
 -0.49999999999999994      -0.59999999999999998       0.71021343655983060     
 -0.39999999999999991      -0.59999999999999998       0.60019317382910953     
 -0.29999999999999993      -0.59999999999999998       0.26228554701174761     
 -0.19999999999999993      -0.59999999999999998      -0.18351517126100325     
  -9.9999999999999978E-002 -0.59999999999999998      -0.56800774046999003     
   2.7755575615628914E-017 -0.59999999999999998      -0.73632591286248816     
  0.10000000000000009      -0.59999999999999998      -0.62268880709661523     
  0.20000000000000009      -0.59999999999999998      -0.27148571963006390     
  0.30000000000000016      -0.59999999999999998       0.18329605498205542     
  0.40000000000000013      -0.59999999999999998       0.56871330098607775     
  0.50000000000000011      -0.59999999999999998       0.73608497335397871     
  0.60000000000000009      -0.59999999999999998       0.62372058013830345     
  0.70000000000000007      -0.59999999999999998       0.27175674823490337     
  0.80000000000000004      -0.59999999999999998      -0.18173321849967708     
  0.90000000000000002      -0.59999999999999998      -0.56735717811050845     
   1.0000000000000000      -0.59999999999999998      -0.72289257893964509     
  -1.0000000000000000      -0.49999999999999994      -0.93837152394095780     
 -0.90000000000000002      -0.49999999999999994      -0.78081524680971315     
 -0.80000000000000004      -0.49999999999999994      -0.33671361126598665     
 -0.69999999999999996      -0.49999999999999994       0.22973429654943103     
 -0.59999999999999998      -0.49999999999999994       0.71021343655982416     
 -0.49999999999999994      -0.49999999999999994       0.92215567453168223     
 -0.39999999999999991      -0.49999999999999994       0.77913723651289013     
 -0.29999999999999993      -0.49999999999999994       0.34029017789931199     
 -0.19999999999999993      -0.49999999999999994      -0.23855812525161649     
  -9.9999999999999978E-002 -0.49999999999999994      -0.73768385679569048     
   2.7755575615628914E-017 -0.49999999999999994      -0.95606222909548555     
  0.10000000000000009      -0.49999999999999994      -0.80834088141419858     
  0.20000000000000009      -0.49999999999999994      -0.35222727047509145     
  0.30000000000000016      -0.49999999999999994       0.23827251304104569     
  0.40000000000000013      -0.49999999999999994       0.73859904133857757     
  0.50000000000000011      -0.49999999999999994       0.95574802895283062     
  0.60000000000000009      -0.49999999999999994       0.80967884425809200     
  0.70000000000000007      -0.49999999999999994       0.35257752588425978     
  0.80000000000000004      -0.49999999999999994      -0.23624532510294177     
  0.90000000000000002      -0.49999999999999994      -0.73683948936117183     
   1.0000000000000000      -0.49999999999999994      -0.93862110547853561     
  -1.0000000000000000      -0.39999999999999991      -0.79283666612319015     
 -0.90000000000000002      -0.39999999999999991      -0.65958848503266043     
 -0.80000000000000004      -0.39999999999999991      -0.28428464262215025     
 -0.69999999999999996      -0.39999999999999991       0.19431308026267369     
 -0.59999999999999998      -0.39999999999999991       0.60019317382910342     
 -0.49999999999999994      -0.39999999999999991       0.77913723651289057     
 -0.39999999999999991      -0.39999999999999991       0.65817012777728334     
 -0.29999999999999993      -0.39999999999999991       0.28730566840491939     
 -0.19999999999999993      -0.39999999999999991      -0.20177722595542449     
  -9.9999999999999978E-002 -0.39999999999999991      -0.62340900177156600     
   2.7755575615628914E-017 -0.39999999999999991      -0.80778641000414808     
  0.10000000000000009      -0.39999999999999991      -0.68284051674821089     
  0.20000000000000009      -0.39999999999999991      -0.29738470074062989     
  0.30000000000000016      -0.39999999999999991       0.20153504481768084     
  0.40000000000000013      -0.39999999999999991       0.62418152270498106     
  0.50000000000000011      -0.39999999999999991       0.80751987748628729     
  0.60000000000000009      -0.39999999999999991       0.68396963504384123     
  0.70000000000000007      -0.39999999999999991       0.29767934248378553     
  0.80000000000000004      -0.39999999999999991      -0.19982384320738020     
  0.90000000000000002      -0.39999999999999991      -0.62269585107376491     
   1.0000000000000000      -0.39999999999999991      -0.79305103045763081     
  -1.0000000000000000      -0.29999999999999993      -0.34627170441266442     
 -0.90000000000000002      -0.29999999999999993      -0.28792583311532743     
 -0.80000000000000004      -0.29999999999999993      -0.12391889479968701     
 -0.69999999999999996      -0.29999999999999993        8.5111087752333392E-002
 -0.59999999999999998      -0.29999999999999993       0.26228554701174961     
 -0.49999999999999994      -0.29999999999999993       0.34029017789931187     
 -0.39999999999999991      -0.29999999999999993       0.28730566840492189     
 -0.29999999999999993      -0.29999999999999993       0.12523734453835175     
 -0.19999999999999993      -0.29999999999999993       -8.8381400818963368E-002
  -9.9999999999999978E-002 -0.29999999999999993      -0.27243195349490834     
   2.7755575615628914E-017 -0.29999999999999993      -0.35280422406136275     
  0.10000000000000009      -0.29999999999999993      -0.29807581382776427     
  0.20000000000000009      -0.29999999999999993      -0.12963151656317440     
  0.30000000000000016      -0.29999999999999993        8.8274614282437200E-002
  0.40000000000000013      -0.29999999999999993       0.27276850309896733     
  0.50000000000000011      -0.29999999999999993       0.35268657117127844     
  0.60000000000000009      -0.29999999999999993       0.29856739186087777     
  0.70000000000000007      -0.29999999999999993       0.12975868857805720     
  0.80000000000000004      -0.29999999999999993       -8.7529101431560827E-002
  0.90000000000000002      -0.29999999999999993      -0.27212079068144568     
   1.0000000000000000      -0.29999999999999993      -0.34636941762786200     
  -1.0000000000000000      -0.19999999999999993       0.24275558692535923     
 -0.90000000000000002      -0.19999999999999993       0.20221032765944522     
 -0.80000000000000004      -0.19999999999999993        8.7454737520326425E-002
 -0.69999999999999996      -0.19999999999999993       -5.9081431562825082E-002
 -0.59999999999999998      -0.19999999999999993      -0.18351517126102615     
 -0.49999999999999994      -0.19999999999999993      -0.23855812525162071     
 -0.39999999999999991      -0.19999999999999993      -0.20177722595542519     
 -0.29999999999999993      -0.19999999999999993       -8.8381400818963590E-002
 -0.19999999999999993      -0.19999999999999993        6.1349330635601898E-002
  -9.9999999999999978E-002 -0.19999999999999993       0.19061187573644142     
   2.7755575615628914E-017 -0.19999999999999993       0.24732754898202558     
  0.10000000000000009      -0.19999999999999993       0.20933884203922945     
  0.20000000000000009      -0.19999999999999993        9.1480753244816679E-002
  0.30000000000000016      -0.19999999999999993       -6.1276894881022635E-002
  0.40000000000000013      -0.19999999999999993      -0.19084984895466825     
  0.50000000000000011      -0.19999999999999993      -0.24724804839861930     
  0.60000000000000009      -0.19999999999999993      -0.20968721244038102     
  0.70000000000000007      -0.19999999999999993       -9.1573530497970165E-002
  0.80000000000000004      -0.19999999999999993        6.0749807083740961E-002
  0.90000000000000002      -0.19999999999999993       0.19039300062308129     
   1.0000000000000000      -0.19999999999999993       0.24281429670092891     
  -1.0000000000000000       -9.9999999999999978E-002  0.75065734701708398     
 -0.90000000000000002       -9.9999999999999978E-002  0.62475072578120117     
 -0.80000000000000004       -9.9999999999999978E-002  0.26956998596419707     
 -0.69999999999999996       -9.9999999999999978E-002 -0.18356229013792516     
 -0.59999999999999998       -9.9999999999999978E-002 -0.56800774046998970     
 -0.49999999999999994       -9.9999999999999978E-002 -0.73768385679569037     
 -0.39999999999999991       -9.9999999999999978E-002 -0.62340900177156922     
 -0.29999999999999993       -9.9999999999999978E-002 -0.27243195349490651     
 -0.19999999999999993       -9.9999999999999978E-002  0.19061187573644164     
  -9.9999999999999978E-002  -9.9999999999999978E-002  0.58997685112850229     
   2.7755575615628914E-017  -9.9999999999999978E-002  0.76480633183196300     
  0.10000000000000009       -9.9999999999999978E-002  0.64677477380436654     
  0.20000000000000009       -9.9999999999999978E-002  0.28198802688447822     
  0.30000000000000016       -9.9999999999999978E-002 -0.19038429011956301     
  0.40000000000000013       -9.9999999999999978E-002 -0.59070970706004100     
  0.50000000000000011       -9.9999999999999978E-002 -0.76455608032715427     
  0.60000000000000009       -9.9999999999999978E-002 -0.64784646413451585     
  0.70000000000000007       -9.9999999999999978E-002 -0.28226954751950289     
  0.80000000000000004       -9.9999999999999978E-002  0.18876099358881446     
  0.90000000000000002       -9.9999999999999978E-002  0.58930112378188049     
   1.0000000000000000       -9.9999999999999978E-002  0.75085340322548655     
  -1.0000000000000000        2.7755575615628914E-017  0.97287432988025613     
 -0.90000000000000002        2.7755575615628914E-017  0.80952611310940825     
 -0.80000000000000004        2.7755575615628914E-017  0.34909614330773525     
 -0.69999999999999996        2.7755575615628914E-017 -0.23817936269714557     
 -0.59999999999999998        2.7755575615628914E-017 -0.73632591286249172     
 -0.49999999999999994        2.7755575615628914E-017 -0.95606222909549332     
 -0.39999999999999991        2.7755575615628914E-017 -0.80778641000415075     
 -0.29999999999999993        2.7755575615628914E-017 -0.35280422406135997     
 -0.19999999999999993        2.7755575615628914E-017  0.24732754898202111     
  -9.9999999999999978E-002   2.7755575615628914E-017  0.76480633183196556     
   2.7755575615628914E-017   2.7755575615628914E-017  0.99121547511688191     
  0.10000000000000009        2.7755575615628914E-017  0.83806387613591860     
  0.20000000000000009        2.7755575615628914E-017  0.36518029319848910     
  0.30000000000000016        2.7755575615628914E-017 -0.24703144336543942     
  0.40000000000000013        2.7755575615628914E-017 -0.76575517351442135     
  0.50000000000000011        2.7755575615628914E-017 -0.99088973233642774     
  0.60000000000000009        2.7755575615628914E-017 -0.83945104701613615     
  0.70000000000000007        2.7755575615628914E-017 -0.36554343938164519     
  0.80000000000000004        2.7755575615628914E-017  0.24492970304808909     
  0.90000000000000002        2.7755575615628914E-017  0.76393091551787007     
   1.0000000000000000        2.7755575615628914E-017  0.97313305498106983     
  -1.0000000000000000       0.10000000000000009       0.82255380300116010     
 -0.90000000000000002       0.10000000000000009       0.68431203320373524     
 -0.80000000000000004       0.10000000000000009       0.29494154837160130     
 -0.69999999999999996       0.10000000000000009      -0.20159498184957650     
 -0.59999999999999998       0.10000000000000009      -0.62268880709661312     
 -0.49999999999999994       0.10000000000000009      -0.80834088141419580     
 -0.39999999999999991       0.10000000000000009      -0.68284051674821067     
 -0.29999999999999993       0.10000000000000009      -0.29807581382776394     
 -0.19999999999999993       0.10000000000000009       0.20933884203922920     
  -9.9999999999999978E-002  0.10000000000000009       0.64677477380436865     
   2.7755575615628914E-017  0.10000000000000009       0.83806387613591582     
  0.10000000000000009       0.10000000000000009       0.70843562807373717     
  0.20000000000000009       0.10000000000000009       0.30853267217762992     
  0.30000000000000016       0.10000000000000009      -0.20908758892836576     
  0.40000000000000013       0.10000000000000009      -0.64757625501989735     
  0.50000000000000011       0.10000000000000009      -0.83778736031159895     
  0.60000000000000009       0.10000000000000009      -0.70960707667189649     
  0.70000000000000007       0.10000000000000009      -0.30883836600879294     
  0.80000000000000004       0.10000000000000009       0.20731223776638000     
  0.90000000000000002       0.10000000000000009       0.64603489106315692     
   1.0000000000000000       0.10000000000000009       0.82277617964300520     
  -1.0000000000000000       0.20000000000000009       0.35841863065357177     
 -0.90000000000000002       0.20000000000000009       0.29802661763105326     
 -0.80000000000000004       0.20000000000000009       0.12826681284878319     
 -0.69999999999999996       0.20000000000000009       -8.8095760582809199E-002
 -0.59999999999999998       0.20000000000000009      -0.27148571963004525     
 -0.49999999999999994       0.20000000000000009      -0.35222727047509167     
 -0.39999999999999991       0.20000000000000009      -0.29738470074063156     
 -0.29999999999999993       0.20000000000000009      -0.12963151656317465     
 -0.19999999999999993       0.20000000000000009        9.1480753244815693E-002
  -9.9999999999999978E-002  0.20000000000000009       0.28198802688447822     
   2.7755575615628914E-017  0.20000000000000009       0.36518029319848538     
  0.10000000000000009       0.20000000000000009       0.30853267217762920     
  0.20000000000000009       0.20000000000000009       0.13417986312502073     
  0.30000000000000016       0.20000000000000009       -9.1370224647327983E-002
  0.40000000000000013       0.20000000000000009      -0.28233638566649971     
  0.50000000000000011       0.20000000000000009      -0.36505851799697125     
  0.60000000000000009       0.20000000000000009      -0.30904150046641354     
  0.70000000000000007       0.20000000000000009      -0.13431150211976764     
  0.80000000000000004       0.20000000000000009        9.0598552590359760E-002
  0.90000000000000002       0.20000000000000009       0.28166594754005220     
   1.0000000000000000       0.20000000000000009       0.35851975563802652     
  -1.0000000000000000       0.30000000000000016      -0.24246494242891140     
 -0.90000000000000002       0.30000000000000016      -0.20196763066250284     
 -0.80000000000000004       0.30000000000000016       -8.7349064398209261E-002
 -0.69999999999999996       0.30000000000000016        5.9011669979834487E-002
 -0.59999999999999998       0.30000000000000016       0.18329605498205484     
 -0.49999999999999994       0.30000000000000016       0.23827251304104508     
 -0.39999999999999991       0.30000000000000016       0.20153504481768286     
 -0.29999999999999993       0.30000000000000016        8.8274614282436228E-002
 -0.19999999999999993       0.30000000000000016       -6.1276894881020512E-002
  -9.9999999999999978E-002  0.30000000000000016      -0.19038429011956207     
   2.7755575615628914E-017  0.30000000000000016      -0.24703144336543723     
  0.10000000000000009       0.30000000000000016      -0.20908758892836485     
  0.20000000000000009       0.30000000000000016       -9.1370224647327886E-002
  0.30000000000000016       0.30000000000000016        6.1204541908280098E-002
  0.40000000000000013       0.30000000000000016       0.19062197508583620     
  0.50000000000000011       0.30000000000000016       0.24695203299578955     
  0.60000000000000009       0.30000000000000016       0.20943553598737338     
  0.70000000000000007       0.30000000000000016        9.1462884815054088E-002
  0.80000000000000004       0.30000000000000016       -6.0678092564239047E-002
  0.90000000000000002       0.30000000000000016      -0.19016567828847100     
   1.0000000000000000       0.30000000000000016      -0.24252359817301170     
  -1.0000000000000000       0.40000000000000013      -0.75158861652967190     
 -0.90000000000000002       0.40000000000000013      -0.62552491531007892     
 -0.80000000000000004       0.40000000000000013      -0.26990299079424285     
 -0.69999999999999996       0.40000000000000013       0.18379145685864309     
 -0.59999999999999998       0.40000000000000013       0.56871330098609618     
 -0.49999999999999994       0.40000000000000013       0.73859904133858145     
 -0.39999999999999991       0.40000000000000013       0.62418152270499216     
 -0.29999999999999993       0.40000000000000013       0.27276850309896439     
 -0.19999999999999993       0.40000000000000013      -0.19084984895465593     
  -9.9999999999999978E-002  0.40000000000000013      -0.59070970706004133     
   2.7755575615628914E-017  0.40000000000000013      -0.76575517351443234     
  0.10000000000000009       0.40000000000000013      -0.64757625501989691     
  0.20000000000000009       0.40000000000000013      -0.28233638566651276     
  0.30000000000000016       0.40000000000000013       0.19062197508583636     
  0.40000000000000013       0.40000000000000013       0.59144346721223751     
  0.50000000000000011       0.40000000000000013       0.76550460422572419     
  0.60000000000000009       0.40000000000000013       0.64864926569246129     
  0.70000000000000007       0.40000000000000013       0.28261824667842522     
  0.80000000000000004       0.40000000000000013      -0.18899667558375308     
  0.90000000000000002       0.40000000000000013      -0.59003314320587485     
   1.0000000000000000       0.40000000000000013      -0.75178493998141516     
  -1.0000000000000000       0.50000000000000011      -0.97255459248132969     
 -0.90000000000000002       0.50000000000000011      -0.80925901371731190     
 -0.80000000000000004       0.50000000000000011      -0.34897971596762256     
 -0.69999999999999996       0.50000000000000011       0.23810279633137424     
 -0.59999999999999998       0.50000000000000011       0.73608497335398027     
 -0.49999999999999994       0.50000000000000011       0.95574802895282607     
 -0.39999999999999991       0.50000000000000011       0.80751987748629162     
 -0.29999999999999993       0.50000000000000011       0.35268657117127716     
 -0.19999999999999993       0.50000000000000011      -0.24724804839862141     
  -9.9999999999999978E-002  0.50000000000000011      -0.76455608032715427     
   2.7755575615628914E-017  0.50000000000000011      -0.99088973233642663     
  0.10000000000000009       0.50000000000000011      -0.83778736031159717     
  0.20000000000000009       0.50000000000000011      -0.36505851799697137     
  0.30000000000000016       0.50000000000000011       0.24695203299579094     
  0.40000000000000013       0.50000000000000011       0.76550460422572919     
  0.50000000000000011       0.50000000000000011       0.99056408790872574     
  0.60000000000000009       0.50000000000000011       0.83917406435323327     
  0.70000000000000007       0.50000000000000011       0.36542153424840590     
  0.80000000000000004       0.50000000000000011      -0.24485099639400118     
  0.90000000000000002       0.50000000000000011      -0.76368095385956036     
   1.0000000000000000       0.50000000000000011      -0.97281326115522304     
  -1.0000000000000000       0.60000000000000009      -0.82391527826046562     
 -0.90000000000000002       0.60000000000000009      -0.68544359226301221     
 -0.80000000000000004       0.60000000000000009      -0.29542794586537463     
 -0.69999999999999996       0.60000000000000009       0.20193045865052234     
 -0.59999999999999998       0.60000000000000009       0.62372058013830789     
 -0.49999999999999994       0.60000000000000009       0.80967884425809522     
 -0.39999999999999991       0.60000000000000009       0.68396963504384034     
 -0.29999999999999993       0.60000000000000009       0.29856739186087811     
 -0.19999999999999993       0.60000000000000009      -0.20968721244039051     
  -9.9999999999999978E-002  0.60000000000000009      -0.64784646413451508     
   2.7755575615628914E-017  0.60000000000000009      -0.83945104701613094     
  0.10000000000000009       0.60000000000000009      -0.70960707667189782     
  0.20000000000000009       0.60000000000000009      -0.30904150046640544     
  0.30000000000000016       0.60000000000000009       0.20943553598737155     
  0.40000000000000013       0.60000000000000009       0.64864926569245773     
  0.50000000000000011       0.60000000000000009       0.83917406435323172     
  0.60000000000000009       0.60000000000000009       0.71078045271926571     
  0.70000000000000007       0.60000000000000009       0.30934768914337180     
  0.80000000000000004       0.60000000000000009      -0.20765725994573001     
  0.90000000000000002       0.60000000000000009      -0.64710535900357813     
   1.0000000000000000       0.60000000000000009      -0.82413805306580212     
  -1.0000000000000000       0.70000000000000007      -0.35877503044666653     
 -0.90000000000000002       0.70000000000000007      -0.29832190260184738     
 -0.80000000000000004       0.70000000000000007      -0.12839263484268484     
 -0.69999999999999996       0.70000000000000007        8.8185098463224060E-002
 -0.59999999999999998       0.70000000000000007       0.27175674823490298     
 -0.49999999999999994       0.70000000000000007       0.35257752588425750     
 -0.39999999999999991       0.70000000000000007       0.29767934248378702     
 -0.29999999999999993       0.70000000000000007       0.12975868857805750     
 -0.19999999999999993       0.70000000000000007       -9.1573530497973649E-002
  -9.9999999999999978E-002  0.70000000000000007      -0.28226954751950323     
   2.7755575615628914E-017  0.70000000000000007      -0.36554343938164557     
  0.10000000000000009       0.70000000000000007      -0.30883836600879172     
  0.20000000000000009       0.70000000000000007      -0.13431150211976473     
  0.30000000000000016       0.70000000000000007        9.1462884815054407E-002
  0.40000000000000013       0.70000000000000007       0.28261824667842778     
  0.50000000000000011       0.70000000000000007       0.36542153424840584     
  0.60000000000000009       0.70000000000000007       0.30934768914336958     
  0.70000000000000007       0.70000000000000007       0.13444326127219905     
  0.80000000000000004       0.70000000000000007       -9.0690458606193958E-002
  0.90000000000000002       0.70000000000000007      -0.28194715008552912     
   1.0000000000000000       0.70000000000000007      -0.35887628502327473     
  -1.0000000000000000       0.80000000000000004       0.24040212508658979     
 -0.90000000000000002       0.80000000000000004       0.20025273301310495     
 -0.80000000000000004       0.80000000000000004        8.6611403605605014E-002
 -0.69999999999999996       0.80000000000000004       -5.8504087685430889E-002
 -0.59999999999999998       0.80000000000000004      -0.18173321849971075     
 -0.49999999999999994       0.80000000000000004      -0.23624532510294757     
 -0.39999999999999991       0.80000000000000004      -0.19982384320740351     
 -0.29999999999999993       0.80000000000000004       -8.7529101431561229E-002
 -0.19999999999999993       0.80000000000000004        6.0749807083735390E-002
  -9.9999999999999978E-002  0.80000000000000004       0.18876099358881479     
   2.7755575615628914E-017  0.80000000000000004       0.24492970304811479     
  0.10000000000000009       0.80000000000000004       0.20731223776638530     
  0.20000000000000009       0.80000000000000004        9.0598552590379217E-002
  0.30000000000000016       0.80000000000000004       -6.0678092564239491E-002
  0.40000000000000013       0.80000000000000004      -0.18899667558376712     
  0.50000000000000011       0.80000000000000004      -0.24485099639400507     
  0.60000000000000009       0.80000000000000004      -0.20765725994574641     
  0.70000000000000007       0.80000000000000004       -9.0690458606192403E-002
  0.80000000000000004       0.80000000000000004        6.0156080186820553E-002
  0.90000000000000002       0.80000000000000004       0.18854423472715448     
   1.0000000000000000       0.80000000000000004       0.24046018943177244     
  -1.0000000000000000       0.90000000000000002       0.74979813461821798     
 -0.90000000000000002       0.90000000000000002       0.62403603741217406     
 -0.80000000000000004       0.90000000000000002       0.26926209630589498     
 -0.69999999999999996       0.90000000000000002      -0.18335151239404870     
 -0.59999999999999998       0.90000000000000002      -0.56735717811051045     
 -0.49999999999999994       0.90000000000000002      -0.73683948936117039     
 -0.39999999999999991       0.90000000000000002      -0.62269585107377179     
 -0.29999999999999993       0.90000000000000002      -0.27212079068144385     
 -0.19999999999999993       0.90000000000000002       0.19039300062307574     
  -9.9999999999999978E-002  0.90000000000000002       0.58930112378187738     
   2.7755575615628914E-017  0.90000000000000002       0.76393091551786962     
  0.10000000000000009       0.90000000000000002       0.64603489106315570     
  0.20000000000000009       0.90000000000000002       0.28166594754005519     
  0.30000000000000016       0.90000000000000002      -0.19016567828847084     
  0.40000000000000013       0.90000000000000002      -0.59003314320587474     
  0.50000000000000011       0.90000000000000002      -0.76368095385955792     
  0.60000000000000009       0.90000000000000002      -0.64710535900358357     
  0.70000000000000007       0.90000000000000002      -0.28194715008552862     
  0.80000000000000004       0.90000000000000002       0.18854423472714907     
  0.90000000000000002       0.90000000000000002       0.58862616904524490     
   1.0000000000000000       0.90000000000000002       0.74999395522237267     
  -1.0000000000000000        1.0000000000000000       0.95512651784534830     
 -0.90000000000000002        1.0000000000000000       0.79475899309014675     
 -0.80000000000000004        1.0000000000000000       0.34272897694662097     
 -0.69999999999999996        1.0000000000000000      -0.23383305200766555     
 -0.59999999999999998        1.0000000000000000      -0.72289257893964598     
 -0.49999999999999994        1.0000000000000000      -0.93862110547853972     
 -0.39999999999999991        1.0000000000000000      -0.79305103045762837     
 -0.29999999999999993        1.0000000000000000      -0.34636941762785717     
 -0.19999999999999993        1.0000000000000000       0.24281429670092267     
  -9.9999999999999978E-002   1.0000000000000000       0.75085340322548355     
   2.7755575615628914E-017   1.0000000000000000       0.97313305498106062     
  0.10000000000000009        1.0000000000000000       0.82277617964300609     
  0.20000000000000009        1.0000000000000000       0.35851975563802307     
  0.30000000000000016        1.0000000000000000      -0.24252359817301092     
  0.40000000000000013        1.0000000000000000      -0.75178493998139861     
  0.50000000000000011        1.0000000000000000      -0.97281326115521682     
  0.60000000000000009        1.0000000000000000      -0.82413805306578791     
  0.70000000000000007        1.0000000000000000      -0.35887628502327534     
  0.80000000000000004        1.0000000000000000       0.24046018943174224     
  0.90000000000000002        1.0000000000000000       0.74999395522236922     
   1.0000000000000000        1.0000000000000000       0.95538050161627852     
