  -1.0000000000000000       -1.0000000000000000       0.59969930997720733     
 -0.90000000000000002       -1.0000000000000000       0.20457573325618605     
 -0.80000000000000004       -1.0000000000000000      -0.27044951931427186     
 -0.69999999999999996       -1.0000000000000000      -0.64286762576592438     
 -0.59999999999999998       -1.0000000000000000      -0.77347556833254627     
 -0.49999999999999994       -1.0000000000000000      -0.60853531694389251     
 -0.39999999999999991       -1.0000000000000000      -0.21109816172653989     
 -0.29999999999999993       -1.0000000000000000       0.26680340191231333     
 -0.19999999999999993       -1.0000000000000000       0.64286925138182582     
  -9.9999999999999978E-002  -1.0000000000000000       0.77343233375503539     
   2.7755575615628914E-017  -1.0000000000000000       0.60833081395194466     
  0.10000000000000009       -1.0000000000000000       0.21116357065800415     
  0.20000000000000009       -1.0000000000000000      -0.26741384606393775     
  0.30000000000000016       -1.0000000000000000      -0.64302616649167643     
  0.40000000000000013       -1.0000000000000000      -0.77477116023690396     
  0.50000000000000011       -1.0000000000000000      -0.60872492020694280     
  0.60000000000000009       -1.0000000000000000      -0.21343892917001583     
  0.70000000000000007       -1.0000000000000000       0.26666189362880310     
  0.80000000000000004       -1.0000000000000000       0.64018410521719393     
  0.90000000000000002       -1.0000000000000000       0.77290210774807089     
   1.0000000000000000       -1.0000000000000000       0.59688205648315351     
  -1.0000000000000000      -0.90000000000000002       0.20457573325618456     
 -0.90000000000000002      -0.90000000000000002        6.9747735343182030E-002
 -0.80000000000000004      -0.90000000000000002       -9.2324510740735929E-002
 -0.69999999999999996      -0.90000000000000002      -0.21936738778215276     
 -0.59999999999999998      -0.90000000000000002      -0.26389619389296026     
 -0.49999999999999994      -0.90000000000000002      -0.20758963778872355     
 -0.39999999999999991      -0.90000000000000002       -7.1971071245960888E-002
 -0.29999999999999993      -0.90000000000000002        9.1080625724958258E-002
 -0.19999999999999993      -0.90000000000000002       0.21936801361565814     
  -9.9999999999999978E-002 -0.90000000000000002       0.26388177844557820     
   2.7755575615628914E-017 -0.90000000000000002       0.20752005269221638     
  0.10000000000000009      -0.90000000000000002        7.1993480550466560E-002
  0.20000000000000009      -0.90000000000000002       -9.1288605528234604E-002
  0.30000000000000016      -0.90000000000000002      -0.21942148709233686     
  0.40000000000000013      -0.90000000000000002      -0.26433807123419867     
  0.50000000000000011      -0.90000000000000002      -0.20765434914309652     
  0.60000000000000009      -0.90000000000000002       -7.2769323879757389E-002
  0.70000000000000007      -0.90000000000000002        9.1032312614111419E-002
  0.80000000000000004      -0.90000000000000002       0.21845199290084560     
  0.90000000000000002      -0.90000000000000002       0.26370086482780630     
   1.0000000000000000      -0.90000000000000002       0.20361449939277065     
  -1.0000000000000000      -0.80000000000000004      -0.27044951931427447     
 -0.90000000000000002      -0.80000000000000004       -9.2324510740734653E-002
 -0.80000000000000004      -0.80000000000000004       0.12185540162027421     
 -0.69999999999999996      -0.80000000000000004       0.28980724140891440     
 -0.59999999999999998      -0.80000000000000004       0.34875105502250997     
 -0.49999999999999994      -0.80000000000000004       0.27443488815743960     
 -0.39999999999999991      -0.80000000000000004        9.5268755531816351E-002
 -0.29999999999999993      -0.80000000000000004      -0.12021123253652136     
 -0.19999999999999993      -0.80000000000000004      -0.28980785490442112     
  -9.9999999999999978E-002 -0.80000000000000004      -0.34873099821321274     
   2.7755575615628914E-017 -0.80000000000000004      -0.27434236518589256     
  0.10000000000000009      -0.80000000000000004       -9.5298091718693273E-002
  0.20000000000000009      -0.80000000000000004       0.12048696620639170     
  0.30000000000000016      -0.80000000000000004       0.28987871211007699     
  0.40000000000000013      -0.80000000000000004       0.34933548349347476     
  0.50000000000000011      -0.80000000000000004       0.27452034100871281     
  0.60000000000000009      -0.80000000000000004        9.6324810781241110E-002
  0.70000000000000007      -0.80000000000000004      -0.12014748346108790     
  0.80000000000000004      -0.80000000000000004      -0.28859698000173178     
  0.90000000000000002      -0.80000000000000004      -0.34849194210166806     
   1.0000000000000000      -0.80000000000000004      -0.26917931445951820     
  -1.0000000000000000      -0.69999999999999996      -0.64286762576592071     
 -0.90000000000000002      -0.69999999999999996      -0.21936738778215253     
 -0.80000000000000004      -0.69999999999999996       0.28980724140891373     
 -0.69999999999999996      -0.69999999999999996       0.68903372555057141     
 -0.59999999999999998      -0.69999999999999996       0.82908592768777933     
 -0.49999999999999994      -0.69999999999999996       0.65234022367576050     
 -0.39999999999999991      -0.69999999999999996       0.22636210045054345     
 -0.29999999999999993      -0.69999999999999996      -0.28589880340060503     
 -0.19999999999999993      -0.69999999999999996      -0.68903534911357589     
  -9.9999999999999978E-002 -0.69999999999999996      -0.82903902443011246     
   2.7755575615628914E-017 -0.69999999999999996      -0.65212070405484990     
  0.10000000000000009      -0.69999999999999996      -0.22643205683521625     
  0.20000000000000009      -0.69999999999999996       0.28655362580829336     
  0.30000000000000016      -0.69999999999999996       0.68920365144461548     
  0.40000000000000013      -0.69999999999999996       0.83047492850905813     
  0.50000000000000011      -0.69999999999999996       0.65254342192338488     
  0.60000000000000009      -0.69999999999999996       0.22887178916507125     
  0.70000000000000007      -0.69999999999999996      -0.28574717623120410     
  0.80000000000000004      -0.69999999999999996      -0.68615697653293395     
  0.90000000000000002      -0.69999999999999996      -0.82847069340355650     
   1.0000000000000000      -0.69999999999999996      -0.63984788238793999     
  -1.0000000000000000      -0.59999999999999998      -0.77347556833253739     
 -0.90000000000000002      -0.59999999999999998      -0.26389619389295726     
 -0.80000000000000004      -0.59999999999999998       0.34875105502253051     
 -0.69999999999999996      -0.59999999999999998       0.82908592768778311     
 -0.59999999999999998      -0.59999999999999998       0.99756649642981654     
 -0.49999999999999994      -0.59999999999999998       0.78487233912569154     
 -0.39999999999999991      -0.59999999999999998       0.27231033837053586     
 -0.29999999999999993      -0.59999999999999998      -0.34404847852356585     
 -0.19999999999999993      -0.59999999999999998      -0.82908795164678251     
  -9.9999999999999978E-002 -0.59999999999999998      -0.99751039381188711     
   2.7755575615628914E-017 -0.59999999999999998      -0.78460839616302425     
  0.10000000000000009      -0.59999999999999998      -0.27239460273985122     
  0.20000000000000009      -0.59999999999999998       0.34483607905414310     
  0.30000000000000016      -0.59999999999999998       0.82929039257028114     
  0.40000000000000013      -0.59999999999999998       0.99923760537322204     
  0.50000000000000011      -0.59999999999999998       0.78511685162868905     
  0.60000000000000009      -0.59999999999999998       0.27532965506984020     
  0.70000000000000007      -0.59999999999999998      -0.34386600618272745     
  0.80000000000000004      -0.59999999999999998      -0.82562476059889722     
  0.90000000000000002      -0.59999999999999998      -0.99682656108167311     
   1.0000000000000000      -0.59999999999999998      -0.76984213916903399     
  -1.0000000000000000      -0.49999999999999994      -0.60853531694389451     
 -0.90000000000000002      -0.49999999999999994      -0.20758963778872469     
 -0.80000000000000004      -0.49999999999999994       0.27443488815744138     
 -0.69999999999999996      -0.49999999999999994       0.65234022367576261     
 -0.59999999999999998      -0.49999999999999994       0.78487233912568988     
 -0.49999999999999994      -0.49999999999999994       0.61750151147908994     
 -0.39999999999999991      -0.49999999999999994       0.21420815429627957     
 -0.29999999999999993      -0.49999999999999994      -0.27073504795526543     
 -0.19999999999999993      -0.49999999999999994      -0.65234187383539799     
  -9.9999999999999978E-002 -0.49999999999999994      -0.78482847030505187     
   2.7755575615628914E-017 -0.49999999999999994      -0.61729399679696817     
  0.10000000000000009      -0.49999999999999994      -0.21427452775677502     
  0.20000000000000009      -0.49999999999999994       0.27135448426112146     
  0.30000000000000016      -0.49999999999999994       0.65250110048485099     
  0.40000000000000013      -0.49999999999999994       0.78618701963432847     
  0.50000000000000011      -0.49999999999999994       0.61769390863102769     
  0.60000000000000009      -0.49999999999999994       0.21658340861496725     
  0.70000000000000007      -0.49999999999999994      -0.27059145434532761     
  0.80000000000000004      -0.49999999999999994      -0.64961716427301153     
  0.90000000000000002      -0.49999999999999994      -0.78429043160276590     
   1.0000000000000000      -0.49999999999999994      -0.60567655235225371     
  -1.0000000000000000      -0.39999999999999991      -0.21109816172653015     
 -0.90000000000000002      -0.39999999999999991       -7.1971071245958987E-002
 -0.80000000000000004      -0.39999999999999991        9.5268755531815158E-002
 -0.69999999999999996      -0.39999999999999991       0.22636210045054203     
 -0.59999999999999998      -0.39999999999999991       0.27231033837053581     
 -0.49999999999999994      -0.39999999999999991       0.21420815429627907     
 -0.39999999999999991      -0.39999999999999991        7.4265275746842774E-002
 -0.29999999999999993      -0.39999999999999991       -9.3985211238744454E-002
 -0.19999999999999993      -0.39999999999999991      -0.22636274698074246     
  -9.9999999999999978E-002 -0.39999999999999991      -0.27229546680855143     
   2.7755575615628914E-017 -0.39999999999999991      -0.21413635248458809     
  0.10000000000000009      -0.39999999999999991       -7.4288400513238331E-002
  0.20000000000000009      -0.39999999999999991        9.4199819278011340E-002
  0.30000000000000016      -0.39999999999999991       0.22641792476213513     
  0.40000000000000013      -0.39999999999999991       0.27276630304380634     
  0.50000000000000011      -0.39999999999999991       0.21427492915387952     
  0.60000000000000009      -0.39999999999999991        7.5088976152030099E-002
  0.70000000000000007      -0.39999999999999991       -9.3935357354763951E-002
  0.80000000000000004      -0.39999999999999991      -0.22541752068349488     
  0.90000000000000002      -0.39999999999999991      -0.27210878478240236     
   1.0000000000000000      -0.39999999999999991      -0.21010627922775887     
  -1.0000000000000000      -0.29999999999999993       0.26680340191231361     
 -0.90000000000000002      -0.29999999999999993        9.1080625724958036E-002
 -0.80000000000000004      -0.29999999999999993      -0.12021123253652172     
 -0.69999999999999996      -0.29999999999999993      -0.28589880340060447     
 -0.59999999999999998      -0.29999999999999993      -0.34404847852356563     
 -0.49999999999999994      -0.29999999999999993      -0.27073504795526449     
 -0.39999999999999991      -0.29999999999999993       -9.3985211238744495E-002
 -0.29999999999999993      -0.29999999999999993       0.11858923135073861     
 -0.19999999999999993      -0.29999999999999993       0.28589940716208651     
  -9.9999999999999978E-002 -0.29999999999999993       0.34402868528493891     
   2.7755575615628914E-017 -0.29999999999999993       0.27064376871395851     
  0.10000000000000009      -0.29999999999999993        9.4014149938443814E-002
  0.20000000000000009      -0.29999999999999993      -0.11886125302930005     
  0.30000000000000016      -0.29999999999999993      -0.28596931022225575     
  0.40000000000000013      -0.29999999999999993      -0.34462502973443615     
  0.50000000000000011      -0.29999999999999993      -0.27081934810080976     
  0.60000000000000009      -0.29999999999999993       -9.5027034279345765E-002
  0.70000000000000007      -0.29999999999999993       0.11852634254845176     
  0.80000000000000004      -0.29999999999999993       0.28470485763632614     
  0.90000000000000002      -0.29999999999999993       0.34379285281914929     
   1.0000000000000000      -0.29999999999999993       0.26555032532711104     
  -1.0000000000000000      -0.19999999999999993       0.64286925138181983     
 -0.90000000000000002      -0.19999999999999993       0.21936801361565622     
 -0.80000000000000004      -0.19999999999999993      -0.28980785490443867     
 -0.69999999999999996      -0.19999999999999993      -0.68903534911357822     
 -0.59999999999999998      -0.19999999999999993      -0.82908795164678761     
 -0.49999999999999994      -0.19999999999999993      -0.65234187383539921     
 -0.39999999999999991      -0.19999999999999993      -0.22636274698074632     
 -0.29999999999999993      -0.19999999999999993       0.28589940716208651     
 -0.19999999999999993      -0.19999999999999993       0.68903697255186125     
  -9.9999999999999978E-002 -0.19999999999999993       0.82904104766701159     
   2.7755575615628914E-017 -0.19999999999999993       0.65212235333931479     
  0.10000000000000009      -0.19999999999999993       0.22643270336930724     
  0.20000000000000009      -0.19999999999999993      -0.28655423169794669     
  0.30000000000000016      -0.19999999999999993      -0.68920527540802901     
  0.40000000000000013      -0.19999999999999993      -0.83047695613984907     
  0.50000000000000011      -0.19999999999999993      -0.65254507253943561     
  0.60000000000000009      -0.19999999999999993      -0.22887244250429803     
  0.70000000000000007      -0.19999999999999993       0.28574777968213982     
  0.80000000000000004      -0.19999999999999993       0.68615859275605307     
  0.90000000000000002      -0.19999999999999993       0.82847271527109378     
   1.0000000000000000      -0.19999999999999993       0.63984950069735091     
  -1.0000000000000000       -9.9999999999999978E-002  0.77343233375503662     
 -0.90000000000000002       -9.9999999999999978E-002  0.26388177844557892     
 -0.80000000000000004       -9.9999999999999978E-002 -0.34873099821321391     
 -0.69999999999999996       -9.9999999999999978E-002 -0.82903902443011213     
 -0.59999999999999998       -9.9999999999999978E-002 -0.99751039381188644     
 -0.49999999999999994       -9.9999999999999978E-002 -0.78482847030504999     
 -0.39999999999999991       -9.9999999999999978E-002 -0.27229546680855360     
 -0.29999999999999993       -9.9999999999999978E-002  0.34402868528494013     
 -0.19999999999999993       -9.9999999999999978E-002  0.82904104766701014     
  -9.9999999999999978E-002  -9.9999999999999978E-002  0.99745429148617526     
   2.7755575615628914E-017  -9.9999999999999978E-002  0.78456454058247549     
  0.10000000000000009       -9.9999999999999978E-002  0.27237972564194202     
  0.20000000000000009       -9.9999999999999978E-002 -0.34481624402447553     
  0.30000000000000016       -9.9999999999999978E-002 -0.82924347774492535     
  0.40000000000000013       -9.9999999999999978E-002 -0.99918141010497208     
  0.50000000000000011       -9.9999999999999978E-002 -0.78507296886748146     
  0.60000000000000009       -9.9999999999999978E-002 -0.27531461690659925     
  0.70000000000000007       -9.9999999999999978E-002  0.34384622348815608     
  0.80000000000000004       -9.9999999999999978E-002  0.82557805050394806     
  0.90000000000000002       -9.9999999999999978E-002  0.99677049729823708     
   1.0000000000000000       -9.9999999999999978E-002  0.76979910925100425     
  -1.0000000000000000        2.7755575615628914E-017  0.60833081395192734     
 -0.90000000000000002        2.7755575615628914E-017  0.20752005269221477     
 -0.80000000000000004        2.7755575615628914E-017 -0.27434236518590133     
 -0.69999999999999996        2.7755575615628914E-017 -0.65212070405485190     
 -0.59999999999999998        2.7755575615628914E-017 -0.78460839616302691     
 -0.49999999999999994        2.7755575615628914E-017 -0.61729399679697228     
 -0.39999999999999991        2.7755575615628914E-017 -0.21413635248459065     
 -0.29999999999999993        2.7755575615628914E-017  0.27064376871395962     
 -0.19999999999999993        2.7755575615628914E-017  0.65212235333931012     
  -9.9999999999999978E-002   2.7755575615628914E-017  0.78456454058247738     
   2.7755575615628914E-017   2.7755575615628914E-017  0.61708655105536925     
  0.10000000000000009        2.7755575615628914E-017  0.21420270320984089     
  0.20000000000000009        2.7755575615628914E-017 -0.27126299802838316     
  0.30000000000000016        2.7755575615628914E-017 -0.65228152672716266     
  0.40000000000000013        2.7755575615628914E-017 -0.78592263525910233     
  0.50000000000000011        2.7755575615628914E-017 -0.61748632914963020     
  0.60000000000000009        2.7755575615628914E-017 -0.21651080973378869     
  0.70000000000000007        2.7755575615628914E-017  0.27050022354105957     
  0.80000000000000004        2.7755575615628914E-017  0.64939855959375115     
  0.90000000000000002        2.7755575615628914E-017  0.78402668286098665     
   1.0000000000000000        2.7755575615628914E-017  0.60547301088958672     
  -1.0000000000000000       0.10000000000000009       0.21116357065800451     
 -0.90000000000000002       0.10000000000000009        7.1993480550467281E-002
 -0.80000000000000004       0.10000000000000009       -9.5298091718692260E-002
 -0.69999999999999996       0.10000000000000009      -0.22643205683521656     
 -0.59999999999999998       0.10000000000000009      -0.27239460273985139     
 -0.49999999999999994       0.10000000000000009      -0.21427452775677447     
 -0.39999999999999991       0.10000000000000009       -7.4288400513238650E-002
 -0.29999999999999993       0.10000000000000009        9.4014149938444230E-002
 -0.19999999999999993       0.10000000000000009       0.22643270336930757     
  -9.9999999999999978E-002  0.10000000000000009       0.27237972564194163     
   2.7755575615628914E-017  0.10000000000000009       0.21420270320984058     
  0.10000000000000009       0.10000000000000009        7.4311532187790671E-002
  0.20000000000000009       0.10000000000000009       -9.4228825192980717E-002
  0.30000000000000016       0.10000000000000009      -0.22648789839957575     
  0.40000000000000013       0.10000000000000009      -0.27285070893167873     
  0.50000000000000011       0.10000000000000009      -0.21434132321858640     
  0.60000000000000009       0.10000000000000009       -7.5112356864938001E-002
  0.70000000000000007       0.10000000000000009        9.3964280718184454E-002
  0.80000000000000004       0.10000000000000009       0.22548718428464892     
  0.90000000000000002       0.10000000000000009       0.27219298587705265     
   1.0000000000000000       0.10000000000000009       0.21017138132062876     
  -1.0000000000000000       0.20000000000000009      -0.26741384606394220     
 -0.90000000000000002       0.20000000000000009       -9.1288605528232952E-002
 -0.80000000000000004       0.20000000000000009       0.12048696620640129     
 -0.69999999999999996       0.20000000000000009       0.28655362580829175     
 -0.59999999999999998       0.20000000000000009       0.34483607905413427     
 -0.49999999999999994       0.20000000000000009       0.27135448426111880     
 -0.39999999999999991       0.20000000000000009        9.4199819278011382E-002
 -0.29999999999999993       0.20000000000000009      -0.11886125302929829     
 -0.19999999999999993       0.20000000000000009      -0.28655423169793953     
  -9.9999999999999978E-002  0.20000000000000009      -0.34481624402447458     
   2.7755575615628914E-017  0.20000000000000009      -0.27126299802838083     
  0.10000000000000009       0.20000000000000009       -9.4228825192980398E-002
  0.20000000000000009       0.20000000000000009       0.11913389435518539     
  0.30000000000000016       0.20000000000000009       0.28662429411885570     
  0.40000000000000013       0.20000000000000009       0.34541394848598639     
  0.50000000000000011       0.20000000000000009       0.27143897761769686     
  0.60000000000000009       0.20000000000000009        9.5244023322645061E-002
  0.70000000000000007       0.20000000000000009      -0.11879821991570089     
  0.80000000000000004       0.20000000000000009      -0.28535694868453537     
  0.90000000000000002       0.20000000000000009      -0.34457987158344977     
   1.0000000000000000       0.20000000000000009      -0.26615790053924071     
  -1.0000000000000000       0.30000000000000016      -0.64302616649167432     
 -0.90000000000000002       0.30000000000000016      -0.21942148709233669     
 -0.80000000000000004       0.30000000000000016       0.28987871211007765     
 -0.69999999999999996       0.30000000000000016       0.68920365144461404     
 -0.59999999999999998       0.30000000000000016       0.82929039257028203     
 -0.49999999999999994       0.30000000000000016       0.65250110048484966     
 -0.39999999999999991       0.30000000000000016       0.22641792476213599     
 -0.29999999999999993       0.30000000000000016      -0.28596931022225547     
 -0.19999999999999993       0.30000000000000016      -0.68920527540802856     
  -9.9999999999999978E-002  0.30000000000000016      -0.82924347774492591     
   2.7755575615628914E-017  0.30000000000000016      -0.65228152672716377     
  0.10000000000000009       0.30000000000000016      -0.22648789839957534     
  0.20000000000000009       0.30000000000000016       0.28662429411885776     
  0.30000000000000016       0.30000000000000016       0.68937361924492668     
  0.40000000000000013       0.30000000000000016       0.83067973593944666     
  0.50000000000000011       0.30000000000000016       0.65270434884428774     
  0.60000000000000009       0.30000000000000016       0.22892823240450566     
  0.70000000000000007       0.30000000000000016      -0.28581764565933337     
  0.80000000000000004       0.30000000000000016      -0.68632619297752540     
  0.90000000000000002       0.30000000000000016      -0.82867500655959092     
   1.0000000000000000       0.30000000000000016      -0.64000567839965716     
  -1.0000000000000000       0.40000000000000013      -0.77477116023687809     
 -0.90000000000000002       0.40000000000000013      -0.26433807123419384     
 -0.80000000000000004       0.40000000000000013       0.34933548349349280     
 -0.69999999999999996       0.40000000000000013       0.83047492850905802     
 -0.59999999999999998       0.40000000000000013       0.99923760537323092     
 -0.49999999999999994       0.40000000000000013       0.78618701963432935     
 -0.39999999999999991       0.40000000000000013       0.27276630304381910     
 -0.29999999999999993       0.40000000000000013      -0.34462502973443526     
 -0.19999999999999993       0.40000000000000013      -0.83047695613984474     
  -9.9999999999999978E-002  0.40000000000000013      -0.99918141010497041     
   2.7755575615628914E-017  0.40000000000000013      -0.78592263525911155     
  0.10000000000000009       0.40000000000000013      -0.27285070893167851     
  0.20000000000000009       0.40000000000000013       0.34541394848598872     
  0.30000000000000016       0.40000000000000013       0.83067973593944366     
  0.40000000000000013       0.40000000000000013        1.0009115131234423     
  0.50000000000000011       0.40000000000000013       0.78643194182660603     
  0.60000000000000009       0.40000000000000013       0.27579067615614278     
  0.70000000000000007       0.40000000000000013      -0.34444225158853936     
  0.80000000000000004       0.40000000000000013      -0.82700796402081489     
  0.90000000000000002       0.40000000000000013      -0.99849643178795644     
   1.0000000000000000       0.40000000000000013      -0.77113164426813274     
  -1.0000000000000000       0.50000000000000011      -0.60872492020694202     
 -0.90000000000000002       0.50000000000000011      -0.20765434914309691     
 -0.80000000000000004       0.50000000000000011       0.27452034100871331     
 -0.69999999999999996       0.50000000000000011       0.65254342192338610     
 -0.59999999999999998       0.50000000000000011       0.78511685162869094     
 -0.49999999999999994       0.50000000000000011       0.61769390863102669     
 -0.39999999999999991       0.50000000000000011       0.21427492915388038     
 -0.29999999999999993       0.50000000000000011      -0.27081934810081110     
 -0.19999999999999993       0.50000000000000011      -0.65254507253943772     
  -9.9999999999999978E-002  0.50000000000000011      -0.78507296886748212     
   2.7755575615628914E-017  0.50000000000000011      -0.61748632914963020     
  0.10000000000000009       0.50000000000000011      -0.21434132321858626     
  0.20000000000000009       0.50000000000000011       0.27143897761770025     
  0.30000000000000016       0.50000000000000011       0.65270434884428874     
  0.40000000000000013       0.50000000000000011       0.78643194182661036     
  0.50000000000000011       0.50000000000000011       0.61788636570336819     
  0.60000000000000009       0.50000000000000011       0.21665092374922770     
  0.70000000000000007       0.50000000000000011      -0.27067570978358069     
  0.80000000000000004       0.50000000000000011      -0.64981951405798721     
  0.90000000000000002       0.50000000000000011      -0.78453476255749299     
   1.0000000000000000       0.50000000000000011      -0.60586526504742666     
  -1.0000000000000000       0.60000000000000009      -0.21343892917000520     
 -0.90000000000000002       0.60000000000000009       -7.2769323879756223E-002
 -0.80000000000000004       0.60000000000000009        9.6324810781254711E-002
 -0.69999999999999996       0.60000000000000009       0.22887178916507203     
 -0.59999999999999998       0.60000000000000009       0.27532965506986556     
 -0.49999999999999994       0.60000000000000009       0.21658340861497016     
 -0.39999999999999991       0.60000000000000009        7.5088976152025283E-002
 -0.29999999999999993       0.60000000000000009       -9.5027034279347278E-002
 -0.19999999999999993       0.60000000000000009      -0.22887244250431876     
  -9.9999999999999978E-002  0.60000000000000009      -0.27531461690659914     
   2.7755575615628914E-017  0.60000000000000009      -0.21651080973379519     
  0.10000000000000009       0.60000000000000009       -7.5112356864936988E-002
  0.20000000000000009       0.60000000000000009        9.5244023322664823E-002
  0.30000000000000016       0.60000000000000009       0.22892823240450511     
  0.40000000000000013       0.60000000000000009       0.27579067615615727     
  0.50000000000000011       0.60000000000000009       0.21665092374922804     
  0.60000000000000009       0.60000000000000009        7.5921811498757028E-002
  0.70000000000000007       0.60000000000000009       -9.4976627792653881E-002
  0.80000000000000004       0.60000000000000009      -0.22791673521029734     
  0.90000000000000002       0.60000000000000009      -0.27512586504355707     
   1.0000000000000000       0.60000000000000009      -0.21243604906854299     
  -1.0000000000000000       0.70000000000000007       0.26666189362880205     
 -0.90000000000000002       0.70000000000000007        9.1032312614110641E-002
 -0.80000000000000004       0.70000000000000007      -0.12014748346108722     
 -0.69999999999999996       0.70000000000000007      -0.28574717623120333     
 -0.59999999999999998       0.70000000000000007      -0.34386600618272850     
 -0.49999999999999994       0.70000000000000007      -0.27059145434532617     
 -0.39999999999999991       0.70000000000000007       -9.3935357354764881E-002
 -0.29999999999999993       0.70000000000000007       0.11852634254845183     
 -0.19999999999999993       0.70000000000000007       0.28574777968213977     
  -9.9999999999999978E-002  0.70000000000000007       0.34384622348815558     
   2.7755575615628914E-017  0.70000000000000007       0.27050022354106107     
  0.10000000000000009       0.70000000000000007        9.3964280718183968E-002
  0.20000000000000009       0.70000000000000007      -0.11879821991570068     
  0.30000000000000016       0.70000000000000007      -0.28581764565933299     
  0.40000000000000013       0.70000000000000007      -0.34444225158854164     
  0.50000000000000011       0.70000000000000007      -0.27067570978357963     
  0.60000000000000009       0.70000000000000007       -9.4976627792654728E-002
  0.70000000000000007       0.70000000000000007       0.11846348709592636     
  0.80000000000000004       0.70000000000000007       0.28455386372216218     
  0.90000000000000002       0.70000000000000007       0.34361051609892329     
   1.0000000000000000       0.70000000000000007       0.26540948163128586     
  -1.0000000000000000       0.80000000000000004       0.64018410521719649     
 -0.90000000000000002       0.80000000000000004       0.21845199290084411     
 -0.80000000000000004       0.80000000000000004      -0.28859698000175454     
 -0.69999999999999996       0.80000000000000004      -0.68615697653293750     
 -0.59999999999999998       0.80000000000000004      -0.82562476059891388     
 -0.49999999999999994       0.80000000000000004      -0.64961716427301475     
 -0.39999999999999991       0.80000000000000004      -0.22541752068350338     
 -0.29999999999999993       0.80000000000000004       0.28470485763632725     
 -0.19999999999999993       0.80000000000000004       0.68615859275606239     
  -9.9999999999999978E-002  0.80000000000000004       0.82557805050395172     
   2.7755575615628914E-017  0.80000000000000004       0.64939855959376724     
  0.10000000000000009       0.80000000000000004       0.22548718428464989     
  0.20000000000000009       0.80000000000000004      -0.28535694868454187     
  0.30000000000000016       0.80000000000000004      -0.68632619297752595     
  0.40000000000000013       0.80000000000000004      -0.82700796402082211     
  0.50000000000000011       0.80000000000000004      -0.64981951405798699     
  0.60000000000000009       0.80000000000000004      -0.22791673521028308     
  0.70000000000000007       0.80000000000000004       0.28455386372216201     
  0.80000000000000004       0.80000000000000004       0.68329223564089303     
  0.90000000000000002       0.80000000000000004       0.82501209215390181     
   1.0000000000000000       0.80000000000000004       0.63717696859197248     
  -1.0000000000000000       0.90000000000000002       0.77290210774806833     
 -0.90000000000000002       0.90000000000000002       0.26370086482780658     
 -0.80000000000000004       0.90000000000000002      -0.34849194210166606     
 -0.69999999999999996       0.90000000000000002      -0.82847069340355595     
 -0.59999999999999998       0.90000000000000002      -0.99682656108167145     
 -0.49999999999999994       0.90000000000000002      -0.78429043160276413     
 -0.39999999999999991       0.90000000000000002      -0.27210878478240841     
 -0.29999999999999993       0.90000000000000002       0.34379285281914962     
 -0.19999999999999993       0.90000000000000002       0.82847271527108746     
  -9.9999999999999978E-002  0.90000000000000002       0.99677049729823641     
   2.7755575615628914E-017  0.90000000000000002       0.78402668286098554     
  0.10000000000000009       0.90000000000000002       0.27219298587705254     
  0.20000000000000009       0.90000000000000002      -0.34457987158344805     
  0.30000000000000016       0.90000000000000002      -0.82867500655959081     
  0.40000000000000013       0.90000000000000002      -0.99849643178795577     
  0.50000000000000011       0.90000000000000002      -0.78453476255749199     
  0.60000000000000009       0.90000000000000002      -0.27512586504355968     
  0.70000000000000007       0.90000000000000002       0.34361051609892335     
  0.80000000000000004       0.90000000000000002       0.82501209215389459     
  0.90000000000000002       0.90000000000000002       0.99608717187590878     
   1.0000000000000000       0.90000000000000002       0.76927137395257417     
  -1.0000000000000000        1.0000000000000000       0.59688205648311277     
 -0.90000000000000002        1.0000000000000000       0.20361449939276685     
 -0.80000000000000004        1.0000000000000000      -0.26917931445952092     
 -0.69999999999999996        1.0000000000000000      -0.63984788238793799     
 -0.59999999999999998        1.0000000000000000      -0.76984213916903066     
 -0.49999999999999994        1.0000000000000000      -0.60567655235225493     
 -0.39999999999999991        1.0000000000000000      -0.21010627922776562     
 -0.29999999999999993        1.0000000000000000       0.26555032532711031     
 -0.19999999999999993        1.0000000000000000       0.63984950069733748     
  -9.9999999999999978E-002   1.0000000000000000       0.76979910925100314     
   2.7755575615628914E-017   1.0000000000000000       0.60547301088958294     
  0.10000000000000009        1.0000000000000000       0.21017138132062799     
  0.20000000000000009        1.0000000000000000      -0.26615790053923905     
  0.30000000000000016        1.0000000000000000      -0.64000567839965494     
  0.40000000000000013        1.0000000000000000      -0.77113164426811187     
  0.50000000000000011        1.0000000000000000      -0.60586526504742233     
  0.60000000000000009        1.0000000000000000      -0.21243604906853347     
  0.70000000000000007        1.0000000000000000       0.26540948163128247     
  0.80000000000000004        1.0000000000000000       0.63717696859194428     
  0.90000000000000002        1.0000000000000000       0.76927137395257184     
   1.0000000000000000        1.0000000000000000       0.59407803697723849     
