  -1.0000000000000000       -1.0000000000000000        8.5959410184272625E-002
 -0.90000000000000002       -1.0000000000000000       0.22630811409955864     
 -0.80000000000000004       -1.0000000000000000       0.28124017093820219     
 -0.69999999999999996       -1.0000000000000000       0.23092694729243290     
 -0.59999999999999998       -1.0000000000000000        9.0240479630601694E-002
 -0.49999999999999994       -1.0000000000000000       -8.3479486556056665E-002
 -0.39999999999999991       -1.0000000000000000      -0.22724805217320762     
 -0.29999999999999993       -1.0000000000000000      -0.28257762606737147     
 -0.19999999999999993       -1.0000000000000000      -0.23221765220140417     
  -9.9999999999999978E-002  -1.0000000000000000       -9.1172643412042231E-002
   2.7755575615628914E-017  -1.0000000000000000        8.5168646659753225E-002
  0.10000000000000009       -1.0000000000000000       0.23448646659579991     
  0.20000000000000009       -1.0000000000000000       0.29161332171489035     
  0.30000000000000016       -1.0000000000000000       0.23936198786113394     
  0.40000000000000013       -1.0000000000000000        9.3109092230676663E-002
  0.50000000000000011       -1.0000000000000000       -8.6584012165977373E-002
  0.60000000000000009       -1.0000000000000000      -0.23592428384826594     
  0.70000000000000007       -1.0000000000000000      -0.29286859364004902     
  0.80000000000000004       -1.0000000000000000      -0.24081966538849425     
  0.90000000000000002       -1.0000000000000000       -9.4512563693750773E-002
   1.0000000000000000       -1.0000000000000000        8.3688553655167766E-002
  -1.0000000000000000      -0.90000000000000002       0.22630811409955703     
 -0.90000000000000002      -0.90000000000000002       0.59403473787815719     
 -0.80000000000000004      -0.90000000000000002       0.73756241649188325     
 -0.69999999999999996      -0.90000000000000002       0.60508381945653966     
 -0.59999999999999998      -0.90000000000000002       0.23580248840287446     
 -0.49999999999999994      -0.90000000000000002      -0.21978761701727911     
 -0.39999999999999991      -0.90000000000000002      -0.59649448333870492     
 -0.29999999999999993      -0.90000000000000002      -0.74107099821575706     
 -0.19999999999999993      -0.90000000000000002      -0.60846841232288895     
  -9.9999999999999978E-002 -0.90000000000000002      -0.23824513690350549     
   2.7755575615628914E-017 -0.90000000000000002       0.22425096591756238     
  0.10000000000000009      -0.90000000000000002       0.61550028813050395     
  0.20000000000000009      -0.90000000000000002       0.76476790822264218     
  0.30000000000000016      -0.90000000000000002       0.62718628476222160     
  0.40000000000000013      -0.90000000000000002       0.24329177839134736     
  0.50000000000000011      -0.90000000000000002      -0.22796187921937755     
  0.60000000000000009      -0.90000000000000002      -0.61927198336506306     
  0.70000000000000007      -0.90000000000000002      -0.76806085594924411     
  0.80000000000000004      -0.90000000000000002      -0.63100951201111966     
  0.90000000000000002      -0.90000000000000002      -0.24697279334163522     
   1.0000000000000000      -0.90000000000000002       0.22035483858097860     
  -1.0000000000000000      -0.80000000000000004       0.28124017093818443     
 -0.90000000000000002      -0.80000000000000004       0.73756241649188292     
 -0.80000000000000004      -0.80000000000000004       0.91551989920595578     
 -0.69999999999999996      -0.80000000000000004       0.75087811819785355     
 -0.59999999999999998      -0.80000000000000004       0.29237502640659979     
 -0.49999999999999994      -0.80000000000000004      -0.27314011448443665     
 -0.39999999999999991      -0.80000000000000004      -0.74061366422662755     
 -0.29999999999999993      -0.80000000000000004      -0.91987542097673725     
 -0.19999999999999993      -0.80000000000000004      -0.75507921569516900     
  -9.9999999999999978E-002 -0.80000000000000004      -0.29540628723107204     
   2.7755575615628914E-017 -0.80000000000000004       0.27869292950439395     
  0.10000000000000009      -0.80000000000000004       0.76421370658044419     
  0.20000000000000009      -0.80000000000000004       0.94929004889947710     
  0.30000000000000016      -0.80000000000000004       0.77830639003397550     
  0.40000000000000013      -0.80000000000000004       0.30165865114995749     
  0.50000000000000011      -0.80000000000000004      -0.28329885375660990     
  0.60000000000000009      -0.80000000000000004      -0.76889579164688659     
  0.70000000000000007      -0.80000000000000004      -0.95337786933162427     
  0.80000000000000004      -0.80000000000000004      -0.78305223339787966     
  0.90000000000000002      -0.80000000000000004      -0.30622794891191923     
   1.0000000000000000      -0.80000000000000004       0.27385130004161901     
  -1.0000000000000000      -0.69999999999999996       0.23092694729243501     
 -0.90000000000000002      -0.69999999999999996       0.60508381945653977     
 -0.80000000000000004      -0.69999999999999996       0.75087811819785200     
 -0.69999999999999996      -0.69999999999999996       0.61568518851853182     
 -0.59999999999999998      -0.69999999999999996       0.23953865969730800     
 -0.49999999999999994      -0.69999999999999996      -0.22427850709508271     
 -0.39999999999999991      -0.69999999999999996      -0.60758476318083687     
 -0.29999999999999993      -0.69999999999999996      -0.75445068610824673     
 -0.19999999999999993      -0.69999999999999996      -0.61913068684140915     
  -9.9999999999999978E-002 -0.69999999999999996      -0.24202419990239873     
   2.7755575615628914E-017 -0.69999999999999996       0.22884279229048052     
  0.10000000000000009      -0.69999999999999996       0.62694756334376078     
  0.20000000000000009      -0.69999999999999996       0.77857570083630545     
  0.30000000000000016      -0.69999999999999996       0.63817529089969793     
  0.40000000000000013      -0.69999999999999996       0.24714262995112971     
  0.50000000000000011      -0.69999999999999996      -0.23262013347920918     
  0.60000000000000009      -0.69999999999999996      -0.63078794032870622     
  0.70000000000000007      -0.69999999999999996      -0.78192867748738282     
  0.80000000000000004      -0.69999999999999996      -0.64206779429322924     
  0.90000000000000002      -0.69999999999999996      -0.25089032014432150     
   1.0000000000000000      -0.69999999999999996       0.22486748715215837     
  -1.0000000000000000      -0.59999999999999998        9.0240479630613046E-002
 -0.90000000000000002      -0.59999999999999998       0.23580248840287873     
 -0.80000000000000004      -0.59999999999999998       0.29237502640662660     
 -0.69999999999999996      -0.59999999999999998       0.23953865969731034     
 -0.59999999999999998      -0.59999999999999998        9.2955625908735032E-002
 -0.49999999999999994      -0.59999999999999998       -8.7645537697990411E-002
 -0.39999999999999991      -0.59999999999999998      -0.23677435695899196     
 -0.29999999999999993      -0.59999999999999998      -0.29376649338623895     
 -0.19999999999999993      -0.59999999999999998      -0.24088013879203268     
  -9.9999999999999978E-002 -0.59999999999999998       -9.3922708623558490E-002
   2.7755575615628914E-017 -0.59999999999999998        8.9435089936732326E-002
  0.10000000000000009      -0.59999999999999998       0.24432219176342124     
  0.20000000000000009      -0.59999999999999998       0.30316040551348272     
  0.30000000000000016      -0.59999999999999998       0.24828890226299971     
  0.40000000000000013      -0.59999999999999998        9.5904013925860218E-002
  0.50000000000000011      -0.59999999999999998       -9.0905557906066831E-002
  0.60000000000000009      -0.59999999999999998      -0.24581790451292446     
  0.70000000000000007      -0.59999999999999998      -0.30446632967902781     
  0.80000000000000004      -0.59999999999999998      -0.24980470849753555     
  0.90000000000000002      -0.59999999999999998       -9.7363412907356714E-002
   1.0000000000000000      -0.59999999999999998        8.7881845502401121E-002
  -1.0000000000000000      -0.49999999999999994       -8.3479486556054028E-002
 -0.90000000000000002      -0.49999999999999994      -0.21978761701727922     
 -0.80000000000000004      -0.49999999999999994      -0.27314011448443509     
 -0.69999999999999996      -0.49999999999999994      -0.22427850709508346     
 -0.59999999999999998      -0.49999999999999994       -8.7645537697989565E-002
 -0.49999999999999994      -0.49999999999999994        8.1071068077389286E-002
 -0.39999999999999991      -0.49999999999999994       0.22070050896937354     
 -0.29999999999999993      -0.49999999999999994       0.27443904420812953     
 -0.19999999999999993      -0.49999999999999994       0.22553203965905302     
  -9.9999999999999978E-002 -0.49999999999999994        8.8550863510570552E-002
   2.7755575615628914E-017 -0.49999999999999994       -8.2711418456398386E-002
  0.10000000000000009      -0.49999999999999994      -0.22773033932731232     
  0.20000000000000009      -0.49999999999999994      -0.28321449864662429     
  0.30000000000000016      -0.49999999999999994      -0.23247069783238608     
  0.40000000000000013      -0.49999999999999994       -9.0431692087955040E-002
  0.50000000000000011      -0.49999999999999994        8.4086024104276985E-002
  0.60000000000000009      -0.49999999999999994       0.22912674105829320     
  0.70000000000000007      -0.49999999999999994       0.28443361268927625     
  0.80000000000000004      -0.49999999999999994       0.23388639049403170     
  0.90000000000000002      -0.49999999999999994        9.1794740169230421E-002
   1.0000000000000000      -0.49999999999999994       -8.1274023291570907E-002
  -1.0000000000000000      -0.39999999999999991      -0.22724805217316774     
 -0.90000000000000002      -0.39999999999999991      -0.59649448333869592     
 -0.80000000000000004      -0.39999999999999991      -0.74061366422660080     
 -0.69999999999999996      -0.39999999999999991      -0.60758476318083621     
 -0.59999999999999998      -0.39999999999999991      -0.23677435695896931     
 -0.49999999999999994      -0.39999999999999991       0.22070050896937318     
 -0.39999999999999991      -0.39999999999999991       0.59896438224832593     
 -0.29999999999999993      -0.39999999999999991       0.74413676519137817     
 -0.19999999999999993      -0.39999999999999991       0.61098335646988355     
  -9.9999999999999978E-002 -0.39999999999999991       0.23922710211732481     
   2.7755575615628914E-017 -0.39999999999999991      -0.22518246438567166     
  0.10000000000000009      -0.39999999999999991      -0.61804890949702740     
  0.20000000000000009      -0.39999999999999991      -0.76793170978779246     
  0.30000000000000016      -0.39999999999999991      -0.62977858553631738     
  0.40000000000000013      -0.39999999999999991      -0.24429448656453659     
  0.50000000000000011      -0.39999999999999991       0.22890872548219182     
  0.60000000000000009      -0.39999999999999991       0.62183621207917006     
  0.70000000000000007      -0.39999999999999991       0.77123828427163155     
  0.80000000000000004      -0.39999999999999991       0.63361763098642909     
  0.90000000000000002      -0.39999999999999991       0.24799073117382953     
   1.0000000000000000      -0.39999999999999991      -0.22127015737233544     
  -1.0000000000000000      -0.29999999999999993      -0.28257762606736520     
 -0.90000000000000002      -0.29999999999999993      -0.74107099821575695     
 -0.80000000000000004      -0.29999999999999993      -0.91987542097673047     
 -0.69999999999999996      -0.29999999999999993      -0.75445068610824706     
 -0.59999999999999998      -0.29999999999999993      -0.29376649338623295     
 -0.49999999999999994      -0.29999999999999993       0.27443904420812892     
 -0.39999999999999991      -0.29999999999999993       0.74413676519138017     
 -0.29999999999999993      -0.29999999999999993       0.92425166323374175     
 -0.19999999999999993      -0.29999999999999993       0.75867177028256438     
  -9.9999999999999978E-002 -0.29999999999999993       0.29681217642323304     
   2.7755575615628914E-017 -0.29999999999999993      -0.28001825623093107     
  0.10000000000000009      -0.29999999999999993      -0.76784906943567788     
  0.20000000000000009      -0.29999999999999993      -0.95380622890067068     
  0.30000000000000016      -0.29999999999999993      -0.78200945724662396     
  0.40000000000000013      -0.29999999999999993      -0.30309430454612313     
  0.50000000000000011      -0.29999999999999993       0.28464609349500147     
  0.60000000000000009      -0.29999999999999993       0.77255342863706156     
  0.70000000000000007      -0.29999999999999993       0.95791349626479505     
  0.80000000000000004      -0.29999999999999993       0.78677787838462021     
  0.90000000000000002      -0.29999999999999993       0.30768534018872440     
   1.0000000000000000      -0.29999999999999993      -0.27515360183892773     
  -1.0000000000000000      -0.19999999999999993      -0.23221765220140175     
 -0.90000000000000002      -0.19999999999999993      -0.60846841232288662     
 -0.80000000000000004      -0.19999999999999993      -0.75507921569516856     
 -0.69999999999999996      -0.19999999999999993      -0.61913068684140704     
 -0.59999999999999998      -0.19999999999999993      -0.24088013879203815     
 -0.49999999999999994      -0.19999999999999993       0.22553203965905280     
 -0.39999999999999991      -0.19999999999999993       0.61098335646989066     
 -0.29999999999999993      -0.19999999999999993       0.75867177028256605     
 -0.19999999999999993      -0.19999999999999993       0.62259546300860880     
  -9.9999999999999978E-002 -0.19999999999999993       0.24337958836647045     
   2.7755575615628914E-017 -0.19999999999999993      -0.23012181144372054     
  0.10000000000000009      -0.19999999999999993      -0.63045445571052694     
  0.20000000000000009      -0.19999999999999993      -0.78293176164579270     
  0.30000000000000016      -0.19999999999999993      -0.64174664739364429     
  0.40000000000000013      -0.19999999999999993      -0.24852670307671057     
  0.50000000000000011      -0.19999999999999993       0.23392028808362358     
  0.60000000000000009      -0.19999999999999993       0.63431631786352827     
  0.70000000000000007      -0.19999999999999993       0.78630349645539654     
  0.80000000000000004      -0.19999999999999993       0.64566092839297906     
  0.90000000000000002      -0.19999999999999993       0.25229536070031910     
   1.0000000000000000      -0.19999999999999993      -0.22612428668967607     
  -1.0000000000000000       -9.9999999999999978E-002  -9.1172643412045576E-002
 -0.90000000000000002       -9.9999999999999978E-002 -0.23824513690350685     
 -0.80000000000000004       -9.9999999999999978E-002 -0.29540628723107126     
 -0.69999999999999996       -9.9999999999999978E-002 -0.24202419990240132     
 -0.59999999999999998       -9.9999999999999978E-002  -9.3922708623560697E-002
 -0.49999999999999994       -9.9999999999999978E-002   8.8550863510569566E-002
 -0.39999999999999991       -9.9999999999999978E-002  0.23922710211732046     
 -0.29999999999999993       -9.9999999999999978E-002  0.29681217642323521     
 -0.19999999999999993       -9.9999999999999978E-002  0.24337958836647114     
  -9.9999999999999978E-002  -9.9999999999999978E-002   9.4899825531557874E-002
   2.7755575615628914E-017  -9.9999999999999978E-002  -9.0358838561865482E-002
  0.10000000000000009       -9.9999999999999978E-002 -0.24685310164470595     
  0.20000000000000009       -9.9999999999999978E-002 -0.30630348009447222     
  0.30000000000000016       -9.9999999999999978E-002 -0.25086523564965652     
  0.40000000000000013       -9.9999999999999978E-002  -9.6901796517412472E-002
  0.50000000000000011       -9.9999999999999978E-002   9.1844555605475664E-002
  0.60000000000000009       -9.9999999999999978E-002  0.24836431774531814     
  0.70000000000000007       -9.9999999999999978E-002  0.30762293998362084     
  0.80000000000000004       -9.9999999999999978E-002  0.25239675570912867     
  0.90000000000000002       -9.9999999999999978E-002   9.8376324715472807E-002
   1.0000000000000000       -9.9999999999999978E-002  -8.8789547320960518E-002
  -1.0000000000000000        2.7755575615628914E-017   8.5168646659730160E-002
 -0.90000000000000002        2.7755575615628914E-017  0.22425096591755955     
 -0.80000000000000004        2.7755575615628914E-017  0.27869292950437241     
 -0.69999999999999996        2.7755575615628914E-017  0.22884279229048063     
 -0.59999999999999998        2.7755575615628914E-017   8.9435089936712453E-002
 -0.49999999999999994        2.7755575615628914E-017  -8.2711418456401467E-002
 -0.39999999999999991        2.7755575615628914E-017 -0.22518246438566947     
 -0.29999999999999993        2.7755575615628914E-017 -0.28001825623092907     
 -0.19999999999999993        2.7755575615628914E-017 -0.23012181144372285     
  -9.9999999999999978E-002   2.7755575615628914E-017  -9.0358838561869895E-002
   2.7755575615628914E-017   2.7755575615628914E-017   8.4384813400711939E-002
  0.10000000000000009        2.7755575615628914E-017  0.23235500141413995     
  0.20000000000000009        2.7755575615628914E-017  0.28897210739516344     
  0.30000000000000016        2.7755575615628914E-017  0.23720169625177007     
  0.40000000000000013        2.7755575615628914E-017   9.2278191330191980E-002
  0.50000000000000011        2.7755575615628914E-017  -8.5787372413031623E-002
  0.60000000000000009        2.7755575615628914E-017 -0.23377978253935755     
  0.70000000000000007        2.7755575615628914E-017 -0.29021599688727018     
  0.80000000000000004        2.7755575615628914E-017 -0.23864616552560614     
  0.90000000000000002        2.7755575615628914E-017  -9.3668946333009886E-002
   1.0000000000000000        2.7755575615628914E-017   8.2918328104084782E-002
  -1.0000000000000000       0.10000000000000009       0.23448646659579733     
 -0.90000000000000002       0.10000000000000009       0.61550028813050439     
 -0.80000000000000004       0.10000000000000009       0.76421370658044208     
 -0.69999999999999996       0.10000000000000009       0.62694756334375956     
 -0.59999999999999998       0.10000000000000009       0.24432219176342043     
 -0.49999999999999994       0.10000000000000009      -0.22773033932731082     
 -0.39999999999999991       0.10000000000000009      -0.61804890949703040     
 -0.29999999999999993       0.10000000000000009      -0.76784906943567710     
 -0.19999999999999993       0.10000000000000009      -0.63045445571052838     
  -9.9999999999999978E-002  0.10000000000000009      -0.24685310164470534     
   2.7755575615628914E-017  0.10000000000000009       0.23235500141413962     
  0.10000000000000009       0.10000000000000009       0.63774149809561809     
  0.20000000000000009       0.10000000000000009       0.79240225079964122     
  0.30000000000000016       0.10000000000000009       0.64984866680916076     
  0.40000000000000013       0.10000000000000009       0.25208206835864311     
  0.50000000000000011       0.10000000000000009      -0.23620000495768906     
  0.60000000000000009       0.10000000000000009      -0.64164948179273873     
  0.70000000000000007       0.10000000000000009      -0.79581418778656898     
  0.80000000000000004       0.10000000000000009      -0.65381004404975085     
  0.90000000000000002       0.10000000000000009      -0.25589609451326856     
   1.0000000000000000       0.10000000000000009       0.22831807584655209     
  -1.0000000000000000       0.20000000000000009       0.29161332171486748     
 -0.90000000000000002       0.20000000000000009       0.76476790822263907     
 -0.80000000000000004       0.20000000000000009       0.94929004889945412     
 -0.69999999999999996       0.20000000000000009       0.77857570083630734     
 -0.59999999999999998       0.20000000000000009       0.30316040551348400     
 -0.49999999999999994       0.20000000000000009      -0.28321449864662429     
 -0.39999999999999991       0.20000000000000009      -0.76793170978778069     
 -0.29999999999999993       0.20000000000000009      -0.95380622890067290     
 -0.19999999999999993       0.20000000000000009      -0.78293176164578482     
  -9.9999999999999978E-002  0.20000000000000009      -0.30630348009447561     
   2.7755575615628914E-017  0.20000000000000009       0.28897210739515139     
  0.10000000000000009       0.20000000000000009       0.79240225079964111     
  0.20000000000000009       0.20000000000000009       0.98430585345682964     
  0.30000000000000016       0.20000000000000009       0.80701571663530769     
  0.40000000000000013       0.20000000000000009       0.31278649820517457     
  0.50000000000000011       0.20000000000000009      -0.29374792808520778     
  0.60000000000000009       0.20000000000000009      -0.79725703988289587     
  0.70000000000000007       0.20000000000000009      -0.98854445765385812     
  0.80000000000000004       0.20000000000000009      -0.81193661628771097     
  0.90000000000000002       0.20000000000000009      -0.31752434016665626     
   1.0000000000000000       0.20000000000000009       0.28395190077795340     
  -1.0000000000000000       0.30000000000000016       0.23936198786113030     
 -0.90000000000000002       0.30000000000000016       0.62718628476222127     
 -0.80000000000000004       0.30000000000000016       0.77830639003397351     
 -0.69999999999999996       0.30000000000000016       0.63817529089969738     
 -0.59999999999999998       0.30000000000000016       0.24828890226299830     
 -0.49999999999999994       0.30000000000000016      -0.23247069783238469     
 -0.39999999999999991       0.30000000000000016      -0.62977858553631805     
 -0.29999999999999993       0.30000000000000016      -0.78200945724662296     
 -0.19999999999999993       0.30000000000000016      -0.64174664739364440     
  -9.9999999999999978E-002  0.30000000000000016      -0.25086523564965452     
   2.7755575615628914E-017  0.30000000000000016       0.23720169625177120     
  0.10000000000000009       0.30000000000000016       0.64984866680916242     
  0.20000000000000009       0.30000000000000016       0.80701571663530602     
  0.30000000000000016       0.30000000000000016       0.66148692443169299     
  0.40000000000000013       0.30000000000000016       0.25617064461876438     
  0.50000000000000011       0.30000000000000016      -0.24111701746940023     
  0.60000000000000009       0.30000000000000016      -0.65382932573021291     
  0.70000000000000007       0.30000000000000016      -0.81049117134867776     
  0.80000000000000004       0.30000000000000016      -0.66552161405250831     
  0.90000000000000002       0.30000000000000016      -0.26005523128898111     
   1.0000000000000000       0.30000000000000016       0.23308118540877884     
  -1.0000000000000000       0.40000000000000013        9.3109092230687654E-002
 -0.90000000000000002       0.40000000000000013       0.24329177839135055     
 -0.80000000000000004       0.40000000000000013       0.30165865114998208     
 -0.69999999999999996       0.40000000000000013       0.24714262995113107     
 -0.59999999999999998       0.40000000000000013        9.5904013925874623E-002
 -0.49999999999999994       0.40000000000000013       -9.0431692087955554E-002
 -0.39999999999999991       0.40000000000000013      -0.24429448656454159     
 -0.29999999999999993       0.40000000000000013      -0.30309430454612901     
 -0.19999999999999993       0.40000000000000013      -0.24852670307671265     
  -9.9999999999999978E-002  0.40000000000000013       -9.6901796517411209E-002
   2.7755575615628914E-017  0.40000000000000013        9.2278191330193243E-002
  0.10000000000000009       0.40000000000000013       0.25208206835864239     
  0.20000000000000009       0.40000000000000013       0.31278649820517390     
  0.30000000000000016       0.40000000000000013       0.25617064461876554     
  0.40000000000000013       0.40000000000000013        9.8945895131971814E-002
  0.50000000000000011       0.40000000000000013       -9.3795346785120678E-002
  0.60000000000000009       0.40000000000000013      -0.25362527725134781     
  0.70000000000000007       0.40000000000000013      -0.31413389220814669     
  0.80000000000000004       0.40000000000000013      -0.25773458296524182     
  0.90000000000000002       0.40000000000000013      -0.10045163495629240     
   1.0000000000000000       0.40000000000000013        9.0675573584323196E-002
  -1.0000000000000000       0.50000000000000011       -8.6584012165975735E-002
 -0.90000000000000002       0.50000000000000011      -0.22796187921937613     
 -0.80000000000000004       0.50000000000000011      -0.28329885375660979     
 -0.69999999999999996       0.50000000000000011      -0.23262013347920701     
 -0.59999999999999998       0.50000000000000011       -9.0905557906065373E-002
 -0.49999999999999994       0.50000000000000011        8.4086024104277068E-002
 -0.39999999999999991       0.50000000000000011       0.22890872548219329     
 -0.29999999999999993       0.50000000000000011       0.28464609349499831     
 -0.19999999999999993       0.50000000000000011       0.23392028808362467     
  -9.9999999999999978E-002  0.50000000000000011        9.1844555605475289E-002
   2.7755575615628914E-017  0.50000000000000011       -8.5787372413031013E-002
  0.10000000000000009       0.50000000000000011      -0.23620000495768817     
  0.20000000000000009       0.50000000000000011      -0.29374792808520844     
  0.30000000000000016       0.50000000000000011      -0.24111701746939840     
  0.40000000000000013       0.50000000000000011       -9.3795346785119915E-002
  0.50000000000000011       0.50000000000000011        8.7213103320548671E-002
  0.60000000000000009       0.50000000000000011       0.23764834194567364     
  0.70000000000000007       0.50000000000000011       0.29501238360407073     
  0.80000000000000004       0.50000000000000011       0.24258536302646946     
  0.90000000000000002       0.50000000000000011        9.5209089783562517E-002
   1.0000000000000000       0.50000000000000011       -8.4296521716276662E-002
  -1.0000000000000000       0.60000000000000009      -0.23592428384823566     
 -0.90000000000000002       0.60000000000000009      -0.61927198336505718     
 -0.80000000000000004       0.60000000000000009      -0.76889579164684796     
 -0.69999999999999996       0.60000000000000009      -0.63078794032870666     
 -0.59999999999999998       0.60000000000000009      -0.24581790451290975     
 -0.49999999999999994       0.60000000000000009       0.22912674105829411     
 -0.39999999999999991       0.60000000000000009       0.62183621207915485     
 -0.29999999999999993       0.60000000000000009       0.77255342863705889     
 -0.19999999999999993       0.60000000000000009       0.63431631786351517     
  -9.9999999999999978E-002  0.60000000000000009       0.24836431774532064     
   2.7755575615628914E-017  0.60000000000000009      -0.23377978253934784     
  0.10000000000000009       0.60000000000000009      -0.64164948179273784     
  0.20000000000000009       0.60000000000000009      -0.79725703988288832     
  0.30000000000000016       0.60000000000000009      -0.65382932573021157     
  0.40000000000000013       0.60000000000000009      -0.25362527725134437     
  0.50000000000000011       0.60000000000000009       0.23764834194567253     
  0.60000000000000009       0.60000000000000009       0.64558140975459466     
  0.70000000000000007       0.60000000000000009       0.80068988196737678     
  0.80000000000000004       0.60000000000000009       0.65781497359317154     
  0.90000000000000002       0.60000000000000009       0.25746267116382771     
   1.0000000000000000       0.60000000000000009      -0.22971810429101655     
  -1.0000000000000000       0.70000000000000007      -0.29286859364004558     
 -0.90000000000000002       0.70000000000000007      -0.76806085594924267     
 -0.80000000000000004       0.70000000000000007      -0.95337786933162549     
 -0.69999999999999996       0.70000000000000007      -0.78192867748738093     
 -0.59999999999999998       0.70000000000000007      -0.30446632967902598     
 -0.49999999999999994       0.70000000000000007       0.28443361268927336     
 -0.39999999999999991       0.70000000000000007       0.77123828427163632     
 -0.29999999999999993       0.70000000000000007       0.95791349626478939     
 -0.19999999999999993       0.70000000000000007       0.78630349645539932     
  -9.9999999999999978E-002  0.70000000000000007       0.30762293998361817     
   2.7755575615628914E-017  0.70000000000000007      -0.29021599688727340     
  0.10000000000000009       0.70000000000000007      -0.79581418778656698     
  0.20000000000000009       0.70000000000000007      -0.98854445765385968     
  0.30000000000000016       0.70000000000000007      -0.81049117134867443     
  0.40000000000000013       0.70000000000000007      -0.31413389220814469     
  0.50000000000000011       0.70000000000000007       0.29501238360407228     
  0.60000000000000009       0.70000000000000007       0.80068988196738289     
  0.70000000000000007       0.70000000000000007       0.99280131357187540     
  0.80000000000000004       0.70000000000000007       0.81543326108869763     
  0.90000000000000002       0.70000000000000007       0.31889213601867816     
   1.0000000000000000       0.70000000000000007      -0.28517418006511219     
  -1.0000000000000000       0.80000000000000004      -0.24081966538848790     
 -0.90000000000000002       0.80000000000000004      -0.63100951201111810     
 -0.80000000000000004       0.80000000000000004      -0.78305223339788133     
 -0.69999999999999996       0.80000000000000004      -0.64206779429323302     
 -0.59999999999999998       0.80000000000000004      -0.24980470849753475     
 -0.49999999999999994       0.80000000000000004       0.23388639049403157     
 -0.39999999999999991       0.80000000000000004       0.63361763098642987     
 -0.29999999999999993       0.80000000000000004       0.78677787838462609     
 -0.19999999999999993       0.80000000000000004       0.64566092839296763     
  -9.9999999999999978E-002  0.80000000000000004       0.25239675570913100     
   2.7755575615628914E-017  0.80000000000000004      -0.23864616552560661     
  0.10000000000000009       0.80000000000000004      -0.65381004404975196     
  0.20000000000000009       0.80000000000000004      -0.81193661628770941     
  0.30000000000000016       0.80000000000000004      -0.66552161405251031     
  0.40000000000000013       0.80000000000000004      -0.25773458296523283     
  0.50000000000000011       0.80000000000000004       0.24258536302646982     
  0.60000000000000009       0.80000000000000004       0.65781497359317964     
  0.70000000000000007       0.80000000000000004       0.81543326108869929     
  0.80000000000000004       0.80000000000000004       0.66958090493069511     
  0.90000000000000002       0.80000000000000004       0.26164285572943063     
   1.0000000000000000       0.80000000000000004      -0.23450056023317445     
  -1.0000000000000000       0.90000000000000002       -9.4512563693753326E-002
 -0.90000000000000002       0.90000000000000002      -0.24697279334163461     
 -0.80000000000000004       0.90000000000000002      -0.30622794891191585     
 -0.69999999999999996       0.90000000000000002      -0.25089032014432272     
 -0.59999999999999998       0.90000000000000002       -9.7363412907357519E-002
 -0.49999999999999994       0.90000000000000002        9.1794740169228589E-002
 -0.39999999999999991       0.90000000000000002       0.24799073117382425     
 -0.29999999999999993       0.90000000000000002       0.30768534018872562     
 -0.19999999999999993       0.90000000000000002       0.25229536070032021     
  -9.9999999999999978E-002  0.90000000000000002        9.8376324715471947E-002
   2.7755575615628914E-017  0.90000000000000002       -9.3668946333008693E-002
  0.10000000000000009       0.90000000000000002      -0.25589609451326845     
  0.20000000000000009       0.90000000000000002      -0.31752434016665093     
  0.30000000000000016       0.90000000000000002      -0.26005523128898050     
  0.40000000000000013       0.90000000000000002      -0.10045163495629143     
  0.50000000000000011       0.90000000000000002        9.5209089783562850E-002
  0.60000000000000009       0.90000000000000002       0.25746267116382399     
  0.70000000000000007       0.90000000000000002       0.31889213601867838     
  0.80000000000000004       0.90000000000000002       0.26164285572942741     
  0.90000000000000002       0.90000000000000002       0.10198017977142965     
   1.0000000000000000       0.90000000000000002       -9.2042167271089381E-002
  -1.0000000000000000        1.0000000000000000        8.3688553655132947E-002
 -0.90000000000000002        1.0000000000000000       0.22035483858097471     
 -0.80000000000000004        1.0000000000000000       0.27385130004159747     
 -0.69999999999999996        1.0000000000000000       0.22486748715215749     
 -0.59999999999999998        1.0000000000000000        8.7881845502373115E-002
 -0.49999999999999994        1.0000000000000000       -8.1274023291571948E-002
 -0.39999999999999991        1.0000000000000000      -0.22127015737234071     
 -0.29999999999999993        1.0000000000000000      -0.27515360183892357     
 -0.19999999999999993        1.0000000000000000      -0.22612428668967513     
  -9.9999999999999978E-002   1.0000000000000000       -8.8789547320962267E-002
   2.7755575615628914E-017   1.0000000000000000        8.2918328104091193E-002
  0.10000000000000009        1.0000000000000000       0.22831807584655067     
  0.20000000000000009        1.0000000000000000       0.28395190077796517     
  0.30000000000000016        1.0000000000000000       0.23308118540877770     
  0.40000000000000013        1.0000000000000000        9.0675573584319172E-002
  0.50000000000000011        1.0000000000000000       -8.4296521716275219E-002
  0.60000000000000009        1.0000000000000000      -0.22971810429103251     
  0.70000000000000007        1.0000000000000000      -0.28517418006511080     
  0.80000000000000004        1.0000000000000000      -0.23450056023317120     
  0.90000000000000002        1.0000000000000000       -9.2042167271091435E-002
   1.0000000000000000        1.0000000000000000        8.1477327812799302E-002
