  -1.0000000000000000       -1.0000000000000000       0.55213445120840732     
 -0.90000000000000002       -1.0000000000000000       0.16145655712973583     
 -0.80000000000000004       -1.0000000000000000      -0.29407033041249003     
 -0.69999999999999996       -1.0000000000000000      -0.63685192264118073     
 -0.59999999999999998       -1.0000000000000000      -0.73963728122327221     
 -0.49999999999999994       -1.0000000000000000      -0.56011856569483331     
 -0.39999999999999991       -1.0000000000000000      -0.16640630883886343     
 -0.29999999999999993       -1.0000000000000000       0.29071907082698167     
 -0.19999999999999993       -1.0000000000000000       0.63689554324053310     
  -9.9999999999999978E-002  -1.0000000000000000       0.73981477315623712     
   2.7755575615628914E-017  -1.0000000000000000       0.56003034857437306     
  0.10000000000000009       -1.0000000000000000       0.16648042948468184     
  0.20000000000000009       -1.0000000000000000      -0.29113174777179768     
  0.30000000000000016       -1.0000000000000000      -0.63700275653428085     
  0.40000000000000013       -1.0000000000000000      -0.74079021143189328     
  0.50000000000000011       -1.0000000000000000      -0.56030091987674768     
  0.60000000000000009       -1.0000000000000000      -0.16831459032962179     
  0.70000000000000007       -1.0000000000000000       0.29056495121121317     
  0.80000000000000004       -1.0000000000000000       0.63443335475448803     
  0.90000000000000002       -1.0000000000000000       0.73929379731944622     
   1.0000000000000000       -1.0000000000000000       0.54946524071657565     
  -1.0000000000000000      -0.90000000000000002       0.16145655712973428     
 -0.90000000000000002      -0.90000000000000002        4.7173139028580974E-002
 -0.80000000000000004      -0.90000000000000002       -8.6060400922083599E-002
 -0.69999999999999996      -0.90000000000000002      -0.18629748238677959     
 -0.59999999999999998      -0.90000000000000002      -0.21632808686255559     
 -0.49999999999999994      -0.90000000000000002      -0.16379117731911588     
 -0.39999999999999991      -0.90000000000000002       -4.8619096644053984E-002
 -0.29999999999999993      -0.90000000000000002        8.5080518083217871E-002
 -0.19999999999999993      -0.90000000000000002       0.18631029093639079     
  -9.9999999999999978E-002 -0.90000000000000002       0.21638025654316836     
   2.7755575615628914E-017 -0.90000000000000002       0.16376550090968472     
  0.10000000000000009      -0.90000000000000002        4.8640725411513486E-002
  0.20000000000000009      -0.90000000000000002       -8.5201005656363404E-002
  0.30000000000000016      -0.90000000000000002      -0.18634158321639702     
  0.40000000000000013      -0.90000000000000002      -0.21666516240797645     
  0.50000000000000011      -0.90000000000000002      -0.16384449284739111     
  0.60000000000000009      -0.90000000000000002       -4.9176671073525517E-002
  0.70000000000000007      -0.90000000000000002        8.5035418339652502E-002
  0.80000000000000004      -0.90000000000000002       0.18559035475326974     
  0.90000000000000002      -0.90000000000000002       0.21622785084571441     
   1.0000000000000000      -0.90000000000000002       0.16067596789149338     
  -1.0000000000000000      -0.80000000000000004      -0.29407033041249264     
 -0.90000000000000002      -0.80000000000000004       -8.6060400922081851E-002
 -0.80000000000000004      -0.80000000000000004       0.15651058322464018     
 -0.69999999999999996      -0.80000000000000004       0.33907821457045967     
 -0.59999999999999998      -0.80000000000000004       0.39386611839309504     
 -0.49999999999999994      -0.80000000000000004       0.29832291287195528     
 -0.39999999999999991      -0.80000000000000004        8.8699115940646958E-002
 -0.29999999999999993      -0.80000000000000004      -0.15472551196098899     
 -0.19999999999999993      -0.80000000000000004      -0.33910135864226160     
  -9.9999999999999978E-002 -0.80000000000000004      -0.39396020482469130     
   2.7755575615628914E-017 -0.80000000000000004      -0.29827572659909990     
  0.10000000000000009      -0.80000000000000004       -8.8738669694205602E-002
  0.20000000000000009      -0.80000000000000004       0.15494562174807525     
  0.30000000000000016      -0.80000000000000004       0.33915856037781406     
  0.40000000000000013      -0.80000000000000004       0.39448028890162323     
  0.50000000000000011      -0.80000000000000004       0.29842005084435391     
  0.60000000000000009      -0.80000000000000004        8.9716232107242069E-002
  0.70000000000000007      -0.80000000000000004      -0.15464347991428148     
  0.80000000000000004      -0.80000000000000004      -0.33778987553628531     
  0.90000000000000002      -0.80000000000000004      -0.39368283122906750     
   1.0000000000000000      -0.80000000000000004      -0.29264877878957851     
  -1.0000000000000000      -0.69999999999999996      -0.63685192264117707     
 -0.90000000000000002      -0.69999999999999996      -0.18629748238677965     
 -0.80000000000000004      -0.69999999999999996       0.33907821457045889     
 -0.69999999999999996      -0.69999999999999996       0.73445491756259162     
 -0.59999999999999998      -0.69999999999999996       0.85305506030169798     
 -0.49999999999999994      -0.69999999999999996       0.64606128240879757     
 -0.39999999999999991      -0.69999999999999996       0.19200915210559200     
 -0.29999999999999993      -0.69999999999999996      -0.33521258102784079     
 -0.19999999999999993      -0.69999999999999996      -0.73450514258115074     
  -9.9999999999999978E-002 -0.69999999999999996      -0.85325933889252903     
   2.7755575615628914E-017 -0.69999999999999996      -0.64595932824589031     
  0.10000000000000009      -0.69999999999999996      -0.19209472218404397     
  0.20000000000000009      -0.69999999999999996       0.33568889310599009     
  0.30000000000000016      -0.69999999999999996       0.73462890556404459     
  0.40000000000000013      -0.69999999999999996       0.85438500441068443     
  0.50000000000000011      -0.69999999999999996       0.64627163131483034     
  0.60000000000000009      -0.69999999999999996       0.19421098673140449     
  0.70000000000000007      -0.69999999999999996      -0.33503486692616063     
  0.80000000000000004      -0.69999999999999996      -0.73166505915289715     
  0.90000000000000002      -0.69999999999999996      -0.85265852793030084     
   1.0000000000000000      -0.69999999999999996      -0.63377324529161361     
  -1.0000000000000000      -0.59999999999999998      -0.73963728122326489     
 -0.90000000000000002      -0.59999999999999998      -0.21632808686255295     
 -0.80000000000000004      -0.59999999999999998       0.39386611839311531     
 -0.69999999999999996      -0.59999999999999998       0.85305506030170064     
 -0.59999999999999998      -0.59999999999999998       0.99077279845723731     
 -0.49999999999999994      -0.59999999999999998       0.75033288956245692     
 -0.39999999999999991      -0.59999999999999998       0.22296025647102838     
 -0.29999999999999993      -0.59999999999999998      -0.38937667970219714     
 -0.19999999999999993      -0.59999999999999998      -0.85311343997632128     
  -9.9999999999999978E-002 -0.59999999999999998      -0.99101029179908617     
   2.7755575615628914E-017 -0.59999999999999998      -0.75021459074692232     
  0.10000000000000009      -0.59999999999999998      -0.22305959520574489     
  0.20000000000000009      -0.59999999999999998       0.38992969372924835     
  0.30000000000000016      -0.59999999999999998       0.85325712339705262     
  0.40000000000000013      -0.59999999999999998       0.99231732854340549     
  0.50000000000000011      -0.59999999999999998       0.75057717973261717     
  0.60000000000000009      -0.59999999999999998       0.22551704544137005     
  0.70000000000000007      -0.59999999999999998      -0.38917025417349654     
  0.80000000000000004      -0.59999999999999998      -0.84981503643263112     
  0.90000000000000002      -0.59999999999999998      -0.99031245672145130     
   1.0000000000000000      -0.59999999999999998      -0.73606166999314260     
  -1.0000000000000000      -0.49999999999999994      -0.56011856569483465     
 -0.90000000000000002      -0.49999999999999994      -0.16379117731911697     
 -0.80000000000000004      -0.49999999999999994       0.29832291287195628     
 -0.69999999999999996      -0.49999999999999994       0.64606128240879923     
 -0.59999999999999998      -0.49999999999999994       0.75033288956245636     
 -0.49999999999999994      -0.49999999999999994       0.56821813378702246     
 -0.39999999999999991      -0.49999999999999994       0.16881250054663169     
 -0.29999999999999993      -0.49999999999999994      -0.29492319285338880     
 -0.19999999999999993      -0.49999999999999994      -0.64610553393029213     
  -9.9999999999999978E-002 -0.49999999999999994      -0.75051294885305819     
   2.7755575615628914E-017 -0.49999999999999994      -0.56812864134454710     
  0.10000000000000009      -0.49999999999999994      -0.16888769287258398     
  0.20000000000000009      -0.49999999999999994       0.29534183676242137     
  0.30000000000000016      -0.49999999999999994       0.64621429740743352     
  0.40000000000000013      -0.49999999999999994       0.75150249146666093     
  0.50000000000000011      -0.49999999999999994       0.56840312486469402     
  0.60000000000000009      -0.49999999999999994       0.17074837536657092     
  0.70000000000000007      -0.49999999999999994      -0.29476684450844287     
  0.80000000000000004      -0.49999999999999994      -0.64360774126921572     
  0.90000000000000002      -0.49999999999999994      -0.74998443929538483     
   1.0000000000000000      -0.49999999999999994      -0.55741075706848564     
  -1.0000000000000000      -0.39999999999999991      -0.16640630883885427     
 -0.90000000000000002      -0.39999999999999991       -4.8619096644052708E-002
 -0.80000000000000004      -0.39999999999999991        8.8699115940644016E-002
 -0.69999999999999996      -0.39999999999999991       0.19200915210559050     
 -0.59999999999999998      -0.39999999999999991       0.22296025647103082     
 -0.49999999999999994      -0.39999999999999991       0.16881250054663108     
 -0.39999999999999991      -0.39999999999999991        5.0109374742543157E-002
 -0.29999999999999993      -0.39999999999999991       -8.7689193538140781E-002
 -0.19999999999999993      -0.39999999999999991      -0.19202235361499356     
  -9.9999999999999978E-002 -0.39999999999999991      -0.22301402696719760     
   2.7755575615628914E-017 -0.39999999999999991      -0.16878603763783070     
  0.10000000000000009      -0.39999999999999991       -5.0131666318998971E-002
  0.20000000000000009      -0.39999999999999991        8.7813373847106621E-002
  0.30000000000000016      -0.39999999999999991       0.19205460489003764     
  0.40000000000000013      -0.39999999999999991       0.22330766531705465     
  0.50000000000000011      -0.39999999999999991       0.16886745050921501     
  0.60000000000000009      -0.39999999999999991        5.0684040164492690E-002
  0.70000000000000007      -0.39999999999999991       -8.7642711003463852E-002
  0.80000000000000004      -0.39999999999999991      -0.19128034680263770     
  0.90000000000000002      -0.39999999999999991      -0.22285694865260158     
   1.0000000000000000      -0.39999999999999991      -0.16560178890352231     
  -1.0000000000000000      -0.29999999999999993       0.29071907082698212     
 -0.90000000000000002      -0.29999999999999993        8.5080518083217732E-002
 -0.80000000000000004      -0.29999999999999993      -0.15472551196098883     
 -0.69999999999999996      -0.29999999999999993      -0.33521258102784052     
 -0.59999999999999998      -0.29999999999999993      -0.38937667970219653     
 -0.49999999999999994      -0.29999999999999993      -0.29492319285338803     
 -0.39999999999999991      -0.29999999999999993       -8.7689193538141558E-002
 -0.29999999999999993      -0.29999999999999993       0.15296078140725483     
 -0.19999999999999993      -0.29999999999999993       0.33523546020460371     
  -9.9999999999999978E-002 -0.29999999999999993       0.38946968814140337     
   2.7755575615628914E-017 -0.29999999999999993       0.29487654172313982     
  0.10000000000000009      -0.29999999999999993        8.7728297514226505E-002
  0.20000000000000009      -0.29999999999999993      -0.15317838686661356     
  0.30000000000000016      -0.29999999999999993      -0.33529201134103548     
  0.40000000000000013      -0.29999999999999993      -0.38998385249737405     
  0.50000000000000011      -0.29999999999999993      -0.29501922402089481     
  0.60000000000000009      -0.29999999999999993       -8.8694728235301071E-002
  0.70000000000000007      -0.29999999999999993       0.15287968489131473     
  0.80000000000000004      -0.29999999999999993       0.33393892155352212     
  0.90000000000000002      -0.29999999999999993       0.38919547683385897     
   1.0000000000000000      -0.29999999999999993       0.28931372049674686     
  -1.0000000000000000      -0.19999999999999993       0.63689554324052922     
 -0.90000000000000002      -0.19999999999999993       0.18631029093638904     
 -0.80000000000000004      -0.19999999999999993      -0.33910135864227936     
 -0.69999999999999996      -0.19999999999999993      -0.73450514258115229     
 -0.59999999999999998      -0.19999999999999993      -0.85311343997632649     
 -0.49999999999999994      -0.19999999999999993      -0.64610553393029369     
 -0.39999999999999991      -0.19999999999999993      -0.19202235361499670     
 -0.29999999999999993      -0.19999999999999993       0.33523546020460404     
 -0.19999999999999993      -0.19999999999999993       0.73455537097685486     
  -9.9999999999999978E-002 -0.19999999999999993       0.85331773224168483     
   2.7755575615628914E-017 -0.19999999999999993       0.64600357264090413     
  0.10000000000000009      -0.19999999999999993       0.19210792961009204     
  0.20000000000000009      -0.19999999999999993      -0.33571180513215920     
  0.30000000000000016      -0.19999999999999993      -0.73467914250772681     
  0.40000000000000013      -0.19999999999999993      -0.85444347525985809     
  0.50000000000000011      -0.19999999999999993      -0.64631589725500238     
  0.60000000000000009      -0.19999999999999993      -0.19422433959199381     
  0.70000000000000007      -0.19999999999999993       0.33505773396838573     
  0.80000000000000004      -0.19999999999999993       0.73171509294342707     
  0.90000000000000002      -0.19999999999999993       0.85271688020009617     
   1.0000000000000000      -0.19999999999999993       0.63381665508108243     
  -1.0000000000000000       -9.9999999999999978E-002  0.73981477315623811     
 -0.90000000000000002       -9.9999999999999978E-002  0.21638025654316909     
 -0.80000000000000004       -9.9999999999999978E-002 -0.39396020482469246     
 -0.69999999999999996       -9.9999999999999978E-002 -0.85325933889252847     
 -0.59999999999999998       -9.9999999999999978E-002 -0.99101029179908595     
 -0.49999999999999994       -9.9999999999999978E-002 -0.75051294885305631     
 -0.39999999999999991       -9.9999999999999978E-002 -0.22301402696720010     
 -0.29999999999999993       -9.9999999999999978E-002  0.38946968814140426     
 -0.19999999999999993       -9.9999999999999978E-002  0.85331773224168284     
  -9.9999999999999978E-002  -9.9999999999999978E-002  0.99124784044668546     
   2.7755575615628914E-017  -9.9999999999999978E-002  0.75039462088776521     
  0.10000000000000009       -9.9999999999999978E-002  0.22311338983895507     
  0.20000000000000009       -9.9999999999999978E-002 -0.39002283607164723     
  0.30000000000000016       -9.9999999999999978E-002 -0.85346145052046196     
  0.40000000000000013       -9.9999999999999978E-002 -0.99255519296246275     
  0.50000000000000011       -9.9999999999999978E-002 -0.75075729770552613     
  0.60000000000000009       -9.9999999999999978E-002 -0.22557143236517108     
  0.70000000000000007       -9.9999999999999978E-002  0.38926321327774305     
  0.80000000000000004       -9.9999999999999978E-002  0.85001853676612071     
  0.90000000000000002       -9.9999999999999978E-002  0.99054983829584053     
   1.0000000000000000       -9.9999999999999978E-002  0.73623830420515679     
  -1.0000000000000000        2.7755575615628914E-017  0.56003034857435763     
 -0.90000000000000002        2.7755575615628914E-017  0.16376550090968278     
 -0.80000000000000004        2.7755575615628914E-017 -0.29827572659910873     
 -0.69999999999999996        2.7755575615628914E-017 -0.64595932824589186     
 -0.59999999999999998        2.7755575615628914E-017 -0.75021459074692598     
 -0.49999999999999994        2.7755575615628914E-017 -0.56812864134454988     
 -0.39999999999999991        2.7755575615628914E-017 -0.16878603763783198     
 -0.29999999999999993        2.7755575615628914E-017  0.29487654172314004     
 -0.19999999999999993        2.7755575615628914E-017  0.64600357264090014     
  -9.9999999999999978E-002   2.7755575615628914E-017  0.75039462088776621     
   2.7755575615628914E-017   2.7755575615628914E-017  0.56803916263998788     
  0.10000000000000009        2.7755575615628914E-017  0.16886121825951528     
  0.20000000000000009        2.7755575615628914E-017 -0.29529512025689630     
  0.30000000000000016        2.7755575615628914E-017 -0.64611231916484935     
  0.40000000000000013        2.7755575615628914E-017 -0.75138400864405142     
  0.50000000000000011        2.7755575615628914E-017 -0.56831360331402492     
  0.60000000000000009        2.7755575615628914E-017 -0.17072160890435431     
  0.70000000000000007        2.7755575615628914E-017  0.29472021809686166     
  0.80000000000000004        2.7755575615628914E-017  0.64350617318537540     
  0.90000000000000002        2.7755575615628914E-017  0.74986619474978677     
   1.0000000000000000        2.7755575615628914E-017  0.55732296657323055     
  -1.0000000000000000       0.10000000000000009       0.16648042948468220     
 -0.90000000000000002       0.10000000000000009        4.8640725411514173E-002
 -0.80000000000000004       0.10000000000000009       -8.8738669694205005E-002
 -0.69999999999999996       0.10000000000000009      -0.19209472218404422     
 -0.59999999999999998       0.10000000000000009      -0.22305959520574525     
 -0.49999999999999994       0.10000000000000009      -0.16888769287258346     
 -0.39999999999999991       0.10000000000000009       -5.0131666318999110E-002
 -0.29999999999999993       0.10000000000000009        8.7728297514226852E-002
 -0.19999999999999993       0.10000000000000009       0.19210792961009271     
  -9.9999999999999978E-002  0.10000000000000009       0.22311338983895471     
   2.7755575615628914E-017  0.10000000000000009       0.16886121825951553     
  0.10000000000000009       0.10000000000000009        5.0153967797471326E-002
  0.20000000000000009       0.10000000000000009       -8.7852533007005851E-002
  0.30000000000000016       0.10000000000000009      -0.19214019521105463     
  0.40000000000000013       0.10000000000000009      -0.22340715875268707     
  0.50000000000000011       0.10000000000000009      -0.16894266730634669     
  0.60000000000000009       0.10000000000000009       -5.0706587409112436E-002
  0.70000000000000007       0.10000000000000009        8.7681794253824968E-002
  0.80000000000000004       0.10000000000000009       0.19136559233248601     
  0.90000000000000002       0.10000000000000009       0.22295624151869725     
   1.0000000000000000       0.10000000000000009       0.16567555116224292     
  -1.0000000000000000       0.20000000000000009      -0.29113174777180129     
 -0.90000000000000002       0.20000000000000009       -8.5201005656361406E-002
 -0.80000000000000004       0.20000000000000009       0.15494562174808441     
 -0.69999999999999996       0.20000000000000009       0.33568889310598859     
 -0.59999999999999998       0.20000000000000009       0.38992969372923636     
 -0.49999999999999994       0.20000000000000009       0.29534183676241949     
 -0.39999999999999991       0.20000000000000009        8.7813373847109868E-002
 -0.29999999999999993       0.20000000000000009      -0.15317838686661234     
 -0.19999999999999993       0.20000000000000009      -0.33571180513214977     
  -9.9999999999999978E-002  0.20000000000000009      -0.39002283607164662     
   2.7755575615628914E-017  0.20000000000000009      -0.29529512025689270     
  0.10000000000000009       0.20000000000000009       -8.7852533007005518E-002
  0.20000000000000009       0.20000000000000009       0.15339629989131365     
  0.30000000000000016       0.20000000000000009       0.33576843612509216     
  0.40000000000000013       0.20000000000000009       0.39053772793347491     
  0.50000000000000011       0.20000000000000009       0.29543800418283139     
  0.60000000000000009       0.20000000000000009        8.8820332732545859E-002
  0.70000000000000007       0.20000000000000009      -0.15309717501066353     
  0.80000000000000004       0.20000000000000009      -0.33441342648612260     
  0.90000000000000002       0.20000000000000009      -0.38974823509251716     
   1.0000000000000000       0.20000000000000009      -0.28972440217683709     
  -1.0000000000000000       0.30000000000000016      -0.63700275653427862     
 -0.90000000000000002       0.30000000000000016      -0.18634158321639696     
 -0.80000000000000004       0.30000000000000016       0.33915856037781472     
 -0.69999999999999996       0.30000000000000016       0.73462890556404314     
 -0.59999999999999998       0.30000000000000016       0.85325712339705351     
 -0.49999999999999994       0.30000000000000016       0.64621429740743241     
 -0.39999999999999991       0.30000000000000016       0.19205460489003878     
 -0.29999999999999993       0.30000000000000016      -0.33529201134103509     
 -0.19999999999999993       0.30000000000000016      -0.73467914250772681     
  -9.9999999999999978E-002  0.30000000000000016      -0.85346145052046274     
   2.7755575615628914E-017  0.30000000000000016      -0.64611231916485090     
  0.10000000000000009       0.30000000000000016      -0.19214019521105427     
  0.20000000000000009       0.30000000000000016       0.33576843612509422     
  0.30000000000000016       0.30000000000000016       0.73480293477022263     
  0.40000000000000013       0.30000000000000016       0.85458738245774113     
  0.50000000000000011       0.30000000000000016       0.64642469612864006     
  0.60000000000000009       0.30000000000000016       0.19425696075627552     
  0.70000000000000007       0.30000000000000016      -0.33511425513136234     
  0.80000000000000004       0.30000000000000016      -0.73183838645967048     
  0.90000000000000002       0.30000000000000016      -0.85286049722703505     
   1.0000000000000000       0.30000000000000016      -0.63392334999170474     
  -1.0000000000000000       0.40000000000000013      -0.74079021143187007     
 -0.90000000000000002       0.40000000000000013      -0.21666516240797198     
 -0.80000000000000004       0.40000000000000013       0.39448028890164083     
 -0.69999999999999996       0.40000000000000013       0.85438500441068266     
 -0.59999999999999998       0.40000000000000013       0.99231732854341548     
 -0.49999999999999994       0.40000000000000013       0.75150249146666082     
 -0.39999999999999991       0.40000000000000013       0.22330766531706384     
 -0.29999999999999993       0.40000000000000013      -0.38998385249737266     
 -0.19999999999999993       0.40000000000000013      -0.85444347525985409     
  -9.9999999999999978E-002  0.40000000000000013      -0.99255519296246075     
   2.7755575615628914E-017  0.40000000000000013      -0.75138400864406019     
  0.10000000000000009       0.40000000000000013      -0.22340715875268649     
  0.20000000000000009       0.40000000000000013       0.39053772793347907     
  0.30000000000000016       0.40000000000000013       0.85458738245773780     
  0.40000000000000013       0.40000000000000013       0.99386426599210653     
  0.50000000000000011       0.40000000000000013       0.75174716240295891     
  0.60000000000000009       0.40000000000000013       0.22586843828707004     
  0.70000000000000007       0.40000000000000013      -0.38977710509347352     
  0.80000000000000004       0.40000000000000013      -0.85113993044131553     
  0.90000000000000002       0.40000000000000013      -0.99185626991778431     
   1.0000000000000000       0.40000000000000013      -0.73720902644589659     
  -1.0000000000000000       0.50000000000000011      -0.56030091987674657     
 -0.90000000000000002       0.50000000000000011      -0.16384449284739158     
 -0.80000000000000004       0.50000000000000011       0.29842005084435508     
 -0.69999999999999996       0.50000000000000011       0.64627163131483134     
 -0.59999999999999998       0.50000000000000011       0.75057717973261906     
 -0.49999999999999994       0.50000000000000011       0.56840312486469369     
 -0.39999999999999991       0.50000000000000011       0.16886745050921609     
 -0.29999999999999993       0.50000000000000011      -0.29501922402089603     
 -0.19999999999999993       0.50000000000000011      -0.64631589725500505     
  -9.9999999999999978E-002  0.50000000000000011      -0.75075729770552713     
   2.7755575615628914E-017  0.50000000000000011      -0.56831360331402603     
  0.10000000000000009       0.50000000000000011      -0.16894266730634652     
  0.20000000000000009       0.50000000000000011       0.29543800418283522     
  0.30000000000000016       0.50000000000000011       0.64642469612864117     
  0.40000000000000013       0.50000000000000011       0.75174716240296346     
  0.50000000000000011       0.50000000000000011       0.56858817616726642     
  0.60000000000000009       0.50000000000000011       0.17080395548140773     
  0.70000000000000007       0.50000000000000011      -0.29486282476756498     
  0.80000000000000004       0.50000000000000011      -0.64381729141643140     
  0.90000000000000002       0.50000000000000011      -0.75022861607135849     
   1.0000000000000000       0.50000000000000011      -0.55759222967398170     
  -1.0000000000000000       0.60000000000000009      -0.16831459032961277     
 -0.90000000000000002       0.60000000000000009       -4.9176671073525115E-002
 -0.80000000000000004       0.60000000000000009        8.9716232107255725E-002
 -0.69999999999999996       0.60000000000000009       0.19421098673140469     
 -0.59999999999999998       0.60000000000000009       0.22551704544139564     
 -0.49999999999999994       0.60000000000000009       0.17074837536657314     
 -0.39999999999999991       0.60000000000000009        5.0684040164486625E-002
 -0.29999999999999993       0.60000000000000009       -8.8694728235301667E-002
 -0.19999999999999993       0.60000000000000009      -0.19422433959201521     
  -9.9999999999999978E-002  0.60000000000000009      -0.22557143236517044     
   2.7755575615628914E-017  0.60000000000000009      -0.17072160890436014     
  0.10000000000000009       0.60000000000000009       -5.0706587409111298E-002
  0.20000000000000009       0.60000000000000009        8.8820332732565579E-002
  0.30000000000000016       0.60000000000000009       0.19425696075627474     
  0.40000000000000013       0.60000000000000009       0.22586843828708492     
  0.50000000000000011       0.60000000000000009       0.17080395548140828     
  0.60000000000000009       0.60000000000000009        5.1265295957705445E-002
  0.70000000000000007       0.60000000000000009       -8.8647712680671356E-002
  0.80000000000000004       0.60000000000000009      -0.19347382369029190     
  0.90000000000000002       0.60000000000000009      -0.22541255278449457     
   1.0000000000000000       0.60000000000000009      -0.16750084451458891     
  -1.0000000000000000       0.70000000000000007       0.29056495121121201     
 -0.90000000000000002       0.70000000000000007        8.5035418339651656E-002
 -0.80000000000000004       0.70000000000000007      -0.15464347991428104     
 -0.69999999999999996       0.70000000000000007      -0.33503486692615986     
 -0.59999999999999998       0.70000000000000007      -0.38917025417349743     
 -0.49999999999999994       0.70000000000000007      -0.29476684450844148     
 -0.39999999999999991       0.70000000000000007       -8.7642711003464949E-002
 -0.29999999999999993       0.70000000000000007       0.15287968489131476     
 -0.19999999999999993       0.70000000000000007       0.33505773396838623     
  -9.9999999999999978E-002  0.70000000000000007       0.38926321327774238     
   2.7755575615628914E-017  0.70000000000000007       0.29472021809686338     
  0.10000000000000009       0.70000000000000007        8.7681794253824399E-002
  0.20000000000000009       0.70000000000000007      -0.15309717501066344     
  0.30000000000000016       0.70000000000000007      -0.33511425513136189     
  0.40000000000000013       0.70000000000000007      -0.38977710509347563     
  0.50000000000000011       0.70000000000000007      -0.29486282476756381     
  0.60000000000000009       0.70000000000000007       -8.8647712680672480E-002
  0.70000000000000007       0.70000000000000007       0.15279863137057750     
  0.80000000000000004       0.70000000000000007       0.33376188264812923     
  0.90000000000000002       0.70000000000000007       0.38898914734477025     
   1.0000000000000000       0.70000000000000007       0.28916034590838458     
  -1.0000000000000000       0.80000000000000004       0.63443335475449081     
 -0.90000000000000002       0.80000000000000004       0.18559035475326724     
 -0.80000000000000004       0.80000000000000004      -0.33778987553630929     
 -0.69999999999999996       0.80000000000000004      -0.73166505915290059     
 -0.59999999999999998       0.80000000000000004      -0.84981503643264700     
 -0.49999999999999994       0.80000000000000004      -0.64360774126921916     
 -0.39999999999999991       0.80000000000000004      -0.19128034680264538     
 -0.29999999999999993       0.80000000000000004       0.33393892155352350     
 -0.19999999999999993       0.80000000000000004       0.73171509294343551     
  -9.9999999999999978E-002  0.80000000000000004       0.85001853676612427     
   2.7755575615628914E-017  0.80000000000000004       0.64350617318538827     
  0.10000000000000009       0.80000000000000004       0.19136559233248659     
  0.20000000000000009       0.80000000000000004      -0.33441342648613176     
  0.30000000000000016       0.80000000000000004      -0.73183838645967125     
  0.40000000000000013       0.80000000000000004      -0.85113993044132163     
  0.50000000000000011       0.80000000000000004      -0.64381729141643118     
  0.60000000000000009       0.80000000000000004      -0.19347382369027580     
  0.70000000000000007       0.80000000000000004       0.33376188264812939     
  0.80000000000000004       0.80000000000000004       0.72888579469774561     
  0.90000000000000002       0.80000000000000004       0.84942000805843532     
   1.0000000000000000       0.80000000000000004       0.63136636975723115     
  -1.0000000000000000       0.90000000000000002       0.73929379731944311     
 -0.90000000000000002       0.90000000000000002       0.21622785084571478     
 -0.80000000000000004       0.90000000000000002      -0.39368283122906522     
 -0.69999999999999996       0.90000000000000002      -0.85265852793030006     
 -0.59999999999999998       0.90000000000000002      -0.99031245672144941     
 -0.49999999999999994       0.90000000000000002      -0.74998443929538294     
 -0.39999999999999991       0.90000000000000002      -0.22285694865260747     
 -0.29999999999999993       0.90000000000000002       0.38919547683385952     
 -0.19999999999999993       0.90000000000000002       0.85271688020008940     
  -9.9999999999999978E-002  0.90000000000000002       0.99054983829583998     
   2.7755575615628914E-017  0.90000000000000002       0.74986619474978633     
  0.10000000000000009       0.90000000000000002       0.22295624151869722     
  0.20000000000000009       0.90000000000000002      -0.38974823509251516     
  0.30000000000000016       0.90000000000000002      -0.85286049722703505     
  0.40000000000000013       0.90000000000000002      -0.99185626991778364     
  0.50000000000000011       0.90000000000000002      -0.75022861607135738     
  0.60000000000000009       0.90000000000000002      -0.22541255278449701     
  0.70000000000000007       0.90000000000000002       0.38898914734477058     
  0.80000000000000004       0.90000000000000002       0.84942000805842766     
  0.90000000000000002       0.90000000000000002       0.98985232762980668     
   1.0000000000000000       0.90000000000000002       0.73571984686858916     
  -1.0000000000000000        1.0000000000000000       0.54946524071653857     
 -0.90000000000000002        1.0000000000000000       0.16067596789149038     
 -0.80000000000000004        1.0000000000000000      -0.29264877878958040     
 -0.69999999999999996        1.0000000000000000      -0.63377324529161050     
 -0.59999999999999998        1.0000000000000000      -0.73606166999314060     
 -0.49999999999999994        1.0000000000000000      -0.55741075706848597     
 -0.39999999999999991        1.0000000000000000      -0.16560178890352831     
 -0.29999999999999993        1.0000000000000000       0.28931372049674597     
 -0.19999999999999993        1.0000000000000000       0.63381665508106855     
  -9.9999999999999978E-002   1.0000000000000000       0.73623830420515546     
   2.7755575615628914E-017   1.0000000000000000       0.55732296657322788     
  0.10000000000000009        1.0000000000000000       0.16567555116224178     
  0.20000000000000009        1.0000000000000000      -0.28972440217683415     
  0.30000000000000016        1.0000000000000000      -0.63392334999170141     
  0.40000000000000013        1.0000000000000000      -0.73720902644587816     
  0.50000000000000011        1.0000000000000000      -0.55759222967397726     
  0.60000000000000009        1.0000000000000000      -0.16750084451458108     
  0.70000000000000007        1.0000000000000000       0.28916034590838108     
  0.80000000000000004        1.0000000000000000       0.63136636975720595     
  0.90000000000000002        1.0000000000000000       0.73571984686858771     
   1.0000000000000000        1.0000000000000000       0.54680893405528297     
