  -1.0000000000000000       -1.0000000000000000       0.18484607864439986     
 -0.90000000000000002       -1.0000000000000000       -7.4972337167355935E-002
 -0.80000000000000004       -1.0000000000000000      -0.31069619495771872     
 -0.69999999999999996       -1.0000000000000000      -0.42573582034515645     
 -0.59999999999999998       -1.0000000000000000      -0.37917710117899944     
 -0.49999999999999994       -1.0000000000000000      -0.18786396514790912     
 -0.39999999999999991       -1.0000000000000000        7.5258749508422193E-002
 -0.29999999999999993       -1.0000000000000000       0.30965303631766516     
 -0.19999999999999993       -1.0000000000000000       0.42576133402252880     
  -9.9999999999999978E-002  -1.0000000000000000       0.37924385728436794     
   2.7755575615628914E-017  -1.0000000000000000       0.18787913067476644     
  0.10000000000000009       -1.0000000000000000       -7.5265860930134668E-002
  0.20000000000000009       -1.0000000000000000      -0.30961810651423893     
  0.30000000000000016       -1.0000000000000000      -0.42575496153493930     
  0.40000000000000013       -1.0000000000000000      -0.37915984098479860     
  0.50000000000000011       -1.0000000000000000      -0.18785570135082791     
  0.60000000000000009       -1.0000000000000000        7.5380373954422000E-002
  0.70000000000000007       -1.0000000000000000       0.30965249412471668     
  0.80000000000000004       -1.0000000000000000       0.42566192174289147     
  0.90000000000000002       -1.0000000000000000       0.37903682651757492     
   1.0000000000000000       -1.0000000000000000       0.18439611597246217     
  -1.0000000000000000      -0.90000000000000002       -7.4972337167356157E-002
 -0.90000000000000002      -0.90000000000000002        3.0340155126255489E-002
 -0.80000000000000004      -0.90000000000000002       0.12590613216181398     
 -0.69999999999999996      -0.90000000000000002       0.17256500501752944     
 -0.59999999999999998      -0.90000000000000002       0.15372327936970051     
 -0.49999999999999994      -0.90000000000000002        7.6196320734489703E-002
 -0.39999999999999991      -0.90000000000000002       -3.0456133051278284E-002
 -0.29999999999999993      -0.90000000000000002      -0.12548260092978109     
 -0.19999999999999993      -0.90000000000000002      -0.17257532416001675     
  -9.9999999999999978E-002 -0.90000000000000002      -0.15375037871810912     
   2.7755575615628914E-017 -0.90000000000000002       -7.6202493638694718E-002
  0.10000000000000009      -0.90000000000000002        3.0458997097691589E-002
  0.20000000000000009      -0.90000000000000002       0.12546839627363277     
  0.30000000000000016      -0.90000000000000002       0.17257273695920047     
  0.40000000000000013      -0.90000000000000002       0.15371627456627796     
  0.50000000000000011      -0.90000000000000002        7.6192984597621985E-002
  0.60000000000000009      -0.90000000000000002       -3.0505285749607522E-002
  0.70000000000000007      -0.90000000000000002      -0.12548233564641403     
  0.80000000000000004      -0.90000000000000002      -0.17253446853443224     
  0.90000000000000002      -0.90000000000000002      -0.15366631093767941     
   1.0000000000000000      -0.90000000000000002       -7.4789191514683745E-002
  -1.0000000000000000      -0.80000000000000004      -0.31069619495772227     
 -0.90000000000000002      -0.80000000000000004       0.12590613216181315     
 -0.80000000000000004      -0.80000000000000004       0.52205159798266820     
 -0.69999999999999996      -0.80000000000000004       0.71541379923932269     
 -0.59999999999999998      -0.80000000000000004       0.63722437968973278     
 -0.49999999999999994      -0.80000000000000004       0.31576868873733449     
 -0.39999999999999991      -0.80000000000000004      -0.12638723905575780     
 -0.29999999999999993      -0.80000000000000004      -0.52029751764515242     
 -0.19999999999999993      -0.80000000000000004      -0.71545663662624492     
  -9.9999999999999978E-002 -0.80000000000000004      -0.63733662388120171     
   2.7755575615628914E-017 -0.80000000000000004      -0.31579421488609560     
  0.10000000000000009      -0.80000000000000004       0.12639915937207663     
  0.20000000000000009      -0.80000000000000004       0.52023874590604513     
  0.30000000000000016      -0.80000000000000004       0.71544592136736140     
  0.40000000000000013      -0.80000000000000004       0.63719536134657229     
  0.50000000000000011      -0.80000000000000004       0.31575482387355541     
  0.60000000000000009      -0.80000000000000004      -0.12659138313265791     
  0.70000000000000007      -0.80000000000000004      -0.52029653292847688     
  0.80000000000000004      -0.80000000000000004      -0.71528867607939139     
  0.90000000000000002      -0.80000000000000004      -0.63698848118423990     
   1.0000000000000000      -0.80000000000000004      -0.30993883972867187     
  -1.0000000000000000      -0.69999999999999996      -0.42573582034515534     
 -0.90000000000000002      -0.69999999999999996       0.17256500501752828     
 -0.80000000000000004      -0.69999999999999996       0.71541379923932102     
 -0.69999999999999996      -0.69999999999999996       0.98037132455912079     
 -0.59999999999999998      -0.69999999999999996       0.87320618543051165     
 -0.49999999999999994      -0.69999999999999996       0.43268650637793415     
 -0.39999999999999991      -0.69999999999999996      -0.17322436046949194     
 -0.29999999999999993      -0.69999999999999996      -0.71301050260323506     
 -0.19999999999999993      -0.69999999999999996      -0.98043004029162129     
  -9.9999999999999978E-002 -0.69999999999999996      -0.87335997567570556     
   2.7755575615628914E-017 -0.69999999999999996      -0.43272147098585773     
  0.10000000000000009      -0.69999999999999996       0.17324070647612261     
  0.20000000000000009      -0.69999999999999996       0.71292999193775219     
  0.30000000000000016      -0.69999999999999996       0.98041535907564881     
  0.40000000000000013      -0.69999999999999996       0.87316642511718545     
  0.50000000000000011      -0.69999999999999996       0.43266749860908471     
  0.60000000000000009      -0.69999999999999996      -0.17350419683608048     
  0.70000000000000007      -0.69999999999999996      -0.71300918016308434     
  0.80000000000000004      -0.69999999999999996      -0.98020020676140307     
  0.90000000000000002      -0.69999999999999996      -0.87288298601393777     
   1.0000000000000000      -0.69999999999999996      -0.42469842513383360     
  -1.0000000000000000      -0.59999999999999998      -0.37917710117900083     
 -0.90000000000000002      -0.59999999999999998       0.15372327936970151     
 -0.80000000000000004      -0.59999999999999998       0.63722437968974943     
 -0.69999999999999996      -0.59999999999999998       0.87320618543051343     
 -0.59999999999999998      -0.59999999999999998       0.77774206157229964     
 -0.49999999999999994      -0.59999999999999998       0.38536767866469807     
 -0.39999999999999991      -0.59999999999999998      -0.15431061078849140     
 -0.29999999999999993      -0.59999999999999998      -0.63508410021740502     
 -0.19999999999999993      -0.59999999999999998      -0.87325849279736367     
  -9.9999999999999978E-002 -0.59999999999999998      -0.77787902283807187     
   2.7755575615628914E-017 -0.59999999999999998      -0.38539880986579067     
  0.10000000000000009      -0.59999999999999998       0.15432517814986554     
  0.20000000000000009      -0.59999999999999998       0.63501241074427484     
  0.30000000000000016      -0.59999999999999998       0.87324541825930513     
  0.40000000000000013      -0.59999999999999998       0.77770665131606898     
  0.50000000000000011      -0.59999999999999998       0.38535074270590569     
  0.60000000000000009      -0.59999999999999998      -0.15455992240859778     
  0.70000000000000007      -0.59999999999999998      -0.63508294243699237     
  0.80000000000000004      -0.59999999999999998      -0.87305403010863036     
  0.90000000000000002      -0.59999999999999998      -0.77745424009435593     
   1.0000000000000000      -0.59999999999999998      -0.37825344042484971     
  -1.0000000000000000      -0.49999999999999994      -0.18786396514790976     
 -0.90000000000000002      -0.49999999999999994        7.6196320734489634E-002
 -0.80000000000000004      -0.49999999999999994       0.31576868873733394     
 -0.69999999999999996      -0.49999999999999994       0.43268650637793477     
 -0.59999999999999998      -0.49999999999999994       0.38536767866469673     
 -0.49999999999999994      -0.49999999999999994       0.19093112308819640     
 -0.39999999999999991      -0.49999999999999994       -7.6487409040549501E-002
 -0.29999999999999993      -0.49999999999999994      -0.31470849866013501     
 -0.19999999999999993      -0.49999999999999994      -0.43271243658227521     
  -9.9999999999999978E-002 -0.49999999999999994      -0.38543552468041481     
   2.7755575615628914E-017 -0.49999999999999994      -0.19094653623117858     
  0.10000000000000009      -0.49999999999999994        7.6494636551580647E-002
  0.20000000000000009      -0.49999999999999994       0.31467299854785974     
  0.30000000000000016      -0.49999999999999994       0.43270596005241718     
  0.40000000000000013      -0.49999999999999994       0.38535013666928142     
  0.50000000000000011      -0.49999999999999994       0.19092272438405133     
  0.60000000000000009      -0.49999999999999994       -7.6611019053433954E-002
  0.70000000000000007      -0.49999999999999994      -0.31470794758109349     
  0.80000000000000004      -0.49999999999999994      -0.43261140084903865     
  0.90000000000000002      -0.49999999999999994      -0.38522511375606799     
   1.0000000000000000      -0.49999999999999994      -0.18740665568465439     
  -1.0000000000000000      -0.39999999999999991        7.5258749508427300E-002
 -0.90000000000000002      -0.39999999999999991       -3.0456133051277600E-002
 -0.80000000000000004      -0.39999999999999991      -0.12638723905575938     
 -0.69999999999999996      -0.39999999999999991      -0.17322436046949227     
 -0.59999999999999998      -0.39999999999999991      -0.15431061078848277     
 -0.49999999999999994      -0.39999999999999991       -7.6487409040548834E-002
 -0.39999999999999991      -0.39999999999999991        3.0572554239875566E-002
 -0.29999999999999993      -0.39999999999999991       0.12596209028729505     
 -0.19999999999999993      -0.39999999999999991       0.17323471906453911     
  -9.9999999999999978E-002 -0.39999999999999991       0.15433781364062266     
   2.7755575615628914E-017 -0.39999999999999991        7.6493605503753753E-002
  0.10000000000000009      -0.39999999999999991       -3.0575429249355034E-002
  0.20000000000000009      -0.39999999999999991      -0.12594783140510632     
  0.30000000000000016      -0.39999999999999991      -0.17323212198277091     
  0.40000000000000013      -0.39999999999999991      -0.15430357923093843     
  0.50000000000000011      -0.39999999999999991       -7.6484060142338495E-002
  0.60000000000000009      -0.39999999999999991        3.0621894901976730E-002
  0.70000000000000007      -0.39999999999999991       0.12596182403829675     
  0.80000000000000004      -0.39999999999999991       0.17319370792160615     
  0.90000000000000002      -0.39999999999999991       0.15425342480303084     
   1.0000000000000000      -0.39999999999999991        7.5074904865449238E-002
  -1.0000000000000000      -0.29999999999999993       0.30965303631766511     
 -0.90000000000000002      -0.29999999999999993      -0.12548260092978020     
 -0.80000000000000004      -0.29999999999999993      -0.52029751764515164     
 -0.69999999999999996      -0.29999999999999993      -0.71301050260323495     
 -0.59999999999999998      -0.29999999999999993      -0.63508410021740291     
 -0.49999999999999994      -0.29999999999999993      -0.31470849866013401     
 -0.39999999999999991      -0.29999999999999993       0.12596209028729613     
 -0.29999999999999993      -0.29999999999999993       0.51854932150755728     
 -0.19999999999999993      -0.29999999999999993       0.71305319582251081     
  -9.9999999999999978E-002 -0.29999999999999993       0.63519596782902343     
   2.7755575615628914E-017 -0.29999999999999993       0.31473393936281097     
  0.10000000000000009      -0.29999999999999993      -0.12597397034225297     
  0.20000000000000009      -0.29999999999999993      -0.51849074665363259     
  0.30000000000000016      -0.29999999999999993      -0.71304251650966621     
  0.40000000000000013      -0.29999999999999993      -0.63505517925460564     
  0.50000000000000011      -0.29999999999999993      -0.31469468053124855     
  0.60000000000000009      -0.29999999999999993       0.12616554686451822     
  0.70000000000000007      -0.29999999999999993       0.51854833956251078     
  0.80000000000000004      -0.29999999999999993       0.71288579290047138     
  0.90000000000000002      -0.29999999999999993       0.63484899286791030     
   1.0000000000000000      -0.29999999999999993       0.30889821630918551     
  -1.0000000000000000      -0.19999999999999993       0.42576133402253047     
 -0.90000000000000002      -0.19999999999999993      -0.17257532416001689     
 -0.80000000000000004      -0.19999999999999993      -0.71545663662625836     
 -0.69999999999999996      -0.19999999999999993      -0.98043004029162184     
 -0.59999999999999998      -0.19999999999999993      -0.87325849279736567     
 -0.49999999999999994      -0.19999999999999993      -0.43271243658227554     
 -0.39999999999999991      -0.19999999999999993       0.17323471906454108     
 -0.29999999999999993      -0.19999999999999993       0.71305319582251170     
 -0.19999999999999993      -0.19999999999999993       0.98048875953347747     
  -9.9999999999999978E-002 -0.19999999999999993       0.87341229226733241     
   2.7755575615628914E-017 -0.19999999999999993       0.43274740329274830     
  0.10000000000000009      -0.19999999999999993      -0.17325106604422968     
  0.20000000000000009      -0.19999999999999993      -0.71297268031994321     
  0.30000000000000016      -0.19999999999999993      -0.98047407743686421     
  0.40000000000000013      -0.19999999999999993      -0.87321873010036288     
  0.50000000000000011      -0.19999999999999993      -0.43269342767940550     
  0.60000000000000009      -0.19999999999999993       0.17351457214386740     
  0.70000000000000007      -0.19999999999999993       0.71305187328828601     
  0.80000000000000004      -0.19999999999999993       0.98025891205440163     
  0.90000000000000002      -0.19999999999999993       0.87293527398827242     
   1.0000000000000000      -0.19999999999999993       0.42472387642923265     
  -1.0000000000000000       -9.9999999999999978E-002  0.37924385728436860     
 -0.90000000000000002       -9.9999999999999978E-002 -0.15375037871810823     
 -0.80000000000000004       -9.9999999999999978E-002 -0.63733662388120260     
 -0.69999999999999996       -9.9999999999999978E-002 -0.87335997567570445     
 -0.59999999999999998       -9.9999999999999978E-002 -0.77787902283807153     
 -0.49999999999999994       -9.9999999999999978E-002 -0.38543552468041409     
 -0.39999999999999991       -9.9999999999999978E-002  0.15433781364062335     
 -0.29999999999999993       -9.9999999999999978E-002  0.63519596782902354     
 -0.19999999999999993       -9.9999999999999978E-002  0.87341229226733241     
  -9.9999999999999978E-002  -9.9999999999999978E-002  0.77801600820636663     
   2.7755575615628914E-017  -9.9999999999999978E-002  0.38546666135080215     
  0.10000000000000009       -9.9999999999999978E-002 -0.15435238357764672     
  0.20000000000000009       -9.9999999999999978E-002 -0.63512426575417602     
  0.30000000000000016       -9.9999999999999978E-002 -0.87339921542877008     
  0.40000000000000013       -9.9999999999999978E-002 -0.77784360635119365     
  0.50000000000000011       -9.9999999999999978E-002 -0.38541858573163884     
  0.60000000000000009       -9.9999999999999978E-002  0.15458716924876828     
  0.70000000000000007       -9.9999999999999978E-002  0.63519480986879717     
  0.80000000000000004       -9.9999999999999978E-002  0.87320779386260461     
  0.90000000000000002       -9.9999999999999978E-002  0.77759115072832519     
   1.0000000000000000       -9.9999999999999978E-002  0.37832003424801641     
  -1.0000000000000000        2.7755575615628914E-017  0.18787913067476245     
 -0.90000000000000002        2.7755575615628914E-017  -7.6202493638694968E-002
 -0.80000000000000004        2.7755575615628914E-017 -0.31579421488610210     
 -0.69999999999999996        2.7755575615628914E-017 -0.43272147098585645     
 -0.59999999999999998        2.7755575615628914E-017 -0.38539880986579900     
 -0.49999999999999994        2.7755575615628914E-017 -0.19094653623117919     
 -0.39999999999999991        2.7755575615628914E-017   7.6493605503755405E-002
 -0.29999999999999993        2.7755575615628914E-017  0.31473393936281091     
 -0.19999999999999993        2.7755575615628914E-017  0.43274740329274652     
  -9.9999999999999978E-002   2.7755575615628914E-017  0.38546666135080204     
   2.7755575615628914E-017   2.7755575615628914E-017  0.19096195061138588     
  0.10000000000000009        2.7755575615628914E-017  -7.6500833604714949E-002
  0.20000000000000009        2.7755575615628914E-017 -0.31469843639676637     
  0.30000000000000016        2.7755575615628914E-017 -0.43274092624087246     
  0.40000000000000013        2.7755575615628914E-017 -0.38538126645556886     
  0.50000000000000011        2.7755575615628914E-017 -0.19093813684403962     
  0.60000000000000009        2.7755575615628914E-017   7.6617225551998319E-002
  0.70000000000000007        2.7755575615628914E-017  0.31473338825383529     
  0.80000000000000004        2.7755575615628914E-017  0.43264635957489900     
  0.90000000000000002        2.7755575615628914E-017  0.38525623347209420     
   1.0000000000000000        2.7755575615628914E-017  0.18742178450156055     
  -1.0000000000000000       0.10000000000000009       -7.5265860930134307E-002
 -0.90000000000000002       0.10000000000000009        3.0458997097691148E-002
 -0.80000000000000004       0.10000000000000009       0.12639915937207674     
 -0.69999999999999996       0.10000000000000009       0.17324070647612280     
 -0.59999999999999998       0.10000000000000009       0.15432517814986482     
 -0.49999999999999994       0.10000000000000009        7.6494636551580064E-002
 -0.39999999999999991       0.10000000000000009       -3.0575429249353893E-002
 -0.29999999999999993       0.10000000000000009      -0.12597397034225286     
 -0.19999999999999993       0.10000000000000009      -0.17325106604422841     
  -9.9999999999999978E-002  0.10000000000000009      -0.15435238357764661     
   2.7755575615628914E-017  0.10000000000000009       -7.6500833604714130E-002
  0.10000000000000009       0.10000000000000009        3.0578304526422333E-002
  0.20000000000000009       0.10000000000000009       0.12595971010512952     
  0.30000000000000016       0.10000000000000009       0.17324846871651203     
  0.40000000000000013       0.10000000000000009       0.15431814592726525     
  0.50000000000000011       0.10000000000000009        7.6491287340057112E-002
  0.60000000000000009       0.10000000000000009       -3.0624774538280653E-002
  0.70000000000000007       0.10000000000000009      -0.12597370405894279     
  0.80000000000000004       0.10000000000000009      -0.17321005091770450     
  0.90000000000000002       0.10000000000000009      -0.15426798674609174     
   1.0000000000000000       0.10000000000000009       -7.5081998783674511E-002
  -1.0000000000000000       0.20000000000000009      -0.30961810651424032     
 -0.90000000000000002       0.20000000000000009       0.12546839627363277     
 -0.80000000000000004       0.20000000000000009       0.52023874590605002     
 -0.69999999999999996       0.20000000000000009       0.71292999193775386     
 -0.59999999999999998       0.20000000000000009       0.63501241074426018     
 -0.49999999999999994       0.20000000000000009       0.31467299854785924     
 -0.39999999999999991       0.20000000000000009      -0.12594783140510260     
 -0.29999999999999993       0.20000000000000009      -0.51849074665363382     
 -0.19999999999999993       0.20000000000000009      -0.71297268031993211     
  -9.9999999999999978E-002  0.20000000000000009      -0.63512426575417469     
   2.7755575615628914E-017  0.20000000000000009      -0.31469843639676065     
  0.10000000000000009       0.20000000000000009       0.12595971010512985     
  0.20000000000000009       0.20000000000000009       0.51843217837990130     
  0.30000000000000016       0.20000000000000009       0.71296200220984163     
  0.40000000000000013       0.20000000000000009       0.63498349304092261     
  0.50000000000000011       0.20000000000000009       0.31465918198911585     
  0.60000000000000009       0.20000000000000009      -0.12615126490228498     
  0.70000000000000007       0.20000000000000009      -0.51848976478618258     
  0.80000000000000004       0.20000000000000009      -0.71280529589045305     
  0.90000000000000002       0.20000000000000009      -0.63477732986158553     
   1.0000000000000000       0.20000000000000009      -0.30886337118071372     
  -1.0000000000000000       0.30000000000000016      -0.42575496153493780     
 -0.90000000000000002       0.30000000000000016       0.17257273695919956     
 -0.80000000000000004       0.30000000000000016       0.71544592136736140     
 -0.69999999999999996       0.30000000000000016       0.98041535907564836     
 -0.59999999999999998       0.30000000000000016       0.87324541825930480     
 -0.49999999999999994       0.30000000000000016       0.43270596005241663     
 -0.39999999999999991       0.30000000000000016      -0.17323212198277302     
 -0.29999999999999993       0.30000000000000016      -0.71304251650966566     
 -0.19999999999999993       0.30000000000000016      -0.98047407743686521     
  -9.9999999999999978E-002  0.30000000000000016      -0.87339921542877030     
   2.7755575615628914E-017  0.30000000000000016      -0.43274092624087407     
  0.10000000000000009       0.30000000000000016       0.17324846871651228     
  0.20000000000000009       0.30000000000000016       0.71296200220984207     
  0.30000000000000016       0.30000000000000016       0.98045939555982131     
  0.40000000000000013       0.30000000000000016       0.87320565615712842     
  0.50000000000000011       0.30000000000000016       0.43268695143501840     
  0.60000000000000009       0.30000000000000016      -0.17351197086243655     
  0.70000000000000007       0.30000000000000016      -0.71304119399242649     
  0.80000000000000004       0.30000000000000016      -0.98024423336482436     
  0.90000000000000002       0.30000000000000016      -0.87292220428332945     
   1.0000000000000000       0.30000000000000016      -0.42471751942955005     
  -1.0000000000000000       0.40000000000000013      -0.37915984098479316     
 -0.90000000000000002       0.40000000000000013       0.15371627456627851     
 -0.80000000000000004       0.40000000000000013       0.63719536134658361     
 -0.69999999999999996       0.40000000000000013       0.87316642511718578     
 -0.59999999999999998       0.40000000000000013       0.77770665131607464     
 -0.49999999999999994       0.40000000000000013       0.38535013666928258     
 -0.39999999999999991       0.40000000000000013      -0.15430357923093474     
 -0.29999999999999993       0.40000000000000013      -0.63505517925460542     
 -0.19999999999999993       0.40000000000000013      -0.87321873010036077     
  -9.9999999999999978E-002  0.40000000000000013      -0.77784360635119321     
   2.7755575615628914E-017  0.40000000000000013      -0.38538126645557108     
  0.10000000000000009       0.40000000000000013       0.15431814592726534     
  0.20000000000000009       0.40000000000000013       0.63498349304092883     
  0.30000000000000016       0.40000000000000013       0.87320565615712731     
  0.40000000000000013       0.40000000000000013       0.77767124267218557     
  0.50000000000000011       0.40000000000000013       0.38533320148297590     
  0.60000000000000009       0.40000000000000013      -0.15455287948525662     
  0.70000000000000007       0.40000000000000013      -0.63505402152225476     
  0.80000000000000004       0.40000000000000013      -0.87301427666262577     
  0.90000000000000002       0.40000000000000013      -0.77741884293320440     
   1.0000000000000000       0.40000000000000013      -0.37823622220494030     
  -1.0000000000000000       0.50000000000000011      -0.18785570135082857     
 -0.90000000000000002       0.50000000000000011        7.6192984597621846E-002
 -0.80000000000000004       0.50000000000000011       0.31575482387355608     
 -0.69999999999999996       0.50000000000000011       0.43266749860908449     
 -0.59999999999999998       0.50000000000000011       0.38535074270590663     
 -0.49999999999999994       0.50000000000000011       0.19092272438405128     
 -0.39999999999999991       0.50000000000000011       -7.6484060142339910E-002
 -0.29999999999999993       0.50000000000000011      -0.31469468053124849     
 -0.19999999999999993       0.50000000000000011      -0.43269342767940794     
  -9.9999999999999978E-002  0.50000000000000011      -0.38541858573163873     
   2.7755575615628914E-017  0.50000000000000011      -0.19093813684404032     
  0.10000000000000009       0.50000000000000011        7.6491287340057112E-002
  0.20000000000000009       0.50000000000000011       0.31465918198911724     
  0.30000000000000016       0.50000000000000011       0.43268695143501879     
  0.40000000000000013       0.50000000000000011       0.38533320148297723     
  0.50000000000000011       0.50000000000000011       0.19091432604579101     
  0.60000000000000009       0.50000000000000011       -7.6607664758227598E-002
  0.70000000000000007       0.50000000000000011      -0.31469412948681474     
  0.80000000000000004       0.50000000000000011      -0.43259239651286885     
  0.90000000000000002       0.50000000000000011      -0.38520818408521351     
   1.0000000000000000       0.50000000000000011      -0.18739841215148192     
  -1.0000000000000000       0.60000000000000009        7.5380373954419017E-002
 -0.90000000000000002       0.60000000000000009       -3.0505285749607400E-002
 -0.80000000000000004       0.60000000000000009      -0.12659138313265134     
 -0.69999999999999996       0.60000000000000009      -0.17350419683608145     
 -0.59999999999999998       0.60000000000000009      -0.15455992240858074     
 -0.49999999999999994       0.60000000000000009       -7.6611019053432525E-002
 -0.39999999999999991       0.60000000000000009        3.0621894901971567E-002
 -0.29999999999999993       0.60000000000000009       0.12616554686451800     
 -0.19999999999999993       0.60000000000000009       0.17351457214385441     
  -9.9999999999999978E-002  0.60000000000000009       0.15458716924876745     
   2.7755575615628914E-017  0.60000000000000009        7.6617225551996126E-002
  0.10000000000000009       0.60000000000000009       -3.0624774538280424E-002
  0.20000000000000009       0.60000000000000009      -0.12615126490227260     
  0.30000000000000016       0.60000000000000009      -0.17351197086243603     
  0.40000000000000013       0.60000000000000009      -0.15455287948524751     
  0.50000000000000011       0.60000000000000009       -7.6607664758226390E-002
  0.60000000000000009       0.60000000000000009        3.0671315132374179E-002
  0.70000000000000007       0.60000000000000009       0.12616528014110684     
  0.80000000000000004       0.60000000000000009       0.17347349420023955     
  0.90000000000000002       0.60000000000000009       0.15450264393592827     
   1.0000000000000000       0.60000000000000009        7.5196231566168864E-002
  -1.0000000000000000       0.70000000000000007       0.30965249412471418     
 -0.90000000000000002       0.70000000000000007      -0.12548233564641367     
 -0.80000000000000004       0.70000000000000007      -0.52029653292847777     
 -0.69999999999999996       0.70000000000000007      -0.71300918016308423     
 -0.59999999999999998       0.70000000000000007      -0.63508294243699248     
 -0.49999999999999994       0.70000000000000007      -0.31470794758109227     
 -0.39999999999999991       0.70000000000000007       0.12596182403829767     
 -0.29999999999999993       0.70000000000000007       0.51854833956250990     
 -0.19999999999999993       0.70000000000000007       0.71305187328828690     
  -9.9999999999999978E-002  0.70000000000000007       0.63519480986879662     
   2.7755575615628914E-017  0.70000000000000007       0.31473338825383568     
  0.10000000000000009       0.70000000000000007      -0.12597370405894265     
  0.20000000000000009       0.70000000000000007      -0.51848976478618269     
  0.30000000000000016       0.70000000000000007      -0.71304119399242583     
  0.40000000000000013       0.70000000000000007      -0.63505402152225643     
  0.50000000000000011       0.70000000000000007      -0.31469412948681397     
  0.60000000000000009       0.70000000000000007       0.12616528014110773     
  0.70000000000000007       0.70000000000000007       0.51854735758888593     
  0.80000000000000004       0.70000000000000007       0.71288447030200408     
  0.90000000000000002       0.70000000000000007       0.63484783545002410     
   1.0000000000000000       0.70000000000000007       0.30889767500680293     
  -1.0000000000000000       0.80000000000000004       0.42566192174289963     
 -0.90000000000000002       0.80000000000000004      -0.17253446853443352     
 -0.80000000000000004       0.80000000000000004      -0.71528867607941660     
 -0.69999999999999996       0.80000000000000004      -0.98020020676140607     
 -0.59999999999999998       0.80000000000000004      -0.87305403010863569     
 -0.49999999999999994       0.80000000000000004      -0.43261140084903960     
 -0.39999999999999991       0.80000000000000004       0.17319370792161376     
 -0.29999999999999993       0.80000000000000004       0.71288579290047394     
 -0.19999999999999993       0.80000000000000004       0.98025891205440929     
  -9.9999999999999978E-002  0.80000000000000004       0.87320779386260516     
   2.7755575615628914E-017  0.80000000000000004       0.43264635957489594     
  0.10000000000000009       0.80000000000000004      -0.17321005091770605     
  0.20000000000000009       0.80000000000000004      -0.71280529589047115     
  0.30000000000000016       0.80000000000000004      -0.98024423336482569     
  0.40000000000000013       0.80000000000000004      -0.87301427666262832     
  0.50000000000000011       0.80000000000000004      -0.43259239651286752     
  0.60000000000000009       0.80000000000000004       0.17347349420025904     
  0.70000000000000007       0.80000000000000004       0.71288447030200386     
  0.80000000000000004       0.80000000000000004       0.98002911384543612     
  0.90000000000000002       0.80000000000000004       0.87273088616193240     
   1.0000000000000000       0.80000000000000004       0.42462470108955025     
  -1.0000000000000000       0.90000000000000002       0.37903682651757137     
 -0.90000000000000002       0.90000000000000002      -0.15366631093767860     
 -0.80000000000000004       0.90000000000000002      -0.63698848118423657     
 -0.69999999999999996       0.90000000000000002      -0.87288298601393677     
 -0.59999999999999998       0.90000000000000002      -0.77745424009435515     
 -0.49999999999999994       0.90000000000000002      -0.38522511375606699     
 -0.39999999999999991       0.90000000000000002       0.15425342480302687     
 -0.29999999999999993       0.90000000000000002       0.63484899286790952     
 -0.19999999999999993       0.90000000000000002       0.87293527398826876     
  -9.9999999999999978E-002  0.90000000000000002       0.77759115072832496     
   2.7755575615628914E-017  0.90000000000000002       0.38525623347209681     
  0.10000000000000009       0.90000000000000002      -0.15426798674609132     
  0.20000000000000009       0.90000000000000002      -0.63477732986158208     
  0.30000000000000016       0.90000000000000002      -0.87292220428332878     
  0.40000000000000013       0.90000000000000002      -0.77741884293320451     
  0.50000000000000011       0.90000000000000002      -0.38520818408521312     
  0.60000000000000009       0.90000000000000002       0.15450264393592583     
  0.70000000000000007       0.90000000000000002       0.63484783545002399     
  0.80000000000000004       0.90000000000000002       0.87273088616192929     
  0.90000000000000002       0.90000000000000002       0.77716652498879513     
   1.0000000000000000       0.90000000000000002       0.37811350652586750     
  -1.0000000000000000        1.0000000000000000       0.18439611597244651     
 -0.90000000000000002        1.0000000000000000       -7.4789191514685244E-002
 -0.80000000000000004        1.0000000000000000      -0.30993883972867103     
 -0.69999999999999996        1.0000000000000000      -0.42469842513383171     
 -0.59999999999999998        1.0000000000000000      -0.37825344042485709     
 -0.49999999999999994        1.0000000000000000      -0.18740665568465467     
 -0.39999999999999991        1.0000000000000000        7.5074904865444894E-002
 -0.29999999999999993        1.0000000000000000       0.30889821630918546     
 -0.19999999999999993        1.0000000000000000       0.42472387642922976     
  -9.9999999999999978E-002   1.0000000000000000       0.37832003424801636     
   2.7755575615628914E-017   1.0000000000000000       0.18742178450156485     
  0.10000000000000009        1.0000000000000000       -7.5081998783675177E-002
  0.20000000000000009        1.0000000000000000      -0.30886337118071383     
  0.30000000000000016        1.0000000000000000      -0.42471751942954927     
  0.40000000000000013        1.0000000000000000      -0.37823622220493774     
  0.50000000000000011        1.0000000000000000      -0.18739841215148020     
  0.60000000000000009        1.0000000000000000        7.5196231566167698E-002
  0.70000000000000007        1.0000000000000000       0.30889767500680226     
  0.80000000000000004        1.0000000000000000       0.42462470108954903     
  0.90000000000000002        1.0000000000000000       0.37811350652586517     
   1.0000000000000000        1.0000000000000000       0.18394724254508760     
