  -1.0000000000000000       -1.0000000000000000       0.86495634872355842     
 -0.90000000000000002       -1.0000000000000000       0.85953764752948036     
 -0.80000000000000004       -1.0000000000000000       0.53679890288139687     
 -0.69999999999999996       -1.0000000000000000        2.1477858877154008E-002
 -0.59999999999999998       -1.0000000000000000      -0.52995272510271663     
 -0.49999999999999994       -1.0000000000000000      -0.87608163776263059     
 -0.39999999999999991       -1.0000000000000000      -0.89356181597198181     
 -0.29999999999999993       -1.0000000000000000      -0.56481980291263956     
 -0.19999999999999993       -1.0000000000000000       -2.6857909915175487E-002
  -9.9999999999999978E-002  -1.0000000000000000       0.52690666977125777     
   2.7755575615628914E-017  -1.0000000000000000       0.87203069916412135     
  0.10000000000000009       -1.0000000000000000       0.89040566155680889     
  0.20000000000000009       -1.0000000000000000       0.56026152877429947     
  0.30000000000000016       -1.0000000000000000        2.3300556570569193E-002
  0.40000000000000013       -1.0000000000000000      -0.53230420233244080     
  0.50000000000000011       -1.0000000000000000      -0.87607819213817339     
  0.60000000000000009       -1.0000000000000000      -0.89642332229686283     
  0.70000000000000007       -1.0000000000000000      -0.56481249492588026     
  0.80000000000000004       -1.0000000000000000       -2.9883159663628252E-002
  0.90000000000000002       -1.0000000000000000       0.52600549551592179     
   1.0000000000000000       -1.0000000000000000       0.85519905638240523     
  -1.0000000000000000      -0.90000000000000002       0.85953764752947570     
 -0.90000000000000002      -0.90000000000000002       0.85409659994192000     
 -0.80000000000000004      -0.90000000000000002       0.53334443437752366     
 -0.69999999999999996      -0.90000000000000002        2.1249614882855559E-002
 -0.59999999999999998      -0.90000000000000002      -0.52669210835452507     
 -0.49999999999999994      -0.90000000000000002      -0.87059409384814501     
 -0.39999999999999991      -0.90000000000000002      -0.88790542235555014     
 -0.29999999999999993      -0.90000000000000002      -0.56118629684638932     
 -0.19999999999999993      -0.90000000000000002       -2.6594064018570826E-002
  -9.9999999999999978E-002 -0.90000000000000002       0.52366531146693596     
   2.7755575615628914E-017 -0.90000000000000002       0.86656890273542653     
  0.10000000000000009      -0.90000000000000002       0.88476925514631233     
  0.20000000000000009      -0.90000000000000002       0.55665727244731034     
  0.30000000000000016      -0.90000000000000002        2.3058994411687395E-002
  0.40000000000000013      -0.90000000000000002      -0.52902845173221413     
  0.50000000000000011      -0.90000000000000002      -0.87059060757604900     
  0.60000000000000009      -0.90000000000000002      -0.89074877088178039     
  0.70000000000000007      -0.90000000000000002      -0.56117897132107186     
  0.80000000000000004      -0.90000000000000002       -2.9599708570387386E-002
  0.90000000000000002      -0.90000000000000002       0.52276986349500931     
   1.0000000000000000      -0.90000000000000002       0.84984303592471799     
  -1.0000000000000000      -0.80000000000000004       0.53679890288138032     
 -0.90000000000000002      -0.80000000000000004       0.53334443437752521     
 -0.80000000000000004      -0.80000000000000004       0.33299275655843430     
 -0.69999999999999996      -0.80000000000000004        1.3176913471036281E-002
 -0.59999999999999998      -0.80000000000000004      -0.32898955244084432     
 -0.49999999999999994      -0.80000000000000004      -0.54370473649384343     
 -0.39999999999999991      -0.80000000000000004      -0.55445653839479225     
 -0.29999999999999993      -0.80000000000000004      -0.35037706834280707     
 -0.19999999999999993      -0.80000000000000004       -1.6512729866317043E-002
  -9.9999999999999978E-002 -0.80000000000000004       0.32709943185422474     
   2.7755575615628914E-017 -0.80000000000000004       0.54119129241602337     
  0.10000000000000009      -0.80000000000000004       0.55249815289890891     
  0.20000000000000009      -0.80000000000000004       0.34754929471298818     
  0.30000000000000016      -0.80000000000000004        1.4305004282800514E-002
  0.40000000000000013      -0.80000000000000004      -0.33044824337597212     
  0.50000000000000011      -0.80000000000000004      -0.54370249686852279     
  0.60000000000000009      -0.80000000000000004      -0.55623203607835225     
  0.70000000000000007      -0.80000000000000004      -0.35037242993553253     
  0.80000000000000004      -0.80000000000000004       -1.8389162199515491E-002
  0.90000000000000002      -0.80000000000000004       0.32654028708869387     
   1.0000000000000000      -0.80000000000000004       0.53074597664621836     
  -1.0000000000000000      -0.69999999999999996        2.1477858877157502E-002
 -0.90000000000000002      -0.69999999999999996        2.1249614882856704E-002
 -0.80000000000000004      -0.69999999999999996        1.3176913471034857E-002
 -0.69999999999999996      -0.69999999999999996        3.7738429055452660E-004
 -0.59999999999999998      -0.69999999999999996       -1.3258169898371240E-002
 -0.49999999999999994      -0.69999999999999996       -2.1755533949726295E-002
 -0.39999999999999991      -0.69999999999999996       -2.2090821654979907E-002
 -0.29999999999999993      -0.69999999999999996       -1.3866888110372825E-002
 -0.19999999999999993      -0.69999999999999996       -5.0781905184724694E-004
  -9.9999999999999978E-002 -0.69999999999999996        1.3182825419340136E-002
   2.7755575615628914E-017 -0.69999999999999996        2.1655559490195750E-002
  0.10000000000000009      -0.69999999999999996        2.2012808272111915E-002
  0.20000000000000009      -0.69999999999999996        1.3754855119661479E-002
  0.30000000000000016      -0.69999999999999996        4.1948247258045799E-004
  0.40000000000000013      -0.69999999999999996       -1.3315889837772554E-002
  0.50000000000000011      -0.69999999999999996       -2.1755344812679885E-002
  0.60000000000000009      -0.69999999999999996       -2.2161491219462131E-002
  0.70000000000000007      -0.69999999999999996       -1.3866601254977183E-002
  0.80000000000000004      -0.69999999999999996       -5.8185283176038116E-004
  0.90000000000000002      -0.69999999999999996        1.3160582524602305E-002
   1.0000000000000000      -0.69999999999999996        2.1238160746345547E-002
  -1.0000000000000000      -0.59999999999999998      -0.52995272510269575     
 -0.90000000000000002      -0.59999999999999998      -0.52669210835451863     
 -0.80000000000000004      -0.59999999999999998      -0.32898955244082806     
 -0.69999999999999996      -0.59999999999999998       -1.3258169898368000E-002
 -0.59999999999999998      -0.59999999999999998       0.32463569619934662     
 -0.49999999999999994      -0.59999999999999998       0.53676821127678720     
 -0.39999999999999991      -0.59999999999999998       0.54754079409856815     
 -0.29999999999999993      -0.59999999999999998       0.34616144916161090     
 -0.19999999999999993      -0.59999999999999998        1.6556491227222195E-002
  -9.9999999999999978E-002 -0.59999999999999998      -0.32276921388977931     
   2.7755575615628914E-017 -0.59999999999999998      -0.53428583959808273     
  0.10000000000000009      -0.59999999999999998      -0.54560681370783659     
  0.20000000000000009      -0.59999999999999998      -0.34336789483306540     
  0.30000000000000016      -0.59999999999999998       -1.4376927797613943E-002
  0.40000000000000013      -0.59999999999999998       0.32607685454076279     
  0.50000000000000011      -0.59999999999999998       0.53676616581722569     
  0.60000000000000009      -0.59999999999999998       0.54929426308326457     
  0.70000000000000007      -0.59999999999999998       0.34615703840572781     
  0.80000000000000004      -0.59999999999999998        1.8410729374800851E-002
  0.90000000000000002      -0.59999999999999998      -0.32221698559111089     
   1.0000000000000000      -0.59999999999999998      -0.52397286067240723     
  -1.0000000000000000      -0.49999999999999994      -0.87608163776263159     
 -0.90000000000000002      -0.49999999999999994      -0.87059409384814512     
 -0.80000000000000004      -0.49999999999999994      -0.54370473649383932     
 -0.69999999999999996      -0.49999999999999994       -2.1755533949728973E-002
 -0.59999999999999998      -0.49999999999999994       0.53676821127678698     
 -0.49999999999999994      -0.49999999999999994       0.88735001016633219     
 -0.39999999999999991      -0.49999999999999994       0.90505592309445859     
 -0.29999999999999993      -0.49999999999999994       0.57208610150269434     
 -0.19999999999999993      -0.49999999999999994        2.7204813315709616E-002
  -9.9999999999999978E-002 -0.49999999999999994      -0.53368297413624510     
   2.7755575615628914E-017 -0.49999999999999994      -0.88324696173782635     
  0.10000000000000009      -0.49999999999999994      -0.90185917017754558     
  0.20000000000000009      -0.49999999999999994      -0.56746918716439221     
  0.30000000000000016      -0.49999999999999994       -2.3601704417821702E-002
  0.40000000000000013      -0.49999999999999994       0.53914993991853999     
  0.50000000000000011      -0.49999999999999994       0.88734652116764057     
  0.60000000000000009      -0.49999999999999994       0.90795423836816891     
  0.70000000000000007      -0.49999999999999994       0.57207870047858267     
  0.80000000000000004      -0.49999999999999994        3.0268984491650903E-002
  0.90000000000000002      -0.49999999999999994      -0.53277020752630955     
   1.0000000000000000      -0.49999999999999994      -0.86619882107933555     
  -1.0000000000000000      -0.39999999999999991      -0.89356181597195816     
 -0.90000000000000002      -0.39999999999999991      -0.88790542235554271     
 -0.80000000000000004      -0.39999999999999991      -0.55445653839477471     
 -0.69999999999999996      -0.39999999999999991       -2.2090821654980435E-002
 -0.59999999999999998      -0.39999999999999991       0.54754079409856948     
 -0.49999999999999994      -0.39999999999999991       0.90505592309445904     
 -0.39999999999999991      -0.39999999999999991       0.92305254358282862     
 -0.29999999999999993      -0.39999999999999991       0.58340050270466959     
 -0.19999999999999993      -0.39999999999999991        2.7646828077248414E-002
  -9.9999999999999978E-002 -0.39999999999999991      -0.54439418356879887     
   2.7755575615628914E-017 -0.39999999999999991      -0.90087139753304413     
  0.10000000000000009      -0.39999999999999991      -0.91979223334464866     
  0.20000000000000009      -0.39999999999999991      -0.57869219976981856     
  0.30000000000000016      -0.39999999999999991       -2.3971825328663498E-002
  0.40000000000000013      -0.39999999999999991       0.54996962015529793     
  0.50000000000000011      -0.39999999999999991       0.90505229885815297     
  0.60000000000000009      -0.39999999999999991       0.92600844410347616     
  0.70000000000000007      -0.39999999999999991       0.58339288724256821     
  0.80000000000000004      -0.39999999999999991        3.0771449269852265E-002
  0.90000000000000002      -0.39999999999999991      -0.54346328989388082     
   1.0000000000000000      -0.39999999999999991      -0.88348344931593936     
  -1.0000000000000000      -0.29999999999999993      -0.56481980291263745     
 -0.90000000000000002      -0.29999999999999993      -0.56118629684639065     
 -0.80000000000000004      -0.29999999999999993      -0.35037706834280552     
 -0.69999999999999996      -0.29999999999999993       -1.3866888110372629E-002
 -0.59999999999999998      -0.29999999999999993       0.34616144916161218     
 -0.49999999999999994      -0.29999999999999993       0.57208610150269446     
 -0.39999999999999991      -0.29999999999999993       0.58340050270467103     
 -0.29999999999999993      -0.29999999999999993       0.36866892093137477     
 -0.19999999999999993      -0.29999999999999993        1.7376877434647071E-002
  -9.9999999999999978E-002 -0.29999999999999993      -0.34417266027489857     
   2.7755575615628914E-017 -0.29999999999999993      -0.56944144721457923     
  0.10000000000000009      -0.29999999999999993      -0.58133988459206865     
  0.20000000000000009      -0.29999999999999993      -0.36569352169453750     
  0.30000000000000016      -0.29999999999999993       -1.5053908633955795E-002
  0.40000000000000013      -0.29999999999999993       0.34769629295026150     
  0.50000000000000011      -0.29999999999999993       0.57208374639032256     
  0.60000000000000009      -0.29999999999999993       0.58526868664262366     
  0.70000000000000007      -0.29999999999999993       0.36866404184537543     
  0.80000000000000004      -0.29999999999999993        1.9351274436363652E-002
  0.90000000000000002      -0.29999999999999993      -0.34358432631288005     
   1.0000000000000000      -0.29999999999999993      -0.55845087846581742     
  -1.0000000000000000      -0.19999999999999993       -2.6857909915188827E-002
 -0.90000000000000002      -0.19999999999999993       -2.6594064018571263E-002
 -0.80000000000000004      -0.19999999999999993       -1.6512729866329453E-002
 -0.69999999999999996      -0.19999999999999993       -5.0781905185174367E-004
 -0.59999999999999998      -0.19999999999999993        1.6556491227197094E-002
 -0.49999999999999994      -0.19999999999999993        2.7204813315706559E-002
 -0.39999999999999991      -0.19999999999999993        2.7646828077239369E-002
 -0.29999999999999993      -0.19999999999999993        1.7376877434646169E-002
 -0.19999999999999993      -0.19999999999999993        6.7165403483814587E-004
  -9.9999999999999978E-002 -0.19999999999999993       -1.6462206136493025E-002
   2.7755575615628914E-017 -0.19999999999999993       -2.7079654419102654E-002
  0.10000000000000009      -0.19999999999999993       -2.7549190519468764E-002
  0.20000000000000009      -0.19999999999999993       -1.7236515222417381E-002
  0.30000000000000016      -0.19999999999999993       -5.6119055405273602E-004
  0.40000000000000013      -0.19999999999999993        1.6628823832883159E-002
  0.50000000000000011      -0.19999999999999993        2.7204600648746323E-002
  0.60000000000000009      -0.19999999999999993        2.7735288445183574E-002
  0.70000000000000007      -0.19999999999999993        1.7376542991252242E-002
  0.80000000000000004      -0.19999999999999993        7.6448296975808636E-004
  0.90000000000000002      -0.19999999999999993       -1.6434360627524385E-002
   1.0000000000000000      -0.19999999999999993       -2.6557573512388459E-002
  -1.0000000000000000       -9.9999999999999978E-002  0.52690666977125489     
 -0.90000000000000002       -9.9999999999999978E-002  0.52366531146693451     
 -0.80000000000000004       -9.9999999999999978E-002  0.32709943185422469     
 -0.69999999999999996       -9.9999999999999978E-002   1.3182825419340401E-002
 -0.59999999999999998       -9.9999999999999978E-002 -0.32276921388977925     
 -0.49999999999999994       -9.9999999999999978E-002 -0.53368297413624532     
 -0.39999999999999991       -9.9999999999999978E-002 -0.54439418356880109     
 -0.29999999999999993       -9.9999999999999978E-002 -0.34417266027489729     
 -0.19999999999999993       -9.9999999999999978E-002  -1.6462206136494493E-002
  -9.9999999999999978E-002  -9.9999999999999978E-002  0.32091345810797528     
   2.7755575615628914E-017  -9.9999999999999978E-002  0.53121486720897892     
  0.10000000000000009       -9.9999999999999978E-002  0.54247131730930254     
  0.20000000000000009       -9.9999999999999978E-002  0.34139515633066497     
  0.30000000000000016       -9.9999999999999978E-002   1.4295170391279048E-002
  0.40000000000000013       -9.9999999999999978E-002 -0.32420209245681042     
  0.50000000000000011       -9.9999999999999978E-002 -0.53368094100519381     
  0.60000000000000009       -9.9999999999999978E-002 -0.54613757611008162     
  0.70000000000000007       -9.9999999999999978E-002 -0.34416827545283069     
  0.80000000000000004       -9.9999999999999978E-002  -1.8305792516701377E-002
  0.90000000000000002       -9.9999999999999978E-002  0.32036440315836262     
   1.0000000000000000       -9.9999999999999978E-002  0.52096116204904397     
  -1.0000000000000000        2.7755575615628914E-017  0.87203069916408393     
 -0.90000000000000002        2.7755575615628914E-017  0.86656890273542397     
 -0.80000000000000004        2.7755575615628914E-017  0.54119129241599884     
 -0.69999999999999996        2.7755575615628914E-017   2.1655559490193113E-002
 -0.59999999999999998        2.7755575615628914E-017 -0.53428583959809661     
 -0.49999999999999994        2.7755575615628914E-017 -0.88324696173783279     
 -0.39999999999999991        2.7755575615628914E-017 -0.90087139753304557     
 -0.29999999999999993        2.7755575615628914E-017 -0.56944144721458012     
 -0.19999999999999993        2.7755575615628914E-017  -2.7079654419109426E-002
  -9.9999999999999978E-002   2.7755575615628914E-017  0.53121486720898126     
   2.7755575615628914E-017   2.7755575615628914E-017  0.87916288308059298     
  0.10000000000000009        2.7755575615628914E-017  0.89768942472488356     
  0.20000000000000009        2.7755575615628914E-017  0.56484587655092144     
  0.30000000000000016        2.7755575615628914E-017   2.3493206050569065E-002
  0.40000000000000013        2.7755575615628914E-017 -0.53665655796162204     
  0.50000000000000011        2.7755575615628914E-017 -0.88324348928474627     
  0.60000000000000009        2.7755575615628914E-017 -0.90375631272110091     
  0.70000000000000007        2.7755575615628914E-017 -0.56943408083324798     
  0.80000000000000004        2.7755575615628914E-017  -3.0129661430883345E-002
  0.90000000000000002        2.7755575615628914E-017  0.53030632062825933     
   1.0000000000000000        2.7755575615628914E-017  0.86219356958636417     
  -1.0000000000000000       0.10000000000000009       0.89040566155680723     
 -0.90000000000000002       0.10000000000000009       0.88476925514631144     
 -0.80000000000000004       0.10000000000000009       0.55249815289890702     
 -0.69999999999999996       0.10000000000000009        2.2012808272112640E-002
 -0.59999999999999998       0.10000000000000009      -0.54560681370783770     
 -0.49999999999999994       0.10000000000000009      -0.90185917017754291     
 -0.39999999999999991       0.10000000000000009      -0.91979223334465143     
 -0.29999999999999993       0.10000000000000009      -0.58133988459206765     
 -0.19999999999999993       0.10000000000000009       -2.7549190519469979E-002
  -9.9999999999999978E-002  0.10000000000000009       0.54247131730930309     
   2.7755575615628914E-017  0.10000000000000009       0.89768942472488122     
  0.10000000000000009       0.10000000000000009       0.91654343885677225     
  0.20000000000000009       0.10000000000000009       0.57664821178267989     
  0.30000000000000016       0.10000000000000009        2.3887168269083343E-002
  0.40000000000000013       0.10000000000000009      -0.54802706096083431     
  0.50000000000000011       0.10000000000000009      -0.90185555875168755     
  0.60000000000000009       0.10000000000000009      -0.92273769336618949     
  0.70000000000000007       0.10000000000000009      -0.58133229603693515     
  0.80000000000000004       0.10000000000000009       -3.0662775304357966E-002
  0.90000000000000002       0.10000000000000009       0.54154371163988702     
   1.0000000000000000       0.10000000000000009       0.88036289254485267     
  -1.0000000000000000       0.20000000000000009       0.56026152877427826     
 -0.90000000000000002       0.20000000000000009       0.55665727244731100     
 -0.80000000000000004       0.20000000000000009       0.34754929471298834     
 -0.69999999999999996       0.20000000000000009        1.3754855119664806E-002
 -0.59999999999999998       0.20000000000000009      -0.34336789483304164     
 -0.49999999999999994       0.20000000000000009      -0.56746918716439554     
 -0.39999999999999991       0.20000000000000009      -0.57869219976981301     
 -0.29999999999999993       0.20000000000000009      -0.36569352169454022     
 -0.19999999999999993       0.20000000000000009       -1.7236515222423580E-002
  -9.9999999999999978E-002  0.20000000000000009       0.34139515633066309     
   2.7755575615628914E-017  0.20000000000000009       0.56484587655091267     
  0.10000000000000009       0.20000000000000009       0.57664821178268189     
  0.20000000000000009       0.20000000000000009       0.36274213577914877     
  0.30000000000000016       0.20000000000000009        1.4932293511173584E-002
  0.40000000000000013       0.20000000000000009      -0.34489035142169733     
  0.50000000000000011       0.20000000000000009      -0.56746685097699401     
  0.60000000000000009       0.20000000000000009      -0.58054530657448378     
  0.70000000000000007       0.20000000000000009      -0.36568868190112142     
  0.80000000000000004       0.20000000000000009       -1.9194977358598837E-002
  0.90000000000000002       0.20000000000000009       0.34081157051588445     
   1.0000000000000000       0.20000000000000009       0.55394400560020984     
  -1.0000000000000000       0.30000000000000016        2.3300556570570088E-002
 -0.90000000000000002       0.30000000000000016        2.3058994411687420E-002
 -0.80000000000000004       0.30000000000000016        1.4305004282799938E-002
 -0.69999999999999996       0.30000000000000016        4.1948247258080033E-004
 -0.59999999999999998       0.30000000000000016       -1.4376927797613169E-002
 -0.49999999999999994       0.30000000000000016       -2.3601704417819683E-002
 -0.39999999999999991       0.30000000000000016       -2.3971825328661243E-002
 -0.29999999999999993       0.30000000000000016       -1.5053908633955995E-002
 -0.19999999999999993       0.30000000000000016       -5.6119055405104846E-004
  -9.9999999999999978E-002  0.30000000000000016        1.4295170391278705E-002
   2.7755575615628914E-017  0.30000000000000016        2.3493206050569305E-002
  0.10000000000000009       0.30000000000000016        2.3887168269083440E-002
  0.20000000000000009       0.30000000000000016        1.4932293511171741E-002
  0.30000000000000016       0.30000000000000016        4.6535759442623128E-004
  0.40000000000000013       0.30000000000000016       -1.4439589339513127E-002
  0.50000000000000011       0.30000000000000016       -2.3601505919570213E-002
  0.60000000000000009       0.30000000000000016       -2.4048517015784004E-002
  0.70000000000000007       0.30000000000000016       -1.5053604244066626E-002
  0.80000000000000004       0.30000000000000016       -6.4157735338962111E-004
  0.90000000000000002       0.30000000000000016        1.4271031194122947E-002
   1.0000000000000000       0.30000000000000016        2.3040349575836727E-002
  -1.0000000000000000       0.40000000000000013      -0.53230420233239328     
 -0.90000000000000002       0.40000000000000013      -0.52902845173220914     
 -0.80000000000000004       0.40000000000000013      -0.33044824337595619     
 -0.69999999999999996       0.40000000000000013       -1.3315889837768399E-002
 -0.59999999999999998       0.40000000000000013       0.32607685454078472     
 -0.49999999999999994       0.40000000000000013       0.53914993991854343     
 -0.39999999999999991       0.40000000000000013       0.54996962015531259     
 -0.29999999999999993       0.40000000000000013       0.34769629295026050     
 -0.19999999999999993       0.40000000000000013        1.6628823832897318E-002
  -9.9999999999999978E-002  0.40000000000000013      -0.32420209245681186     
   2.7755575615628914E-017  0.40000000000000013      -0.53665655796163203     
  0.10000000000000009       0.40000000000000013      -0.54802706096083387     
  0.20000000000000009       0.40000000000000013      -0.34489035142171914     
  0.30000000000000016       0.40000000000000013       -1.4439589339513269E-002
  0.40000000000000013       0.40000000000000013       0.32752440275064632     
  0.50000000000000011       0.40000000000000013       0.53914788464671626     
  0.60000000000000009       0.40000000000000013       0.55173086680602301     
  0.70000000000000007       0.40000000000000013       0.34769186187373469     
  0.80000000000000004       0.40000000000000013        1.8491281776064059E-002
  0.90000000000000002       0.40000000000000013      -0.32364741479645420     
   1.0000000000000000       0.40000000000000013      -0.52629782276806936     
  -1.0000000000000000       0.50000000000000011      -0.87607819213817117     
 -0.90000000000000002       0.50000000000000011      -0.87059060757604767     
 -0.80000000000000004       0.50000000000000011      -0.54370249686852190     
 -0.69999999999999996       0.50000000000000011       -2.1755344812680672E-002
 -0.59999999999999998       0.50000000000000011       0.53676616581722558     
 -0.49999999999999994       0.50000000000000011       0.88734652116764001     
 -0.39999999999999991       0.50000000000000011       0.90505229885815608     
 -0.29999999999999993       0.50000000000000011       0.57208374639032167     
 -0.19999999999999993       0.50000000000000011        2.7204600648746829E-002
  -9.9999999999999978E-002  0.50000000000000011      -0.53368094100519348     
   2.7755575615628914E-017  0.50000000000000011      -0.88324348928474450     
  0.10000000000000009       0.50000000000000011      -0.90185555875168766     
  0.20000000000000009       0.50000000000000011      -0.56746685097699401     
  0.30000000000000016       0.50000000000000011       -2.3601505919570411E-002
  0.40000000000000013       0.50000000000000011       0.53914788464671837     
  0.50000000000000011       0.50000000000000011       0.88734303211386656     
  0.60000000000000009       0.50000000000000011       0.90795060247728343     
  0.70000000000000007       0.50000000000000011       0.57207634532530771     
  0.80000000000000004       0.50000000000000011        3.0268759051449903E-002
  0.90000000000000002       0.50000000000000011      -0.53276817807438148     
   1.0000000000000000       0.50000000000000011      -0.86619541604212846     
  -1.0000000000000000       0.60000000000000009      -0.89642332229681643     
 -0.90000000000000002       0.60000000000000009      -0.89074877088177462     
 -0.80000000000000004       0.60000000000000009      -0.55623203607833027     
 -0.69999999999999996       0.60000000000000009       -2.2161491219462370E-002
 -0.59999999999999998       0.60000000000000009       0.54929426308326856     
 -0.49999999999999994       0.60000000000000009       0.90795423836817235     
 -0.39999999999999991       0.60000000000000009       0.92600844410347505     
 -0.29999999999999993       0.60000000000000009       0.58526868664262321     
 -0.19999999999999993       0.60000000000000009        2.7735288445182579E-002
  -9.9999999999999978E-002  0.60000000000000009      -0.54613757611007996     
   2.7755575615628914E-017  0.60000000000000009      -0.90375631272109958     
  0.10000000000000009       0.60000000000000009      -0.92273769336618872     
  0.20000000000000009       0.60000000000000009      -0.58054530657448455     
  0.30000000000000016       0.60000000000000009       -2.4048517015785763E-002
  0.40000000000000013       0.60000000000000009       0.55173086680601324     
  0.50000000000000011       0.60000000000000009       0.90795060247728143     
  0.60000000000000009       0.60000000000000009       0.92897381031587767     
  0.70000000000000007       0.60000000000000009       0.58526104674286572     
  0.80000000000000004       0.60000000000000009        3.0869915278626221E-002
  0.90000000000000002       0.60000000000000009      -0.54520370144423658     
   1.0000000000000000       0.60000000000000009      -0.88631268231640370     
  -1.0000000000000000       0.70000000000000007      -0.56481249492588093     
 -0.90000000000000002       0.70000000000000007      -0.56117897132107064     
 -0.80000000000000004       0.70000000000000007      -0.35037242993553025     
 -0.69999999999999996       0.70000000000000007       -1.3866601254977344E-002
 -0.59999999999999998       0.70000000000000007       0.34615703840572892     
 -0.49999999999999994       0.70000000000000007       0.57207870047858089     
 -0.39999999999999991       0.70000000000000007       0.58339288724256999     
 -0.29999999999999993       0.70000000000000007       0.36866404184537432     
 -0.19999999999999993       0.70000000000000007        1.7376542991249144E-002
  -9.9999999999999978E-002  0.70000000000000007      -0.34416827545283091     
   2.7755575615628914E-017  0.70000000000000007      -0.56943408083324654     
  0.10000000000000009       0.70000000000000007      -0.58133229603693370     
  0.20000000000000009       0.70000000000000007      -0.36568868190111736     
  0.30000000000000016       0.70000000000000007       -1.5053604244066999E-002
  0.40000000000000013       0.70000000000000007       0.34769186187373652     
  0.50000000000000011       0.70000000000000007       0.57207634532530671     
  0.60000000000000009       0.70000000000000007       0.58526104674286461     
  0.70000000000000007       0.70000000000000007       0.36865916274991528     
  0.80000000000000004       0.70000000000000007        1.9350913698732968E-002
  0.90000000000000002       0.70000000000000007      -0.34357994919545481     
   1.0000000000000000       0.70000000000000007      -0.55844365466545642     
  -1.0000000000000000       0.80000000000000004       -2.9883159663650537E-002
 -0.90000000000000002       0.80000000000000004       -2.9599708570387757E-002
 -0.80000000000000004       0.80000000000000004       -1.8389162199514621E-002
 -0.69999999999999996       0.80000000000000004       -5.8185283176549036E-004
 -0.59999999999999998       0.80000000000000004        1.8410729374771673E-002
 -0.49999999999999994       0.80000000000000004        3.0268984491647909E-002
 -0.39999999999999991       0.80000000000000004        3.0771449269828374E-002
 -0.29999999999999993       0.80000000000000004        1.9351274436363107E-002
 -0.19999999999999993       0.80000000000000004        7.6448296974735417E-004
  -9.9999999999999978E-002  0.80000000000000004       -1.8305792516700194E-002
   2.7755575615628914E-017  0.80000000000000004       -3.0129661430865217E-002
  0.10000000000000009       0.80000000000000004       -3.0662775304354479E-002
  0.20000000000000009       0.80000000000000004       -1.9194977358570731E-002
  0.30000000000000016       0.80000000000000004       -6.4157735338941045E-004
  0.40000000000000013       0.80000000000000004        1.8491281776054004E-002
  0.50000000000000011       0.80000000000000004        3.0268759051447020E-002
  0.60000000000000009       0.80000000000000004        3.0869915278604040E-002
  0.70000000000000007       0.80000000000000004        1.9350913698733672E-002
  0.80000000000000004       0.80000000000000004        8.6788537626575964E-004
  0.90000000000000002       0.80000000000000004       -1.8274796017430324E-002
   1.0000000000000000       0.80000000000000004       -2.9548714412730652E-002
  -1.0000000000000000       0.90000000000000002       0.52600549551592113     
 -0.90000000000000002       0.90000000000000002       0.52276986349500831     
 -0.80000000000000004       0.90000000000000002       0.32654028708869592     
 -0.69999999999999996       0.90000000000000002        1.3160582524602586E-002
 -0.59999999999999998       0.90000000000000002      -0.32221698559111167     
 -0.49999999999999994       0.90000000000000002      -0.53277020752630955     
 -0.39999999999999991       0.90000000000000002      -0.54346328989388637     
 -0.29999999999999993       0.90000000000000002      -0.34358432631287833     
 -0.19999999999999993       0.90000000000000002       -1.6434360627528906E-002
  -9.9999999999999978E-002  0.90000000000000002       0.32036440315836201     
   2.7755575615628914E-017  0.90000000000000002       0.53030632062825833     
  0.10000000000000009       0.90000000000000002       0.54154371163988657     
  0.20000000000000009       0.90000000000000002       0.34081157051588745     
  0.30000000000000016       0.90000000000000002        1.4271031194123714E-002
  0.40000000000000013       0.90000000000000002      -0.32364741479645337     
  0.50000000000000011       0.90000000000000002      -0.53276817807438059     
  0.60000000000000009       0.90000000000000002      -0.54520370144424091     
  0.70000000000000007       0.90000000000000002      -0.34357994919545476     
  0.80000000000000004       0.90000000000000002       -1.8274796017434945E-002
  0.90000000000000002       0.90000000000000002       0.31981628700214404     
   1.0000000000000000       0.90000000000000002       0.52007015142330948     
  -1.0000000000000000        1.0000000000000000       0.85519905638233251     
 -0.90000000000000002        1.0000000000000000       0.84984303592470989     
 -0.80000000000000004        1.0000000000000000       0.53074597664618728     
 -0.69999999999999996        1.0000000000000000        2.1238160746342761E-002
 -0.59999999999999998        1.0000000000000000      -0.52397286067242210     
 -0.49999999999999994        1.0000000000000000      -0.86619882107933932     
 -0.39999999999999991        1.0000000000000000      -0.88348344931594169     
 -0.29999999999999993        1.0000000000000000      -0.55845087846581654     
 -0.19999999999999993        1.0000000000000000       -2.6557573512397164E-002
  -9.9999999999999978E-002   1.0000000000000000       0.52096116204904253     
   2.7755575615628914E-017   1.0000000000000000       0.86219356958636206     
  0.10000000000000009        1.0000000000000000       0.88036289254485112     
  0.20000000000000009        1.0000000000000000       0.55394400560021628     
  0.30000000000000016        1.0000000000000000        2.3040349575837556E-002
  0.40000000000000013        1.0000000000000000      -0.52629782276805737     
  0.50000000000000011        1.0000000000000000      -0.86619541604212302     
  0.60000000000000009        1.0000000000000000      -0.88631268231639859     
  0.70000000000000007        1.0000000000000000      -0.55844365466545465     
  0.80000000000000004        1.0000000000000000       -2.9548714412752954E-002
  0.90000000000000002        1.0000000000000000       0.52007015142330670     
   1.0000000000000000        1.0000000000000000       0.84555179000443692     
