  -1.0000000000000000       -1.0000000000000000       0.20770342342956810     
 -0.90000000000000002       -1.0000000000000000       0.39258653271568583     
 -0.80000000000000004       -1.0000000000000000       0.42996436030341645     
 -0.69999999999999996       -1.0000000000000000       0.30870674052706032     
 -0.59999999999999998       -1.0000000000000000        6.3970415456550953E-002
 -0.49999999999999994       -1.0000000000000000      -0.20908054185782454     
 -0.39999999999999991       -1.0000000000000000      -0.40947319979717062     
 -0.29999999999999993       -1.0000000000000000      -0.44920796384285777     
 -0.19999999999999993       -1.0000000000000000      -0.32291479848690463     
  -9.9999999999999978E-002  -1.0000000000000000       -6.8607935293037964E-002
   2.7755575615628914E-017  -1.0000000000000000       0.20589775651418243     
  0.10000000000000009       -1.0000000000000000       0.40675667512836189     
  0.20000000000000009       -1.0000000000000000       0.44578846064822869     
  0.30000000000000016       -1.0000000000000000       0.31995149146402868     
  0.40000000000000013       -1.0000000000000000        6.5088257442502642E-002
  0.50000000000000011       -1.0000000000000000      -0.20903190940780458     
  0.60000000000000009       -1.0000000000000000      -0.41026168181826395     
  0.70000000000000007       -1.0000000000000000      -0.44912387535405923     
  0.80000000000000004       -1.0000000000000000      -0.32335361624462261     
  0.90000000000000002       -1.0000000000000000       -6.8755602567019639E-002
   1.0000000000000000       -1.0000000000000000       0.20223134046052918     
  -1.0000000000000000      -0.90000000000000002       0.39258653271568350     
 -0.90000000000000002      -0.90000000000000002       0.74171069649700871     
 -0.80000000000000004      -0.90000000000000002       0.81215664109854768     
 -0.69999999999999996      -0.90000000000000002       0.58295908398845975     
 -0.59999999999999998      -0.90000000000000002       0.12058143933078873     
 -0.49999999999999994      -0.90000000000000002      -0.39519277487124321     
 -0.39999999999999991      -0.90000000000000002      -0.77361344345090266     
 -0.29999999999999993      -0.90000000000000002      -0.84850714184137421     
 -0.19999999999999993      -0.90000000000000002      -0.60979130323511666     
  -9.9999999999999978E-002 -0.90000000000000002      -0.12933258758109412     
   2.7755575615628914E-017 -0.90000000000000002       0.38917980608442254     
  0.10000000000000009      -0.90000000000000002       0.76848219206281210     
  0.20000000000000009      -0.90000000000000002       0.84204805732178778     
  0.30000000000000016      -0.90000000000000002       0.60419395908576590     
  0.40000000000000013      -0.90000000000000002       0.12268397957895746     
  0.50000000000000011      -0.90000000000000002      -0.39510043081155916     
  0.60000000000000009      -0.90000000000000002      -0.77510423399054884     
  0.70000000000000007      -0.90000000000000002      -0.84834839160082642     
  0.80000000000000004      -0.90000000000000002      -0.61062158081194418     
  0.90000000000000002      -0.90000000000000002      -0.12961157016835737     
   1.0000000000000000      -0.90000000000000002       0.38225038645293929     
  -1.0000000000000000      -0.80000000000000004       0.42996436030339757     
 -0.90000000000000002      -0.80000000000000004       0.81215664109854857     
 -0.80000000000000004      -0.80000000000000004       0.88920373426487676     
 -0.69999999999999996      -0.80000000000000004       0.63818193950596402     
 -0.59999999999999998      -0.80000000000000004       0.13188916648638294     
 -0.49999999999999994      -0.80000000000000004      -0.43282046731078205     
 -0.39999999999999991      -0.80000000000000004      -0.84708886065391142     
 -0.29999999999999993      -0.80000000000000004      -0.92900343619470649     
 -0.19999999999999993      -0.80000000000000004      -0.66755690067183560     
  -9.9999999999999978E-002 -0.80000000000000004      -0.14146600567489795     
   2.7755575615628914E-017 -0.80000000000000004       0.42623652768029058     
  0.10000000000000009      -0.80000000000000004       0.84147080722593404     
  0.20000000000000009      -0.80000000000000004       0.92193159116927270     
  0.30000000000000016      -0.80000000000000004       0.66142856503822844     
  0.40000000000000013      -0.80000000000000004       0.13418649865328697     
  0.50000000000000011      -0.80000000000000004      -0.43271911082958064     
  0.60000000000000009      -0.80000000000000004      -0.84872182647017791     
  0.70000000000000007      -0.80000000000000004      -0.92882966957301516     
  0.80000000000000004      -0.80000000000000004      -0.66846667439351415     
  0.90000000000000002      -0.80000000000000004      -0.14177148326095915     
   1.0000000000000000      -0.80000000000000004       0.41864766891599359     
  -1.0000000000000000      -0.69999999999999996       0.30870674052706248     
 -0.90000000000000002      -0.69999999999999996       0.58295908398846108     
 -0.80000000000000004      -0.69999999999999996       0.63818193950596358     
 -0.69999999999999996      -0.69999999999999996       0.45795048234698787     
 -0.59999999999999998      -0.69999999999999996        9.4538240836547660E-002
 -0.49999999999999994      -0.69999999999999996      -0.31075893221562867     
 -0.39999999999999991      -0.69999999999999996      -0.60803261275407250     
 -0.29999999999999993      -0.69999999999999996      -0.66674686130854532     
 -0.19999999999999993      -0.69999999999999996      -0.47903041709655025     
  -9.9999999999999978E-002 -0.69999999999999996      -0.10140747582506120     
   2.7755575615628914E-017 -0.69999999999999996       0.30603315117890922     
  0.10000000000000009      -0.69999999999999996       0.60400052037570562     
  0.20000000000000009      -0.69999999999999996       0.66167139055151236     
  0.30000000000000016      -0.69999999999999996       0.47463211976255260     
  0.40000000000000013      -0.69999999999999996        9.6182822519651268E-002
  0.50000000000000011      -0.69999999999999996      -0.31068596121654629     
  0.60000000000000009      -0.69999999999999996      -0.60920526814149489     
  0.70000000000000007      -0.69999999999999996      -0.66662218846994181     
  0.80000000000000004      -0.69999999999999996      -0.47968402087734169     
  0.90000000000000002      -0.69999999999999996      -0.10162674311387332     
   1.0000000000000000      -0.69999999999999996       0.30058476109769783     
  -1.0000000000000000      -0.59999999999999998        6.3970415456563623E-002
 -0.90000000000000002      -0.59999999999999998       0.12058143933079599     
 -0.80000000000000004      -0.59999999999999998       0.13188916648640972     
 -0.69999999999999996      -0.59999999999999998        9.4538240836549506E-002
 -0.59999999999999998      -0.59999999999999998        1.9369226726489240E-002
 -0.49999999999999994      -0.59999999999999998       -6.4397881932540355E-002
 -0.39999999999999991      -0.59999999999999998      -0.12576700496039264     
 -0.29999999999999993      -0.59999999999999998      -0.13779343682990203     
 -0.19999999999999993      -0.59999999999999998       -9.8891170496661449E-002
  -9.9999999999999978E-002 -0.59999999999999998       -2.0783077868609334E-002
   2.7755575615628914E-017 -0.59999999999999998        6.3420546049341400E-002
  0.10000000000000009      -0.59999999999999998       0.12493369887468990     
  0.20000000000000009      -0.59999999999999998       0.13674451411347227     
  0.30000000000000016      -0.59999999999999998        9.7982218304819624E-002
  0.40000000000000013      -0.59999999999999998        1.9703121062636882E-002
  0.50000000000000011      -0.59999999999999998       -6.4382478716880159E-002
  0.60000000000000009      -0.59999999999999998      -0.12601030845259542     
  0.70000000000000007      -0.59999999999999998      -0.13776772756825528     
  0.80000000000000004      -0.59999999999999998       -9.9027181601881703E-002
  0.90000000000000002      -0.59999999999999998       -2.0828429227138089E-002
   1.0000000000000000      -0.59999999999999998        6.2291917378774715E-002
  -1.0000000000000000      -0.49999999999999994      -0.20908054185782157     
 -0.90000000000000002      -0.49999999999999994      -0.39519277487124332     
 -0.80000000000000004      -0.49999999999999994      -0.43282046731077828     
 -0.69999999999999996      -0.49999999999999994      -0.31075893221562834     
 -0.59999999999999998      -0.49999999999999994       -6.4397881932539855E-002
 -0.49999999999999994      -0.49999999999999994       0.21046675768402551     
 -0.39999999999999991      -0.49999999999999994       0.41219155762558402     
 -0.29999999999999993      -0.49999999999999994       0.45219188554388645     
 -0.19999999999999993      -0.49999999999999994       0.32506142257846399     
  -9.9999999999999978E-002 -0.49999999999999994        6.9066293901540565E-002
   2.7755575615628914E-017 -0.49999999999999994      -0.20726284047742596     
  0.10000000000000009      -0.49999999999999994      -0.40945698826500515     
  0.20000000000000009      -0.49999999999999994      -0.44874966775504860     
  0.30000000000000016      -0.49999999999999994      -0.32207843104890765     
  0.40000000000000013      -0.49999999999999994       -6.5523239168167186E-002
  0.50000000000000011      -0.49999999999999994       0.21041780701568963     
  0.60000000000000009      -0.49999999999999994       0.41298526284970183     
  0.70000000000000007      -0.49999999999999994       0.45210723763307398     
  0.80000000000000004      -0.49999999999999994       0.32550314116587953     
  0.90000000000000002      -0.49999999999999994        6.9214941525147539E-002
   1.0000000000000000      -0.49999999999999994      -0.20357210944880624     
  -1.0000000000000000      -0.39999999999999991      -0.40947319979713248     
 -0.90000000000000002      -0.39999999999999991      -0.77361344345089367     
 -0.80000000000000004      -0.39999999999999991      -0.84708886065388311     
 -0.69999999999999996      -0.39999999999999991      -0.60803261275407205     
 -0.59999999999999998      -0.39999999999999991      -0.12576700496037382     
 -0.49999999999999994      -0.39999999999999991       0.41219155762558396     
 -0.39999999999999991      -0.39999999999999991       0.80688839998603912     
 -0.29999999999999993      -0.39999999999999991       0.88500286208657231     
 -0.19999999999999993      -0.39999999999999991       0.63601891305372604     
  -9.9999999999999978E-002 -0.39999999999999991       0.13489452581333464     
   2.7755575615628914E-017 -0.39999999999999991      -0.40591995750923776     
  0.10000000000000009      -0.39999999999999991      -0.80153644477441377     
  0.20000000000000009      -0.39999999999999991      -0.87826596145711355     
  0.30000000000000016      -0.39999999999999991      -0.63018081782651469     
  0.40000000000000013      -0.39999999999999991      -0.12795994897387183     
  0.50000000000000011      -0.39999999999999991       0.41209524007033321     
  0.60000000000000009      -0.39999999999999991       0.80844331672927316     
  0.70000000000000007      -0.39999999999999991       0.88483728401178985     
  0.80000000000000004      -0.39999999999999991       0.63688490694240607     
  0.90000000000000002      -0.39999999999999991       0.13518550809356794     
   1.0000000000000000      -0.39999999999999991      -0.39869247866893787     
  -1.0000000000000000      -0.29999999999999993      -0.44920796384285278     
 -0.90000000000000002      -0.29999999999999993      -0.84850714184137299     
 -0.80000000000000004      -0.29999999999999993      -0.92900343619470271     
 -0.69999999999999996      -0.29999999999999993      -0.66674686130854333     
 -0.59999999999999998      -0.29999999999999993      -0.13779343682989659     
 -0.49999999999999994      -0.29999999999999993       0.45219188554388723     
 -0.39999999999999991      -0.29999999999999993       0.88500286208657786     
 -0.29999999999999993      -0.29999999999999993       0.97058451954996317     
 -0.19999999999999993      -0.29999999999999993       0.69743663320883631     
  -9.9999999999999978E-002 -0.29999999999999993       0.14779896055664229     
   2.7755575615628914E-017 -0.29999999999999993      -0.44531326096420548     
  0.10000000000000009      -0.29999999999999993      -0.87913335138227044     
  0.20000000000000009      -0.29999999999999993      -0.96319614718716451     
  0.30000000000000016      -0.29999999999999993      -0.69103400045003571     
  0.40000000000000013      -0.29999999999999993      -0.14019363278426905     
  0.50000000000000011      -0.29999999999999993       0.45208599451382137     
  0.60000000000000009      -0.29999999999999993       0.88670891143608310     
  0.70000000000000007      -0.29999999999999993       0.97040297498496186     
  0.80000000000000004      -0.29999999999999993       0.69838712139143910     
  0.90000000000000002      -0.29999999999999993       0.14811811072341685     
   1.0000000000000000      -0.29999999999999993      -0.43738475066664301     
  -1.0000000000000000      -0.19999999999999993      -0.32291479848690385     
 -0.90000000000000002      -0.19999999999999993      -0.60979130323511499     
 -0.80000000000000004      -0.19999999999999993      -0.66755690067183704     
 -0.69999999999999996      -0.19999999999999993      -0.47903041709655109     
 -0.59999999999999998      -0.19999999999999993       -9.8891170496668804E-002
 -0.49999999999999994      -0.19999999999999993       0.32506142257846360     
 -0.39999999999999991      -0.19999999999999993       0.63601891305373059     
 -0.29999999999999993      -0.19999999999999993       0.69743663320883464     
 -0.19999999999999993      -0.19999999999999993       0.50108067266354694     
  -9.9999999999999978E-002 -0.19999999999999993       0.10607663896307379     
   2.7755575615628914E-017 -0.19999999999999993      -0.32011812372438803     
  0.10000000000000009      -0.19999999999999993      -0.63180122711412623     
  0.20000000000000009      -0.19999999999999993      -0.69212754299108403     
  0.30000000000000016      -0.19999999999999993      -0.49647992537490299     
  0.40000000000000013      -0.19999999999999993      -0.10061150116063337     
  0.50000000000000011      -0.19999999999999993       0.32498509550320703     
  0.60000000000000009      -0.19999999999999993       0.63724553669542061     
  0.70000000000000007      -0.19999999999999993       0.69730622131603082     
  0.80000000000000004      -0.19999999999999993       0.50176435339886494     
  0.90000000000000002      -0.19999999999999993       0.10630599862624029     
   1.0000000000000000      -0.19999999999999993      -0.31441897120139622     
  -1.0000000000000000       -9.9999999999999978E-002  -6.8607935293039754E-002
 -0.90000000000000002       -9.9999999999999978E-002 -0.12933258758109553     
 -0.80000000000000004       -9.9999999999999978E-002 -0.14146600567489687     
 -0.69999999999999996       -9.9999999999999978E-002 -0.10140747582506207     
 -0.59999999999999998       -9.9999999999999978E-002  -2.0783077868610850E-002
 -0.49999999999999994       -9.9999999999999978E-002   6.9066293901539969E-002
 -0.39999999999999991       -9.9999999999999978E-002  0.13489452581333169     
 -0.29999999999999993       -9.9999999999999978E-002  0.14779896055664424     
 -0.19999999999999993       -9.9999999999999978E-002  0.10607663896307395     
  -9.9999999999999978E-002  -9.9999999999999978E-002   2.2299846409226450E-002
   2.7755575615628914E-017  -9.9999999999999978E-002  -6.8018021208084561E-002
  0.10000000000000009       -9.9999999999999978E-002 -0.13400071187687262     
  0.20000000000000009       -9.9999999999999978E-002 -0.14667387305339166     
  0.30000000000000016       -9.9999999999999978E-002 -0.10510168448892131     
  0.40000000000000013       -9.9999999999999978E-002  -2.1141480161518667E-002
  0.50000000000000011       -9.9999999999999978E-002   6.9049786428009935E-002
  0.60000000000000009       -9.9999999999999978E-002  0.13515545418209790     
  0.70000000000000007       -9.9999999999999978E-002  0.14777138201982512     
  0.80000000000000004       -9.9999999999999978E-002  0.10622248519580846     
  0.90000000000000002       -9.9999999999999978E-002   2.2348489245082453E-002
   1.0000000000000000       -9.9999999999999978E-002  -6.6807555726911300E-002
  -1.0000000000000000        2.7755575615628914E-017  0.20589775651415471     
 -0.90000000000000002        2.7755575615628914E-017  0.38917980608441860     
 -0.80000000000000004        2.7755575615628914E-017  0.42623652768026415     
 -0.69999999999999996        2.7755575615628914E-017  0.30603315117891017     
 -0.59999999999999998        2.7755575615628914E-017   6.3420546049321583E-002
 -0.49999999999999994        2.7755575615628914E-017 -0.20726284047742821     
 -0.39999999999999991        2.7755575615628914E-017 -0.40591995750923293     
 -0.29999999999999993        2.7755575615628914E-017 -0.44531326096420304     
 -0.19999999999999993        2.7755575615628914E-017 -0.32011812372438908     
  -9.9999999999999978E-002   2.7755575615628914E-017  -6.8018021208086338E-002
   2.7755575615628914E-017   2.7755575615628914E-017  0.20410766960153928     
  0.10000000000000009        2.7755575615628914E-017  0.40322698587697559     
  0.20000000000000009        2.7755575615628914E-017  0.44192340531967866     
  0.30000000000000016        2.7755575615628914E-017  0.31718050837283546     
  0.40000000000000013        2.7755575615628914E-017   6.4528865223666410E-002
  0.50000000000000011        2.7755575615628914E-017 -0.20721463878549368     
  0.60000000000000009        2.7755575615628914E-017 -0.40670157623319803     
  0.70000000000000007        2.7755575615628914E-017 -0.44522989994101975     
  0.80000000000000004        2.7755575615628914E-017 -0.32055311045218765     
  0.90000000000000002        2.7755575615628914E-017  -6.8164407153514128E-002
   1.0000000000000000        2.7755575615628914E-017  0.20047311645560120     
  -1.0000000000000000       0.10000000000000009       0.40675667512835839     
 -0.90000000000000002       0.10000000000000009       0.76848219206281010     
 -0.80000000000000004       0.10000000000000009       0.84147080722593293     
 -0.69999999999999996       0.10000000000000009       0.60400052037570340     
 -0.59999999999999998       0.10000000000000009       0.12493369887468828     
 -0.49999999999999994       0.10000000000000009      -0.40945698826500421     
 -0.39999999999999991       0.10000000000000009      -0.80153644477441521     
 -0.29999999999999993       0.10000000000000009      -0.87913335138226845     
 -0.19999999999999993       0.10000000000000009      -0.63180122711412678     
  -9.9999999999999978E-002  0.10000000000000009      -0.13400071187687107     
   2.7755575615628914E-017  0.10000000000000009       0.40322698587697459     
  0.10000000000000009       0.10000000000000009       0.79621998483011047     
  0.20000000000000009       0.10000000000000009       0.87244113119619049     
  0.30000000000000016       0.10000000000000009       0.62600185115789608     
  0.40000000000000013       0.10000000000000009       0.12711212746545178     
  0.50000000000000011       0.10000000000000009      -0.40936131105149864     
  0.60000000000000009       0.10000000000000009      -0.80308104444102590     
  0.70000000000000007       0.10000000000000009      -0.87896887118573486     
  0.80000000000000004       0.10000000000000009      -0.63266147310768250     
  0.90000000000000002       0.10000000000000009      -0.13428976413240251     
   1.0000000000000000       0.10000000000000009       0.39604745366320987     
  -1.0000000000000000       0.20000000000000009       0.44578846064820415     
 -0.90000000000000002       0.20000000000000009       0.84204805732178689     
 -0.80000000000000004       0.20000000000000009       0.92193159116924994     
 -0.69999999999999996       0.20000000000000009       0.66167139055151547     
 -0.59999999999999998       0.20000000000000009       0.13674451411347888     
 -0.49999999999999994       0.20000000000000009      -0.44874966775504954     
 -0.39999999999999991       0.20000000000000009      -0.87826596145710123     
 -0.29999999999999993       0.20000000000000009      -0.96319614718716517     
 -0.19999999999999993       0.20000000000000009      -0.69212754299108104     
  -9.9999999999999978E-002  0.20000000000000009      -0.14667387305339477     
   2.7755575615628914E-017  0.20000000000000009       0.44192340531966617     
  0.10000000000000009       0.20000000000000009       0.87244113119619149     
  0.20000000000000009       0.20000000000000009       0.95586401736200888     
  0.30000000000000016       0.20000000000000009       0.68577364894909354     
  0.40000000000000013       0.20000000000000009       0.13912643926726317     
  0.50000000000000011       0.20000000000000009      -0.44864458282450598     
  0.60000000000000009       0.20000000000000009      -0.87995902386394664     
  0.70000000000000007       0.20000000000000009      -0.96301598459908111     
  0.80000000000000004       0.20000000000000009      -0.69307079580421171     
  0.90000000000000002       0.20000000000000009      -0.14699059375737569     
   1.0000000000000000       0.20000000000000009       0.43405524914042565     
  -1.0000000000000000       0.30000000000000016       0.31995149146402690     
 -0.90000000000000002       0.30000000000000016       0.60419395908576412     
 -0.80000000000000004       0.30000000000000016       0.66142856503822811     
 -0.69999999999999996       0.30000000000000016       0.47463211976255087     
 -0.59999999999999998       0.30000000000000016        9.7982218304821275E-002
 -0.49999999999999994       0.30000000000000016      -0.32207843104890616     
 -0.39999999999999991       0.30000000000000016      -0.63018081782651514     
 -0.29999999999999993       0.30000000000000016      -0.69103400045003616     
 -0.19999999999999993       0.30000000000000016      -0.49647992537490471     
  -9.9999999999999978E-002  0.30000000000000016      -0.10510168448891996     
   2.7755575615628914E-017  0.30000000000000016       0.31718050837283451     
  0.10000000000000009       0.30000000000000016       0.62600185115789797     
  0.20000000000000009       0.30000000000000016       0.68577364894909409     
  0.30000000000000016       0.30000000000000016       0.49192141418497448     
  0.40000000000000013       0.30000000000000016        9.9686716611915763E-002
  0.50000000000000011       0.30000000000000016      -0.32200280255603536     
  0.60000000000000009       0.30000000000000016      -0.63139618706103851     
  0.70000000000000007       0.30000000000000016      -0.69090478613995343     
  0.80000000000000004       0.30000000000000016      -0.49715733590187927     
  0.90000000000000002       0.30000000000000016      -0.10532893881586938     
   1.0000000000000000       0.30000000000000016       0.31153365808606348     
  -1.0000000000000000       0.40000000000000013        6.5088257442519282E-002
 -0.90000000000000002       0.40000000000000013       0.12268397957896185     
 -0.80000000000000004       0.40000000000000013       0.13418649865330717     
 -0.69999999999999996       0.40000000000000013        9.6182822519654015E-002
 -0.59999999999999998       0.40000000000000013        1.9703121062652360E-002
 -0.49999999999999994       0.40000000000000013       -6.5523239168165645E-002
 -0.39999999999999991       0.40000000000000013      -0.12795994897387158     
 -0.29999999999999993       0.40000000000000013      -0.14019363278427363     
 -0.19999999999999993       0.40000000000000013      -0.10061150116063020     
  -9.9999999999999978E-002  0.40000000000000013       -2.1141480161519847E-002
   2.7755575615628914E-017  0.40000000000000013        6.4528865223665396E-002
  0.10000000000000009       0.40000000000000013       0.12711212746545311     
  0.20000000000000009       0.40000000000000013       0.13912643926725421     
  0.30000000000000016       0.40000000000000013        9.9686716611915971E-002
  0.40000000000000013       0.40000000000000013        2.0042707633281469E-002
  0.50000000000000011       0.40000000000000013       -6.5507560997329753E-002
  0.60000000000000009       0.40000000000000013      -0.12820751036057748     
  0.70000000000000007       0.40000000000000013      -0.14016747687682940     
  0.80000000000000004       0.40000000000000013      -0.10074990082574900     
  0.90000000000000002       0.40000000000000013       -2.1187622243798488E-002
   1.0000000000000000       0.40000000000000013        6.3380522508689599E-002
  -1.0000000000000000       0.50000000000000011      -0.20903190940780064     
 -0.90000000000000002       0.50000000000000011      -0.39510043081155832     
 -0.80000000000000004       0.50000000000000011      -0.43271911082958114     
 -0.69999999999999996       0.50000000000000011      -0.31068596121654496     
 -0.59999999999999998       0.50000000000000011       -6.4382478716880340E-002
 -0.49999999999999994       0.50000000000000011       0.21041780701568871     
 -0.39999999999999991       0.50000000000000011       0.41209524007033460     
 -0.29999999999999993       0.50000000000000011       0.45208599451381992     
 -0.19999999999999993       0.50000000000000011       0.32498509550321036     
  -9.9999999999999978E-002  0.50000000000000011        6.9049786428009449E-002
   2.7755575615628914E-017  0.50000000000000011      -0.20721463878549354     
  0.10000000000000009       0.50000000000000011      -0.40936131105149870     
  0.20000000000000009       0.50000000000000011      -0.44864458282450664     
  0.30000000000000016       0.50000000000000011      -0.32200280255603470     
  0.40000000000000013       0.50000000000000011       -6.5507560997329559E-002
  0.50000000000000011       0.50000000000000011       0.21036886719814146     
  0.60000000000000009       0.50000000000000011       0.41288876126498703     
  0.70000000000000007       0.50000000000000011       0.45200136653494677     
  0.80000000000000004       0.50000000000000011       0.32542671244953980     
  0.90000000000000002       0.50000000000000011        6.9198399312563316E-002
   1.0000000000000000       0.50000000000000011      -0.20352476696733918     
  -1.0000000000000000       0.60000000000000009      -0.41026168181822636     
 -0.90000000000000002       0.60000000000000009      -0.77510423399054296     
 -0.80000000000000004       0.60000000000000009      -0.84872182647013972     
 -0.69999999999999996       0.60000000000000009      -0.60920526814149334     
 -0.59999999999999998       0.60000000000000009      -0.12601030845258590     
 -0.49999999999999994       0.60000000000000009       0.41298526284970155     
 -0.39999999999999991       0.60000000000000009       0.80844331672925962     
 -0.29999999999999993       0.60000000000000009       0.88670891143607977     
 -0.19999999999999993       0.60000000000000009       0.63724553669541395     
  -9.9999999999999978E-002  0.60000000000000009       0.13515545418209957     
   2.7755575615628914E-017  0.60000000000000009      -0.40670157623318992     
  0.10000000000000009       0.60000000000000009      -0.80308104444102457     
  0.20000000000000009       0.60000000000000009      -0.87995902386394487     
  0.30000000000000016       0.60000000000000009      -0.63139618706103962     
  0.40000000000000013       0.60000000000000009      -0.12820751036058300     
  0.50000000000000011       0.60000000000000009       0.41288876126498586     
  0.60000000000000009       0.60000000000000009       0.81000122606787273     
  0.70000000000000007       0.60000000000000009       0.88654301388497359     
  0.80000000000000004       0.60000000000000009       0.63811319523662913     
  0.90000000000000002       0.60000000000000009       0.13544699721316861     
   1.0000000000000000       0.60000000000000009      -0.39946017816034229     
  -1.0000000000000000       0.70000000000000007      -0.44912387535405562     
 -0.90000000000000002       0.70000000000000007      -0.84834839160082443     
 -0.80000000000000004       0.70000000000000007      -0.92882966957301527     
 -0.69999999999999996       0.70000000000000007      -0.66662218846993915     
 -0.59999999999999998       0.70000000000000007      -0.13776772756825367     
 -0.49999999999999994       0.70000000000000007       0.45210723763307231     
 -0.39999999999999991       0.70000000000000007       0.88483728401179473     
 -0.29999999999999993       0.70000000000000007       0.97040297498495931     
 -0.19999999999999993       0.70000000000000007       0.69730622131603270     
  -9.9999999999999978E-002  0.70000000000000007       0.14777138201982379     
   2.7755575615628914E-017  0.70000000000000007      -0.44522989994102108     
  0.10000000000000009       0.70000000000000007      -0.87896887118573364     
  0.20000000000000009       0.70000000000000007      -0.96301598459908255     
  0.30000000000000016       0.70000000000000007      -0.69090478613995177     
  0.40000000000000013       0.70000000000000007      -0.14016747687682743     
  0.50000000000000011       0.70000000000000007       0.45200136653494699     
  0.60000000000000009       0.70000000000000007       0.88654301388497780     
  0.70000000000000007       0.70000000000000007       0.97022146435624024     
  0.80000000000000004       0.70000000000000007       0.69825653135771815     
  0.90000000000000002       0.70000000000000007       0.14809047247681265     
   1.0000000000000000       0.70000000000000007      -0.43730287365137860     
  -1.0000000000000000       0.80000000000000004      -0.32335361624462278     
 -0.90000000000000002       0.80000000000000004      -0.61062158081194540     
 -0.80000000000000004       0.80000000000000004      -0.66846667439351060     
 -0.69999999999999996       0.80000000000000004      -0.47968402087734396     
 -0.59999999999999998       0.80000000000000004       -9.9027181601885228E-002
 -0.49999999999999994       0.80000000000000004       0.32550314116587936     
 -0.39999999999999991       0.80000000000000004       0.63688490694240030     
 -0.29999999999999993       0.80000000000000004       0.69838712139144132     
 -0.19999999999999993       0.80000000000000004       0.50176435339885317     
  -9.9999999999999978E-002  0.80000000000000004       0.10622248519580910     
   2.7755575615628914E-017  0.80000000000000004      -0.32055311045218560     
  0.10000000000000009       0.80000000000000004      -0.63266147310768206     
  0.20000000000000009       0.80000000000000004      -0.69307079580420206     
  0.30000000000000016       0.80000000000000004      -0.49715733590187933     
  0.40000000000000013       0.80000000000000004      -0.10074990082574690     
  0.50000000000000011       0.80000000000000004       0.32542671244954013     
  0.60000000000000009       0.80000000000000004       0.63811319523662746     
  0.70000000000000007       0.80000000000000004       0.69825653135771770     
  0.80000000000000004       0.80000000000000004       0.50244895901862141     
  0.90000000000000002       0.80000000000000004       0.10645215717019174     
   1.0000000000000000       0.80000000000000004      -0.31484621031450682     
  -1.0000000000000000       0.90000000000000002       -6.8755602567020346E-002
 -0.90000000000000002       0.90000000000000002      -0.12961157016835731     
 -0.80000000000000004       0.90000000000000002      -0.14177148326095698     
 -0.69999999999999996       0.90000000000000002      -0.10162674311387355     
 -0.59999999999999998       0.90000000000000002       -2.0828429227139525E-002
 -0.49999999999999994       0.90000000000000002        6.9214941525146345E-002
 -0.39999999999999991       0.90000000000000002       0.13518550809356272     
 -0.29999999999999993       0.90000000000000002       0.14811811072341766     
 -0.19999999999999993       0.90000000000000002       0.10630599862624027     
  -9.9999999999999978E-002  0.90000000000000002        2.2348489245081902E-002
   2.7755575615628914E-017  0.90000000000000002       -6.8164407153512019E-002
  0.10000000000000009       0.90000000000000002      -0.13428976413240296     
  0.20000000000000009       0.90000000000000002      -0.14699059375737170     
  0.30000000000000016       0.90000000000000002      -0.10532893881586905     
  0.40000000000000013       0.90000000000000002       -2.1187622243796826E-002
  0.50000000000000011       0.90000000000000002        6.9198399312563191E-002
  0.60000000000000009       0.90000000000000002       0.13544699721316392     
  0.70000000000000007       0.90000000000000002       0.14809047247681259     
  0.80000000000000004       0.90000000000000002       0.10645215717018906     
  0.90000000000000002       0.90000000000000002        2.2397237015729342E-002
   1.0000000000000000       0.90000000000000002       -6.6951335251105054E-002
  -1.0000000000000000        1.0000000000000000       0.20223134046048596     
 -0.90000000000000002        1.0000000000000000       0.38225038645293435     
 -0.80000000000000004        1.0000000000000000       0.41864766891596794     
 -0.69999999999999996        1.0000000000000000       0.30058476109769749     
 -0.59999999999999998        1.0000000000000000        6.2291917378746731E-002
 -0.49999999999999994        1.0000000000000000      -0.20357210944880819     
 -0.39999999999999991        1.0000000000000000      -0.39869247866894286     
 -0.29999999999999993        1.0000000000000000      -0.43738475066663918     
 -0.19999999999999993        1.0000000000000000      -0.31441897120139650     
  -9.9999999999999978E-002   1.0000000000000000       -6.6807555726912285E-002
   2.7755575615628914E-017   1.0000000000000000       0.20047311645560867     
  0.10000000000000009        1.0000000000000000       0.39604745366320898     
  0.20000000000000009        1.0000000000000000       0.43405524914043814     
  0.30000000000000016        1.0000000000000000       0.31153365808606392     
  0.40000000000000013        1.0000000000000000        6.3380522508686171E-002
  0.50000000000000011        1.0000000000000000      -0.20352476696733865     
  0.60000000000000009        1.0000000000000000      -0.39946017816035689     
  0.70000000000000007        1.0000000000000000      -0.43730287365137732     
  0.80000000000000004        1.0000000000000000      -0.31484621031450821     
  0.90000000000000002        1.0000000000000000       -6.6951335251107968E-002
   1.0000000000000000        1.0000000000000000       0.19690328248010347     
