  -1.0000000000000000       -1.0000000000000000       0.16924757551237521     
 -0.90000000000000002       -1.0000000000000000       0.34501043121256697     
 -0.80000000000000004       -1.0000000000000000       0.39097486000208104     
 -0.69999999999999996       -1.0000000000000000       0.29255443004623682     
 -0.59999999999999998       -1.0000000000000000        7.7377225231745686E-002
 -0.49999999999999994       -1.0000000000000000      -0.17008625826774246     
 -0.39999999999999991       -1.0000000000000000      -0.35993389770128575     
 -0.29999999999999993       -1.0000000000000000      -0.40837242650137867     
 -0.19999999999999993       -1.0000000000000000      -0.30588150988560209     
  -9.9999999999999978E-002  -1.0000000000000000       -8.2298431023710497E-002
   2.7755575615628914E-017  -1.0000000000000000       0.16727980365358494     
  0.10000000000000009       -1.0000000000000000       0.35746660142001385     
  0.20000000000000009       -1.0000000000000000       0.40529527775010149     
  0.30000000000000016       -1.0000000000000000       0.30318887920258386     
  0.40000000000000013       -1.0000000000000000        7.9130849565203984E-002
  0.50000000000000011       -1.0000000000000000      -0.17008570927768907     
  0.60000000000000009       -1.0000000000000000      -0.36054208295470286     
  0.70000000000000007       -1.0000000000000000      -0.40829200083032124     
  0.80000000000000004       -1.0000000000000000      -0.30618773942373245     
  0.90000000000000002       -1.0000000000000000       -8.2428490930777157E-002
   1.0000000000000000       -1.0000000000000000       0.16424052982409570     
  -1.0000000000000000      -0.90000000000000002       0.34501043121256497     
 -0.90000000000000002      -0.90000000000000002       0.70289359415110197     
 -0.80000000000000004      -0.90000000000000002       0.79633939079606797     
 -0.69999999999999996      -0.90000000000000002       0.59570322024544575     
 -0.59999999999999998      -0.90000000000000002       0.15732227869419740     
 -0.49999999999999994      -0.90000000000000002      -0.34672510984598903     
 -0.39999999999999991      -0.90000000000000002      -0.73329602490939061     
 -0.29999999999999993      -0.90000000000000002      -0.83177616634383800     
 -0.19999999999999993      -0.90000000000000002      -0.62284185194371389     
  -9.9999999999999978E-002 -0.90000000000000002      -0.16733495917794600     
   2.7755575615628914E-017 -0.90000000000000002       0.34100758526306629     
  0.10000000000000009      -0.90000000000000002       0.72827063358005084     
  0.20000000000000009      -0.90000000000000002       0.82550775303617197     
  0.30000000000000016      -0.90000000000000002       0.61735740168418085     
  0.40000000000000013      -0.90000000000000002       0.16088254886663014     
  0.50000000000000011      -0.90000000000000002      -0.34672328405124064     
  0.60000000000000009      -0.90000000000000002      -0.73453638896190676     
  0.70000000000000007      -0.90000000000000002      -0.83161238069804833     
  0.80000000000000004      -0.90000000000000002      -0.62346670191249798     
  0.90000000000000002      -0.90000000000000002      -0.16759993442407140     
   1.0000000000000000      -0.90000000000000002       0.33481292703713050     
  -1.0000000000000000      -0.80000000000000004       0.39097486000206294     
 -0.90000000000000002      -0.80000000000000004       0.79633939079606830     
 -0.80000000000000004      -0.80000000000000004       0.90211224807451962     
 -0.69999999999999996      -0.80000000000000004       0.67474290308708584     
 -0.59999999999999998      -0.80000000000000004       0.17808260931874567     
 -0.49999999999999994      -0.80000000000000004      -0.39292041533781469     
 -0.39999999999999991      -0.80000000000000004      -0.83078301868258431     
 -0.29999999999999993      -0.80000000000000004      -0.94225651848077729     
 -0.19999999999999993      -0.80000000000000004      -0.70548326932192307     
  -9.9999999999999978E-002 -0.80000000000000004      -0.18941994773008000     
   2.7755575615628914E-017 -0.80000000000000004       0.38644282451158096     
  0.10000000000000009      -0.80000000000000004       0.82509013996412128     
  0.20000000000000009      -0.80000000000000004       0.93515509204776959     
  0.30000000000000016      -0.80000000000000004       0.69927031076500590     
  0.40000000000000013      -0.80000000000000004       0.18211018053436667     
  0.50000000000000011      -0.80000000000000004      -0.39291800380920949     
  0.60000000000000009      -0.80000000000000004      -0.83218891335893752     
  0.70000000000000007      -0.80000000000000004      -0.94207099067834499     
  0.80000000000000004      -0.80000000000000004      -0.70619165765130310     
  0.90000000000000002      -0.80000000000000004      -0.18972015129483816     
   1.0000000000000000      -0.80000000000000004       0.37942330586738221     
  -1.0000000000000000      -0.69999999999999996       0.29255443004623843     
 -0.90000000000000002      -0.69999999999999996       0.59570322024544708     
 -0.80000000000000004      -0.69999999999999996       0.67474290308708551     
 -0.69999999999999996      -0.69999999999999996       0.50460665689826645     
 -0.59999999999999998      -0.69999999999999996       0.13307980077371856     
 -0.49999999999999994      -0.69999999999999996      -0.29401235733414743     
 -0.39999999999999991      -0.69999999999999996      -0.62146828607045856     
 -0.29999999999999993      -0.69999999999999996      -0.70476973288418254     
 -0.19999999999999993      -0.69999999999999996      -0.52759663418459291     
  -9.9999999999999978E-002 -0.69999999999999996      -0.14155506400303430     
   2.7755575615628914E-017 -0.69999999999999996       0.28916682394626864     
  0.10000000000000009      -0.69999999999999996       0.61721025047795897     
  0.20000000000000009      -0.69999999999999996       0.69945779209572911     
  0.30000000000000016      -0.69999999999999996       0.52294955924341147     
  0.40000000000000013      -0.69999999999999996       0.13608737625717987     
  0.50000000000000011      -0.69999999999999996      -0.29401025371299411     
  0.60000000000000009      -0.69999999999999996      -0.62252051969159805     
  0.70000000000000007      -0.69999999999999996      -0.70463097661929541     
  0.80000000000000004      -0.69999999999999996      -0.52812695438387169     
  0.90000000000000002      -0.69999999999999996      -0.14177963302250726     
   1.0000000000000000      -0.69999999999999996       0.28391471053107703     
  -1.0000000000000000      -0.59999999999999998        7.7377225231757774E-002
 -0.90000000000000002      -0.59999999999999998       0.15732227869420493     
 -0.80000000000000004      -0.59999999999999998       0.17808260931877323     
 -0.69999999999999996      -0.59999999999999998       0.13307980077372059     
 -0.59999999999999998      -0.59999999999999998        3.4962525929322259E-002
 -0.49999999999999994      -0.59999999999999998       -7.7765712071440438E-002
 -0.39999999999999991      -0.59999999999999998      -0.16412595138051930     
 -0.29999999999999993      -0.59999999999999998      -0.18600825371990673     
 -0.19999999999999993      -0.59999999999999998      -0.13914400776671729     
  -9.9999999999999978E-002 -0.59999999999999998       -3.7193141245165519E-002
   2.7755575615628914E-017 -0.59999999999999998        7.6486086108613904E-002
  0.10000000000000009      -0.59999999999999998       0.16300214768024826     
  0.20000000000000009      -0.59999999999999998       0.18460579587740703     
  0.30000000000000016      -0.59999999999999998       0.13791747064769597     
  0.40000000000000013      -0.59999999999999998        3.5749690607898441E-002
  0.50000000000000011      -0.59999999999999998       -7.7764750573747390E-002
  0.60000000000000009      -0.59999999999999998      -0.16440458799954547     
  0.70000000000000007      -0.59999999999999998      -0.18597164702123348     
  0.80000000000000004      -0.59999999999999998      -0.13928461658439389     
  0.90000000000000002      -0.59999999999999998       -3.7252450392535913E-002
   1.0000000000000000      -0.59999999999999998        7.5097472579802677E-002
  -1.0000000000000000      -0.49999999999999994      -0.17008625826773957     
 -0.90000000000000002      -0.49999999999999994      -0.34672510984598909     
 -0.80000000000000004      -0.49999999999999994      -0.39292041533781102     
 -0.69999999999999996      -0.49999999999999994      -0.29401235733414721     
 -0.59999999999999998      -0.49999999999999994       -7.7765712071440007E-002
 -0.49999999999999994      -0.49999999999999994       0.17092903521624878     
 -0.39999999999999991      -0.49999999999999994       0.36172276110002100     
 -0.29999999999999993      -0.49999999999999994       0.41040453856892328     
 -0.19999999999999993      -0.49999999999999994       0.30740582903503794     
  -9.9999999999999978E-002 -0.49999999999999994        8.2711540035297307E-002
   2.7755575615628914E-017 -0.49999999999999994      -0.16810863152828143     
  0.10000000000000009      -0.49999999999999994      -0.35924318705436376     
  0.20000000000000009      -0.49999999999999994      -0.40731208797125723     
  0.30000000000000016      -0.49999999999999994      -0.30469980044594852     
  0.40000000000000013      -0.49999999999999994       -7.9528204316747120E-002
  0.50000000000000011      -0.49999999999999994       0.17092849219190395     
  0.60000000000000009      -0.49999999999999994       0.36233395298973980     
  0.70000000000000007      -0.49999999999999994       0.41032371236439014     
  0.80000000000000004      -0.49999999999999994       0.30771356858933030     
  0.90000000000000002      -0.49999999999999994        8.2842246299870012E-002
   1.0000000000000000      -0.49999999999999994      -0.16505428607702005     
  -1.0000000000000000      -0.39999999999999991      -0.35993389770124806     
 -0.90000000000000002      -0.39999999999999991      -0.73329602490938117     
 -0.80000000000000004      -0.39999999999999991      -0.83078301868255622     
 -0.69999999999999996      -0.39999999999999991      -0.62146828607045801     
 -0.59999999999999998      -0.39999999999999991      -0.16412595138049962     
 -0.49999999999999994      -0.39999999999999991       0.36172276110002044     
 -0.39999999999999991      -0.39999999999999991       0.76501345531704756     
 -0.29999999999999993      -0.39999999999999991       0.86775252581000417     
 -0.19999999999999993      -0.39999999999999991       0.64978071063553977     
  -9.9999999999999978E-002 -0.39999999999999991       0.17457166991004858     
   2.7755575615628914E-017 -0.39999999999999991      -0.35575793531949657     
  0.10000000000000009      -0.39999999999999991      -0.75977070353559351     
  0.20000000000000009      -0.39999999999999991      -0.86121298552640579     
  0.30000000000000016      -0.39999999999999991      -0.64405904419901838     
  0.40000000000000013      -0.39999999999999991      -0.16784017492951259     
  0.50000000000000011      -0.39999999999999991       0.36172085406110188     
  0.60000000000000009      -0.39999999999999991       0.76630747332739435     
  0.70000000000000007      -0.39999999999999991       0.86758165611858595     
  0.80000000000000004      -0.39999999999999991       0.65043259051414248     
  0.90000000000000002      -0.39999999999999991       0.17484810620429445     
   1.0000000000000000      -0.39999999999999991      -0.34929532928285323     
  -1.0000000000000000      -0.29999999999999993      -0.40837242650137395     
 -0.90000000000000002      -0.29999999999999993      -0.83177616634383711     
 -0.80000000000000004      -0.29999999999999993      -0.94225651848077396     
 -0.69999999999999996      -0.29999999999999993      -0.70476973288418077     
 -0.59999999999999998      -0.29999999999999993      -0.18600825371990085     
 -0.49999999999999994      -0.29999999999999993       0.41040453856892423     
 -0.39999999999999991      -0.29999999999999993       0.86775252581000950     
 -0.29999999999999993      -0.29999999999999993       0.98418721684345434     
 -0.19999999999999993      -0.29999999999999993       0.73687807447718112     
  -9.9999999999999978E-002 -0.29999999999999993       0.19785014262767087     
   2.7755575615628914E-017 -0.29999999999999993      -0.40363869729567986     
  0.10000000000000009      -0.29999999999999993      -0.86180631221164827     
  0.20000000000000009      -0.29999999999999993      -0.97676977761210226     
  0.30000000000000016      -0.29999999999999993      -0.73038863765983675     
  0.40000000000000013      -0.29999999999999993      -0.19021509075555945     
  0.50000000000000011      -0.29999999999999993       0.41040202204044174     
  0.60000000000000009      -0.29999999999999993       0.86922097797079356     
  0.70000000000000007      -0.29999999999999993       0.98399343291594965     
  0.80000000000000004      -0.29999999999999993       0.73761798267133682     
  0.90000000000000002      -0.29999999999999993       0.19816370511756051     
   1.0000000000000000      -0.29999999999999993      -0.39630682180472043     
  -1.0000000000000000      -0.19999999999999993      -0.30588150988560048     
 -0.90000000000000002      -0.19999999999999993      -0.62284185194371233     
 -0.80000000000000004      -0.19999999999999993      -0.70548326932192351     
 -0.69999999999999996      -0.19999999999999993      -0.52759663418459435     
 -0.59999999999999998      -0.19999999999999993      -0.13914400776672253     
 -0.49999999999999994      -0.19999999999999993       0.30740582903503738     
 -0.39999999999999991      -0.19999999999999993       0.64978071063554377     
 -0.29999999999999993      -0.19999999999999993       0.73687807447717990     
 -0.19999999999999993      -0.19999999999999993       0.55163403087006357     
  -9.9999999999999978E-002 -0.19999999999999993       0.14800544178911110     
   2.7755575615628914E-017 -0.19999999999999993      -0.30233954577737981     
  0.10000000000000009      -0.19999999999999993      -0.64532868470431404     
  0.20000000000000009      -0.19999999999999993      -0.73132413284780173     
  0.30000000000000016      -0.19999999999999993      -0.54677524193515292     
  0.40000000000000013      -0.19999999999999993      -0.14228865668503626     
  0.50000000000000011      -0.19999999999999993       0.30740363279433019     
  0.60000000000000009      -0.19999999999999993       0.65088087526697258     
  0.70000000000000007      -0.19999999999999993       0.73673299655049607     
  0.80000000000000004      -0.19999999999999993       0.55218850665366892     
  0.90000000000000002      -0.19999999999999993       0.14824024155427817     
   1.0000000000000000      -0.19999999999999993      -0.29684817256400120     
  -1.0000000000000000       -9.9999999999999978E-002  -8.2298431023712523E-002
 -0.90000000000000002       -9.9999999999999978E-002 -0.16733495917794733     
 -0.80000000000000004       -9.9999999999999978E-002 -0.18941994773007895     
 -0.69999999999999996       -9.9999999999999978E-002 -0.14155506400303536     
 -0.59999999999999998       -9.9999999999999978E-002  -3.7193141245166664E-002
 -0.49999999999999994       -9.9999999999999978E-002   8.2711540035296668E-002
 -0.39999999999999991       -9.9999999999999978E-002  0.17457166991004583     
 -0.29999999999999993       -9.9999999999999978E-002  0.19785014262767289     
 -0.19999999999999993       -9.9999999999999978E-002  0.14800544178911151     
  -9.9999999999999978E-002  -9.9999999999999978E-002   3.9565950590108742E-002
   2.7755575615628914E-017  -9.9999999999999978E-002  -8.1350471400338686E-002
  0.10000000000000009       -9.9999999999999978E-002 -0.17337632090081842     
  0.20000000000000009       -9.9999999999999978E-002 -0.19635841441393839     
  0.30000000000000016       -9.9999999999999978E-002 -0.14670082070183987     
  0.40000000000000013       -9.9999999999999978E-002  -3.8030616461499162E-002
  0.50000000000000011       -9.9999999999999978E-002   8.2710529424296367E-002
  0.60000000000000009       -9.9999999999999978E-002  0.17486801796747239     
  0.70000000000000007       -9.9999999999999978E-002  0.19781120499127786     
  0.80000000000000004       -9.9999999999999978E-002  0.14815498316897366     
  0.90000000000000002       -9.9999999999999978E-002   3.9629034381840900E-002
   1.0000000000000000       -9.9999999999999978E-002  -7.9873526681761620E-002
  -1.0000000000000000        2.7755575615628914E-017  0.16727980365355952     
 -0.90000000000000002        2.7755575615628914E-017  0.34100758526306224     
 -0.80000000000000004        2.7755575615628914E-017  0.38644282451155426     
 -0.69999999999999996        2.7755575615628914E-017  0.28916682394626897     
 -0.59999999999999998        2.7755575615628914E-017   7.6486086108593795E-002
 -0.49999999999999994        2.7755575615628914E-017 -0.16810863152828309     
 -0.39999999999999991        2.7755575615628914E-017 -0.35575793531949096     
 -0.29999999999999993        2.7755575615628914E-017 -0.40363869729567670     
 -0.19999999999999993        2.7755575615628914E-017 -0.30233954577737987     
  -9.9999999999999978E-002   2.7755575615628914E-017  -8.1350471400340588E-002
   2.7755575615628914E-017   2.7755575615628914E-017  0.16533473569208865     
  0.10000000000000009        2.7755575615628914E-017  0.35331923885489286     
  0.20000000000000009        2.7755575615628914E-017  0.40059723547866860     
  0.30000000000000016        2.7755575615628914E-017  0.29967812887128947     
  0.40000000000000013        2.7755575615628914E-017   7.8219621088541816E-002
  0.50000000000000011        2.7755575615628914E-017 -0.16810810352188293     
  0.60000000000000009        2.7755575615628914E-017 -0.35635903744865360     
  0.70000000000000007        2.7755575615628914E-017 -0.40355920335118611     
  0.80000000000000004        2.7755575615628914E-017 -0.30264220240259754     
  0.90000000000000002        2.7755575615628914E-017  -8.1479022284831698E-002
   1.0000000000000000        2.7755575615628914E-017  0.16233077989064579     
  -1.0000000000000000       0.10000000000000009       0.35746660142001030     
 -0.90000000000000002       0.10000000000000009       0.72827063358004918     
 -0.80000000000000004       0.10000000000000009       0.82509013996412017     
 -0.69999999999999996       0.10000000000000009       0.61721025047795675     
 -0.59999999999999998       0.10000000000000009       0.16300214768024665     
 -0.49999999999999994       0.10000000000000009      -0.35924318705436287     
 -0.39999999999999991       0.10000000000000009      -0.75977070353559517     
 -0.29999999999999993       0.10000000000000009      -0.86180631221164650     
 -0.19999999999999993       0.10000000000000009      -0.64532868470431481     
  -9.9999999999999978E-002  0.10000000000000009      -0.17337632090081695     
   2.7755575615628914E-017  0.10000000000000009       0.35331923885489230     
  0.10000000000000009       0.10000000000000009       0.75456387729709229     
  0.20000000000000009       0.10000000000000009       0.85531158626430748     
  0.30000000000000016       0.10000000000000009       0.63964622582598585     
  0.40000000000000013       0.10000000000000009       0.16669095501454290     
  0.50000000000000011       0.10000000000000009      -0.35924129524694320     
  0.60000000000000009       0.10000000000000009      -0.76105584945902438     
  0.70000000000000007       0.10000000000000009      -0.86163661331179264     
  0.80000000000000004       0.10000000000000009      -0.64597609418217572     
  0.90000000000000002       0.10000000000000009      -0.17365086272649022     
   1.0000000000000000       0.10000000000000009       0.34690093035889041     
  -1.0000000000000000       0.20000000000000009       0.40529527775007707     
 -0.90000000000000002       0.20000000000000009       0.82550775303617119     
 -0.80000000000000004       0.20000000000000009       0.93515509204774661     
 -0.69999999999999996       0.20000000000000009       0.69945779209573233     
 -0.59999999999999998       0.20000000000000009       0.18460579587741105     
 -0.49999999999999994       0.20000000000000009      -0.40731208797125873     
 -0.39999999999999991       0.20000000000000009      -0.86121298552639325     
 -0.29999999999999993       0.20000000000000009      -0.97676977761210249     
 -0.19999999999999993       0.20000000000000009      -0.73132413284779862     
  -9.9999999999999978E-002  0.20000000000000009      -0.19635841441394181     
   2.7755575615628914E-017  0.20000000000000009       0.40059723547865694     
  0.10000000000000009       0.20000000000000009       0.85531158626430825     
  0.20000000000000009       0.20000000000000009       0.96940823902547779     
  0.30000000000000016       0.20000000000000009       0.72488360425592835     
  0.40000000000000013       0.20000000000000009       0.18878090364961134     
  0.50000000000000011       0.20000000000000009      -0.40730958893740943     
  0.60000000000000009       0.20000000000000009      -0.86267037388055079     
  0.70000000000000007       0.20000000000000009      -0.97657745421808095     
  0.80000000000000004       0.20000000000000009      -0.73205846701864508     
  0.90000000000000002       0.20000000000000009      -0.19666961384481757     
   1.0000000000000000       0.20000000000000009       0.39332060864423907     
  -1.0000000000000000       0.30000000000000016       0.30318887920258170     
 -0.90000000000000002       0.30000000000000016       0.61735740168417896     
 -0.80000000000000004       0.30000000000000016       0.69927031076500579     
 -0.69999999999999996       0.30000000000000016       0.52294955924340980     
 -0.59999999999999998       0.30000000000000016       0.13791747064769747     
 -0.49999999999999994       0.30000000000000016      -0.30469980044594697     
 -0.39999999999999991       0.30000000000000016      -0.64405904419901838     
 -0.29999999999999993       0.30000000000000016      -0.73038863765983664     
 -0.19999999999999993       0.30000000000000016      -0.54677524193515470     
  -9.9999999999999978E-002  0.30000000000000016      -0.14670082070183851     
   2.7755575615628914E-017  0.30000000000000016       0.29967812887128825     
  0.10000000000000009       0.30000000000000016       0.63964622582598729     
  0.20000000000000009       0.30000000000000016       0.72488360425592846     
  0.30000000000000016       0.30000000000000016       0.54195924239660709     
  0.40000000000000013       0.30000000000000016       0.14103437873179445     
  0.50000000000000011       0.30000000000000016      -0.30469762066293837     
  0.60000000000000009       0.30000000000000016      -0.64514952660443559     
  0.70000000000000007       0.30000000000000016      -0.73024483749243208     
  0.80000000000000004       0.30000000000000016      -0.54732483920907926     
  0.90000000000000002       0.30000000000000016      -0.14693355294232668     
   1.0000000000000000       0.30000000000000016       0.29423509903676326     
  -1.0000000000000000       0.40000000000000013        7.9130849565218195E-002
 -0.90000000000000002       0.40000000000000013       0.16088254886663436     
 -0.80000000000000004       0.40000000000000013       0.18211018053438777     
 -0.69999999999999996       0.40000000000000013       0.13608737625718301     
 -0.59999999999999998       0.40000000000000013        3.5749690607913991E-002
 -0.49999999999999994       0.40000000000000013       -7.9528204316745593E-002
 -0.39999999999999991       0.40000000000000013      -0.16784017492951389     
 -0.29999999999999993       0.40000000000000013      -0.19021509075556414     
 -0.19999999999999993       0.40000000000000013      -0.14228865668503329     
  -9.9999999999999978E-002  0.40000000000000013       -3.8030616461500411E-002
   2.7755575615628914E-017  0.40000000000000013        7.8219621088540928E-002
  0.10000000000000009       0.40000000000000013       0.16669095501454423     
  0.20000000000000009       0.40000000000000013       0.18878090364960454     
  0.30000000000000016       0.40000000000000013       0.14103437873179445     
  0.40000000000000013       0.40000000000000013        3.6554511925381082E-002
  0.50000000000000011       0.40000000000000013       -7.9527212097179986E-002
  0.60000000000000009       0.40000000000000013      -0.16812513371832347     
  0.70000000000000007       0.40000000000000013      -0.19017765648638771     
  0.80000000000000004       0.40000000000000013      -0.14243245988991943     
  0.90000000000000002       0.40000000000000013       -3.8091267830403668E-002
   1.0000000000000000       0.40000000000000013        7.6799548217221278E-002
  -1.0000000000000000       0.50000000000000011      -0.17008570927768588     
 -0.90000000000000002       0.50000000000000011      -0.34672328405123987     
 -0.80000000000000004       0.50000000000000011      -0.39291800380921016     
 -0.69999999999999996       0.50000000000000011      -0.29401025371299272     
 -0.59999999999999998       0.50000000000000011       -7.7764750573747293E-002
 -0.49999999999999994       0.50000000000000011       0.17092849219190320     
 -0.39999999999999991       0.50000000000000011       0.36172085406110260     
 -0.29999999999999993       0.50000000000000011       0.41040202204044041     
 -0.19999999999999993       0.50000000000000011       0.30740363279433330     
  -9.9999999999999978E-002  0.50000000000000011        8.2710529424295798E-002
   2.7755575615628914E-017  0.50000000000000011      -0.16810810352188202     
  0.10000000000000009       0.50000000000000011      -0.35924129524694309     
  0.20000000000000009       0.50000000000000011      -0.40730958893741021     
  0.30000000000000016       0.50000000000000011      -0.30469762066293732     
  0.40000000000000013       0.50000000000000011       -7.9527212097179556E-002
  0.50000000000000011       0.50000000000000011       0.17092794794810065     
  0.60000000000000009       0.50000000000000011       0.36233204498193627     
  0.70000000000000007       0.50000000000000011       0.41032119637709313     
  0.80000000000000004       0.50000000000000011       0.30771137240289514     
  0.90000000000000002       0.50000000000000011        8.2841235005058883E-002
   1.0000000000000000       0.50000000000000011      -0.16505376946481240     
  -1.0000000000000000       0.60000000000000009      -0.36054208295466827     
 -0.90000000000000002       0.60000000000000009      -0.73453638896190099     
 -0.80000000000000004       0.60000000000000009      -0.83218891335889922     
 -0.69999999999999996       0.60000000000000009      -0.62252051969159627     
 -0.59999999999999998       0.60000000000000009      -0.16440458799953406     
 -0.49999999999999994       0.60000000000000009       0.36233395298973925     
 -0.39999999999999991       0.60000000000000009       0.76630747332737814     
 -0.29999999999999993       0.60000000000000009       0.86922097797078968     
 -0.19999999999999993       0.60000000000000009       0.65088087526696459     
  -9.9999999999999978E-002  0.60000000000000009       0.17486801796747439     
   2.7755575615628914E-017  0.60000000000000009      -0.35635903744864561     
  0.10000000000000009       0.60000000000000009      -0.76105584945902272     
  0.20000000000000009       0.60000000000000009      -0.86267037388054701     
  0.30000000000000016       0.60000000000000009      -0.64514952660443592     
  0.40000000000000013       0.60000000000000009      -0.16812513371832752     
  0.50000000000000011       0.60000000000000009       0.36233204498193555     
  0.60000000000000009       0.60000000000000009       0.76760367600475721     
  0.70000000000000007       0.60000000000000009       0.86904981904186873     
  0.80000000000000004       0.60000000000000009       0.65153385470820846     
  0.90000000000000002       0.60000000000000009       0.17514492184287611     
   1.0000000000000000       0.60000000000000009      -0.34988550862500034     
  -1.0000000000000000       0.70000000000000007      -0.40829200083031736     
 -0.90000000000000002       0.70000000000000007      -0.83161238069804655     
 -0.80000000000000004       0.70000000000000007      -0.94207099067834610     
 -0.69999999999999996       0.70000000000000007      -0.70463097661929308     
 -0.59999999999999998       0.70000000000000007      -0.18597164702123195     
 -0.49999999999999994       0.70000000000000007       0.41032371236438858     
 -0.39999999999999991       0.70000000000000007       0.86758165611859128     
 -0.29999999999999993       0.70000000000000007       0.98399343291594710     
 -0.19999999999999993       0.70000000000000007       0.73673299655049784     
  -9.9999999999999978E-002  0.70000000000000007       0.19781120499127658     
   2.7755575615628914E-017  0.70000000000000007      -0.40355920335118811     
  0.10000000000000009       0.70000000000000007      -0.86163661331179109     
  0.20000000000000009       0.70000000000000007      -0.97657745421808284     
  0.30000000000000016       0.70000000000000007      -0.73024483749243052     
  0.40000000000000013       0.70000000000000007      -0.19017765648638571     
  0.50000000000000011       0.70000000000000007       0.41032119637709347     
  0.60000000000000009       0.70000000000000007       0.86904981904187395     
  0.70000000000000007       0.70000000000000007       0.98379968714274779     
  0.80000000000000004       0.70000000000000007       0.73747275899110987     
  0.90000000000000002       0.70000000000000007       0.19812470573700036     
   1.0000000000000000       0.70000000000000007      -0.39622877175770932     
  -1.0000000000000000       0.80000000000000004      -0.30618773942372990     
 -0.90000000000000002       0.80000000000000004      -0.62346670191249909     
 -0.80000000000000004       0.80000000000000004      -0.70619165765130032     
 -0.69999999999999996       0.80000000000000004      -0.52812695438387436     
 -0.59999999999999998       0.80000000000000004      -0.13928461658439600     
 -0.49999999999999994       0.80000000000000004       0.30771356858933024     
 -0.39999999999999991       0.80000000000000004       0.65043259051413749     
 -0.29999999999999993       0.80000000000000004       0.73761798267134004     
 -0.19999999999999993       0.80000000000000004       0.55218850665365837     
  -9.9999999999999978E-002  0.80000000000000004       0.14815498316897482     
   2.7755575615628914E-017  0.80000000000000004      -0.30264220240259671     
  0.10000000000000009       0.80000000000000004      -0.64597609418217583     
  0.20000000000000009       0.80000000000000004      -0.73205846701863797     
  0.30000000000000016       0.80000000000000004      -0.54732483920907959     
  0.40000000000000013       0.80000000000000004      -0.14243245988991662     
  0.50000000000000011       0.80000000000000004       0.30771137240289576     
  0.60000000000000009       0.80000000000000004       0.65153385470820935     
  0.70000000000000007       0.80000000000000004       0.73747275899110953     
  0.80000000000000004       0.80000000000000004       0.55274353566174450     
  0.90000000000000002       0.80000000000000004       0.14839001848060751     
   1.0000000000000000       0.80000000000000004      -0.29714532874354305     
  -1.0000000000000000       0.90000000000000002       -8.2428490930778212E-002
 -0.90000000000000002       0.90000000000000002      -0.16759993442407109     
 -0.80000000000000004       0.90000000000000002      -0.18972015129483524     
 -0.69999999999999996       0.90000000000000002      -0.14177963302250737     
 -0.59999999999999998       0.90000000000000002       -3.7252450392536982E-002
 -0.49999999999999994       0.90000000000000002        8.2842246299868777E-002
 -0.39999999999999991       0.90000000000000002       0.17484810620428970     
 -0.29999999999999993       0.90000000000000002       0.19816370511756123     
 -0.19999999999999993       0.90000000000000002       0.14824024155427828     
  -9.9999999999999978E-002  0.90000000000000002        3.9629034381840268E-002
   2.7755575615628914E-017  0.90000000000000002       -8.1479022284829630E-002
  0.10000000000000009       0.90000000000000002      -0.17365086272649058     
  0.20000000000000009       0.90000000000000002      -0.19666961384481368     
  0.30000000000000016       0.90000000000000002      -0.14693355294232643     
  0.40000000000000013       0.90000000000000002       -3.8091267830401843E-002
  0.50000000000000011       0.90000000000000002        8.2841235005058828E-002
  0.60000000000000009       0.90000000000000002       0.17514492184287198     
  0.70000000000000007       0.90000000000000002       0.19812470573700039     
  0.80000000000000004       0.90000000000000002       0.14839001848060465     
  0.90000000000000002       0.90000000000000002        3.9692218063394111E-002
   1.0000000000000000       0.90000000000000002       -7.9999742336226948E-002
  -1.0000000000000000        1.0000000000000000       0.16424052982405565     
 -0.90000000000000002        1.0000000000000000       0.33481292703712562     
 -0.80000000000000004        1.0000000000000000       0.37942330586735845     
 -0.69999999999999996        1.0000000000000000       0.28391471053107653     
 -0.59999999999999998        1.0000000000000000        7.5097472579774116E-002
 -0.49999999999999994        1.0000000000000000      -0.16505428607702138     
 -0.39999999999999991        1.0000000000000000      -0.34929532928285856     
 -0.29999999999999993        1.0000000000000000      -0.39630682180471605     
 -0.19999999999999993        1.0000000000000000      -0.29684817256400109     
  -9.9999999999999978E-002   1.0000000000000000       -7.9873526681762522E-002
   2.7755575615628914E-017   1.0000000000000000       0.16233077989065456     
  0.10000000000000009        1.0000000000000000       0.34690093035888936     
  0.20000000000000009        1.0000000000000000       0.39332060864425256     
  0.30000000000000016        1.0000000000000000       0.29423509903676343     
  0.40000000000000013        1.0000000000000000        7.6799548217217337E-002
  0.50000000000000011        1.0000000000000000      -0.16505376946481179     
  0.60000000000000009        1.0000000000000000      -0.34988550862501644     
  0.70000000000000007        1.0000000000000000      -0.39622877175770765     
  0.80000000000000004        1.0000000000000000      -0.29714532874354355     
  0.90000000000000002        1.0000000000000000       -7.9999742336229446E-002
   1.0000000000000000        1.0000000000000000       0.15938140010764837     
