  -1.0000000000000000       -1.0000000000000000       0.69032000617980327     
 -0.90000000000000002       -1.0000000000000000       0.29551310573665834     
 -0.80000000000000004       -1.0000000000000000      -0.21047640891351380     
 -0.69999999999999996       -1.0000000000000000      -0.63984012271772317     
 -0.59999999999999998       -1.0000000000000000      -0.82896409060466780     
 -0.49999999999999994       -1.0000000000000000      -0.70112333946084449     
 -0.39999999999999991       -1.0000000000000000      -0.30579277087474066     
 -0.29999999999999993       -1.0000000000000000       0.20653202175906210     
 -0.19999999999999993       -1.0000000000000000       0.63967006249491420     
  -9.9999999999999978E-002  -1.0000000000000000       0.82869266137019171     
   2.7755575615628914E-017  -1.0000000000000000       0.70052133984217491     
  0.10000000000000009       -1.0000000000000000       0.30553855032295058     
  0.20000000000000009       -1.0000000000000000      -0.20779493100485219     
  0.30000000000000016       -1.0000000000000000      -0.64000183860443083     
  0.40000000000000013       -1.0000000000000000      -0.83090624521239675     
  0.50000000000000011       -1.0000000000000000      -0.70125370114272678     
  0.60000000000000009       -1.0000000000000000      -0.30849296414768790     
  0.70000000000000007       -1.0000000000000000       0.20645872332011331     
  0.80000000000000004       -1.0000000000000000       0.63680906657413783     
  0.90000000000000002       -1.0000000000000000       0.82811871825606909     
   1.0000000000000000       -1.0000000000000000       0.68753413897177451     
  -1.0000000000000000      -0.90000000000000002       0.29551310573665679     
 -0.90000000000000002      -0.90000000000000002       0.12646577436874759     
 -0.80000000000000004      -0.90000000000000002       -9.0164673028184122E-002
 -0.69999999999999996      -0.90000000000000002      -0.27396687878451298     
 -0.59999999999999998      -0.90000000000000002      -0.35490309936951170     
 -0.49999999999999994      -0.90000000000000002      -0.30013745355624361     
 -0.39999999999999991      -0.90000000000000002      -0.13086451989660622     
 -0.29999999999999993      -0.90000000000000002        8.8476013506352938E-002
 -0.19999999999999993      -0.90000000000000002       0.27389425531597433     
  -9.9999999999999978E-002 -0.90000000000000002       0.35478679054954726     
   2.7755575615628914E-017 -0.90000000000000002       0.29988004107777616     
  0.10000000000000009      -0.90000000000000002       0.13075594163052007     
  0.20000000000000009      -0.90000000000000002       -8.9016196129332203E-002
  0.30000000000000016      -0.90000000000000002      -0.27403611209004114     
  0.40000000000000013      -0.90000000000000002      -0.35573400435752067     
  0.50000000000000011      -0.90000000000000002      -0.30019332280628003     
  0.60000000000000009      -0.90000000000000002      -0.13202060576228641     
  0.70000000000000007      -0.90000000000000002        8.8444559937173164E-002
  0.80000000000000004      -0.90000000000000002       0.27266924542784055     
  0.90000000000000002      -0.90000000000000002       0.35454108156233421     
   1.0000000000000000      -0.90000000000000002       0.29432021677580972     
  -1.0000000000000000      -0.80000000000000004      -0.21047640891351763     
 -0.90000000000000002      -0.80000000000000004       -9.0164673028183109E-002
 -0.80000000000000004      -0.80000000000000004        6.4066607524834632E-002
 -0.69999999999999996      -0.80000000000000004       0.19497890441302806     
 -0.59999999999999998      -0.80000000000000004       0.25268291896976147     
 -0.49999999999999994      -0.80000000000000004       0.21377091223694486     
 -0.39999999999999991      -0.80000000000000004        9.3301914769016669E-002
 -0.29999999999999993      -0.80000000000000004       -6.2864213274979430E-002
 -0.19999999999999993      -0.80000000000000004      -0.19492675751945440     
  -9.9999999999999978E-002 -0.80000000000000004      -0.25260035440080947     
   2.7755575615628914E-017 -0.80000000000000004      -0.21358687308975433     
  0.10000000000000009      -0.80000000000000004       -9.3223985510111809E-002
  0.20000000000000009      -0.80000000000000004        6.3250018748235284E-002
  0.30000000000000016      -0.80000000000000004       0.19502820140927216     
  0.40000000000000013      -0.80000000000000004       0.25327590809015577     
  0.50000000000000011      -0.80000000000000004       0.21381055178583891     
  0.60000000000000009      -0.80000000000000004        9.4124886738011115E-002
  0.70000000000000007      -0.80000000000000004       -6.2841992347782177E-002
  0.80000000000000004      -0.80000000000000004      -0.19405490425323160     
  0.90000000000000002      -0.80000000000000004      -0.25242538557689265     
   1.0000000000000000      -0.80000000000000004      -0.20962752984756111     
  -1.0000000000000000      -0.69999999999999996      -0.63984012271771984     
 -0.90000000000000002      -0.69999999999999996      -0.27396687878451231     
 -0.80000000000000004      -0.69999999999999996       0.19497890441302523     
 -0.69999999999999996      -0.69999999999999996       0.59294589247799578     
 -0.59999999999999998      -0.69999999999999996       0.76828056990654703     
 -0.49999999999999994      -0.69999999999999996       0.64985405582628974     
 -0.39999999999999991      -0.69999999999999996       0.28349782586785016     
 -0.29999999999999993      -0.69999999999999996      -0.19132318752880464     
 -0.19999999999999993      -0.69999999999999996      -0.59278797369479730     
  -9.9999999999999978E-002 -0.69999999999999996      -0.76802918119428620     
   2.7755575615628914E-017 -0.69999999999999996      -0.64929558925067032     
  0.10000000000000009      -0.69999999999999996      -0.28326177958564963     
  0.20000000000000009      -0.69999999999999996       0.19249448999300328     
  0.30000000000000016      -0.69999999999999996       0.59309577322239093     
  0.40000000000000013      -0.69999999999999996       0.77008153103608956     
  0.50000000000000011      -0.69999999999999996       0.64997477809209081     
  0.60000000000000009      -0.69999999999999996       0.28600025995480222     
  0.70000000000000007      -0.69999999999999996      -0.19125537583046079     
  0.80000000000000004      -0.69999999999999996      -0.59013664174463920     
  0.90000000000000002      -0.69999999999999996      -0.76749723235099709     
   1.0000000000000000      -0.69999999999999996      -0.63725849297257031     
  -1.0000000000000000      -0.59999999999999998      -0.82896409060465770     
 -0.90000000000000002      -0.59999999999999998      -0.35490309936950787     
 -0.80000000000000004      -0.59999999999999998       0.25268291896978040     
 -0.69999999999999996      -0.59999999999999998       0.76828056990655047     
 -0.59999999999999998      -0.59999999999999998       0.99541322855060210     
 -0.49999999999999994      -0.59999999999999998       0.84193753732887711     
 -0.39999999999999991      -0.59999999999999998       0.36724917858805572     
 -0.29999999999999993      -0.59999999999999998      -0.24794648532203997     
 -0.19999999999999993      -0.59999999999999998      -0.76807617312336895     
  -9.9999999999999978E-002 -0.59999999999999998      -0.99508740395697903     
   2.7755575615628914E-017 -0.59999999999999998      -0.84121433049620231     
  0.10000000000000009      -0.59999999999999998      -0.36694364372472532     
  0.20000000000000009      -0.59999999999999998       0.24946349677311189     
  0.30000000000000016      -0.59999999999999998       0.76847475892809669     
  0.40000000000000013      -0.59999999999999998       0.99774595664545840     
  0.50000000000000011      -0.59999999999999998       0.84209401505027848     
  0.60000000000000009      -0.59999999999999998       0.37049149026643829     
  0.70000000000000007      -0.59999999999999998      -0.24785854384109912     
  0.80000000000000004      -0.59999999999999998      -0.76464085326999398     
  0.90000000000000002      -0.59999999999999998      -0.99439820504362664     
   1.0000000000000000      -0.59999999999999998      -0.82561902991323410     
  -1.0000000000000000      -0.49999999999999994      -0.70112333946084504     
 -0.90000000000000002      -0.49999999999999994      -0.30013745355624477     
 -0.80000000000000004      -0.49999999999999994       0.21377091223694528     
 -0.69999999999999996      -0.49999999999999994       0.64985405582629241     
 -0.59999999999999998      -0.49999999999999994       0.84193753732887455     
 -0.49999999999999994      -0.49999999999999994       0.71209573881082511     
 -0.39999999999999991      -0.49999999999999994       0.31057797598759351     
 -0.29999999999999993      -0.49999999999999994      -0.20976479509984494     
 -0.19999999999999993      -0.49999999999999994      -0.64968133587362475     
  -9.9999999999999978E-002 -0.49999999999999994      -0.84166185919171987     
   2.7755575615628914E-017 -0.49999999999999994      -0.71148432081409629     
  0.10000000000000009      -0.49999999999999994      -0.31031977929268434     
  0.20000000000000009      -0.49999999999999994       0.21104746434847135     
  0.30000000000000016      -0.49999999999999994       0.65001830257965409     
  0.40000000000000013      -0.49999999999999994       0.84391008148030788     
  0.50000000000000011      -0.49999999999999994       0.71222814122197353     
  0.60000000000000009      -0.49999999999999994       0.31332042833966101     
  0.70000000000000007      -0.49999999999999994      -0.20969034884149612     
  0.80000000000000004      -0.49999999999999994      -0.64677556352404120     
  0.90000000000000002      -0.49999999999999994      -0.84107893387519184     
   1.0000000000000000      -0.49999999999999994      -0.69829387120695463     
  -1.0000000000000000      -0.39999999999999991      -0.30579277087473211     
 -0.90000000000000002      -0.39999999999999991      -0.13086451989660333     
 -0.80000000000000004      -0.39999999999999991        9.3301914769018682E-002
 -0.69999999999999996      -0.39999999999999991       0.28349782586784816     
 -0.59999999999999998      -0.39999999999999991       0.36724917858805439     
 -0.49999999999999994      -0.39999999999999991       0.31057797598759251     
 -0.39999999999999991      -0.39999999999999991       0.13541625721326828     
 -0.29999999999999993      -0.39999999999999991       -9.1554512098837318E-002
 -0.19999999999999993      -0.39999999999999991      -0.28342267832179402     
  -9.9999999999999978E-002 -0.39999999999999991      -0.36712882243368961     
   2.7755575615628914E-017 -0.39999999999999991      -0.31031161283492453     
  0.10000000000000009      -0.39999999999999991      -0.13530390504847742     
  0.20000000000000009      -0.39999999999999991        9.2113479889144020E-002
  0.30000000000000016      -0.39999999999999991       0.28356946758177193     
  0.40000000000000013      -0.39999999999999991       0.36810898113630458     
  0.50000000000000011      -0.39999999999999991       0.31063578948709175     
  0.60000000000000009      -0.39999999999999991       0.13661256075216130     
  0.70000000000000007      -0.39999999999999991       -9.1521963449376867E-002
  0.80000000000000004      -0.39999999999999991      -0.28215505209533237     
  0.90000000000000002      -0.39999999999999991      -0.36687456607666385     
   1.0000000000000000      -0.39999999999999991      -0.30455838243781413     
  -1.0000000000000000      -0.29999999999999993       0.20653202175906255     
 -0.90000000000000002      -0.29999999999999993        8.8476013506352424E-002
 -0.80000000000000004      -0.29999999999999993       -6.2864213274980194E-002
 -0.69999999999999996      -0.29999999999999993      -0.19132318752880428     
 -0.59999999999999998      -0.29999999999999993      -0.24794648532204028     
 -0.49999999999999994      -0.29999999999999993      -0.20976479509984403     
 -0.39999999999999991      -0.29999999999999993       -9.1554512098837304E-002
 -0.29999999999999993      -0.29999999999999993        6.1684356154677066E-002
 -0.19999999999999993      -0.29999999999999993       0.19127201299521729     
  -9.9999999999999978E-002 -0.29999999999999993       0.24786547121898936     
   2.7755575615628914E-017 -0.29999999999999993       0.20958419678170098     
  0.10000000000000009      -0.29999999999999993        9.1478036342432220E-002
  0.20000000000000009      -0.29999999999999993       -6.2062943888920537E-002
  0.30000000000000016      -0.29999999999999993      -0.19137156052542156     
  0.40000000000000013      -0.29999999999999993      -0.24852837540505895     
  0.50000000000000011      -0.29999999999999993      -0.20980369001851493     
  0.60000000000000009      -0.29999999999999993       -9.2362056247411825E-002
  0.70000000000000007      -0.29999999999999993        6.1662553760612221E-002
  0.80000000000000004      -0.29999999999999993       0.19041650602391177     
  0.90000000000000002      -0.29999999999999993       0.24769378176739737     
   1.0000000000000000      -0.29999999999999993       0.20569905957576673     
  -1.0000000000000000      -0.19999999999999993       0.63967006249490510     
 -0.90000000000000002      -0.19999999999999993       0.27389425531597233     
 -0.80000000000000004      -0.19999999999999993      -0.19492675751946884     
 -0.69999999999999996      -0.19999999999999993      -0.59278797369480041     
 -0.59999999999999998      -0.19999999999999993      -0.76807617312337517     
 -0.49999999999999994      -0.19999999999999993      -0.64968133587362753     
 -0.39999999999999991      -0.19999999999999993      -0.28342267832180268     
 -0.29999999999999993      -0.19999999999999993       0.19127201299521718     
 -0.19999999999999993      -0.19999999999999993       0.59263009599046601     
  -9.9999999999999978E-002 -0.19999999999999993       0.76782485180299576     
   2.7755575615628914E-017 -0.19999999999999993       0.64912301624319790     
  0.10000000000000009      -0.19999999999999993       0.28318669350709930     
  0.20000000000000009      -0.19999999999999993      -0.19244300641067102     
  0.30000000000000016      -0.19999999999999993      -0.59293781457360073     
  0.40000000000000013      -0.19999999999999993      -0.76987665810096884     
  0.50000000000000011      -0.19999999999999993      -0.64980202572747892     
  0.60000000000000009      -0.19999999999999993      -0.28592444636581044     
  0.70000000000000007      -0.19999999999999993       0.19120421970622062     
  0.80000000000000004      -0.19999999999999993       0.58997947010126350     
  0.90000000000000002      -0.19999999999999993       0.76729304441885793     
   1.0000000000000000      -0.19999999999999993       0.63708912049981570     
  -1.0000000000000000       -9.9999999999999978E-002  0.82869266137019193     
 -0.90000000000000002       -9.9999999999999978E-002  0.35478679054954798     
 -0.80000000000000004       -9.9999999999999978E-002 -0.25260035440080969     
 -0.69999999999999996       -9.9999999999999978E-002 -0.76802918119428676     
 -0.59999999999999998       -9.9999999999999978E-002 -0.99508740395697881     
 -0.49999999999999994       -9.9999999999999978E-002 -0.84166185919171765     
 -0.39999999999999991       -9.9999999999999978E-002 -0.36712882243369177     
 -0.29999999999999993       -9.9999999999999978E-002  0.24786547121899086     
 -0.19999999999999993       -9.9999999999999978E-002  0.76782485180299476     
  -9.9999999999999978E-002  -9.9999999999999978E-002  0.99476168576287549     
   2.7755575615628914E-017  -9.9999999999999978E-002  0.84093888994335764     
  0.10000000000000009       -9.9999999999999978E-002  0.36682338829036937     
  0.20000000000000009       -9.9999999999999978E-002 -0.24938198475583515     
  0.30000000000000016       -9.9999999999999978E-002 -0.76822330664809257     
  0.40000000000000013       -9.9999999999999978E-002 -0.99741936691955113     
  0.50000000000000011       -9.9999999999999978E-002 -0.84181828585076157     
  0.60000000000000009       -9.9999999999999978E-002 -0.37037007296411073     
  0.70000000000000007       -9.9999999999999978E-002  0.24777755832964538     
  0.80000000000000004       -9.9999999999999978E-002  0.76439065606455148     
  0.90000000000000002       -9.9999999999999978E-002  0.99407271247515427     
   1.0000000000000000       -9.9999999999999978E-002  0.82534869510612396     
  -1.0000000000000000        2.7755575615628914E-017  0.70052133984215692     
 -0.90000000000000002        2.7755575615628914E-017  0.29988004107777461     
 -0.80000000000000004        2.7755575615628914E-017 -0.21358687308976312     
 -0.69999999999999996        2.7755575615628914E-017 -0.64929558925067343     
 -0.59999999999999998        2.7755575615628914E-017 -0.84121433049620065     
 -0.49999999999999994        2.7755575615628914E-017 -0.71148432081410162     
 -0.39999999999999991        2.7755575615628914E-017 -0.31031161283493058     
 -0.29999999999999993        2.7755575615628914E-017  0.20958419678170243     
 -0.19999999999999993        2.7755575615628914E-017  0.64912301624318880     
  -9.9999999999999978E-002   2.7755575615628914E-017  0.84093888994336075     
   2.7755575615628914E-017   2.7755575615628914E-017  0.71087342554135347     
  0.10000000000000009        2.7755575615628914E-017  0.31005363591320989     
  0.20000000000000009        2.7755575615628914E-017 -0.21086576813485874     
  0.30000000000000016        2.7755575615628914E-017 -0.64945969493377442     
  0.40000000000000013        2.7755575615628914E-017 -0.84318518479346372     
  0.50000000000000011        2.7755575615628914E-017 -0.71161660904910107     
  0.60000000000000009        2.7755575615628914E-017 -0.31305170904476026     
  0.70000000000000007        2.7755575615628914E-017  0.20950981502922089     
  0.80000000000000004        2.7755575615628914E-017  0.64621974093861523     
  0.90000000000000002        2.7755575615628914E-017  0.84035646525221241     
   1.0000000000000000        2.7755575615628914E-017  0.69769430343344085     
  -1.0000000000000000       0.10000000000000009       0.30553855032295046     
 -0.90000000000000002       0.10000000000000009       0.13075594163052071     
 -0.80000000000000004       0.10000000000000009       -9.3223985510111726E-002
 -0.69999999999999996       0.10000000000000009      -0.28326177958564985     
 -0.59999999999999998       0.10000000000000009      -0.36694364372472454     
 -0.49999999999999994       0.10000000000000009      -0.31031977929268367     
 -0.39999999999999991       0.10000000000000009      -0.13530390504847800     
 -0.29999999999999993       0.10000000000000009        9.1478036342432817E-002
 -0.19999999999999993       0.10000000000000009       0.28318669350709974     
  -9.9999999999999978E-002  0.10000000000000009       0.36682338829036931     
   2.7755575615628914E-017  0.10000000000000009       0.31005363591320845     
  0.10000000000000009       0.10000000000000009       0.13519164487088420     
  0.20000000000000009       0.10000000000000009       -9.2036541974631195E-002
  0.30000000000000016       0.10000000000000009      -0.28333336170762052     
  0.40000000000000013       0.10000000000000009      -0.36780273430273991     
  0.50000000000000011       0.10000000000000009      -0.31037754436530884     
  0.60000000000000009       0.10000000000000009      -0.13649921299323095     
  0.70000000000000007       0.10000000000000009        9.1445515185155313E-002
  0.80000000000000004       0.10000000000000009       0.28192012266829275     
  0.90000000000000002       0.10000000000000009       0.36656934339255837     
   1.0000000000000000       0.10000000000000009       0.30430518986494298     
  -1.0000000000000000       0.20000000000000009      -0.20779493100485652     
 -0.90000000000000002       0.20000000000000009       -8.9016196129330719E-002
 -0.80000000000000004       0.20000000000000009        6.3250018748243791E-002
 -0.69999999999999996       0.20000000000000009       0.19249448999300342     
 -0.59999999999999998       0.20000000000000009       0.24946349677310473     
 -0.49999999999999994       0.20000000000000009       0.21104746434847033     
 -0.39999999999999991       0.20000000000000009        9.2113479889144811E-002
 -0.29999999999999993       0.20000000000000009       -6.2062943888918393E-002
 -0.19999999999999993       0.20000000000000009      -0.19244300641066786     
  -9.9999999999999978E-002  0.20000000000000009      -0.24938198475583287     
   2.7755575615628914E-017  0.20000000000000009      -0.21086576813485941     
  0.10000000000000009       0.20000000000000009       -9.2036541974630931E-002
  0.20000000000000009       0.20000000000000009        6.2443836824973953E-002
  0.30000000000000016       0.20000000000000009       0.19254315890927920     
  0.40000000000000013       0.20000000000000009       0.25004893412190599     
  0.50000000000000011       0.20000000000000009       0.21108659850889730     
  0.60000000000000009       0.20000000000000009        9.2925966075451061E-002
  0.70000000000000007       0.20000000000000009       -6.2041006506941554E-002
  0.80000000000000004       0.20000000000000009      -0.19158226219412228     
  0.90000000000000002       0.20000000000000009      -0.24920924512883541     
   1.0000000000000000       0.20000000000000009      -0.20695686854149350     
  -1.0000000000000000       0.30000000000000016      -0.64000183860442739     
 -0.90000000000000002       0.30000000000000016      -0.27403611209004075     
 -0.80000000000000004       0.30000000000000016       0.19502820140927224     
 -0.69999999999999996       0.30000000000000016       0.59309577322239027     
 -0.59999999999999998       0.30000000000000016       0.76847475892809691     
 -0.49999999999999994       0.30000000000000016       0.65001830257965287     
 -0.39999999999999991       0.30000000000000016       0.28356946758177354     
 -0.29999999999999993       0.30000000000000016      -0.19137156052542145     
 -0.19999999999999993       0.30000000000000016      -0.59293781457360106     
  -9.9999999999999978E-002  0.30000000000000016      -0.76822330664809291     
   2.7755575615628914E-017  0.30000000000000016      -0.64945969493377509     
  0.10000000000000009       0.30000000000000016      -0.28333336170762025     
  0.20000000000000009       0.30000000000000016       0.19254315890928028     
  0.30000000000000016       0.30000000000000016       0.59324569184984166     
  0.40000000000000013       0.30000000000000016       0.77027617510651691     
  0.50000000000000011       0.30000000000000016       0.65013905537458505     
  0.60000000000000009       0.30000000000000016       0.28607253419395989     
  0.70000000000000007       0.30000000000000016      -0.19130373166757894     
  0.80000000000000004       0.30000000000000016      -0.59028581244162692     
  0.90000000000000002       0.30000000000000016      -0.76769122335384321     
   1.0000000000000000       0.30000000000000016      -0.63741955628295732     
  -1.0000000000000000       0.40000000000000013      -0.83090624521236722     
 -0.90000000000000002       0.40000000000000013      -0.35573400435751590     
 -0.80000000000000004       0.40000000000000013       0.25327590809017314     
 -0.69999999999999996       0.40000000000000013       0.77008153103609189     
 -0.59999999999999998       0.40000000000000013       0.99774595664546828     
 -0.49999999999999994       0.40000000000000013       0.84391008148031010     
 -0.39999999999999991       0.40000000000000013       0.36810898113631935     
 -0.29999999999999993       0.40000000000000013      -0.24852837540505851     
 -0.19999999999999993       0.40000000000000013      -0.76987665810096273     
  -9.9999999999999978E-002  0.40000000000000013      -0.99741936691954958     
   2.7755575615628914E-017  0.40000000000000013      -0.84318518479347515     
  0.10000000000000009       0.40000000000000013      -0.36780273430274002     
  0.20000000000000009       0.40000000000000013       0.25004893412190560     
  0.30000000000000016       0.40000000000000013       0.77027617510651492     
  0.40000000000000013       0.40000000000000013        1.0000841423554523     
  0.50000000000000011       0.40000000000000013       0.84406692679826589     
  0.60000000000000009       0.40000000000000013       0.37135889196656940     
  0.70000000000000007       0.40000000000000013      -0.24844022671424262     
  0.80000000000000004       0.40000000000000013      -0.76643328555227208     
  0.90000000000000002       0.40000000000000013      -0.99672855307584640     
   1.0000000000000000       0.40000000000000013      -0.82755334265273806     
  -1.0000000000000000       0.50000000000000011      -0.70125370114272623     
 -0.90000000000000002       0.50000000000000011      -0.30019332280628025     
 -0.80000000000000004       0.50000000000000011       0.21381055178583946     
 -0.69999999999999996       0.50000000000000011       0.64997477809209225     
 -0.59999999999999998       0.50000000000000011       0.84209401505028081     
 -0.49999999999999994       0.50000000000000011       0.71222814122197209     
 -0.39999999999999991       0.50000000000000011       0.31063578948709347     
 -0.29999999999999993       0.50000000000000011      -0.20980369001851643     
 -0.19999999999999993       0.50000000000000011      -0.64980202572748103     
  -9.9999999999999978E-002  0.50000000000000011      -0.84181828585076257     
   2.7755575615628914E-017  0.50000000000000011      -0.71161660904910062     
  0.10000000000000009       0.50000000000000011      -0.31037754436530873     
  0.20000000000000009       0.50000000000000011       0.21108659850890002     
  0.30000000000000016       0.50000000000000011       0.65013905537458605     
  0.40000000000000013       0.50000000000000011       0.84406692679827089     
  0.50000000000000011       0.50000000000000011       0.71236056814331783     
  0.60000000000000009       0.50000000000000011       0.31337875144032146     
  0.70000000000000007       0.50000000000000011      -0.20972923004631086     
  0.80000000000000004       0.50000000000000011      -0.64689571355797182     
  0.90000000000000002       0.50000000000000011      -0.84123525217413320     
   1.0000000000000000       0.50000000000000011      -0.69842370732330683     
  -1.0000000000000000       0.60000000000000009      -0.30849296414767480     
 -0.90000000000000002       0.60000000000000009      -0.13202060576228430     
 -0.80000000000000004       0.60000000000000009        9.4124886738026547E-002
 -0.69999999999999996       0.60000000000000009       0.28600025995480255     
 -0.59999999999999998       0.60000000000000009       0.37049149026646161     
 -0.49999999999999994       0.60000000000000009       0.31332042833966334     
 -0.39999999999999991       0.60000000000000009       0.13661256075215841     
 -0.29999999999999993       0.60000000000000009       -9.2362056247413629E-002
 -0.19999999999999993       0.60000000000000009      -0.28592444636582953     
  -9.9999999999999978E-002  0.60000000000000009      -0.37037007296411156     
   2.7755575615628914E-017  0.60000000000000009      -0.31305170904476448     
  0.10000000000000009       0.60000000000000009      -0.13649921299323070     
  0.20000000000000009       0.60000000000000009        9.2925966075469157E-002
  0.30000000000000016       0.60000000000000009       0.28607253419395939     
  0.40000000000000013       0.60000000000000009       0.37135889196658345     
  0.50000000000000011       0.60000000000000009       0.31337875144032168     
  0.60000000000000009       0.60000000000000009       0.13781942523529361     
  0.70000000000000007       0.60000000000000009       -9.2329221257676328E-002
  0.80000000000000004       0.60000000000000009      -0.28464563063569531     
  0.90000000000000002       0.60000000000000009      -0.37011357169430331     
   1.0000000000000000       0.60000000000000009      -0.30724768027687693     
  -1.0000000000000000       0.70000000000000007       0.20645872332011220     
 -0.90000000000000002       0.70000000000000007        8.8444559937172498E-002
 -0.80000000000000004       0.70000000000000007       -6.2841992347780928E-002
 -0.69999999999999996       0.70000000000000007      -0.19125537583046059     
 -0.59999999999999998       0.70000000000000007      -0.24785854384110018     
 -0.49999999999999994       0.70000000000000007      -0.20969034884149501     
 -0.39999999999999991       0.70000000000000007       -9.1521963449378241E-002
 -0.29999999999999993       0.70000000000000007        6.1662553760612096E-002
 -0.19999999999999993       0.70000000000000007       0.19120421970621956     
  -9.9999999999999978E-002  0.70000000000000007       0.24777755832964510     
   2.7755575615628914E-017  0.70000000000000007       0.20950981502922211     
  0.10000000000000009       0.70000000000000007        9.1445515185154938E-002
  0.20000000000000009       0.70000000000000007       -6.2041006506940832E-002
  0.30000000000000016       0.70000000000000007      -0.19130373166757847     
  0.40000000000000013       0.70000000000000007      -0.24844022671424415     
  0.50000000000000011       0.70000000000000007      -0.20972923004631031     
  0.60000000000000009       0.70000000000000007       -9.2329221257677452E-002
  0.70000000000000007       0.70000000000000007        6.1640758997479742E-002
  0.80000000000000004       0.70000000000000007       0.19034901597453543     
  0.90000000000000002       0.70000000000000007       0.24760592979015300     
   1.0000000000000000       0.70000000000000007       0.20562605631689909     
  -1.0000000000000000       0.80000000000000004       0.63680906657413772     
 -0.90000000000000002       0.80000000000000004       0.27266924542783938     
 -0.80000000000000004       0.80000000000000004      -0.19405490425325145     
 -0.69999999999999996       0.80000000000000004      -0.59013664174464442     
 -0.59999999999999998       0.80000000000000004      -0.76464085327001119     
 -0.49999999999999994       0.80000000000000004      -0.64677556352404497     
 -0.39999999999999991       0.80000000000000004      -0.28215505209534419     
 -0.29999999999999993       0.80000000000000004       0.19041650602391236     
 -0.19999999999999993       0.80000000000000004       0.58997947010127216     
  -9.9999999999999978E-002  0.80000000000000004       0.76439065606455525     
   2.7755575615628914E-017  0.80000000000000004       0.64621974093863377     
  0.10000000000000009       0.80000000000000004       0.28192012266829436     
  0.20000000000000009       0.80000000000000004      -0.19158226219412602     
  0.30000000000000016       0.80000000000000004      -0.59028581244162837     
  0.40000000000000013       0.80000000000000004      -0.76643328555227974     
  0.50000000000000011       0.80000000000000004      -0.64689571355797149     
  0.60000000000000009       0.80000000000000004      -0.28464563063568321     
  0.70000000000000007       0.80000000000000004       0.19034901597453549     
  0.80000000000000004       0.80000000000000004       0.58734069953183787     
  0.90000000000000002       0.80000000000000004       0.76386122725315364     
   1.0000000000000000       0.80000000000000004       0.63423966823023437     
  -1.0000000000000000       0.90000000000000002       0.82811871825606764     
 -0.90000000000000002       0.90000000000000002       0.35454108156233471     
 -0.80000000000000004       0.90000000000000002      -0.25242538557688948     
 -0.69999999999999996       0.90000000000000002      -0.76749723235099665     
 -0.59999999999999998       0.90000000000000002      -0.99439820504362542     
 -0.49999999999999994       0.90000000000000002      -0.84107893387518951     
 -0.39999999999999991       0.90000000000000002      -0.36687456607666913     
 -0.29999999999999993       0.90000000000000002       0.24769378176739776     
 -0.19999999999999993       0.90000000000000002       0.76729304441885093     
  -9.9999999999999978E-002  0.90000000000000002       0.99407271247515339     
   2.7755575615628914E-017  0.90000000000000002       0.84035646525221031     
  0.10000000000000009       0.90000000000000002       0.36656934339255842     
  0.20000000000000009       0.90000000000000002      -0.24920924512883325     
  0.30000000000000016       0.90000000000000002      -0.76769122335384266     
  0.40000000000000013       0.90000000000000002      -0.99672855307584574     
  0.50000000000000011       0.90000000000000002      -0.84123525217413209     
  0.60000000000000009       0.90000000000000002      -0.37011357169430592     
  0.70000000000000007       0.90000000000000002       0.24760592979015289     
  0.80000000000000004       0.90000000000000002       0.76386122725314531     
  0.90000000000000002       0.90000000000000002       0.99338421636726892     
   1.0000000000000000       0.90000000000000002       0.82477706808641105     
  -1.0000000000000000        1.0000000000000000       0.68753413897173010     
 -0.90000000000000002        1.0000000000000000       0.29432021677580533     
 -0.80000000000000004        1.0000000000000000      -0.20962752984756688     
 -0.69999999999999996        1.0000000000000000      -0.63725849297256976     
 -0.59999999999999998        1.0000000000000000      -0.82561902991322789     
 -0.49999999999999994        1.0000000000000000      -0.69829387120695796     
 -0.39999999999999991        1.0000000000000000      -0.30455838243782013     
 -0.29999999999999993        1.0000000000000000       0.20569905957576615     
 -0.19999999999999993        1.0000000000000000       0.63708912049979860     
  -9.9999999999999978E-002   1.0000000000000000       0.82534869510612308     
   2.7755575615628914E-017   1.0000000000000000       0.69769430343343553     
  0.10000000000000009        1.0000000000000000       0.30430518986494259     
  0.20000000000000009        1.0000000000000000      -0.20695686854149162     
  0.30000000000000016        1.0000000000000000      -0.63741955628295588     
  0.40000000000000013        1.0000000000000000      -0.82755334265271452     
  0.50000000000000011        1.0000000000000000      -0.69842370732330250     
  0.60000000000000009        1.0000000000000000      -0.30724768027686411     
  0.70000000000000007        1.0000000000000000       0.20562605631689701     
  0.80000000000000004        1.0000000000000000       0.63423966823020517     
  0.90000000000000002        1.0000000000000000       0.82477706808640994     
   1.0000000000000000        1.0000000000000000       0.68475951190436812     
