  -1.0000000000000000       -1.0000000000000000       0.13404628026785959     
 -0.90000000000000002       -1.0000000000000000       0.29793970479219800     
 -0.80000000000000004       -1.0000000000000000       0.34960330470500350     
 -0.69999999999999996       -1.0000000000000000       0.27206929116723783     
 -0.59999999999999998       -1.0000000000000000        8.6107820187243542E-002
 -0.49999999999999994       -1.0000000000000000      -0.13438403217971753     
 -0.39999999999999991       -1.0000000000000000      -0.31091673201821823     
 -0.29999999999999993       -1.0000000000000000      -0.36509389740827891     
 -0.19999999999999993       -1.0000000000000000      -0.28435865152070017     
  -9.9999999999999978E-002  -1.0000000000000000       -9.1194994806780422E-002
   2.7755575615628914E-017  -1.0000000000000000       0.13194794922043410     
  0.10000000000000009       -1.0000000000000000       0.30870058296848468     
  0.20000000000000009       -1.0000000000000000       0.36240812409236539     
  0.30000000000000016       -1.0000000000000000       0.28195963724403594     
  0.40000000000000013       -1.0000000000000000        8.8420808147804647E-002
  0.50000000000000011       -1.0000000000000000      -0.13442719432923375     
  0.60000000000000009       -1.0000000000000000      -0.31135970638399330     
  0.70000000000000007       -1.0000000000000000      -0.36502211322923783     
  0.80000000000000004       -1.0000000000000000      -0.28458336733440909     
  0.90000000000000002       -1.0000000000000000       -9.1306086124429697E-002
   1.0000000000000000       -1.0000000000000000       0.12948854321084421     
  -1.0000000000000000      -0.90000000000000002       0.29793970479219595     
 -0.90000000000000002      -0.90000000000000002       0.66169753064986925     
 -0.80000000000000004      -0.90000000000000002       0.77620554858313739     
 -0.69999999999999996      -0.90000000000000002       0.60386443322021777     
 -0.59999999999999998      -0.90000000000000002       0.19086364413449047     
 -0.49999999999999994      -0.90000000000000002      -0.29869766043626966     
 -0.39999999999999991      -0.90000000000000002      -0.69051640591380437     
 -0.29999999999999993      -0.90000000000000002      -0.81059945269209221     
 -0.19999999999999993      -0.90000000000000002      -0.63114269255567013     
  -9.9999999999999978E-002 -0.90000000000000002      -0.20214508249027369     
   2.7755575615628914E-017 -0.90000000000000002       0.29328776588947658     
  0.10000000000000009      -0.90000000000000002       0.68559638753227681     
  0.20000000000000009      -0.90000000000000002       0.80463503504558465     
  0.30000000000000016      -0.90000000000000002       0.62581608200504246     
  0.40000000000000013      -0.90000000000000002       0.19598427399490495     
  0.50000000000000011      -0.90000000000000002      -0.29879269301663464     
  0.60000000000000009      -0.90000000000000002      -0.69150186967505112     
  0.70000000000000007      -0.90000000000000002      -0.81044004637918987     
  0.80000000000000004      -0.90000000000000002      -0.63164220040137353     
  0.90000000000000002      -0.90000000000000002      -0.20239185171614787     
   1.0000000000000000      -0.90000000000000002       0.28782239906318802     
  -1.0000000000000000      -0.80000000000000004       0.34960330470498541     
 -0.90000000000000002      -0.80000000000000004       0.77620554858313739     
 -0.80000000000000004      -0.80000000000000004       0.91042600155520192     
 -0.69999999999999996      -0.80000000000000004       0.70819637881078568     
 -0.59999999999999998      -0.80000000000000004       0.22372638085372129     
 -0.49999999999999994      -0.80000000000000004      -0.35049591600310481     
 -0.39999999999999991      -0.80000000000000004      -0.81001071886353504     
 -0.29999999999999993      -0.80000000000000004      -0.95076768604719664     
 -0.19999999999999993      -0.80000000000000004      -0.74018837440883112     
  -9.9999999999999978E-002 -0.80000000000000004      -0.23695264810840130     
   2.7755575615628914E-017 -0.80000000000000004       0.34415001971318326     
  0.10000000000000009      -0.80000000000000004       0.80424010609728669     
  0.20000000000000009      -0.80000000000000004       0.94377131292257188     
  0.30000000000000016      -0.80000000000000004       0.73394060099237179     
  0.40000000000000013      -0.80000000000000004       0.22972588377943351     
  0.50000000000000011      -0.80000000000000004      -0.35060702608159228     
  0.60000000000000009      -0.80000000000000004      -0.81116745681722924     
  0.70000000000000007      -0.80000000000000004      -0.95058070305154008     
  0.80000000000000004      -0.80000000000000004      -0.74077451629870872     
  0.90000000000000002      -0.80000000000000004      -0.23724214139132371     
   1.0000000000000000      -0.80000000000000004       0.33773741587860723     
  -1.0000000000000000      -0.69999999999999996       0.27206929116723932     
 -0.90000000000000002      -0.69999999999999996       0.60386443322021888     
 -0.80000000000000004      -0.69999999999999996       0.70819637881078501     
 -0.69999999999999996      -0.69999999999999996       0.55081322122208398     
 -0.59999999999999998      -0.69999999999999996       0.17391137471802057     
 -0.49999999999999994      -0.69999999999999996      -0.27276666938439720     
 -0.39999999999999991      -0.69999999999999996      -0.63016309985028007     
 -0.29999999999999993      -0.69999999999999996      -0.73957747642356420     
 -0.19999999999999993      -0.69999999999999996      -0.57569625528967117     
  -9.9999999999999978E-002 -0.69999999999999996      -0.18419470923202821     
   2.7755575615628914E-017 -0.69999999999999996       0.26782991552763369     
  0.10000000000000009      -0.69999999999999996       0.62567443519671528     
  0.20000000000000009      -0.69999999999999996       0.73413467767270435     
  0.30000000000000016      -0.69999999999999996       0.57083619897612869     
  0.40000000000000013      -0.69999999999999996       0.17857266081935932     
  0.50000000000000011      -0.69999999999999996      -0.27285279815162444     
  0.60000000000000009      -0.69999999999999996      -0.63106363140441057     
  0.70000000000000007      -0.69999999999999996      -0.73943201683002202     
  0.80000000000000004      -0.69999999999999996      -0.57615241953773255     
  0.90000000000000002      -0.69999999999999996      -0.18441994331803940     
   1.0000000000000000      -0.69999999999999996       0.26283988093067795     
  -1.0000000000000000      -0.59999999999999998        8.6107820187254838E-002
 -0.90000000000000002      -0.59999999999999998       0.19086364413449769     
 -0.80000000000000004      -0.59999999999999998       0.22372638085374885     
 -0.69999999999999996      -0.59999999999999998       0.17391137471802304     
 -0.59999999999999998      -0.59999999999999998        5.4785372900000427E-002
 -0.49999999999999994      -0.59999999999999998       -8.6332071759052248E-002
 -0.39999999999999991      -0.59999999999999998      -0.19917492208022342     
 -0.29999999999999993      -0.59999999999999998      -0.23364045968484451     
 -0.19999999999999993      -0.59999999999999998      -0.18176867937040542     
  -9.9999999999999978E-002 -0.59999999999999998       -5.8027457073179023E-002
   2.7755575615628914E-017 -0.59999999999999998        8.4771919692016501E-002
  0.10000000000000009      -0.59999999999999998       0.19775709296250835     
  0.20000000000000009      -0.59999999999999998       0.23192037010371747     
  0.30000000000000016      -0.59999999999999998       0.18023323720191162     
  0.40000000000000013      -0.59999999999999998        5.6250696009723586E-002
  0.50000000000000011      -0.59999999999999998       -8.6358890476549516E-002
  0.60000000000000009      -0.59999999999999998      -0.19946036330862343     
  0.70000000000000007      -0.59999999999999998      -0.23359449397048515     
  0.80000000000000004      -0.59999999999999998      -0.18191307149716890     
  0.90000000000000002      -0.59999999999999998       -5.8098669034406372E-002
   1.0000000000000000      -0.59999999999999998        8.3193131653262933E-002
  -1.0000000000000000      -0.49999999999999994      -0.13438403217971498     
 -0.90000000000000002      -0.49999999999999994      -0.29869766043626972     
 -0.80000000000000004      -0.49999999999999994      -0.35049591600310120     
 -0.69999999999999996      -0.49999999999999994      -0.27276666938439720     
 -0.59999999999999998      -0.49999999999999994       -8.6332071759051554E-002
 -0.49999999999999994      -0.49999999999999994       0.13472253453528682     
 -0.39999999999999991      -0.49999999999999994       0.31170772807798908     
 -0.29999999999999993      -0.49999999999999994       0.36602604600127975     
 -0.19999999999999993      -0.49999999999999994       0.28508750633430624     
  -9.9999999999999978E-002 -0.49999999999999994        9.1432420215593585E-002
   2.7755575615628914E-017 -0.49999999999999994      -0.13228024828049131     
  0.10000000000000009      -0.49999999999999994      -0.30948591549002741     
  0.20000000000000009      -0.49999999999999994      -0.36333343392359663     
  0.30000000000000016      -0.49999999999999994      -0.28268236974103378     
  0.40000000000000013      -0.49999999999999994       -8.8651170287089673E-002
  0.50000000000000011      -0.49999999999999994       0.13476581797161732     
  0.60000000000000009      -0.49999999999999994       0.31215180636533280     
  0.70000000000000007      -0.49999999999999994       0.36595407892490545     
  0.80000000000000004      -0.49999999999999994       0.28531278776237673     
  0.90000000000000002      -0.49999999999999994        9.1543793521843275E-002
   1.0000000000000000      -0.49999999999999994      -0.12981463061429144     
  -1.0000000000000000      -0.39999999999999991      -0.31091673201818099     
 -0.90000000000000002      -0.39999999999999991      -0.69051640591379548     
 -0.80000000000000004      -0.39999999999999991      -0.81001071886350884     
 -0.69999999999999996      -0.39999999999999991      -0.63016309985027996     
 -0.59999999999999998      -0.39999999999999991      -0.19917492208020360     
 -0.49999999999999994      -0.39999999999999991       0.31170772807798824     
 -0.39999999999999991      -0.39999999999999991       0.72059042078845326     
 -0.29999999999999993      -0.39999999999999991       0.84590254399159015     
 -0.19999999999999993      -0.39999999999999991       0.65862935056889527     
  -9.9999999999999978E-002 -0.39999999999999991       0.21094763794143853     
   2.7755575615628914E-017 -0.39999999999999991      -0.30606221827766794     
  0.10000000000000009      -0.39999999999999991      -0.71545612801180336     
  0.20000000000000009      -0.39999999999999991      -0.83967836005890140     
  0.30000000000000016      -0.39999999999999991      -0.65307075562228512     
  0.40000000000000013      -0.39999999999999991      -0.20451850966865323     
  0.50000000000000011      -0.39999999999999991       0.31180689651880455     
  0.60000000000000009      -0.39999999999999991       0.72161881057475219     
  0.70000000000000007      -0.39999999999999991       0.84573619514063869     
  0.80000000000000004      -0.39999999999999991       0.65915061509809614     
  0.90000000000000002      -0.39999999999999991       0.21120515486057437     
   1.0000000000000000      -0.39999999999999991      -0.30035880653671321     
  -1.0000000000000000      -0.29999999999999993      -0.36509389740827464     
 -0.90000000000000002      -0.29999999999999993      -0.81059945269209133     
 -0.80000000000000004      -0.29999999999999993      -0.95076768604719297     
 -0.69999999999999996      -0.29999999999999993      -0.73957747642356264     
 -0.59999999999999998      -0.29999999999999993      -0.23364045968483843     
 -0.49999999999999994      -0.29999999999999993       0.36602604600128036     
 -0.39999999999999991      -0.29999999999999993       0.84590254399159548     
 -0.29999999999999993      -0.29999999999999993       0.99289694019450214     
 -0.19999999999999993      -0.29999999999999993       0.77298707554301449     
  -9.9999999999999978E-002 -0.29999999999999993       0.24745281796349422     
   2.7755575615628914E-017 -0.29999999999999993      -0.35939896029524970     
  0.10000000000000009      -0.29999999999999993      -0.83987623015920421     
  0.20000000000000009      -0.29999999999999993      -0.98559055481698588     
  0.30000000000000016      -0.29999999999999993      -0.76646245881267583     
  0.40000000000000013      -0.29999999999999993      -0.23990583277493413     
  0.50000000000000011      -0.29999999999999993       0.36614208093081790     
  0.60000000000000009      -0.29999999999999993       0.84711053427359073     
  0.70000000000000007      -0.29999999999999993       0.99270167189041780     
  0.80000000000000004      -0.29999999999999993       0.77359918878552336     
  0.90000000000000002      -0.29999999999999993       0.24775513869542390     
   1.0000000000000000      -0.29999999999999993      -0.35270221806416452     
  -1.0000000000000000      -0.19999999999999993      -0.28435865152069856     
 -0.90000000000000002      -0.19999999999999993      -0.63114269255566879     
 -0.80000000000000004      -0.19999999999999993      -0.74018837440883067     
 -0.69999999999999996      -0.19999999999999993      -0.57569625528967205     
 -0.59999999999999998      -0.19999999999999993      -0.18176867937040972     
 -0.49999999999999994      -0.19999999999999993       0.28508750633430585     
 -0.39999999999999991      -0.19999999999999993       0.65862935056889993     
 -0.29999999999999993      -0.19999999999999993       0.77298707554301371     
 -0.19999999999999993      -0.19999999999999993       0.60170337683964215     
  -9.9999999999999978E-002 -0.19999999999999993       0.19251659644047114     
   2.7755575615628914E-017 -0.19999999999999993      -0.27992774395028724     
  0.10000000000000009      -0.19999999999999993      -0.65393791413863578     
  0.20000000000000009      -0.19999999999999993      -0.76729840874899924     
  0.30000000000000016      -0.19999999999999993      -0.59662377349386009     
  0.40000000000000013      -0.19999999999999993      -0.18664058290515806     
  0.50000000000000011      -0.19999999999999993       0.28517752851131689     
  0.60000000000000009      -0.19999999999999993       0.65957055618869287     
  0.70000000000000007      -0.19999999999999993       0.77283504506491485     
  0.80000000000000004      -0.19999999999999993       0.60218014590082891     
  0.90000000000000002      -0.19999999999999993       0.19275200483384006     
   1.0000000000000000      -0.19999999999999993      -0.27471230615502112     
  -1.0000000000000000       -9.9999999999999978E-002  -9.1194994806782462E-002
 -0.90000000000000002       -9.9999999999999978E-002 -0.20214508249027496     
 -0.80000000000000004       -9.9999999999999978E-002 -0.23695264810840036     
 -0.69999999999999996       -9.9999999999999978E-002 -0.18419470923202941     
 -0.59999999999999998       -9.9999999999999978E-002  -5.8027457073179793E-002
 -0.49999999999999994       -9.9999999999999978E-002   9.1432420215593002E-002
 -0.39999999999999991       -9.9999999999999978E-002  0.21094763794143595     
 -0.29999999999999993       -9.9999999999999978E-002  0.24745281796349636     
 -0.19999999999999993       -9.9999999999999978E-002  0.19251659644047175     
  -9.9999999999999978E-002  -9.9999999999999978E-002   6.1461345084257296E-002
   2.7755575615628914E-017  -9.9999999999999978E-002  -8.9780047273779320E-002
  0.10000000000000009       -9.9999999999999978E-002 -0.20944598557790939     
  0.20000000000000009       -9.9999999999999978E-002 -0.24563105388774814     
  0.30000000000000016       -9.9999999999999978E-002 -0.19089038407417663     
  0.40000000000000013       -9.9999999999999978E-002  -5.9579560223039646E-002
  0.50000000000000011       -9.9999999999999978E-002   9.1460832652560456E-002
  0.60000000000000009       -9.9999999999999978E-002  0.21124993369750925     
  0.70000000000000007       -9.9999999999999978E-002  0.24740413513593851     
  0.80000000000000004       -9.9999999999999978E-002  0.19266951876384489     
  0.90000000000000002       -9.9999999999999978E-002   6.1536765721561207E-002
   1.0000000000000000       -9.9999999999999978E-002  -8.8107974860341193E-002
  -1.0000000000000000        2.7755575615628914E-017  0.13194794922040892     
 -0.90000000000000002        2.7755575615628914E-017  0.29328776588947253     
 -0.80000000000000004        2.7755575615628914E-017  0.34415001971315756     
 -0.69999999999999996        2.7755575615628914E-017  0.26782991552763358     
 -0.59999999999999998        2.7755575615628914E-017   8.4771919691996628E-002
 -0.49999999999999994        2.7755575615628914E-017 -0.13228024828049262     
 -0.39999999999999991        2.7755575615628914E-017 -0.30606221827766150     
 -0.29999999999999993        2.7755575615628914E-017 -0.35939896029524587     
 -0.19999999999999993        2.7755575615628914E-017 -0.27992774395028713     
  -9.9999999999999978E-002   2.7755575615628914E-017  -8.9780047273781097E-002
   2.7755575615628914E-017   2.7755575615628914E-017  0.12988219181193289     
  0.10000000000000009        2.7755575615628914E-017  0.30388062918350589     
  0.20000000000000009        2.7755575615628914E-017  0.35675511162977186     
  0.30000000000000016        2.7755575615628914E-017  0.27756615542055613     
  0.40000000000000013        2.7755575615628914E-017   8.7049166400143888E-002
  0.50000000000000011        2.7755575615628914E-017 -0.13232275543525321     
  0.60000000000000009        2.7755575615628914E-017 -0.30649823827152939     
  0.70000000000000007        2.7755575615628914E-017 -0.35932829647176684     
  0.80000000000000004        2.7755575615628914E-017 -0.28014894112419292     
  0.90000000000000002        2.7755575615628914E-017  -8.9889403013586985E-002
   1.0000000000000000        2.7755575615628914E-017  0.12746126045386419     
  -1.0000000000000000       0.10000000000000009       0.30870058296848157     
 -0.90000000000000002       0.10000000000000009       0.68559638753227514     
 -0.80000000000000004       0.10000000000000009       0.80424010609728591     
 -0.69999999999999996       0.10000000000000009       0.62567443519671340     
 -0.59999999999999998       0.10000000000000009       0.19775709296250663     
 -0.49999999999999994       0.10000000000000009      -0.30948591549002669     
 -0.39999999999999991       0.10000000000000009      -0.71545612801180503     
 -0.29999999999999993       0.10000000000000009      -0.83987623015920265     
 -0.19999999999999993       0.10000000000000009      -0.65393791413863633     
  -9.9999999999999978E-002  0.10000000000000009      -0.20944598557790800     
   2.7755575615628914E-017  0.10000000000000009       0.30388062918350572     
  0.10000000000000009       0.10000000000000009       0.71035841122812926     
  0.20000000000000009       0.10000000000000009       0.83369639277206264     
  0.30000000000000016       0.10000000000000009       0.64841892001232226     
  0.40000000000000013       0.10000000000000009       0.20306266419237767     
  0.50000000000000011       0.10000000000000009      -0.30958438025905677     
  0.60000000000000009       0.10000000000000009      -0.71647718455493237     
  0.70000000000000007       0.10000000000000009      -0.83971106649339211     
  0.80000000000000004       0.10000000000000009      -0.65445546303637936     
  0.90000000000000002       0.10000000000000009      -0.20970166749802049     
   1.0000000000000000       0.10000000000000009       0.29821786641361148     
  -1.0000000000000000       0.20000000000000009       0.36240812409234074     
 -0.90000000000000002       0.20000000000000009       0.80463503504558342     
 -0.80000000000000004       0.20000000000000009       0.94377131292254846     
 -0.69999999999999996       0.20000000000000009       0.73413467767270835     
 -0.59999999999999998       0.20000000000000009       0.23192037010372110     
 -0.49999999999999994       0.20000000000000009      -0.36333343392359890     
 -0.39999999999999991       0.20000000000000009      -0.83967836005888863     
 -0.29999999999999993       0.20000000000000009      -0.98559055481698687     
 -0.19999999999999993       0.20000000000000009      -0.76729840874899469     
  -9.9999999999999978E-002  0.20000000000000009      -0.24563105388775186     
   2.7755575615628914E-017  0.20000000000000009       0.35675511162976137     
  0.10000000000000009       0.20000000000000009       0.83369639277206298     
  0.20000000000000009       0.20000000000000009       0.97833793120121171     
  0.30000000000000016       0.20000000000000009       0.76082180390411203     
  0.40000000000000013       0.20000000000000009       0.23813960071710891     
  0.50000000000000011       0.20000000000000009      -0.36344861295339020     
  0.60000000000000009       0.20000000000000009      -0.84087746614063885     
  0.70000000000000007       0.20000000000000009      -0.98539672335423922     
  0.80000000000000004       0.20000000000000009      -0.76790601914709866     
  0.90000000000000002       0.20000000000000009      -0.24593115024960002     
   1.0000000000000000       0.20000000000000009       0.35010763596317707     
  -1.0000000000000000       0.30000000000000016       0.28195963724403411     
 -0.90000000000000002       0.30000000000000016       0.62581608200504102     
 -0.80000000000000004       0.30000000000000016       0.73394060099237179     
 -0.69999999999999996       0.30000000000000016       0.57083619897612647     
 -0.59999999999999998       0.30000000000000016       0.18023323720191284     
 -0.49999999999999994       0.30000000000000016      -0.28268236974103228     
 -0.39999999999999991       0.30000000000000016      -0.65307075562228489     
 -0.29999999999999993       0.30000000000000016      -0.76646245881267538     
 -0.19999999999999993       0.30000000000000016      -0.59662377349386186     
  -9.9999999999999978E-002  0.30000000000000016      -0.19089038407417527     
   2.7755575615628914E-017  0.30000000000000016       0.27756615542055502     
  0.10000000000000009       0.30000000000000016       0.64841892001232360     
  0.20000000000000009       0.30000000000000016       0.76082180390411214     
  0.30000000000000016       0.30000000000000016       0.59158704523913019     
  0.40000000000000013       0.30000000000000016       0.18506396344494752     
  0.50000000000000011       0.30000000000000016      -0.28277162911025899     
  0.60000000000000009       0.30000000000000016      -0.65400402393505452     
  0.70000000000000007       0.30000000000000016      -0.76631171148938504     
  0.80000000000000004       0.30000000000000016      -0.59709652040723671     
  0.90000000000000002       0.30000000000000016      -0.19112380587498359     
   1.0000000000000000       0.30000000000000016       0.27239472200333631     
  -1.0000000000000000       0.40000000000000013        8.8420808147817276E-002
 -0.90000000000000002       0.40000000000000013       0.19598427399490914     
 -0.80000000000000004       0.40000000000000013       0.22972588377945533     
 -0.69999999999999996       0.40000000000000013       0.17857266081936235     
 -0.59999999999999998       0.40000000000000013        5.6250696009739226E-002
 -0.49999999999999994       0.40000000000000013       -8.8651170287088424E-002
 -0.39999999999999991       0.40000000000000013      -0.20451850966865642     
 -0.29999999999999993       0.40000000000000013      -0.23990583277493913     
 -0.19999999999999993       0.40000000000000013      -0.18664058290515631     
  -9.9999999999999978E-002  0.40000000000000013       -5.9579560223040749E-002
   2.7755575615628914E-017  0.40000000000000013        8.7049166400143055E-002
  0.10000000000000009       0.40000000000000013       0.20306266419237870     
  0.20000000000000009       0.40000000000000013       0.23813960071710419     
  0.30000000000000016       0.40000000000000013       0.18506396344494713     
  0.40000000000000013       0.40000000000000013        5.7755135972061777E-002
  0.50000000000000011       0.40000000000000013       -8.8678698559850416E-002
  0.60000000000000009       0.40000000000000013      -0.20481162883679271     
  0.70000000000000007       0.40000000000000013      -0.23985863410448605     
  0.80000000000000004       0.40000000000000013      -0.18678885420457830     
  0.90000000000000002       0.40000000000000013       -5.9652683249141678E-002
   1.0000000000000000       0.40000000000000013        8.5427982467270736E-002
  -1.0000000000000000       0.50000000000000011      -0.13442719432923128     
 -0.90000000000000002       0.50000000000000011      -0.29879269301663408     
 -0.80000000000000004       0.50000000000000011      -0.35060702608159278     
 -0.69999999999999996       0.50000000000000011      -0.27285279815162322     
 -0.59999999999999998       0.50000000000000011       -8.6358890476549335E-002
 -0.49999999999999994       0.50000000000000011       0.13476581797161674     
 -0.39999999999999991       0.50000000000000011       0.31180689651880522     
 -0.29999999999999993       0.50000000000000011       0.36614208093081652     
 -0.19999999999999993       0.50000000000000011       0.28517752851131928     
  -9.9999999999999978E-002  0.50000000000000011        9.1460832652559859E-002
   2.7755575615628914E-017  0.50000000000000011      -0.13232275543525182     
  0.10000000000000009       0.50000000000000011      -0.30958438025905682     
  0.20000000000000009       0.50000000000000011      -0.36344861295339076     
  0.30000000000000016       0.50000000000000011      -0.28277162911025766     
  0.40000000000000013       0.50000000000000011       -8.8678698559850055E-002
  0.50000000000000011       0.50000000000000011       0.13480911374719468     
  0.60000000000000009       0.50000000000000011       0.31225111896543201     
  0.70000000000000007       0.50000000000000011       0.36607009099178667     
  0.80000000000000004       0.50000000000000011       0.28540288235940564     
  0.90000000000000002       0.50000000000000011        9.1572241471939209E-002
   1.0000000000000000       0.50000000000000011      -0.12985634769206722     
  -1.0000000000000000       0.60000000000000009      -0.31135970638396110     
 -0.90000000000000002       0.60000000000000009      -0.69150186967504512     
 -0.80000000000000004       0.60000000000000009      -0.81116745681719049     
 -0.69999999999999996       0.60000000000000009      -0.63106363140440835     
 -0.59999999999999998       0.60000000000000009      -0.19946036330861122     
 -0.49999999999999994       0.60000000000000009       0.31215180636533207     
 -0.39999999999999991       0.60000000000000009       0.72161881057473531     
 -0.29999999999999993       0.60000000000000009       0.84711053427358607     
 -0.19999999999999993       0.60000000000000009       0.65957055618868288     
  -9.9999999999999978E-002  0.60000000000000009       0.21124993369751163     
   2.7755575615628914E-017  0.60000000000000009      -0.30649823827152084     
  0.10000000000000009       0.60000000000000009      -0.71647718455493070     
  0.20000000000000009       0.60000000000000009      -0.84087746614063308     
  0.30000000000000016       0.60000000000000009      -0.65400402393505419     
  0.40000000000000013       0.60000000000000009      -0.20481162883679482     
  0.50000000000000011       0.60000000000000009       0.31225111896543184     
  0.60000000000000009       0.60000000000000009       0.72264866274462891     
  0.70000000000000007       0.60000000000000009       0.84694394795560413     
  0.80000000000000004       0.60000000000000009       0.66009256324783749     
  0.90000000000000002       0.60000000000000009       0.21150781798566365     
   1.0000000000000000       0.60000000000000009      -0.30078669728878177     
  -1.0000000000000000       0.70000000000000007      -0.36502211322923434     
 -0.90000000000000002       0.70000000000000007      -0.81044004637918821     
 -0.80000000000000004       0.70000000000000007      -0.95058070305154141     
 -0.69999999999999996       0.70000000000000007      -0.73943201683001969     
 -0.59999999999999998       0.70000000000000007      -0.23359449397048335     
 -0.49999999999999994       0.70000000000000007       0.36595407892490395     
 -0.39999999999999991       0.70000000000000007       0.84573619514064302     
 -0.29999999999999993       0.70000000000000007       0.99270167189041536     
 -0.19999999999999993       0.70000000000000007       0.77283504506491729     
  -9.9999999999999978E-002  0.70000000000000007       0.24740413513593731     
   2.7755575615628914E-017  0.70000000000000007      -0.35932829647176945     
  0.10000000000000009       0.70000000000000007      -0.83971106649339056     
  0.20000000000000009       0.70000000000000007      -0.98539672335424056     
  0.30000000000000016       0.70000000000000007      -0.76631171148938337     
  0.40000000000000013       0.70000000000000007      -0.23985863410448424     
  0.50000000000000011       0.70000000000000007       0.36607009099178706     
  0.60000000000000009       0.70000000000000007       0.84694394795560901     
  0.70000000000000007       0.70000000000000007       0.99250644198751037     
  0.80000000000000004       0.70000000000000007       0.77344703795942815     
  0.90000000000000002       0.70000000000000007       0.24770639641798825     
   1.0000000000000000       0.70000000000000007      -0.35263287099994056     
  -1.0000000000000000       0.80000000000000004      -0.28458336733440548     
 -0.90000000000000002       0.80000000000000004      -0.63164220040137398     
 -0.80000000000000004       0.80000000000000004      -0.74077451629870594     
 -0.69999999999999996       0.80000000000000004      -0.57615241953773588     
 -0.59999999999999998       0.80000000000000004      -0.18191307149717048     
 -0.49999999999999994       0.80000000000000004       0.28531278776237667     
 -0.39999999999999991       0.80000000000000004       0.65915061509809136     
 -0.29999999999999993       0.80000000000000004       0.77359918878552703     
 -0.19999999999999993       0.80000000000000004       0.60218014590081825     
  -9.9999999999999978E-002  0.80000000000000004       0.19266951876384603     
   2.7755575615628914E-017  0.80000000000000004      -0.28014894112419325     
  0.10000000000000009       0.80000000000000004      -0.65445546303637936     
  0.20000000000000009       0.80000000000000004      -0.76790601914709367     
  0.30000000000000016       0.80000000000000004      -0.59709652040723682     
  0.40000000000000013       0.80000000000000004      -0.18678885420457386     
  0.50000000000000011       0.80000000000000004       0.28540288235940642     
  0.60000000000000009       0.80000000000000004       0.66009256324784005     
  0.70000000000000007       0.80000000000000004       0.77344703795942804     
  0.80000000000000004       0.80000000000000004       0.60265729171538451     
  0.90000000000000002       0.80000000000000004       0.19290511339981159     
   1.0000000000000000       0.80000000000000004      -0.27492938029288422     
  -1.0000000000000000       0.90000000000000002       -9.1306086124431224E-002
 -0.90000000000000002       0.90000000000000002      -0.20239185171614732     
 -0.80000000000000004       0.90000000000000002      -0.23724214139132044     
 -0.69999999999999996       0.90000000000000002      -0.18441994331803938     
 -0.59999999999999998       0.90000000000000002       -5.8098669034407226E-002
 -0.49999999999999994       0.90000000000000002        9.1543793521841943E-002
 -0.39999999999999991       0.90000000000000002       0.21120515486057026     
 -0.29999999999999993       0.90000000000000002       0.24775513869542445     
 -0.19999999999999993       0.90000000000000002       0.19275200483384011     
  -9.9999999999999978E-002  0.90000000000000002        6.1536765721560416E-002
   2.7755575615628914E-017  0.90000000000000002       -8.9889403013585015E-002
  0.10000000000000009       0.90000000000000002      -0.20970166749802086     
  0.20000000000000009       0.90000000000000002      -0.24593115024959586     
  0.30000000000000016       0.90000000000000002      -0.19112380587498340     
  0.40000000000000013       0.90000000000000002       -5.9652683249140012E-002
  0.50000000000000011       0.90000000000000002        9.1572241471939250E-002
  0.60000000000000009       0.90000000000000002       0.21150781798565979     
  0.70000000000000007       0.90000000000000002       0.24770639641798836     
  0.80000000000000004       0.90000000000000002       0.19290511339980879     
  0.90000000000000002       0.90000000000000002        6.1612278383660478E-002
   1.0000000000000000       0.90000000000000002       -8.8215292662843753E-002
  -1.0000000000000000        1.0000000000000000       0.12948854321080655     
 -0.90000000000000002        1.0000000000000000       0.28782239906318313     
 -0.80000000000000004        1.0000000000000000       0.33773741587858475     
 -0.69999999999999996        1.0000000000000000       0.26283988093067673     
 -0.59999999999999998        1.0000000000000000        8.3193131653234609E-002
 -0.49999999999999994        1.0000000000000000      -0.12981463061429258     
 -0.39999999999999991        1.0000000000000000      -0.30035880653671754     
 -0.29999999999999993        1.0000000000000000      -0.35270221806416008     
 -0.19999999999999993        1.0000000000000000      -0.27471230615502013     
  -9.9999999999999978E-002   1.0000000000000000       -8.8107974860341970E-002
   2.7755575615628914E-017   1.0000000000000000       0.12746126045387410     
  0.10000000000000009        1.0000000000000000       0.29821786641361031     
  0.20000000000000009        1.0000000000000000       0.35010763596318978     
  0.30000000000000016        1.0000000000000000       0.27239472200333614     
  0.40000000000000013        1.0000000000000000        8.5427982467266711E-002
  0.50000000000000011        1.0000000000000000      -0.12985634769206666     
  0.60000000000000009        1.0000000000000000      -0.30078669728879831     
  0.70000000000000007        1.0000000000000000      -0.35263287099993890     
  0.80000000000000004        1.0000000000000000      -0.27492938029288266     
  0.90000000000000002        1.0000000000000000       -8.8215292662846154E-002
   1.0000000000000000        1.0000000000000000       0.12508545073132510     
