  -1.0000000000000000       -1.0000000000000000        2.2071673746532936E-002
 -0.90000000000000002       -1.0000000000000000       0.10111280021487341     
 -0.80000000000000004       -1.0000000000000000       0.14175095613885727     
 -0.69999999999999996       -1.0000000000000000       0.12924105733483848     
 -0.59999999999999998       -1.0000000000000000        6.6245384252235959E-002
 -0.49999999999999994       -1.0000000000000000       -2.1225802361634273E-002
 -0.39999999999999991       -1.0000000000000000      -0.10171054664178469     
 -0.29999999999999993       -1.0000000000000000      -0.14237206159283125     
 -0.19999999999999993       -1.0000000000000000      -0.12987434778042004     
  -9.9999999999999978E-002  -1.0000000000000000       -6.6766708065697802E-002
   2.7755575615628914E-017  -1.0000000000000000        2.1345057045275430E-002
  0.10000000000000009       -1.0000000000000000       0.10481103191076616     
  0.20000000000000009       -1.0000000000000000       0.14692130205861392     
  0.30000000000000016       -1.0000000000000000       0.13395651324785057     
  0.40000000000000013       -1.0000000000000000        6.8515963617167122E-002
  0.50000000000000011       -1.0000000000000000       -2.1987111182830723E-002
  0.60000000000000009       -1.0000000000000000      -0.10548984183999432     
  0.70000000000000007       -1.0000000000000000      -0.14754133108156034     
  0.80000000000000004       -1.0000000000000000      -0.13467181095687508     
  0.90000000000000002       -1.0000000000000000       -6.9219046785881713E-002
   1.0000000000000000       -1.0000000000000000        2.0884731565043686E-002
  -1.0000000000000000      -0.90000000000000002       0.10111280021487301     
 -0.90000000000000002      -0.90000000000000002       0.45615949316868176     
 -0.80000000000000004      -0.90000000000000002       0.63797497403147629     
 -0.69999999999999996      -0.90000000000000002       0.58059857152377070     
 -0.59999999999999998      -0.90000000000000002       0.29641303577516126     
 -0.49999999999999994      -0.90000000000000002       -9.7274429309242974E-002
 -0.39999999999999991      -0.90000000000000002      -0.45884152288225688     
 -0.29999999999999993      -0.90000000000000002      -0.64077669300811413     
 -0.19999999999999993      -0.90000000000000002      -0.58345082214977539     
  -9.9999999999999978E-002 -0.90000000000000002      -0.29875383483449230     
   2.7755575615628914E-017 -0.90000000000000002        9.7865522167827457E-002
  0.10000000000000009      -0.90000000000000002       0.47283996613217871     
  0.20000000000000009      -0.90000000000000002       0.66125149299700836     
  0.30000000000000016      -0.90000000000000002       0.60178141939129126     
  0.40000000000000013      -0.90000000000000002       0.30656237696117172     
  0.50000000000000011      -0.90000000000000002      -0.10076853012445409     
  0.60000000000000009      -0.90000000000000002      -0.47589975509082255     
  0.70000000000000007      -0.90000000000000002      -0.66404213809620927     
  0.80000000000000004      -0.90000000000000002      -0.60500307843037227     
  0.90000000000000002      -0.90000000000000002      -0.30972752657098318     
   1.0000000000000000      -0.90000000000000002        9.5775340248689889E-002
  -1.0000000000000000      -0.80000000000000004       0.14175095613884531     
 -0.90000000000000002      -0.80000000000000004       0.63797497403147696     
 -0.80000000000000004      -0.80000000000000004       0.89192579938607774     
 -0.69999999999999996      -0.80000000000000004       0.81147482475566812     
 -0.59999999999999998      -0.80000000000000004       0.41402174129573427     
 -0.49999999999999994      -0.80000000000000004      -0.13637780919815023     
 -0.39999999999999991      -0.80000000000000004      -0.64172280027266715     
 -0.29999999999999993      -0.80000000000000004      -0.89584415147585261     
 -0.19999999999999993      -0.80000000000000004      -0.81546287785375227     
  -9.9999999999999978E-002 -0.80000000000000004      -0.41729310478228204     
   2.7755575615628914E-017 -0.80000000000000004       0.13721611664232850     
  0.10000000000000009      -0.80000000000000004       0.66130311926091034     
  0.20000000000000009      -0.80000000000000004       0.92446913477766546     
  0.30000000000000016      -0.80000000000000004       0.84108091837082088     
  0.40000000000000013      -0.80000000000000004       0.42819579509738703     
  0.50000000000000011      -0.80000000000000004      -0.14127761314479245     
  0.60000000000000009      -0.80000000000000004      -0.66558190858536515     
  0.70000000000000007      -0.80000000000000004      -0.92837063864174196     
  0.80000000000000004      -0.80000000000000004      -0.84558549598994903     
  0.90000000000000002      -0.80000000000000004      -0.43262103239038813     
   1.0000000000000000      -0.80000000000000004       0.13428988410916465     
  -1.0000000000000000      -0.69999999999999996       0.12924105733484093     
 -0.90000000000000002      -0.69999999999999996       0.58059857152376970     
 -0.80000000000000004      -0.69999999999999996       0.81147482475566501     
 -0.69999999999999996      -0.69999999999999996       0.73811363624122284     
 -0.59999999999999998      -0.69999999999999996       0.37640753311009389     
 -0.49999999999999994      -0.69999999999999996      -0.12434768704309519     
 -0.39999999999999991      -0.69999999999999996      -0.58400706740084707     
 -0.29999999999999993      -0.69999999999999996      -0.81504072773381697     
 -0.19999999999999993      -0.69999999999999996      -0.74174228357580341     
  -9.9999999999999978E-002 -0.69999999999999996      -0.37938296597796656     
   2.7755575615628914E-017 -0.69999999999999996       0.12511882929409540     
  0.10000000000000009      -0.69999999999999996       0.60182812196406221     
  0.20000000000000009      -0.69999999999999996       0.84108378396786398     
  0.30000000000000016      -0.69999999999999996       0.76504308556681522     
  0.40000000000000013      -0.69999999999999996       0.38929225112240662     
  0.50000000000000011      -0.69999999999999996      -0.12881605393588086     
  0.60000000000000009      -0.69999999999999996      -0.60572169631099027     
  0.70000000000000007      -0.69999999999999996      -0.84463339032465912     
  0.80000000000000004      -0.69999999999999996      -0.76914171712144286     
  0.90000000000000002      -0.69999999999999996      -0.39331846009771043     
   1.0000000000000000      -0.69999999999999996       0.12245367980270508     
  -1.0000000000000000      -0.59999999999999998        6.6245384252247561E-002
 -0.90000000000000002      -0.59999999999999998       0.29641303577516498     
 -0.80000000000000004      -0.59999999999999998       0.41402174129575869     
 -0.69999999999999996      -0.59999999999999998       0.37640753311009623     
 -0.59999999999999998      -0.59999999999999998       0.19174785655843413     
 -0.49999999999999994      -0.59999999999999998       -6.3743344293609019E-002
 -0.39999999999999991      -0.59999999999999998      -0.29815066455275974     
 -0.29999999999999993      -0.59999999999999998      -0.41584218518099297     
 -0.19999999999999993      -0.59999999999999998      -0.37825924843144987     
  -9.9999999999999978E-002 -0.59999999999999998      -0.19326500122119564     
   2.7755575615628914E-017 -0.59999999999999998        6.4146141355305455E-002
  0.10000000000000009      -0.59999999999999998       0.30725072516129165     
  0.20000000000000009      -0.59999999999999998       0.42912961165995878     
  0.30000000000000016      -0.59999999999999998       0.39014031788686188     
  0.40000000000000013      -0.59999999999999998       0.19830974721644207     
  0.50000000000000011      -0.59999999999999998       -6.6034791901673134E-002
  0.60000000000000009      -0.59999999999999998      -0.30923806797171244     
  0.70000000000000007      -0.59999999999999998      -0.43094066924418711     
  0.80000000000000004      -0.59999999999999998      -0.39223187848346086     
  0.90000000000000002      -0.59999999999999998      -0.20036409293950538     
   1.0000000000000000      -0.59999999999999998        6.2783191349512643E-002
  -1.0000000000000000      -0.49999999999999994       -2.1225802361631459E-002
 -0.90000000000000002      -0.49999999999999994       -9.7274429309242794E-002
 -0.80000000000000004      -0.49999999999999994      -0.13637780919814882     
 -0.69999999999999996      -0.49999999999999994      -0.12434768704309586     
 -0.59999999999999998      -0.49999999999999994       -6.3743344293607715E-002
 -0.49999999999999994      -0.49999999999999994        2.0412157472898106E-002
 -0.39999999999999991      -0.49999999999999994        9.7849560746726655E-002
 -0.29999999999999993      -0.49999999999999994       0.13697533845987270     
 -0.19999999999999993      -0.49999999999999994       0.12495696178020817     
  -9.9999999999999978E-002 -0.49999999999999994        6.4244935646775553E-002
   2.7755575615628914E-017 -0.49999999999999994       -2.0526608820867334E-002
  0.10000000000000009      -0.49999999999999994      -0.10083229068421816     
  0.20000000000000009      -0.49999999999999994      -0.14135213674334052     
  0.30000000000000016      -0.49999999999999994      -0.12888460842747140     
  0.40000000000000013      -0.49999999999999994       -6.5928219057714510E-002
  0.50000000000000011      -0.49999999999999994        2.1144256416244987E-002
  0.60000000000000009      -0.49999999999999994       0.10148534556438067     
  0.70000000000000007      -0.49999999999999994       0.14194866268545064     
  0.80000000000000004      -0.49999999999999994       0.12957278024901928     
  0.90000000000000002      -0.49999999999999994        6.6604647339471620E-002
   1.0000000000000000      -0.49999999999999994       -2.0083828125330550E-002
  -1.0000000000000000      -0.39999999999999991      -0.10171054664174729     
 -0.90000000000000002      -0.39999999999999991      -0.45884152288225050     
 -0.80000000000000004      -0.39999999999999991      -0.64172280027264317     
 -0.69999999999999996      -0.39999999999999991      -0.58400706740084729     
 -0.59999999999999998      -0.39999999999999991      -0.29815066455273392     
 -0.49999999999999994      -0.39999999999999991        9.7849560746725101E-002
 -0.39999999999999991      -0.39999999999999991       0.46153929105528463     
 -0.29999999999999993      -0.39999999999999991       0.64454099154326960     
 -0.19999999999999993      -0.39999999999999991       0.58687607801843811     
  -9.9999999999999978E-002 -0.39999999999999991       0.30050520309330925     
   2.7755575615628914E-017 -0.39999999999999991       -9.8444240737966218E-002
  0.10000000000000009      -0.39999999999999991      -0.47562006237368631     
  0.20000000000000009      -0.39999999999999991      -0.66513607242626005     
  0.30000000000000016      -0.39999999999999991      -0.60531427096752610     
  0.40000000000000013      -0.39999999999999991      -0.30835948114789391     
  0.50000000000000011      -0.39999999999999991       0.10136433097803303     
  0.60000000000000009      -0.39999999999999991       0.47869783615089673     
  0.70000000000000007      -0.39999999999999991       0.66794311151367614     
  0.80000000000000004      -0.39999999999999991       0.60855486080671239     
  0.90000000000000002      -0.39999999999999991       0.31154322635803239     
   1.0000000000000000      -0.39999999999999991       -9.6341741175093837E-002
  -1.0000000000000000      -0.29999999999999993      -0.14237206159282573     
 -0.90000000000000002      -0.29999999999999993      -0.64077669300811346     
 -0.80000000000000004      -0.29999999999999993      -0.89584415147584806     
 -0.69999999999999996      -0.29999999999999993      -0.81504072773381797     
 -0.59999999999999998      -0.29999999999999993      -0.41584218518098565     
 -0.49999999999999994      -0.29999999999999993       0.13697533845987220     
 -0.39999999999999991      -0.29999999999999993       0.64454099154327249     
 -0.29999999999999993      -0.29999999999999993       0.89977971164582671     
 -0.19999999999999993      -0.29999999999999993       0.81904629904631632     
  -9.9999999999999978E-002 -0.29999999999999993       0.41912792523997611     
   2.7755575615628914E-017 -0.29999999999999993      -0.13781727883519163     
  0.10000000000000009      -0.29999999999999993      -0.66420728907573456     
  0.20000000000000009      -0.29999999999999993      -0.92853044828750475     
  0.30000000000000016      -0.29999999999999993      -0.84477692148290828     
  0.40000000000000013      -0.29999999999999993      -0.43007857144784550     
  0.50000000000000011      -0.29999999999999993       0.14189660591722006     
  0.60000000000000009      -0.29999999999999993       0.66850487140670989     
  0.70000000000000007      -0.29999999999999993       0.93244909188550451     
  0.80000000000000004      -0.29999999999999993       0.84930128619261225     
  0.90000000000000002      -0.29999999999999993       0.43452324869124814     
   1.0000000000000000      -0.29999999999999993      -0.13487820789056809     
  -1.0000000000000000      -0.19999999999999993      -0.12987434778041673     
 -0.90000000000000002      -0.19999999999999993      -0.58345082214977395     
 -0.80000000000000004      -0.19999999999999993      -0.81546287785375204     
 -0.69999999999999996      -0.19999999999999993      -0.74174228357580163     
 -0.59999999999999998      -0.19999999999999993      -0.37825924843145031     
 -0.49999999999999994      -0.19999999999999993       0.12495696178020803     
 -0.39999999999999991      -0.19999999999999993       0.58687607801844721     
 -0.29999999999999993      -0.19999999999999993       0.81904629904631820     
 -0.19999999999999993      -0.19999999999999993       0.74538876203797588     
  -9.9999999999999978E-002 -0.19999999999999993       0.38124931010403634     
   2.7755575615628914E-017 -0.19999999999999993      -0.12573183648116665     
  0.10000000000000009      -0.19999999999999993      -0.60478466884915305     
  0.20000000000000009      -0.19999999999999993      -0.84521734565186490     
  0.30000000000000016      -0.19999999999999993      -0.76880412178436885     
  0.40000000000000013      -0.19999999999999993      -0.39120736303375031     
  0.50000000000000011      -0.19999999999999993       0.12944721732338871     
  0.60000000000000009      -0.19999999999999993       0.60869737350909059     
  0.70000000000000007      -0.19999999999999993       0.84878439671264816     
  0.80000000000000004      -0.19999999999999993       0.77292289389979474     
  0.90000000000000002      -0.19999999999999993       0.39525335826437863     
   1.0000000000000000      -0.19999999999999993      -0.12305360833868501     
  -1.0000000000000000       -9.9999999999999978E-002  -6.6766708065701577E-002
 -0.90000000000000002       -9.9999999999999978E-002 -0.29875383483449353     
 -0.80000000000000004       -9.9999999999999978E-002 -0.41729310478228210     
 -0.69999999999999996       -9.9999999999999978E-002 -0.37938296597796933     
 -0.59999999999999998       -9.9999999999999978E-002 -0.19326500122119691     
 -0.49999999999999994       -9.9999999999999978E-002   6.4244935646774581E-002
 -0.39999999999999991       -9.9999999999999978E-002  0.30050520309330547     
 -0.29999999999999993       -9.9999999999999978E-002  0.41912792523997833     
 -0.19999999999999993       -9.9999999999999978E-002  0.38124931010403723     
  -9.9999999999999978E-002  -9.9999999999999978E-002  0.19479414006834886     
   2.7755575615628914E-017  -9.9999999999999978E-002  -6.4650850885929922E-002
  0.10000000000000009       -9.9999999999999978E-002 -0.30967711474525011     
  0.20000000000000009       -9.9999999999999978E-002 -0.43252034119646149     
  0.30000000000000016       -9.9999999999999978E-002 -0.39322430679121650     
  0.40000000000000013       -9.9999999999999978E-002 -0.19987882314298280     
  0.50000000000000011       -9.9999999999999978E-002   6.6554408532506631E-002
  0.60000000000000009       -9.9999999999999978E-002  0.31168015484638817     
  0.70000000000000007       -9.9999999999999978E-002  0.43434570863273841     
  0.80000000000000004       -9.9999999999999978E-002  0.39533239092342681     
  0.90000000000000002       -9.9999999999999978E-002  0.20194940016821950     
   1.0000000000000000       -9.9999999999999978E-002  -6.3277153407276812E-002
  -1.0000000000000000        2.7755575615628914E-017   2.1345057045255387E-002
 -0.90000000000000002        2.7755575615628914E-017   9.7865522167825278E-002
 -0.80000000000000004        2.7755575615628914E-017  0.13721611664231076     
 -0.69999999999999996        2.7755575615628914E-017  0.12511882929409501     
 -0.59999999999999998        2.7755575615628914E-017   6.4146141355287165E-002
 -0.49999999999999994        2.7755575615628914E-017  -2.0526608820868920E-002
 -0.39999999999999991        2.7755575615628914E-017  -9.8444240737960875E-002
 -0.29999999999999993        2.7755575615628914E-017 -0.13781727883518816     
 -0.19999999999999993        2.7755575615628914E-017 -0.12573183648116568     
  -9.9999999999999978E-002   2.7755575615628914E-017  -6.4650850885934363E-002
   2.7755575615628914E-017   2.7755575615628914E-017   2.0641420517758781E-002
  0.10000000000000009        2.7755575615628914E-017  0.10144502639236019     
  0.20000000000000009        2.7755575615628914E-017  0.14222098011504802     
  0.30000000000000016        2.7755575615628914E-017  0.12968389103126174     
  0.40000000000000013        2.7755575615628914E-017   6.6344887585968348E-002
  0.50000000000000011        2.7755575615628914E-017  -2.1262780138036372E-002
  0.60000000000000009        2.7755575615628914E-017 -0.10210206599329648     
  0.70000000000000007        2.7755575615628914E-017 -0.14282117235247790     
  0.80000000000000004        2.7755575615628914E-017 -0.13037627822105696     
  0.90000000000000002        2.7755575615628914E-017  -6.7025468724925957E-002
   1.0000000000000000        2.7755575615628914E-017   2.0196034046328130E-002
  -1.0000000000000000       0.10000000000000009       0.10481103191076513     
 -0.90000000000000002       0.10000000000000009       0.47283996613217938     
 -0.80000000000000004       0.10000000000000009       0.66130311926090890     
 -0.69999999999999996       0.10000000000000009       0.60182812196406199     
 -0.59999999999999998       0.10000000000000009       0.30725072516129037     
 -0.49999999999999994       0.10000000000000009      -0.10083229068421738     
 -0.39999999999999991       0.10000000000000009      -0.47562006237368615     
 -0.29999999999999993       0.10000000000000009      -0.66420728907573423     
 -0.19999999999999993       0.10000000000000009      -0.60478466884915205     
  -9.9999999999999978E-002  0.10000000000000009      -0.30967711474524923     
   2.7755575615628914E-017  0.10000000000000009       0.10144502639235857     
  0.10000000000000009       0.10000000000000009       0.49013039523251323     
  0.20000000000000009       0.10000000000000009       0.68543076915369705     
  0.30000000000000016       0.10000000000000009       0.62378551894171630     
  0.40000000000000013       0.10000000000000009       0.31777114909446080     
  0.50000000000000011       0.10000000000000009      -0.10445419269971079     
  0.60000000000000009       0.10000000000000009      -0.49330207070410520     
  0.70000000000000007       0.10000000000000009      -0.68832345681175389     
  0.80000000000000004       0.10000000000000009      -0.62712498217647539     
  0.90000000000000002       0.10000000000000009      -0.32105203576392571     
   1.0000000000000000       0.10000000000000009        9.9278405252588062E-002
  -1.0000000000000000       0.20000000000000009       0.14692130205859463     
 -0.90000000000000002       0.20000000000000009       0.66125149299700670     
 -0.80000000000000004       0.20000000000000009       0.92446913477764225     
 -0.69999999999999996       0.20000000000000009       0.84108378396786576     
 -0.59999999999999998       0.20000000000000009       0.42912961165995273     
 -0.49999999999999994       0.20000000000000009      -0.14135213674334035     
 -0.39999999999999991       0.20000000000000009      -0.66513607242624628     
 -0.29999999999999993       0.20000000000000009      -0.92853044828750697     
 -0.19999999999999993       0.20000000000000009      -0.84521734565185136     
  -9.9999999999999978E-002  0.20000000000000009      -0.43252034119646565     
   2.7755575615628914E-017  0.20000000000000009       0.14222098011503764     
  0.10000000000000009       0.20000000000000009       0.68543076915369994     
  0.20000000000000009       0.20000000000000009       0.95819985963064447     
  0.30000000000000016       0.20000000000000009       0.87177014048946022     
  0.40000000000000013       0.20000000000000009       0.44382089381450296     
  0.50000000000000011       0.20000000000000009      -0.14643065440807465     
  0.60000000000000009       0.20000000000000009      -0.68986567252905295     
  0.70000000000000007       0.20000000000000009      -0.96224371597167191     
  0.80000000000000004       0.20000000000000009      -0.87643907262461884     
  0.90000000000000002       0.20000000000000009      -0.44840759221229748     
   1.0000000000000000       0.20000000000000009       0.13918799666600554     
  -1.0000000000000000       0.30000000000000016       0.13395651324784746     
 -0.90000000000000002       0.30000000000000016       0.60178141939129037     
 -0.80000000000000004       0.30000000000000016       0.84108091837081878     
 -0.69999999999999996       0.30000000000000016       0.76504308556681444     
 -0.59999999999999998       0.30000000000000016       0.39014031788686054     
 -0.49999999999999994       0.30000000000000016      -0.12888460842746960     
 -0.39999999999999991       0.30000000000000016      -0.60531427096752777     
 -0.29999999999999993       0.30000000000000016      -0.84477692148290606     
 -0.19999999999999993       0.30000000000000016      -0.76880412178436819     
  -9.9999999999999978E-002  0.30000000000000016      -0.39322430679121412     
   2.7755575615628914E-017  0.30000000000000016       0.12968389103126382     
  0.10000000000000009       0.30000000000000016       0.62378551894171808     
  0.20000000000000009       0.30000000000000016       0.87177014048945922     
  0.30000000000000016       0.30000000000000016       0.79295503292362191     
  0.40000000000000013       0.30000000000000016       0.40349511855989584     
  0.50000000000000011       0.30000000000000016      -0.13351600766553429     
  0.60000000000000009       0.30000000000000016      -0.62782114813411771     
  0.70000000000000007       0.30000000000000016      -0.87544925178715793     
  0.80000000000000004       0.30000000000000016      -0.79720320043551718     
  0.90000000000000002       0.30000000000000016      -0.40766822103891581     
   1.0000000000000000       0.30000000000000016       0.12692150342669997     
  -1.0000000000000000       0.40000000000000013        6.8515963617173992E-002
 -0.90000000000000002       0.40000000000000013       0.30656237696117389     
 -0.80000000000000004       0.40000000000000013       0.42819579509741262     
 -0.69999999999999996       0.40000000000000013       0.38929225112240728     
 -0.59999999999999998       0.40000000000000013       0.19830974721645639     
 -0.49999999999999994       0.40000000000000013       -6.5928219057714482E-002
 -0.39999999999999991       0.40000000000000013      -0.30835948114790113     
 -0.29999999999999993       0.40000000000000013      -0.43007857144785033     
 -0.19999999999999993       0.40000000000000013      -0.39120736303375464     
  -9.9999999999999978E-002  0.40000000000000013      -0.19987882314298233     
   2.7755575615628914E-017  0.40000000000000013        6.6344887585968335E-002
  0.10000000000000009       0.40000000000000013       0.31777114909446152     
  0.20000000000000009       0.40000000000000013       0.44382089381450779     
  0.30000000000000016       0.40000000000000013       0.40349511855989645     
  0.40000000000000013       0.40000000000000013       0.20509617972768140     
  0.50000000000000011       0.40000000000000013       -6.8298216122829283E-002
  0.60000000000000009       0.40000000000000013      -0.31982653572186592     
  0.70000000000000007       0.40000000000000013      -0.44569395319948668     
  0.80000000000000004       0.40000000000000013      -0.40565828733604781     
  0.90000000000000002       0.40000000000000013      -0.20722085726672373     
   1.0000000000000000       0.40000000000000013        6.4935249228624800E-002
  -1.0000000000000000       0.50000000000000011       -2.1987111182829290E-002
 -0.90000000000000002       0.50000000000000011      -0.10076853012445232     
 -0.80000000000000004       0.50000000000000011      -0.14127761314479120     
 -0.69999999999999996       0.50000000000000011      -0.12881605393587828     
 -0.59999999999999998       0.50000000000000011       -6.6034791901670969E-002
 -0.49999999999999994       0.50000000000000011        2.1144256416245292E-002
 -0.39999999999999991       0.50000000000000011       0.10136433097803414     
 -0.29999999999999993       0.50000000000000011       0.14189660591721712     
 -0.19999999999999993       0.50000000000000011       0.12944721732338926     
  -9.9999999999999978E-002  0.50000000000000011        6.6554408532505840E-002
   2.7755575615628914E-017  0.50000000000000011       -2.1262780138035897E-002
  0.10000000000000009       0.50000000000000011      -0.10445419269971017     
  0.20000000000000009       0.50000000000000011      -0.14643065440807540     
  0.30000000000000016       0.50000000000000011      -0.13351600766553248     
  0.40000000000000013       0.50000000000000011       -6.8298216122829172E-002
  0.50000000000000011       0.50000000000000011        2.1902608939509387E-002
  0.60000000000000009       0.50000000000000011       0.10513070722264889     
  0.70000000000000007       0.50000000000000011       0.14704861236257036     
  0.80000000000000004       0.50000000000000011       0.13422890252988437     
  0.90000000000000002       0.50000000000000011        6.8998946643419365E-002
   1.0000000000000000       0.50000000000000011       -2.0804104565779427E-002
  -1.0000000000000000       0.60000000000000009      -0.10548984183997266     
 -0.90000000000000002       0.60000000000000009      -0.47589975509081772     
 -0.80000000000000004       0.60000000000000009      -0.66558190858532529     
 -0.69999999999999996       0.60000000000000009      -0.60572169631099004     
 -0.59999999999999998       0.60000000000000009      -0.30923806797169401     
 -0.49999999999999994       0.60000000000000009       0.10148534556438175     
 -0.39999999999999991       0.60000000000000009       0.47869783615087880     
 -0.29999999999999993       0.60000000000000009       0.66850487140670445     
 -0.19999999999999993       0.60000000000000009       0.60869737350907061     
  -9.9999999999999978E-002  0.60000000000000009       0.31168015484638972     
   2.7755575615628914E-017  0.60000000000000009      -0.10210206599328744     
  0.10000000000000009       0.60000000000000009      -0.49330207070410531     
  0.20000000000000009       0.60000000000000009      -0.68986567252904296     
  0.30000000000000016       0.60000000000000009      -0.62782114813411527     
  0.40000000000000013       0.60000000000000009      -0.31982653572185743     
  0.50000000000000011       0.60000000000000009       0.10513070722264901     
  0.60000000000000009       0.60000000000000009       0.49649426941227875     
  0.70000000000000007       0.60000000000000009       0.69277707661174603     
  0.80000000000000004       0.60000000000000009       0.63118221935703434     
  0.90000000000000002       0.60000000000000009       0.32312865080369224     
   1.0000000000000000       0.60000000000000009       -9.9921419444930715E-002
  -1.0000000000000000       0.70000000000000007      -0.14754133108155776     
 -0.90000000000000002       0.70000000000000007      -0.66404213809620782     
 -0.80000000000000004       0.70000000000000007      -0.92837063864174285     
 -0.69999999999999996       0.70000000000000007      -0.84463339032465679     
 -0.59999999999999998       0.70000000000000007      -0.43094066924418623     
 -0.49999999999999994       0.70000000000000007       0.14194866268544876     
 -0.39999999999999991       0.70000000000000007       0.66794311151368047     
 -0.29999999999999993       0.70000000000000007       0.93244909188549985     
 -0.19999999999999993       0.70000000000000007       0.84878439671265160     
  -9.9999999999999978E-002  0.70000000000000007       0.43434570863273525     
   2.7755575615628914E-017  0.70000000000000007      -0.14282117235247938     
  0.10000000000000009       0.70000000000000007      -0.68832345681175300     
  0.20000000000000009       0.70000000000000007      -0.96224371597167346     
  0.30000000000000016       0.70000000000000007      -0.87544925178715438     
  0.40000000000000013       0.70000000000000007      -0.44569395319948546     
  0.50000000000000011       0.70000000000000007       0.14704861236257288     
  0.60000000000000009       0.70000000000000007       0.69277707661175192     
  0.70000000000000007       0.70000000000000007       0.96630463847304537     
  0.80000000000000004       0.70000000000000007       0.88013788801986892     
  0.90000000000000002       0.70000000000000007       0.45030000865577158     
   1.0000000000000000       0.70000000000000007      -0.13977538901753875     
  -1.0000000000000000       0.80000000000000004      -0.13467181095686456     
 -0.90000000000000002       0.80000000000000004      -0.60500307843037182     
 -0.80000000000000004       0.80000000000000004      -0.84558549598995203     
 -0.69999999999999996       0.80000000000000004      -0.76914171712144552     
 -0.59999999999999998       0.80000000000000004      -0.39223187848345681     
 -0.49999999999999994       0.80000000000000004       0.12957278024901903     
 -0.39999999999999991       0.80000000000000004       0.60855486080671761     
 -0.29999999999999993       0.80000000000000004       0.84930128619261780     
 -0.19999999999999993       0.80000000000000004       0.77292289389978697     
  -9.9999999999999978E-002  0.80000000000000004       0.39533239092342837     
   2.7755575615628914E-017  0.80000000000000004      -0.13037627822105810     
  0.10000000000000009       0.80000000000000004      -0.62712498217647794     
  0.20000000000000009       0.80000000000000004      -0.87643907262462595     
  0.30000000000000016       0.80000000000000004      -0.79720320043552062     
  0.40000000000000013       0.80000000000000004      -0.40565828733603837     
  0.50000000000000011       0.80000000000000004       0.13422890252988531     
  0.60000000000000009       0.80000000000000004       0.63118221935704943     
  0.70000000000000007       0.80000000000000004       0.88013788801987003     
  0.80000000000000004       0.80000000000000004       0.80147411705472438     
  0.90000000000000002       0.80000000000000004       0.40985373874367587     
   1.0000000000000000       0.80000000000000004      -0.12759911823429698     
  -1.0000000000000000       0.90000000000000002       -6.9219046785883351E-002
 -0.90000000000000002       0.90000000000000002      -0.30972752657098196     
 -0.80000000000000004       0.90000000000000002      -0.43262103239038302     
 -0.69999999999999996       0.90000000000000002      -0.39331846009771088     
 -0.59999999999999998       0.90000000000000002      -0.20036409293950713     
 -0.49999999999999994       0.90000000000000002        6.6604647339469414E-002
 -0.39999999999999991       0.90000000000000002       0.31154322635802723     
 -0.29999999999999993       0.90000000000000002       0.43452324869124798     
 -0.19999999999999993       0.90000000000000002       0.39525335826437968     
  -9.9999999999999978E-002  0.90000000000000002       0.20194940016821794     
   2.7755575615628914E-017  0.90000000000000002       -6.7025468724924667E-002
  0.10000000000000009       0.90000000000000002      -0.32105203576392521     
  0.20000000000000009       0.90000000000000002      -0.44840759221229276     
  0.30000000000000016       0.90000000000000002      -0.40766822103891476     
  0.40000000000000013       0.90000000000000002      -0.20722085726672274     
  0.50000000000000011       0.90000000000000002        6.8998946643419712E-002
  0.60000000000000009       0.90000000000000002       0.32312865080368919     
  0.70000000000000007       0.90000000000000002       0.45030000865577285     
  0.80000000000000004       0.90000000000000002       0.40985373874367281     
  0.90000000000000002       0.90000000000000002       0.20936749027402374     
   1.0000000000000000       0.90000000000000002       -6.5601314218231066E-002
  -1.0000000000000000        1.0000000000000000        2.0884731565017172E-002
 -0.90000000000000002        1.0000000000000000        9.5775340248687502E-002
 -0.80000000000000004        1.0000000000000000       0.13428988410914752     
 -0.69999999999999996        1.0000000000000000       0.12245367980270497     
 -0.59999999999999998        1.0000000000000000        6.2783191349487164E-002
 -0.49999999999999994        1.0000000000000000       -2.0083828125332784E-002
 -0.39999999999999991        1.0000000000000000       -9.6341741175098375E-002
 -0.29999999999999993        1.0000000000000000      -0.13487820789056293     
 -0.19999999999999993        1.0000000000000000      -0.12305360833868370     
  -9.9999999999999978E-002   1.0000000000000000       -6.3277153407278686E-002
   2.7755575615628914E-017   1.0000000000000000        2.0196034046334615E-002
  0.10000000000000009        1.0000000000000000        9.9278405252587881E-002
  0.20000000000000009        1.0000000000000000       0.13918799666601658     
  0.30000000000000016        1.0000000000000000       0.12692150342669950     
  0.40000000000000013        1.0000000000000000        6.4935249228620956E-002
  0.50000000000000011        1.0000000000000000       -2.0804104565777699E-002
  0.60000000000000009        1.0000000000000000       -9.9921419444945356E-002
  0.70000000000000007        1.0000000000000000      -0.13977538901753811     
  0.80000000000000004        1.0000000000000000      -0.12759911823429357     
  0.90000000000000002        1.0000000000000000       -6.5601314218232981E-002
   1.0000000000000000        1.0000000000000000        1.9760199218502007E-002
