  -1.0000000000000000       -1.0000000000000000       0.33870411533047662     
 -0.90000000000000002       -1.0000000000000000       0.53352687079936978     
 -0.80000000000000004       -1.0000000000000000       0.52891412108365565     
 -0.69999999999999996       -1.0000000000000000       0.32960442856220129     
 -0.59999999999999998       -1.0000000000000000       -3.3274206098602320E-003
 -0.49999999999999994       -1.0000000000000000      -0.34167247881285795     
 -0.39999999999999991       -1.0000000000000000      -0.55590653977308646     
 -0.29999999999999993       -1.0000000000000000      -0.55288064526182434     
 -0.19999999999999993       -1.0000000000000000      -0.34532054668075757     
  -9.9999999999999978E-002  -1.0000000000000000       -1.9379928503490549E-004
   2.7755575615628914E-017  -1.0000000000000000       0.33771344455966518     
  0.10000000000000009       -1.0000000000000000       0.55272184480309194     
  0.20000000000000009       -1.0000000000000000       0.54885090809881854     
  0.30000000000000016       -1.0000000000000000       0.34172492136149113     
  0.40000000000000013       -1.0000000000000000       -4.2591397052241051E-003
  0.50000000000000011       -1.0000000000000000      -0.34157705281562861     
  0.60000000000000009       -1.0000000000000000      -0.55742967444741520     
  0.70000000000000007       -1.0000000000000000      -0.55283190240744939     
  0.80000000000000004       -1.0000000000000000      -0.34638260035131962     
  0.90000000000000002       -1.0000000000000000       -4.2114538930529221E-004
   1.0000000000000000       -1.0000000000000000       0.33169000762879586     
  -1.0000000000000000      -0.90000000000000002       0.53352687079936623     
 -0.90000000000000002      -0.90000000000000002       0.84021925228786520     
 -0.80000000000000004      -0.90000000000000002       0.83283553212557815     
 -0.69999999999999996      -0.90000000000000002       0.51887985712700790     
 -0.59999999999999998      -0.90000000000000002       -5.4365418125276758E-003
 -0.49999999999999994      -0.90000000000000002      -0.53820327460039408     
 -0.39999999999999991      -0.90000000000000002      -0.87546185843192925     
 -0.29999999999999993      -0.90000000000000002      -0.87057376866316705     
 -0.19999999999999993      -0.90000000000000002      -0.54362214818872612     
  -9.9999999999999978E-002 -0.90000000000000002       -1.0415883727248886E-004
   2.7755575615628914E-017 -0.90000000000000002       0.53196981687354494     
  0.10000000000000009      -0.90000000000000002       0.87044794913136980     
  0.20000000000000009      -0.90000000000000002       0.86422861761939274     
  0.30000000000000016      -0.90000000000000002       0.53796070725527600     
  0.40000000000000013      -0.90000000000000002       -6.9078346194010043E-003
  0.50000000000000011      -0.90000000000000002      -0.53805318886494902     
  0.60000000000000009      -0.90000000000000002      -0.87786170124743057     
  0.70000000000000007      -0.90000000000000002      -0.87049719805053005     
  0.80000000000000004      -0.90000000000000002      -0.54529590444613529     
  0.90000000000000002      -0.90000000000000002       -4.6234947951520258E-004
   1.0000000000000000      -0.90000000000000002       0.52248108034108565     
  -1.0000000000000000      -0.80000000000000004       0.52891412108363667     
 -0.90000000000000002      -0.80000000000000004       0.83283553212557904     
 -0.80000000000000004      -0.80000000000000004       0.82544265202966816     
 -0.69999999999999996      -0.80000000000000004       0.51419952945631409     
 -0.59999999999999998      -0.80000000000000004       -5.5105793547486400E-003
 -0.49999999999999994      -0.80000000000000004      -0.53355048837768426     
 -0.39999999999999991      -0.80000000000000004      -0.86776732551969271     
 -0.29999999999999993      -0.80000000000000004      -0.86284602821404299     
 -0.19999999999999993      -0.80000000000000004      -0.53871938071623204     
  -9.9999999999999978E-002 -0.80000000000000004        2.1457427000046451E-005
   2.7755575615628914E-017 -0.80000000000000004       0.52737266919306147     
  0.10000000000000009      -0.80000000000000004       0.86279839228868460     
  0.20000000000000009      -0.80000000000000004       0.85655728162771028     
  0.30000000000000016      -0.80000000000000004       0.53310836917726956     
  0.40000000000000013      -0.80000000000000004       -6.9714141700725884E-003
  0.50000000000000011      -0.80000000000000004      -0.53340184247277200     
  0.60000000000000009      -0.80000000000000004      -0.87014679217781821     
  0.70000000000000007      -0.80000000000000004      -0.86277024931522972     
  0.80000000000000004      -0.80000000000000004      -0.54037916766617233     
  0.90000000000000002      -0.80000000000000004       -3.3368286997606419E-004
   1.0000000000000000      -0.80000000000000004       0.51796558804667492     
  -1.0000000000000000      -0.69999999999999996       0.32960442856220523     
 -0.90000000000000002      -0.69999999999999996       0.51887985712700935     
 -0.80000000000000004      -0.69999999999999996       0.51419952945631309     
 -0.69999999999999996      -0.69999999999999996       0.32023971204171647     
 -0.59999999999999998      -0.69999999999999996       -3.5555672582649163E-003
 -0.49999999999999994      -0.69999999999999996      -0.33249407867066788     
 -0.39999999999999991      -0.69999999999999996      -0.54064223189936267     
 -0.29999999999999993      -0.69999999999999996      -0.53749964429148955     
 -0.19999999999999993      -0.69999999999999996      -0.33551123677542100     
  -9.9999999999999978E-002 -0.69999999999999996        1.3859056667290512E-004
   2.7755575615628914E-017 -0.69999999999999996       0.32864598777563248     
  0.10000000000000009      -0.69999999999999996       0.53754736576819417     
  0.20000000000000009      -0.69999999999999996       0.53358222601280569     
  0.30000000000000016      -0.69999999999999996       0.33201609979984087     
  0.40000000000000013      -0.69999999999999996       -4.4681901172818192E-003
  0.50000000000000011      -0.69999999999999996      -0.33240158951084547     
  0.60000000000000009      -0.69999999999999996      -0.54212542253693530     
  0.70000000000000007      -0.69999999999999996      -0.53745255123429536     
  0.80000000000000004      -0.69999999999999996      -0.33654607301367756     
  0.90000000000000002      -0.69999999999999996       -8.2769567495107635E-005
   1.0000000000000000      -0.69999999999999996       0.32278337538431617     
  -1.0000000000000000      -0.59999999999999998       -3.3274206098454265E-003
 -0.90000000000000002      -0.59999999999999998       -5.4365418125201662E-003
 -0.80000000000000004      -0.59999999999999998       -5.5105793547229054E-003
 -0.69999999999999996      -0.59999999999999998       -3.5555672582641145E-003
 -0.59999999999999998      -0.59999999999999998       -1.6521528150733301E-004
 -0.49999999999999994      -0.59999999999999998        3.3559364981217876E-003
 -0.39999999999999991      -0.59999999999999998        5.6663945040015531E-003
 -0.29999999999999993      -0.59999999999999998        5.7600613493917615E-003
 -0.19999999999999993      -0.59999999999999998        3.7238983342413388E-003
  -9.9999999999999978E-002 -0.59999999999999998        2.0581671605024890E-004
   2.7755575615628914E-017 -0.59999999999999998       -3.3141891267826420E-003
  0.10000000000000009      -0.59999999999999998       -5.6324480309704718E-003
  0.20000000000000009      -0.59999999999999998       -5.7179458396804097E-003
  0.30000000000000016      -0.59999999999999998       -3.6861521251179987E-003
  0.40000000000000013      -0.59999999999999998       -1.5976147173970781E-004
  0.50000000000000011      -0.59999999999999998        3.3547665224097686E-003
  0.60000000000000009      -0.59999999999999998        5.6807489719336310E-003
  0.70000000000000007      -0.59999999999999998        5.7593704397663446E-003
  0.80000000000000004      -0.59999999999999998        3.7335118451489774E-003
  0.90000000000000002      -0.59999999999999998        2.0797416552705280E-004
   1.0000000000000000      -0.59999999999999998       -3.2556396270304578E-003
  -1.0000000000000000      -0.49999999999999994      -0.34167247881285578     
 -0.90000000000000002      -0.49999999999999994      -0.53820327460039430     
 -0.80000000000000004      -0.49999999999999994      -0.53355048837767993     
 -0.69999999999999996      -0.49999999999999994      -0.33249407867066744     
 -0.59999999999999998      -0.49999999999999994        3.3559364981238160E-003
 -0.49999999999999994      -0.49999999999999994       0.34466685460183638     
 -0.39999999999999991      -0.49999999999999994       0.56077910899031291     
 -0.29999999999999993      -0.49999999999999994       0.55772709815679977     
 -0.19999999999999993      -0.49999999999999994       0.34834797647538207     
  -9.9999999999999978E-002 -0.49999999999999994        1.9616249834439537E-004
   2.7755575615628914E-017 -0.49999999999999994      -0.34067311452103249     
  0.10000000000000009      -0.49999999999999994      -0.55756649504598188     
  0.20000000000000009      -0.49999999999999994      -0.55366203664433822     
  0.30000000000000016      -0.49999999999999994      -0.34472083160385875     
  0.40000000000000013      -0.49999999999999994        4.2958090655494715E-003
  0.50000000000000011      -0.49999999999999994       0.34457059153700059     
  0.60000000000000009      -0.49999999999999994       0.56231559025662436     
  0.70000000000000007      -0.49999999999999994       0.55767792743310718     
  0.80000000000000004      -0.49999999999999994       0.34941933517270746     
  0.90000000000000002      -0.49999999999999994        4.2550078520088840E-004
   1.0000000000000000      -0.49999999999999994      -0.33459689093616457     
  -1.0000000000000000      -0.39999999999999991      -0.55590653977304749     
 -0.90000000000000002      -0.39999999999999991      -0.87546185843191948     
 -0.80000000000000004      -0.39999999999999991      -0.86776732551966729     
 -0.69999999999999996      -0.39999999999999991      -0.54064223189936267     
 -0.59999999999999998      -0.39999999999999991        5.6663945040169132E-003
 -0.49999999999999994      -0.39999999999999991       0.56077910899031258     
 -0.39999999999999991      -0.39999999999999991       0.91218268280454151     
 -0.29999999999999993      -0.39999999999999991       0.90708842673029255     
 -0.19999999999999993      -0.39999999999999991       0.56642225207051411     
  -9.9999999999999978E-002 -0.39999999999999991        1.0666508625033394E-004
   2.7755575615628914E-017 -0.39999999999999991      -0.55428420461371875     
  0.10000000000000009      -0.39999999999999991      -0.90695848106519306     
  0.20000000000000009      -0.39999999999999991      -0.90047714092591624     
  0.30000000000000016      -0.39999999999999991      -0.56052335473909931     
  0.40000000000000013      -0.39999999999999991        7.1994369620333116E-003
  0.50000000000000011      -0.39999999999999991       0.56062272977893057     
  0.60000000000000009      -0.39999999999999991       0.91468319656787833     
  0.70000000000000007      -0.39999999999999991       0.90700864617280830     
  0.80000000000000004      -0.39999999999999991       0.56816622429010566     
  0.90000000000000002      -0.39999999999999991        4.7988131975566946E-004
   1.0000000000000000      -0.39999999999999991      -0.54439744159998404     
  -1.0000000000000000      -0.29999999999999993      -0.55288064526182168     
 -0.90000000000000002      -0.29999999999999993      -0.87057376866316627     
 -0.80000000000000004      -0.29999999999999993      -0.86284602821403722     
 -0.69999999999999996      -0.29999999999999993      -0.53749964429148778     
 -0.59999999999999998      -0.29999999999999993        5.7600613493964869E-003
 -0.49999999999999994      -0.29999999999999993       0.55772709815680077     
 -0.39999999999999991      -0.29999999999999993       0.90708842673029777     
 -0.29999999999999993      -0.29999999999999993       0.90194426758073099     
 -0.19999999999999993      -0.29999999999999993       0.56313057139714273     
  -9.9999999999999978E-002 -0.29999999999999993       -2.2205955651075321E-005
   2.7755575615628914E-017 -0.29999999999999993      -0.55126934219997059     
  0.10000000000000009      -0.29999999999999993      -0.90189433482098380     
  0.20000000000000009      -0.29999999999999993      -0.89537055819271627     
  0.30000000000000016      -0.29999999999999993      -0.55726530713778066     
  0.40000000000000013      -0.29999999999999993        7.2870865056136611E-003
  0.50000000000000011      -0.29999999999999993       0.55757171644522530     
  0.60000000000000009      -0.29999999999999993       0.90957571276811056     
  0.70000000000000007      -0.29999999999999993       0.90186505470224176     
  0.80000000000000004      -0.29999999999999993       0.56486556685656042     
  0.90000000000000002      -0.29999999999999993        3.4902661874427825E-004
   1.0000000000000000      -0.29999999999999993      -0.54143600154850302     
  -1.0000000000000000      -0.19999999999999993      -0.34532054668076018     
 -0.90000000000000002      -0.19999999999999993      -0.54362214818872312     
 -0.80000000000000004      -0.19999999999999993      -0.53871938071623526     
 -0.69999999999999996      -0.19999999999999993      -0.33551123677542055     
 -0.59999999999999998      -0.19999999999999993        3.7238983342293801E-003
 -0.49999999999999994      -0.19999999999999993       0.34834797647538057     
 -0.39999999999999991      -0.19999999999999993       0.56642225207051600     
 -0.29999999999999993      -0.19999999999999993       0.56313057139714040     
 -0.19999999999999993      -0.19999999999999993       0.35151101948107144     
  -9.9999999999999978E-002 -0.19999999999999993       -1.4395767408019507E-004
   2.7755575615628914E-017 -0.19999999999999993      -0.34431638446741947     
  0.10000000000000009      -0.19999999999999993      -0.56317980108800869     
  0.20000000000000009      -0.19999999999999993      -0.55902634839304943     
  0.30000000000000016      -0.19999999999999993      -0.34784921347563241     
  0.40000000000000013      -0.19999999999999993        4.6800141992879782E-003
  0.50000000000000011      -0.19999999999999993       0.34825107584648163     
  0.60000000000000009      -0.19999999999999993       0.56797616013913221     
  0.70000000000000007      -0.19999999999999993       0.56308123156811829     
  0.80000000000000004      -0.19999999999999993       0.35259519352161511     
  0.90000000000000002      -0.19999999999999993        8.7956832542060299E-005
   1.0000000000000000      -0.19999999999999993      -0.33817423623327936     
  -1.0000000000000000       -9.9999999999999978E-002  -1.9379928503704923E-004
 -0.90000000000000002       -9.9999999999999978E-002  -1.0415883727414014E-004
 -0.80000000000000004       -9.9999999999999978E-002   2.1457427000695549E-005
 -0.69999999999999996       -9.9999999999999978E-002   1.3859056667225145E-004
 -0.59999999999999998       -9.9999999999999978E-002   2.0581671604893260E-004
 -0.49999999999999994       -9.9999999999999978E-002   1.9616249834409689E-004
 -0.39999999999999991       -9.9999999999999978E-002   1.0666508624836127E-004
 -0.29999999999999993       -9.9999999999999978E-002  -2.2205955649267980E-005
 -0.19999999999999993       -9.9999999999999978E-002  -1.4395767408027722E-004
  -9.9999999999999978E-002  -9.9999999999999978E-002  -2.0999331722665790E-004
   2.7755575615628914E-017  -9.9999999999999978E-002  -1.9683781821525995E-004
  0.10000000000000009       -9.9999999999999978E-002  -1.0758376819289473E-004
  0.20000000000000009       -9.9999999999999978E-002   2.1907578806860482E-005
  0.30000000000000016       -9.9999999999999978E-002   1.4351853978639950E-004
  0.40000000000000013       -9.9999999999999978E-002   2.1016136847274230E-004
  0.50000000000000011       -9.9999999999999978E-002   1.9634749131976716E-004
  0.60000000000000009       -9.9999999999999978E-002   1.0816384002453612E-004
  0.70000000000000007       -9.9999999999999978E-002  -2.2015341852301710E-005
  0.80000000000000004       -9.9999999999999978E-002  -1.4250497206168394E-004
  0.90000000000000002       -9.9999999999999978E-002  -2.0978492167977809E-004
   1.0000000000000000       -9.9999999999999978E-002  -1.9274774928965772E-004
  -1.0000000000000000        2.7755575615628914E-017  0.33771344455963154     
 -0.90000000000000002        2.7755575615628914E-017  0.53196981687354217     
 -0.80000000000000004        2.7755575615628914E-017  0.52737266919303716     
 -0.69999999999999996        2.7755575615628914E-017  0.32864598777563325     
 -0.59999999999999998        2.7755575615628914E-017  -3.3141891268024704E-003
 -0.49999999999999994        2.7755575615628914E-017 -0.34067311452103499     
 -0.39999999999999991        2.7755575615628914E-017 -0.55428420461371397     
 -0.29999999999999993        2.7755575615628914E-017 -0.55126934219996937     
 -0.19999999999999993        2.7755575615628914E-017 -0.34431638446742102     
  -9.9999999999999978E-002   2.7755575615628914E-017  -1.9683781821618851E-004
   2.7755575615628914E-017   2.7755575615628914E-017  0.33672560952426617     
  0.10000000000000009        2.7755575615628914E-017  0.55110877747489317     
  0.20000000000000009        2.7755575615628914E-017  0.54725134689160837     
  0.30000000000000016        2.7755575615628914E-017  0.34073123309520154     
  0.40000000000000013        2.7755575615628914E-017  -4.2431176749468912E-003
  0.50000000000000011        2.7755575615628914E-017 -0.34057796351831365     
  0.60000000000000009        2.7755575615628914E-017 -0.55580287353037761     
  0.70000000000000007        2.7755575615628914E-017 -0.55122073816260586     
  0.80000000000000004        2.7755575615628914E-017 -0.34537531724415499     
  0.90000000000000002        2.7755575615628914E-017  -4.2351761475088365E-004
   1.0000000000000000        2.7755575615628914E-017  0.33071980150742286     
  -1.0000000000000000       0.10000000000000009       0.55272184480308784     
 -0.90000000000000002       0.10000000000000009       0.87044794913136747     
 -0.80000000000000004       0.10000000000000009       0.86279839228868249     
 -0.69999999999999996       0.10000000000000009       0.53754736576819240     
 -0.59999999999999998       0.10000000000000009       -5.6324480309715621E-003
 -0.49999999999999994       0.10000000000000009      -0.55756649504598144     
 -0.39999999999999991       0.10000000000000009      -0.90695848106519583     
 -0.29999999999999993       0.10000000000000009      -0.90189433482098180     
 -0.19999999999999993       0.10000000000000009      -0.56317980108801036     
  -9.9999999999999978E-002  0.10000000000000009       -1.0758376819144605E-004
   2.7755575615628914E-017  0.10000000000000009       0.55110877747489218     
  0.10000000000000009       0.10000000000000009       0.90176418794330560     
  0.20000000000000009       0.10000000000000009       0.89532090498687333     
  0.30000000000000016       0.10000000000000009       0.55731467937329260     
  0.40000000000000013       0.10000000000000009       -7.1566801772271820E-003
  0.50000000000000011       0.10000000000000009      -0.55741100996260651     
  0.60000000000000009       0.10000000000000009      -0.90944466523833900     
  0.70000000000000007       0.10000000000000009      -0.90181500972237238     
  0.80000000000000004       0.10000000000000009      -0.56491377623669170     
  0.90000000000000002       0.10000000000000009       -4.7866134000486065E-004
   1.0000000000000000       0.10000000000000009       0.54127865874470504     
  -1.0000000000000000       0.20000000000000009       0.54885090809879244     
 -0.90000000000000002       0.20000000000000009       0.86422861761939185     
 -0.80000000000000004       0.20000000000000009       0.85655728162769362     
 -0.69999999999999996       0.20000000000000009       0.53358222601280969     
 -0.59999999999999998       0.20000000000000009       -5.7179458396671131E-003
 -0.49999999999999994       0.20000000000000009      -0.55366203664434144     
 -0.39999999999999991       0.20000000000000009      -0.90047714092590414     
 -0.29999999999999993       0.20000000000000009      -0.89537055819272005     
 -0.19999999999999993       0.20000000000000009      -0.55902634839305099     
  -9.9999999999999978E-002  0.20000000000000009        2.1907578804503497E-005
   2.7755575615628914E-017  0.20000000000000009       0.54725134689159505     
  0.10000000000000009       0.20000000000000009       0.89532090498687344     
  0.20000000000000009       0.20000000000000009       0.88884476046517136     
  0.30000000000000016       0.20000000000000009       0.55320383217311742     
  0.40000000000000013       0.20000000000000009       -7.2338387272834663E-003
  0.50000000000000011       0.20000000000000009      -0.55350778727995198     
  0.60000000000000009       0.20000000000000009      -0.90294629767495904     
  0.70000000000000007       0.20000000000000009      -0.89529192252217282     
  0.80000000000000004       0.20000000000000009      -0.56074869755051659     
  0.90000000000000002       0.20000000000000009       -3.4661916196854567E-004
   1.0000000000000000       0.20000000000000009       0.53748967816884441     
  -1.0000000000000000       0.30000000000000016       0.34172492136149019     
 -0.90000000000000002       0.30000000000000016       0.53796070725527445     
 -0.80000000000000004       0.30000000000000016       0.53310836917726834     
 -0.69999999999999996       0.30000000000000016       0.33201609979983970     
 -0.59999999999999998       0.30000000000000016       -3.6861521251174709E-003
 -0.49999999999999994       0.30000000000000016      -0.34472083160385719     
 -0.39999999999999991       0.30000000000000016      -0.56052335473909876     
 -0.29999999999999993       0.30000000000000016      -0.55726530713778077     
 -0.19999999999999993       0.30000000000000016      -0.34784921347563275     
  -9.9999999999999978E-002  0.30000000000000016        1.4351853978751927E-004
   2.7755575615628914E-017  0.30000000000000016       0.34073123309519926     
  0.10000000000000009       0.30000000000000016       0.55731467937329382     
  0.20000000000000009       0.30000000000000016       0.55320383217311653     
  0.30000000000000016       0.30000000000000016       0.34422554836083880     
  0.40000000000000013       0.30000000000000016       -4.6323316962426885E-003
  0.50000000000000011       0.30000000000000016      -0.34462494115872427     
  0.60000000000000009       0.30000000000000016      -0.56206108601506621     
  0.70000000000000007       0.30000000000000016      -0.55721648215910358     
  0.80000000000000004       0.30000000000000016      -0.34892210290285358     
  0.90000000000000002       0.30000000000000016       -8.5981571431514265E-005
   1.0000000000000000       0.30000000000000016       0.33465303628419457     
  -1.0000000000000000       0.40000000000000013       -4.2591397051993810E-003
 -0.90000000000000002       0.40000000000000013       -6.9078346193951244E-003
 -0.80000000000000004       0.40000000000000013       -6.9714141700539115E-003
 -0.69999999999999996       0.40000000000000013       -4.4681901172795102E-003
 -0.59999999999999998       0.40000000000000013       -1.5976147172059088E-004
 -0.49999999999999994       0.40000000000000013        4.2958090655493726E-003
 -0.39999999999999991       0.40000000000000013        7.1994369620353178E-003
 -0.29999999999999993       0.40000000000000013        7.2870865056095507E-003
 -0.19999999999999993       0.40000000000000013        4.6800141992945164E-003
  -9.9999999999999978E-002  0.40000000000000013        2.1016136847173673E-004
   2.7755575615628914E-017  0.40000000000000013       -4.2431176749491012E-003
  0.10000000000000009       0.40000000000000013       -7.1566801772262071E-003
  0.20000000000000009       0.40000000000000013       -7.2338387272976520E-003
  0.30000000000000016       0.40000000000000013       -4.6323316962424803E-003
  0.40000000000000013       0.40000000000000013       -1.5181363863952762E-004
  0.50000000000000011       0.40000000000000013        4.2943722202026420E-003
  0.60000000000000009       0.40000000000000013        7.2179699466990493E-003
  0.70000000000000007       0.40000000000000013        7.2862575447285756E-003
  0.80000000000000004       0.40000000000000013        4.6925338724564140E-003
  0.90000000000000002       0.40000000000000013        2.1294277543863914E-004
   1.0000000000000000       0.40000000000000013       -4.1680104028186393E-003
  -1.0000000000000000       0.50000000000000011      -0.34157705281562556     
 -0.90000000000000002       0.50000000000000011      -0.53805318886494813     
 -0.80000000000000004       0.50000000000000011      -0.53340184247277223     
 -0.69999999999999996       0.50000000000000011      -0.33240158951084414     
 -0.59999999999999998       0.50000000000000011        3.3547665224099377E-003
 -0.49999999999999994       0.50000000000000011       0.34457059153699926     
 -0.39999999999999991       0.50000000000000011       0.56062272977893302     
 -0.29999999999999993       0.50000000000000011       0.55757171644522374     
 -0.19999999999999993       0.50000000000000011       0.34825107584648468     
  -9.9999999999999978E-002  0.50000000000000011        1.9634749131965064E-004
   2.7755575615628914E-017  0.50000000000000011      -0.34057796351831265     
  0.10000000000000009       0.50000000000000011      -0.55741100996260617     
  0.20000000000000009       0.50000000000000011      -0.55350778727995187     
  0.30000000000000016       0.50000000000000011      -0.34462494115872411     
  0.40000000000000013       0.50000000000000011        4.2943722202031069E-003
  0.50000000000000011       0.50000000000000011       0.34447435508702606     
  0.60000000000000009       0.50000000000000011       0.56215878120363538     
  0.70000000000000007       0.50000000000000011       0.55752255920559957     
  0.80000000000000004       0.50000000000000011       0.34932213436449705     
  0.90000000000000002       0.50000000000000011        4.2562163850499003E-004
   1.0000000000000000       0.50000000000000011      -0.33450343769738278     
  -1.0000000000000000       0.60000000000000009      -0.55742967444737190     
 -0.90000000000000002       0.60000000000000009      -0.87786170124742469     
 -0.80000000000000004       0.60000000000000009      -0.87014679217778557     
 -0.69999999999999996       0.60000000000000009      -0.54212542253693385     
 -0.59999999999999998       0.60000000000000009        5.6807489719407607E-003
 -0.49999999999999994       0.60000000000000009       0.56231559025662470     
 -0.39999999999999991       0.60000000000000009       0.91468319656786701     
 -0.29999999999999993       0.60000000000000009       0.90957571276810745     
 -0.19999999999999993       0.60000000000000009       0.56797616013912944     
  -9.9999999999999978E-002  0.60000000000000009        1.0816384002634586E-004
   2.7755575615628914E-017  0.60000000000000009      -0.55580287353037106     
  0.10000000000000009       0.60000000000000009      -0.90944466523833645     
  0.20000000000000009       0.60000000000000009      -0.90294629767495938     
  0.30000000000000016       0.60000000000000009      -0.56206108601506777     
  0.40000000000000013       0.60000000000000009        7.2179699466903289E-003
  0.50000000000000011       0.60000000000000009       0.56215878120363338     
  0.60000000000000009       0.60000000000000009       0.91719055791528548     
  0.70000000000000007       0.60000000000000009       0.90949571236411608     
  0.80000000000000004       0.60000000000000009       0.56972490583492152     
  0.90000000000000002       0.60000000000000009        4.8240220293308168E-004
   1.0000000000000000       0.60000000000000009      -0.54588902535861961     
  -1.0000000000000000       0.70000000000000007      -0.55283190240744751     
 -0.90000000000000002       0.70000000000000007      -0.87049719805052794     
 -0.80000000000000004       0.70000000000000007      -0.86277024931522783     
 -0.69999999999999996       0.70000000000000007      -0.53745255123429314     
 -0.59999999999999998       0.70000000000000007        5.7593704397684914E-003
 -0.49999999999999994       0.70000000000000007       0.55767792743310507     
 -0.39999999999999991       0.70000000000000007       0.90700864617281207     
 -0.29999999999999993       0.70000000000000007       0.90186505470223921     
 -0.19999999999999993       0.70000000000000007       0.56308123156811973     
  -9.9999999999999978E-002  0.70000000000000007       -2.2015341853945195E-005
   2.7755575615628914E-017  0.70000000000000007      -0.55122073816260642     
  0.10000000000000009       0.70000000000000007      -0.90181500972237083     
  0.20000000000000009       0.70000000000000007      -0.89529192252217249     
  0.30000000000000016       0.70000000000000007      -0.55721648215910236     
  0.40000000000000013       0.70000000000000007        7.2862575447314353E-003
  0.50000000000000011       0.70000000000000007       0.55752255920559979     
  0.60000000000000009       0.70000000000000007       0.90949571236411908     
  0.70000000000000007       0.70000000000000007       0.90178584861116440     
  0.80000000000000004       0.70000000000000007       0.56481607330975647     
  0.90000000000000002       0.70000000000000007        3.4918443406927379E-004
   1.0000000000000000       0.70000000000000007      -0.54138826501155812     
  -1.0000000000000000       0.80000000000000004      -0.34638260035132667     
 -0.90000000000000002       0.80000000000000004      -0.54529590444613496     
 -0.80000000000000004       0.80000000000000004      -0.54037916766616856     
 -0.69999999999999996       0.80000000000000004      -0.33654607301367978     
 -0.59999999999999998       0.80000000000000004        3.7335118451410306E-003
 -0.49999999999999994       0.80000000000000004       0.34941933517270746     
 -0.39999999999999991       0.80000000000000004       0.56816622429009589     
 -0.29999999999999993       0.80000000000000004       0.56486556685656153     
 -0.19999999999999993       0.80000000000000004       0.35259519352159963     
  -9.9999999999999978E-002  0.80000000000000004       -1.4250497206197543E-004
   2.7755575615628914E-017  0.80000000000000004      -0.34537531724415160     
  0.10000000000000009       0.80000000000000004      -0.56491377623668937     
  0.20000000000000009       0.80000000000000004      -0.56074869755050050     
  0.30000000000000016       0.80000000000000004      -0.34892210290285341     
  0.40000000000000013       0.80000000000000004        4.6925338724565615E-003
  0.50000000000000011       0.80000000000000004       0.34932213436449544     
  0.60000000000000009       0.80000000000000004       0.56972490583491242     
  0.70000000000000007       0.80000000000000004       0.56481607330975547     
  0.80000000000000004       0.80000000000000004       0.35368269439080285     
  0.90000000000000002       0.80000000000000004        9.0122098274938252E-005
   1.0000000000000000       0.80000000000000004      -0.33921428426893641     
  -1.0000000000000000       0.90000000000000002       -4.2114538930741106E-004
 -0.90000000000000002       0.90000000000000002       -4.6234947951595833E-004
 -0.80000000000000004       0.90000000000000002       -3.3368286997399098E-004
 -0.69999999999999996       0.90000000000000002       -8.2769567495704746E-005
 -0.59999999999999998       0.90000000000000002        2.0797416552510947E-004
 -0.49999999999999994       0.90000000000000002        4.2550078520012778E-004
 -0.39999999999999991       0.90000000000000002        4.7988131975086769E-004
 -0.29999999999999993       0.90000000000000002        3.4902661874540507E-004
 -0.19999999999999993       0.90000000000000002        8.7956832541464137E-005
  -9.9999999999999978E-002  0.90000000000000002       -2.0978492168013032E-004
   2.7755575615628914E-017  0.90000000000000002       -4.2351761474874908E-004
  0.10000000000000009       0.90000000000000002       -4.7866134000515724E-004
  0.20000000000000009       0.90000000000000002       -3.4661916196376163E-004
  0.30000000000000016       0.90000000000000002       -8.5981571431228686E-005
  0.40000000000000013       0.90000000000000002        2.1294277543963401E-004
  0.50000000000000011       0.90000000000000002        4.2562163850530342E-004
  0.60000000000000009       0.90000000000000002        4.8240220292783637E-004
  0.70000000000000007       0.90000000000000002        3.4918443406931245E-004
  0.80000000000000004       0.90000000000000002        9.0122098272549077E-005
  0.90000000000000002       0.90000000000000002       -2.0942395422146384E-004
   1.0000000000000000       0.90000000000000002       -4.1538471167498569E-004
  -1.0000000000000000        1.0000000000000000       0.33169000762874140     
 -0.90000000000000002        1.0000000000000000       0.52248108034107987     
 -0.80000000000000004        1.0000000000000000       0.51796558804664827     
 -0.69999999999999996        1.0000000000000000       0.32278337538431484     
 -0.59999999999999998        1.0000000000000000       -3.2556396270562939E-003
 -0.49999999999999994        1.0000000000000000      -0.33459689093616662     
 -0.39999999999999991        1.0000000000000000      -0.54439744159998804     
 -0.29999999999999993        1.0000000000000000      -0.54143600154850036     
 -0.19999999999999993        1.0000000000000000      -0.33817423623328186     
  -9.9999999999999978E-002   1.0000000000000000       -1.9274774929114947E-004
   2.7755575615628914E-017   1.0000000000000000       0.33071980150743024     
  0.10000000000000009        1.0000000000000000       0.54127865874470393     
  0.20000000000000009        1.0000000000000000       0.53748967816885662     
  0.30000000000000016        1.0000000000000000       0.33465303628419407     
  0.40000000000000013        1.0000000000000000       -4.1680104028197452E-003
  0.50000000000000011        1.0000000000000000      -0.33450343769738167     
  0.60000000000000009        1.0000000000000000      -0.54588902535863404     
  0.70000000000000007        1.0000000000000000      -0.54138826501155579     
  0.80000000000000004        1.0000000000000000      -0.33921428426894096     
  0.90000000000000002        1.0000000000000000       -4.1538471167829505E-004
   1.0000000000000000        1.0000000000000000       0.32482111095706051     
