  -1.0000000000000000       -1.0000000000000000       0.96314617928621249     
 -0.90000000000000002       -1.0000000000000000       0.81197775755105195     
 -0.80000000000000004       -1.0000000000000000       0.36291629758703048     
 -0.69999999999999996       -1.0000000000000000      -0.21956978274837102     
 -0.59999999999999998       -1.0000000000000000      -0.74163653482006942     
 -0.49999999999999994       -1.0000000000000000      -0.97679555632455217     
 -0.39999999999999991       -1.0000000000000000      -0.84363076437435525     
 -0.29999999999999993       -1.0000000000000000      -0.38381492611104950     
 -0.19999999999999993       -1.0000000000000000       0.21670701355147712     
  -9.9999999999999978E-002  -1.0000000000000000       0.73944813924669117     
   2.7755575615628914E-017  -1.0000000000000000       0.97313558976034931     
  0.10000000000000009       -1.0000000000000000       0.84074254532997073     
  0.20000000000000009       -1.0000000000000000       0.37996465959505188     
  0.30000000000000016       -1.0000000000000000      -0.21990941277852460     
  0.40000000000000013       -1.0000000000000000      -0.74379706671545320     
  0.50000000000000011       -1.0000000000000000      -0.97674693815779201     
  0.60000000000000009       -1.0000000000000000      -0.84593655307939819     
  0.70000000000000007       -1.0000000000000000      -0.38381374559968229     
  0.80000000000000004       -1.0000000000000000       0.21388990641970676     
  0.90000000000000002       -1.0000000000000000       0.73862311047183760     
   1.0000000000000000       -1.0000000000000000       0.95555834009591889     
  -1.0000000000000000      -0.90000000000000002       0.81197775755104939     
 -0.90000000000000002      -0.90000000000000002       0.68449147700160495     
 -0.80000000000000004      -0.90000000000000002       0.30588466686287552     
 -0.69999999999999996      -0.90000000000000002      -0.18518239128572286     
 -0.59999999999999998      -0.90000000000000002      -0.62528046060319387     
 -0.49999999999999994      -0.90000000000000002      -0.82348506159567991     
 -0.39999999999999991      -0.90000000000000002      -0.71117401980555661     
 -0.29999999999999993      -0.90000000000000002      -0.32349954602210629     
 -0.19999999999999993      -0.90000000000000002       0.18276918353298705     
  -9.9999999999999978E-002 -0.90000000000000002       0.62343605735686736     
   2.7755575615628914E-017 -0.90000000000000002       0.82039946298987998     
  0.10000000000000009      -0.90000000000000002       0.70873975173429571     
  0.20000000000000009      -0.90000000000000002       0.32025375693603386     
  0.30000000000000016      -0.90000000000000002      -0.18546878563301963     
  0.40000000000000013      -0.90000000000000002      -0.62710207116712191     
  0.50000000000000011      -0.90000000000000002      -0.82344410510300325     
  0.60000000000000009      -0.90000000000000002      -0.71311805528851624     
  0.70000000000000007      -0.90000000000000002      -0.32349856269945809     
  0.80000000000000004      -0.90000000000000002       0.18039451232322018     
  0.90000000000000002      -0.90000000000000002       0.62274057196915733     
   1.0000000000000000      -0.90000000000000002       0.80558161775291381     
  -1.0000000000000000      -0.80000000000000004       0.36291629758701771     
 -0.90000000000000002      -0.80000000000000004       0.30588466686287868     
 -0.80000000000000004      -0.80000000000000004       0.13663399089902439     
 -0.69999999999999996      -0.80000000000000004       -8.2854504527353434E-002
 -0.59999999999999998      -0.80000000000000004      -0.27952439167496901     
 -0.49999999999999994      -0.80000000000000004      -0.36805979863933924     
 -0.39999999999999991      -0.80000000000000004      -0.31780769589433649     
 -0.29999999999999993      -0.80000000000000004      -0.14450278806458186     
 -0.19999999999999993      -0.80000000000000004        8.1776193436493116E-002
  -9.9999999999999978E-002 -0.80000000000000004       0.27870062936047635     
   2.7755575615628914E-017 -0.80000000000000004       0.36668059401098552     
  0.10000000000000009      -0.80000000000000004       0.31672042991566329     
  0.20000000000000009      -0.80000000000000004       0.14305226557694656     
  0.30000000000000016      -0.80000000000000004       -8.2982590833078698E-002
  0.40000000000000013      -0.80000000000000004      -0.28033877563063625     
  0.50000000000000011      -0.80000000000000004      -0.36804152883906849     
  0.60000000000000009      -0.80000000000000004      -0.31867675933251272     
  0.70000000000000007      -0.80000000000000004      -0.14450236236468042     
  0.80000000000000004      -0.80000000000000004        8.0715154258332325E-002
  0.90000000000000002      -0.80000000000000004       0.27838984102744585     
   1.0000000000000000      -0.80000000000000004       0.36005841013839440     
  -1.0000000000000000      -0.69999999999999996      -0.21956978274836889     
 -0.90000000000000002      -0.69999999999999996      -0.18518239128572206     
 -0.80000000000000004      -0.69999999999999996       -8.2854504527356529E-002
 -0.69999999999999996      -0.69999999999999996        4.9929306224441777E-002
 -0.59999999999999998      -0.69999999999999996       0.16899444461589114     
 -0.49999999999999994      -0.69999999999999996       0.22268105456585477     
 -0.39999999999999991      -0.69999999999999996       0.19240249559214176     
 -0.29999999999999993      -0.69999999999999996        8.7624972184419406E-002
 -0.19999999999999993      -0.69999999999999996       -4.9276267357254960E-002
  -9.9999999999999978E-002 -0.69999999999999996      -0.16849467741489849     
   2.7755575615628914E-017 -0.69999999999999996      -0.22184681166095424     
  0.10000000000000009      -0.69999999999999996      -0.19174298663586892     
  0.20000000000000009      -0.69999999999999996       -8.6746938059082165E-002
  0.30000000000000016      -0.69999999999999996        5.0006613441450125E-002
  0.40000000000000013      -0.69999999999999996       0.16948667957070659     
  0.50000000000000011      -0.69999999999999996       0.22266991871480324     
  0.60000000000000009      -0.69999999999999996       0.19292790150895042     
  0.70000000000000007      -0.69999999999999996        8.7624682923624631E-002
  0.80000000000000004      -0.69999999999999996       -4.8633568391613528E-002
  0.90000000000000002      -0.69999999999999996      -0.16830650502343694     
   1.0000000000000000      -0.69999999999999996      -0.21783867455130318     
  -1.0000000000000000      -0.59999999999999998      -0.74163653482004543     
 -0.90000000000000002      -0.59999999999999998      -0.62528046060318776     
 -0.80000000000000004      -0.59999999999999998      -0.27952439167495580     
 -0.69999999999999996      -0.59999999999999998       0.16899444461589519     
 -0.59999999999999998      -0.59999999999999998       0.57102337934017033     
 -0.49999999999999994      -0.59999999999999998       0.75214651048682168     
 -0.39999999999999991      -0.59999999999999998       0.64965626445015223     
 -0.29999999999999993      -0.59999999999999998       0.29562042789295695     
 -0.19999999999999993      -0.59999999999999998      -0.16678981975394844     
  -9.9999999999999978E-002 -0.59999999999999998      -0.56933774599086640     
   2.7755575615628914E-017 -0.59999999999999998      -0.74932835965990297     
  0.10000000000000009      -0.59999999999999998      -0.64743163296851214     
  0.20000000000000009      -0.59999999999999998      -0.29265549295414289     
  0.30000000000000016      -0.59999999999999998       0.16925589187231663     
  0.40000000000000013      -0.59999999999999998       0.57268683348025162     
  0.50000000000000011      -0.59999999999999998       0.75210904171812698     
  0.60000000000000009      -0.59999999999999998       0.65143160312705461     
  0.70000000000000007      -0.59999999999999998       0.29561950653372904     
  0.80000000000000004      -0.59999999999999998      -0.16462031253199733     
  0.90000000000000002      -0.59999999999999998      -0.56870240701887109     
   1.0000000000000000      -0.59999999999999998      -0.73579299255738972     
  -1.0000000000000000      -0.49999999999999994      -0.97679555632455328     
 -0.90000000000000002      -0.49999999999999994      -0.82348506159568013     
 -0.80000000000000004      -0.49999999999999994      -0.36805979863933586     
 -0.69999999999999996      -0.49999999999999994       0.22268105456585335     
 -0.59999999999999998      -0.49999999999999994       0.75214651048682035     
 -0.49999999999999994      -0.49999999999999994       0.99063836640905123     
 -0.39999999999999991      -0.49999999999999994       0.85558665688643754     
 -0.29999999999999993      -0.49999999999999994       0.38925461470878586     
 -0.19999999999999993      -0.49999999999999994      -0.21977771390265782     
  -9.9999999999999978E-002 -0.49999999999999994      -0.74992709897938969     
   2.7755575615628914E-017 -0.49999999999999994      -0.98692653244566708     
  0.10000000000000009      -0.49999999999999994      -0.85265750361753401     
  0.20000000000000009      -0.49999999999999994      -0.38534978264885456     
  0.30000000000000016      -0.49999999999999994       0.22302549734358842     
  0.40000000000000013      -0.49999999999999994       0.75433765974492795     
  0.50000000000000011      -0.49999999999999994       0.99058905907845407     
  0.60000000000000009      -0.49999999999999994       0.85792512166136292     
  0.70000000000000007      -0.49999999999999994       0.38925341740441072     
  0.80000000000000004      -0.49999999999999994      -0.21692068219555166     
  0.90000000000000002      -0.49999999999999994      -0.74909037789970601     
   1.0000000000000000      -0.49999999999999994      -0.96910018081523619     
  -1.0000000000000000      -0.39999999999999991      -0.84363076437433882     
 -0.90000000000000002      -0.39999999999999991      -0.71117401980554928     
 -0.80000000000000004      -0.39999999999999991      -0.31780769589432156     
 -0.69999999999999996      -0.39999999999999991       0.19240249559214095     
 -0.59999999999999998      -0.39999999999999991       0.64965626445014968     
 -0.49999999999999994      -0.39999999999999991       0.85558665688643643     
 -0.39999999999999991      -0.39999999999999991       0.73889667800438408     
 -0.29999999999999993      -0.39999999999999991       0.33610918959555658     
 -0.19999999999999993      -0.39999999999999991      -0.18989521866014811     
  -9.9999999999999978E-002 -0.39999999999999991      -0.64773996996935168     
   2.7755575615628914E-017 -0.39999999999999991      -0.85238077241681220     
  0.10000000000000009      -0.39999999999999991      -0.73636752616901513     
  0.20000000000000009      -0.39999999999999991      -0.33273687392605522     
  0.30000000000000016      -0.39999999999999991       0.19270005548218028     
  0.40000000000000013      -0.39999999999999991       0.65154888905598007     
  0.50000000000000011      -0.39999999999999991       0.85554410430535066     
  0.60000000000000009      -0.39999999999999991       0.74091649942660531     
  0.70000000000000007      -0.39999999999999991       0.33610816813481098     
  0.80000000000000004      -0.39999999999999991      -0.18742798117758272     
  0.90000000000000002      -0.39999999999999991      -0.64701737361021894     
   1.0000000000000000      -0.39999999999999991      -0.83698529885771666     
  -1.0000000000000000      -0.29999999999999993      -0.38381492611104823     
 -0.90000000000000002      -0.29999999999999993      -0.32349954602210779     
 -0.80000000000000004      -0.29999999999999993      -0.14450278806458045     
 -0.69999999999999996      -0.29999999999999993        8.7624972184419683E-002
 -0.59999999999999998      -0.29999999999999993       0.29562042789295628     
 -0.49999999999999994      -0.29999999999999993       0.38925461470878558     
 -0.39999999999999991      -0.29999999999999993       0.33610918959555774     
 -0.29999999999999993      -0.29999999999999993       0.15282474766035226     
 -0.19999999999999993      -0.29999999999999993       -8.6484563908920856E-002
  -9.9999999999999978E-002 -0.29999999999999993      -0.29474922395135034     
   2.7755575615628914E-017 -0.29999999999999993      -0.38779598894779038     
  0.10000000000000009      -0.29999999999999993      -0.33495930689493858     
  0.20000000000000009      -0.29999999999999993      -0.15129069482399266     
  0.30000000000000016      -0.29999999999999993        8.7760433688824940E-002
  0.40000000000000013      -0.29999999999999993       0.29648170659669809     
  0.50000000000000011      -0.29999999999999993       0.38923529253512729     
  0.60000000000000009      -0.29999999999999993       0.33702829684063507     
  0.70000000000000007      -0.29999999999999993       0.15282429733038450     
  0.80000000000000004      -0.29999999999999993       -8.5362421744228367E-002
  0.90000000000000002      -0.29999999999999993      -0.29442053827551951     
   1.0000000000000000      -0.29999999999999993      -0.38079245897490077     
  -1.0000000000000000      -0.19999999999999993       0.21670701355146307     
 -0.90000000000000002      -0.19999999999999993       0.18276918353298552     
 -0.80000000000000004      -0.19999999999999993        8.1776193436480335E-002
 -0.69999999999999996      -0.19999999999999993       -4.9276267357261115E-002
 -0.59999999999999998      -0.19999999999999993      -0.16678981975397003     
 -0.49999999999999994      -0.19999999999999993      -0.21977771390266168     
 -0.39999999999999991      -0.19999999999999993      -0.18989521866015663     
 -0.29999999999999993      -0.19999999999999993       -8.6484563908922160E-002
 -0.19999999999999993      -0.19999999999999993        4.8631736282241309E-002
  -9.9999999999999978E-002 -0.19999999999999993       0.16629655430869203     
   2.7755575615628914E-017 -0.19999999999999993       0.21895434996630872     
  0.10000000000000009      -0.19999999999999993       0.18924429087626804     
  0.20000000000000009      -0.19999999999999993        8.5617973076516002E-002
  0.30000000000000016      -0.19999999999999993       -4.9352564744499401E-002
  0.40000000000000013      -0.19999999999999993      -0.16727563192731679     
  0.50000000000000011      -0.19999999999999993      -0.21976672239145181     
  0.60000000000000009      -0.19999999999999993      -0.19041377021505784     
  0.70000000000000007      -0.19999999999999993       -8.6484278098609077E-002
  0.80000000000000004      -0.19999999999999993        4.7997409036709134E-002
  0.90000000000000002      -0.19999999999999993       0.16611083387568987     
   1.0000000000000000      -0.19999999999999993       0.21499845458511793     
  -1.0000000000000000       -9.9999999999999978E-002  0.73944813924668895     
 -0.90000000000000002       -9.9999999999999978E-002  0.62343605735686647     
 -0.80000000000000004       -9.9999999999999978E-002  0.27870062936047418     
 -0.69999999999999996       -9.9999999999999978E-002 -0.16849467741489815     
 -0.59999999999999998       -9.9999999999999978E-002 -0.56933774599086617     
 -0.49999999999999994       -9.9999999999999978E-002 -0.74992709897938903     
 -0.39999999999999991       -9.9999999999999978E-002 -0.64773996996935235     
 -0.29999999999999993       -9.9999999999999978E-002 -0.29474922395134923     
 -0.19999999999999993       -9.9999999999999978E-002  0.16629655430869147     
  -9.9999999999999978E-002  -9.9999999999999978E-002  0.56765707889680106     
   2.7755575615628914E-017  -9.9999999999999978E-002  0.74711726494625652     
  0.10000000000000009       -9.9999999999999978E-002  0.64552189343340804     
  0.20000000000000009       -9.9999999999999978E-002  0.29179303536361545     
  0.30000000000000016       -9.9999999999999978E-002 -0.16875535216546370     
  0.40000000000000013       -9.9999999999999978E-002 -0.57099628900486910     
  0.50000000000000011       -9.9999999999999978E-002 -0.74988974031511557     
  0.60000000000000009       -9.9999999999999978E-002 -0.64951006786902798     
  0.70000000000000007       -9.9999999999999978E-002 -0.29474830513505018     
  0.80000000000000004       -9.9999999999999978E-002  0.16413344460451940     
  0.90000000000000002       -9.9999999999999978E-002  0.56702361387971933     
   1.0000000000000000       -9.9999999999999978E-002  0.73362182856371527     
  -1.0000000000000000        2.7755575615628914E-017  0.97313558976031711     
 -0.90000000000000002        2.7755575615628914E-017  0.82039946298987743     
 -0.80000000000000004        2.7755575615628914E-017  0.36668059401096575     
 -0.69999999999999996        2.7755575615628914E-017 -0.22184681166095849     
 -0.59999999999999998        2.7755575615628914E-017 -0.74932835965991085     
 -0.49999999999999994        2.7755575615628914E-017 -0.98692653244567330     
 -0.39999999999999991        2.7755575615628914E-017 -0.85238077241681609     
 -0.29999999999999993        2.7755575615628914E-017 -0.38779598894779194     
 -0.19999999999999993        2.7755575615628914E-017  0.21895434996629981     
  -9.9999999999999978E-002   2.7755575615628914E-017  0.74711726494625896     
   2.7755575615628914E-017   2.7755575615628914E-017  0.98322860627459963     
  0.10000000000000009        2.7755575615628914E-017  0.84946259547674929     
  0.20000000000000009        2.7755575615628914E-017  0.38390578822760452     
  0.30000000000000016        2.7755575615628914E-017 -0.22218996396211038     
  0.40000000000000013        2.7755575615628914E-017 -0.75151129917055659     
  0.50000000000000011        2.7755575615628914E-017 -0.98687740991650952     
  0.60000000000000009        2.7755575615628914E-017 -0.85471047540952294     
  0.70000000000000007        2.7755575615628914E-017 -0.38779479614999623     
  0.80000000000000004        2.7755575615628914E-017  0.21610802376776508     
  0.90000000000000002        2.7755575615628914E-017  0.74628367907454629     
   1.0000000000000000        2.7755575615628914E-017  0.96546904941193079     
  -1.0000000000000000       0.10000000000000009       0.84074254532997017     
 -0.90000000000000002       0.10000000000000009       0.70873975173429538     
 -0.80000000000000004       0.10000000000000009       0.31672042991566240     
 -0.69999999999999996       0.10000000000000009      -0.19174298663586817     
 -0.59999999999999998       0.10000000000000009      -0.64743163296851192     
 -0.49999999999999994       0.10000000000000009      -0.85265750361753179     
 -0.39999999999999991       0.10000000000000009      -0.73636752616901824     
 -0.29999999999999993       0.10000000000000009      -0.33495930689493719     
 -0.19999999999999993       0.10000000000000009       0.18924429087626687     
  -9.9999999999999978E-002  0.10000000000000009       0.64552189343340838     
   2.7755575615628914E-017  0.10000000000000009       0.84946259547674796     
  0.10000000000000009       0.10000000000000009       0.73384702614457376     
  0.20000000000000009       0.10000000000000009       0.33159853472586187     
  0.30000000000000016       0.10000000000000009      -0.19203952704383845     
  0.40000000000000013       0.10000000000000009      -0.64931777612170094     
  0.50000000000000011       0.10000000000000009      -0.85261509638291422     
  0.60000000000000009       0.10000000000000009      -0.73838043103771356     
  0.70000000000000007       0.10000000000000009      -0.33495828880081441     
  0.80000000000000004       0.10000000000000009       0.18678549707082132     
  0.90000000000000002       0.10000000000000009       0.64480177035145125     
   1.0000000000000000       0.10000000000000009       0.83411982264635431     
  -1.0000000000000000       0.20000000000000009       0.37996465959503778     
 -0.90000000000000002       0.20000000000000009       0.32025375693603619     
 -0.80000000000000004       0.20000000000000009       0.14305226557694950     
 -0.69999999999999996       0.20000000000000009       -8.6746938059077794E-002
 -0.59999999999999998       0.20000000000000009      -0.29265549295412474     
 -0.49999999999999994       0.20000000000000009      -0.38534978264885655     
 -0.39999999999999991       0.20000000000000009      -0.33273687392605444     
 -0.29999999999999993       0.20000000000000009      -0.15129069482399404     
 -0.19999999999999993       0.20000000000000009        8.5617973076509882E-002
  -9.9999999999999978E-002  0.20000000000000009       0.29179303536361600     
   2.7755575615628914E-017  0.20000000000000009       0.38390578822759691     
  0.10000000000000009       0.20000000000000009       0.33159853472586226     
  0.20000000000000009       0.20000000000000009       0.14977203315817236     
  0.30000000000000016       0.20000000000000009       -8.6881041607160689E-002
  0.40000000000000013       0.20000000000000009      -0.29350813403975501     
  0.50000000000000011       0.20000000000000009      -0.38533065471379563     
  0.60000000000000009       0.20000000000000009      -0.33364676299735757     
  0.70000000000000007       0.20000000000000009      -0.15129024917019668     
  0.80000000000000004       0.20000000000000009        8.4507091471026516E-002
  0.90000000000000002       0.20000000000000009       0.29146764761855015     
   1.0000000000000000       0.20000000000000009       0.37697252264765252     
  -1.0000000000000000       0.30000000000000016      -0.21990941277852238     
 -0.90000000000000002       0.30000000000000016      -0.18546878563301911     
 -0.80000000000000004       0.30000000000000016       -8.2982590833078615E-002
 -0.69999999999999996       0.30000000000000016        5.0006613441449882E-002
 -0.59999999999999998       0.30000000000000016       0.16925589187231666     
 -0.49999999999999994       0.30000000000000016       0.22302549734358906     
 -0.39999999999999991       0.30000000000000016       0.19270005548218339     
 -0.29999999999999993       0.30000000000000016        8.7760433688824219E-002
 -0.19999999999999993       0.30000000000000016       -4.9352564744497632E-002
  -9.9999999999999978E-002  0.30000000000000016      -0.16875535216546431     
   2.7755575615628914E-017  0.30000000000000016      -0.22218996396211135     
  0.10000000000000009       0.30000000000000016      -0.19203952704383764     
  0.20000000000000009       0.30000000000000016       -8.6881041607161022E-002
  0.30000000000000016       0.30000000000000016        5.0084040329717833E-002
  0.40000000000000013       0.30000000000000016       0.16974888838789914     
  0.50000000000000011       0.30000000000000016       0.22301434429991102     
  0.60000000000000009       0.30000000000000016       0.19322627422641317     
  0.70000000000000007       0.30000000000000016        8.7760143996313406E-002
  0.80000000000000004       0.30000000000000016       -4.8708871922441888E-002
  0.90000000000000002       0.30000000000000016      -0.16856688876711318     
   1.0000000000000000       0.30000000000000016      -0.21817562770773946     
  -1.0000000000000000       0.40000000000000013      -0.74379706671540335     
 -0.90000000000000002       0.40000000000000013      -0.62710207116711381     
 -0.80000000000000004       0.40000000000000013      -0.28033877563062065     
 -0.69999999999999996       0.40000000000000013       0.16948667957071142     
 -0.59999999999999998       0.40000000000000013       0.57268683348027050     
 -0.49999999999999994       0.40000000000000013       0.75433765974493050     
 -0.39999999999999991       0.40000000000000013       0.65154888905599417     
 -0.29999999999999993       0.40000000000000013       0.29648170659669804     
 -0.19999999999999993       0.40000000000000013      -0.16727563192730432     
  -9.9999999999999978E-002  0.40000000000000013      -0.57099628900486943     
   2.7755575615628914E-017  0.40000000000000013      -0.75151129917057102     
  0.10000000000000009       0.40000000000000013      -0.64931777612170050     
  0.20000000000000009       0.40000000000000013      -0.29350813403977277     
  0.30000000000000016       0.40000000000000013       0.16974888838789828     
  0.40000000000000013       0.40000000000000013       0.57435513340372346     
  0.50000000000000011       0.40000000000000013       0.75430008178945440     
  0.60000000000000009       0.40000000000000013       0.65332939949757818     
  0.70000000000000007       0.40000000000000013       0.29648078253876725     
  0.80000000000000004       0.40000000000000013      -0.16509980422148063     
  0.90000000000000002       0.40000000000000013      -0.57035909910870064     
   1.0000000000000000       0.40000000000000013      -0.73793650025726687     
  -1.0000000000000000       0.50000000000000011      -0.97674693815778990     
 -0.90000000000000002       0.50000000000000011      -0.82344410510300303     
 -0.80000000000000004       0.50000000000000011      -0.36804152883906732     
 -0.69999999999999996       0.50000000000000011       0.22266991871480266     
 -0.59999999999999998       0.50000000000000011       0.75210904171812820     
 -0.49999999999999994       0.50000000000000011       0.99058905907845241     
 -0.39999999999999991       0.50000000000000011       0.85554410430535266     
 -0.29999999999999993       0.50000000000000011       0.38923529253512695     
 -0.19999999999999993       0.50000000000000011      -0.21976672239145223     
  -9.9999999999999978E-002  0.50000000000000011      -0.74988974031511535     
   2.7755575615628914E-017  0.50000000000000011      -0.98687740991650941     
  0.10000000000000009       0.50000000000000011      -0.85261509638291422     
  0.20000000000000009       0.50000000000000011      -0.38533065471379491     
  0.30000000000000016       0.50000000000000011       0.22301434429991118     
  0.40000000000000013       0.50000000000000011       0.75430008178945829     
  0.50000000000000011       0.50000000000000011       0.99053975418037654     
  0.60000000000000009       0.50000000000000011       0.85788245258431728     
  0.70000000000000007       0.50000000000000011       0.38923409528208808     
  0.80000000000000004       0.50000000000000011      -0.21690983268871686     
  0.90000000000000002       0.50000000000000011      -0.74905306084469414     
   1.0000000000000000       0.50000000000000011      -0.96905194513415371     
  -1.0000000000000000       0.60000000000000009      -0.84593655307935700     
 -0.90000000000000002       0.60000000000000009      -0.71311805528851269     
 -0.80000000000000004       0.60000000000000009      -0.31867675933249356     
 -0.69999999999999996       0.60000000000000009       0.19292790150895014     
 -0.59999999999999998       0.60000000000000009       0.65143160312706294     
 -0.49999999999999994       0.60000000000000009       0.85792512166136425     
 -0.39999999999999991       0.60000000000000009       0.74091649942660687     
 -0.29999999999999993       0.60000000000000009       0.33702829684063523     
 -0.19999999999999993       0.60000000000000009      -0.19041377021506395     
  -9.9999999999999978E-002  0.60000000000000009      -0.64951006786902721     
   2.7755575615628914E-017  0.60000000000000009      -0.85471047540952438     
  0.10000000000000009       0.60000000000000009      -0.73838043103771234     
  0.20000000000000009       0.60000000000000009      -0.33364676299735352     
  0.30000000000000016       0.60000000000000009       0.19322627422641159     
  0.40000000000000013       0.60000000000000009       0.65332939949757551     
  0.50000000000000011       0.60000000000000009       0.85788245258431539     
  0.60000000000000009       0.60000000000000009       0.74294184047900513     
  0.70000000000000007       0.60000000000000009       0.33702727251080727     
  0.80000000000000004       0.60000000000000009      -0.18793978760955310     
  0.90000000000000002       0.60000000000000009      -0.64878549619773496     
   1.0000000000000000       0.60000000000000009      -0.83927291958413930     
  -1.0000000000000000       0.70000000000000007      -0.38381374559968368     
 -0.90000000000000002       0.70000000000000007      -0.32349856269945770     
 -0.80000000000000004       0.70000000000000007      -0.14450236236467753     
 -0.69999999999999996       0.70000000000000007        8.7624682923624353E-002
 -0.59999999999999998       0.70000000000000007       0.29561950653372998     
 -0.49999999999999994       0.70000000000000007       0.38925341740440889     
 -0.39999999999999991       0.70000000000000007       0.33610816813481192     
 -0.29999999999999993       0.70000000000000007       0.15282429733038383     
 -0.19999999999999993       0.70000000000000007       -8.6484278098612422E-002
  -9.9999999999999978E-002  0.70000000000000007      -0.29474830513505035     
   2.7755575615628914E-017  0.70000000000000007      -0.38779479614999568     
  0.10000000000000009       0.70000000000000007      -0.33495828880081352     
  0.20000000000000009       0.70000000000000007      -0.15129024917019346     
  0.30000000000000016       0.70000000000000007        8.7760143996313225E-002
  0.40000000000000013       0.70000000000000007       0.29648078253876864     
  0.50000000000000011       0.70000000000000007       0.38923409528208719     
  0.60000000000000009       0.70000000000000007       0.33702727251080600     
  0.70000000000000007       0.70000000000000007       0.15282384699924129     
  0.80000000000000004       0.70000000000000007       -8.5362139306678492E-002
  0.90000000000000002       0.70000000000000007      -0.29441962045676562     
   1.0000000000000000       0.70000000000000007      -0.38079128755902475     
  -1.0000000000000000       0.80000000000000004       0.21388990641968417     
 -0.90000000000000002       0.80000000000000004       0.18039451232321888     
 -0.80000000000000004       0.80000000000000004        8.0715154258329452E-002
 -0.69999999999999996       0.80000000000000004       -4.8633568391619586E-002
 -0.59999999999999998       0.80000000000000004      -0.16462031253202858     
 -0.49999999999999994       0.80000000000000004      -0.21692068219555699     
 -0.39999999999999991       0.80000000000000004      -0.18742798117760714     
 -0.29999999999999993       0.80000000000000004       -8.5362421744229255E-002
 -0.19999999999999993       0.80000000000000004        4.7997409036704991E-002
  -9.9999999999999978E-002  0.80000000000000004       0.16413344460452101     
   2.7755575615628914E-017  0.80000000000000004       0.21610802376779217     
  0.10000000000000009       0.80000000000000004       0.18678549707082459     
  0.20000000000000009       0.80000000000000004        8.4507091471048193E-002
  0.30000000000000016       0.80000000000000004       -4.8708871922442172E-002
  0.40000000000000013       0.80000000000000004      -0.16509980422149340     
  0.50000000000000011       0.80000000000000004      -0.21690983268872027     
  0.60000000000000009       0.80000000000000004      -0.18793978760956923     
  0.70000000000000007       0.80000000000000004       -8.5362139306678311E-002
  0.80000000000000004       0.80000000000000004        4.7371319756675703E-002
  0.90000000000000002       0.80000000000000004       0.16395013695605373     
   1.0000000000000000       0.80000000000000004       0.21220353619546817     
  -1.0000000000000000       0.90000000000000002       0.73862311047183671     
 -0.90000000000000002       0.90000000000000002       0.62274057196915589     
 -0.80000000000000004       0.90000000000000002       0.27838984102744629     
 -0.69999999999999996       0.90000000000000002      -0.16830650502343555     
 -0.59999999999999998       0.90000000000000002      -0.56870240701887009     
 -0.49999999999999994       0.90000000000000002      -0.74909037789970523     
 -0.39999999999999991       0.90000000000000002      -0.64701737361022438     
 -0.29999999999999993       0.90000000000000002      -0.29442053827551884     
 -0.19999999999999993       0.90000000000000002       0.16611083387568518     
  -9.9999999999999978E-002  0.90000000000000002       0.56702361387971822     
   2.7755575615628914E-017  0.90000000000000002       0.74628367907454507     
  0.10000000000000009       0.90000000000000002       0.64480177035145114     
  0.20000000000000009       0.90000000000000002       0.29146764761855221     
  0.30000000000000016       0.90000000000000002      -0.16856688876711173     
  0.40000000000000013       0.90000000000000002      -0.57035909910870020     
  0.50000000000000011       0.90000000000000002      -0.74905306084469270     
  0.60000000000000009       0.90000000000000002      -0.64878549619773884     
  0.70000000000000007       0.90000000000000002      -0.29441962045676623     
  0.80000000000000004       0.90000000000000002       0.16395013695604832     
  0.90000000000000002       0.90000000000000002       0.56639085551760993     
   1.0000000000000000       0.90000000000000002       0.73280329859760185     
  -1.0000000000000000        1.0000000000000000       0.95555834009584906     
 -0.90000000000000002        1.0000000000000000       0.80558161775290460     
 -0.80000000000000004        1.0000000000000000       0.36005841013837042     
 -0.69999999999999996        1.0000000000000000      -0.21783867455130548     
 -0.59999999999999998        1.0000000000000000      -0.73579299255739494     
 -0.49999999999999994        1.0000000000000000      -0.96910018081523952     
 -0.39999999999999991        1.0000000000000000      -0.83698529885772077     
 -0.29999999999999993        1.0000000000000000      -0.38079245897489977     
 -0.19999999999999993        1.0000000000000000       0.21499845458510536     
  -9.9999999999999978E-002   1.0000000000000000       0.73362182856371272     
   2.7755575615628914E-017   1.0000000000000000       0.96546904941192757     
  0.10000000000000009        1.0000000000000000       0.83411982264635198     
  0.20000000000000009        1.0000000000000000       0.37697252264765663     
  0.30000000000000016        1.0000000000000000      -0.21817562770773768     
  0.40000000000000013        1.0000000000000000      -0.73793650025724911     
  0.50000000000000011        1.0000000000000000      -0.96905194513414716     
  0.60000000000000009        1.0000000000000000      -0.83927291958412920     
  0.70000000000000007        1.0000000000000000      -0.38079128755902369     
  0.80000000000000004        1.0000000000000000       0.21220353619543836     
  0.90000000000000002        1.0000000000000000       0.73280329859759918     
   1.0000000000000000        1.0000000000000000       0.94803026594342854     
