  -1.0000000000000000       -1.0000000000000000       0.91724783267536159     
 -0.90000000000000002       -1.0000000000000000       0.85438366592220327     
 -0.80000000000000004       -1.0000000000000000       0.47646541344010734     
 -0.69999999999999996       -1.0000000000000000       -7.2560106652420339E-002
 -0.59999999999999998       -1.0000000000000000      -0.62196361016306023     
 -0.49999999999999994       -1.0000000000000000      -0.92972589987253473     
 -0.39999999999999991       -1.0000000000000000      -0.88832818459792540     
 -0.29999999999999993       -1.0000000000000000      -0.50254110681970188     
 -0.19999999999999993       -1.0000000000000000        6.8467299213717456E-002
  -9.9999999999999978E-002  -1.0000000000000000       0.61901448161252659     
   2.7755575615628914E-017  -1.0000000000000000       0.92594339445338647     
  0.10000000000000009       -1.0000000000000000       0.88503349625691485     
  0.20000000000000009       -1.0000000000000000       0.49832993520235547     
  0.30000000000000016       -1.0000000000000000       -7.2115984113029677E-002
  0.40000000000000013       -1.0000000000000000      -0.62406205107093882     
  0.50000000000000011       -1.0000000000000000      -0.92966642756997964     
  0.60000000000000009       -1.0000000000000000      -0.89093172148173017     
  0.70000000000000007       -1.0000000000000000      -0.50249439201920099     
  0.80000000000000004       -1.0000000000000000        6.5680134285980935E-002
  0.90000000000000002       -1.0000000000000000       0.61812171087911771     
   1.0000000000000000       -1.0000000000000000       0.90833722777041792     
  -1.0000000000000000      -0.90000000000000002       0.85438366592219983     
 -0.90000000000000002      -0.90000000000000002       0.79577736790917697     
 -0.80000000000000004      -0.90000000000000002       0.44372857691430623     
 -0.69999999999999996      -0.90000000000000002       -6.7671830774506156E-002
 -0.59999999999999998      -0.90000000000000002      -0.57938975024999728     
 -0.49999999999999994      -0.90000000000000002      -0.86600698349596561     
 -0.39999999999999991      -0.90000000000000002      -0.82739356120275021     
 -0.29999999999999993      -0.90000000000000002      -0.46801375868886030     
 -0.19999999999999993      -0.90000000000000002        6.3860766201760538E-002
  -9.9999999999999978E-002 -0.90000000000000002       0.57664313427475800     
   2.7755575615628914E-017 -0.90000000000000002       0.86248419527422759     
  0.10000000000000009      -0.90000000000000002       0.82432466074731925     
  0.20000000000000009      -0.90000000000000002       0.46409166373657468     
  0.30000000000000016      -0.90000000000000002       -6.7259082602585049E-002
  0.40000000000000013      -0.90000000000000002      -0.58134410577652429     
  0.50000000000000011      -0.90000000000000002      -0.86595155387278477     
  0.60000000000000009      -0.90000000000000002      -0.82981814215239569     
  0.70000000000000007      -0.90000000000000002      -0.46797024609528237     
  0.80000000000000004      -0.90000000000000002        6.1264715844087395E-002
  0.90000000000000002      -0.90000000000000002       0.57581159995018560     
   1.0000000000000000      -0.90000000000000002       0.84608493022301656     
  -1.0000000000000000      -0.80000000000000004       0.47646541344009202     
 -0.90000000000000002      -0.80000000000000004       0.44372857691430900     
 -0.80000000000000004      -0.80000000000000004       0.24736760255122320     
 -0.69999999999999996      -0.80000000000000004       -3.7828699860095828E-002
 -0.59999999999999998      -0.80000000000000004      -0.32316531036548179     
 -0.49999999999999994      -0.80000000000000004      -0.48294787704633224     
 -0.39999999999999991      -0.80000000000000004      -0.46135798893050561     
 -0.29999999999999993      -0.80000000000000004      -0.26090714326742664     
 -0.19999999999999993      -0.80000000000000004        3.5704696107960378E-002
  -9.9999999999999978E-002 -0.80000000000000004       0.32163401799964236     
   2.7755575615628914E-017 -0.80000000000000004       0.48098382973861231     
  0.10000000000000009      -0.80000000000000004       0.45964653396354765     
  0.20000000000000009      -0.80000000000000004       0.25872039330331809     
  0.30000000000000016      -0.80000000000000004       -3.7599517455799765E-002
  0.40000000000000013      -0.80000000000000004      -0.32425491439181992     
  0.50000000000000011      -0.80000000000000004      -0.48291693012416126     
  0.60000000000000009      -0.80000000000000004      -0.46270955469055564     
  0.70000000000000007      -0.80000000000000004      -0.26088287815455691     
  0.80000000000000004      -0.80000000000000004        3.4257053229941804E-002
  0.90000000000000002      -0.80000000000000004       0.32117034796811489     
   1.0000000000000000      -0.80000000000000004       0.47183869486528929     
  -1.0000000000000000      -0.69999999999999996       -7.2560106652416897E-002
 -0.90000000000000002      -0.69999999999999996       -6.7671830774505184E-002
 -0.80000000000000004      -0.69999999999999996       -3.7828699860097730E-002
 -0.69999999999999996      -0.69999999999999996        5.5981665478487914E-003
 -0.59999999999999998      -0.69999999999999996        4.9112816796144106E-002
 -0.49999999999999994      -0.69999999999999996        7.3546459377725790E-002
 -0.39999999999999991      -0.69999999999999996        7.0360265520643617E-002
 -0.29999999999999993      -0.69999999999999996        3.9897141068692347E-002
 -0.19999999999999993      -0.69999999999999996       -5.2723236285370468E-003
  -9.9999999999999978E-002 -0.69999999999999996       -4.8878865398366014E-002
   2.7755575615628914E-017 -0.69999999999999996       -7.3246434174266420E-002
  0.10000000000000009      -0.69999999999999996       -7.0099661110847908E-002
  0.20000000000000009      -0.69999999999999996       -3.9563238220296802E-002
  0.30000000000000016      -0.69999999999999996        5.5614659540744764E-003
  0.40000000000000013      -0.69999999999999996        4.9279264536467630E-002
  0.50000000000000011      -0.69999999999999996        7.3541810497782967E-002
  0.60000000000000009      -0.69999999999999996        7.0567093977691717E-002
  0.70000000000000007      -0.69999999999999996        3.9893444671456814E-002
  0.80000000000000004      -0.69999999999999996       -5.0516830599703711E-003
  0.90000000000000002      -0.69999999999999996       -4.8808158201026706E-002
   1.0000000000000000      -0.69999999999999996       -7.1853253479792017E-002
  -1.0000000000000000      -0.59999999999999998      -0.62196361016303769     
 -0.90000000000000002      -0.59999999999999998      -0.57938975024999162     
 -0.80000000000000004      -0.59999999999999998      -0.32316531036546675     
 -0.69999999999999996      -0.59999999999999998        4.9112816796148470E-002
 -0.59999999999999998      -0.59999999999999998       0.42168334762957960     
 -0.49999999999999994      -0.59999999999999998       0.63042422392969122     
 -0.39999999999999991      -0.59999999999999998       0.60240871008512331     
 -0.29999999999999993      -0.59999999999999998       0.34085015676617519     
 -0.19999999999999993      -0.59999999999999998       -4.6336288135689789E-002
  -9.9999999999999978E-002 -0.59999999999999998      -0.41968320514896529     
   2.7755575615628914E-017 -0.59999999999999998      -0.62785889621102553     
  0.10000000000000009      -0.59999999999999998      -0.60017467783725342     
  0.20000000000000009      -0.59999999999999998      -0.33799418115387475     
  0.30000000000000016      -0.59999999999999998        4.8810690338564972E-002
  0.40000000000000013      -0.59999999999999998       0.42310652899732559     
  0.50000000000000011      -0.59999999999999998       0.63038393196546827     
  0.60000000000000009      -0.59999999999999998       0.60417464960421263     
  0.70000000000000007      -0.59999999999999998       0.34081847997796361     
  0.80000000000000004      -0.59999999999999998       -4.4446280290699823E-002
  0.90000000000000002      -0.59999999999999998      -0.41907778685945840     
   1.0000000000000000      -0.59999999999999998      -0.61592031670118830     
  -1.0000000000000000      -0.49999999999999994      -0.92972589987253640     
 -0.90000000000000002      -0.49999999999999994      -0.86600698349596561     
 -0.80000000000000004      -0.49999999999999994      -0.48294787704632930     
 -0.69999999999999996      -0.49999999999999994        7.3546459377723125E-002
 -0.59999999999999998      -0.49999999999999994       0.63042422392969022     
 -0.49999999999999994      -0.49999999999999994       0.94237371248584545     
 -0.39999999999999991      -0.49999999999999994       0.90041329381418589     
 -0.29999999999999993      -0.49999999999999994       0.50937832902233771     
 -0.19999999999999993      -0.49999999999999994       -6.9397963313493002E-002
  -9.9999999999999978E-002 -0.49999999999999994      -0.62743497254323122     
   2.7755575615628914E-017 -0.49999999999999994      -0.93853974637243909     
  0.10000000000000009      -0.49999999999999994      -0.89707378528340143     
  0.20000000000000009      -0.49999999999999994      -0.50510986538539537     
  0.30000000000000016      -0.49999999999999994        7.3096286909842434E-002
  0.40000000000000013      -0.49999999999999994       0.63255121396345726     
  0.50000000000000011      -0.49999999999999994       0.94231343142277202     
  0.60000000000000009      -0.49999999999999994       0.90305225328673577     
  0.70000000000000007      -0.49999999999999994       0.50933097871437605     
  0.80000000000000004      -0.49999999999999994       -6.6572881509927989E-002
  0.90000000000000002      -0.49999999999999994      -0.62653005628791147     
   1.0000000000000000      -0.49999999999999994      -0.92069406648916574     
  -1.0000000000000000      -0.39999999999999991      -0.88832818459790563     
 -0.90000000000000002      -0.39999999999999991      -0.82739356120274166     
 -0.80000000000000004      -0.39999999999999991      -0.46135798893048802     
 -0.69999999999999996      -0.39999999999999991        7.0360265520642118E-002
 -0.59999999999999998      -0.39999999999999991       0.60240871008512253     
 -0.49999999999999994      -0.39999999999999991       0.90041329381418456     
 -0.39999999999999991      -0.39999999999999991       0.86026586405118965     
 -0.29999999999999993      -0.39999999999999991       0.48660802314378071     
 -0.19999999999999993      -0.39999999999999991       -6.6397785732448894E-002
  -9.9999999999999978E-002 -0.39999999999999991      -0.59955297078469805     
   2.7755575615628914E-017 -0.39999999999999991      -0.89675054493777473     
  0.10000000000000009      -0.39999999999999991      -0.85707503672121588     
  0.20000000000000009      -0.39999999999999991      -0.48253010318279416     
  0.30000000000000016      -0.39999999999999991        6.9931117248596547E-002
  0.40000000000000013      -0.39999999999999991       0.60444071230387675     
  0.50000000000000011      -0.39999999999999991       0.90035566204012329     
  0.60000000000000009      -0.39999999999999991       0.86278677415341110     
  0.70000000000000007      -0.39999999999999991       0.48656278179714096     
  0.80000000000000004      -0.39999999999999991       -6.3698594584704407E-002
  0.90000000000000002      -0.39999999999999991      -0.59868839964961384     
   1.0000000000000000      -0.39999999999999991      -0.87969973937853507     
  -1.0000000000000000      -0.29999999999999993      -0.50254110681969988     
 -0.90000000000000002      -0.29999999999999993      -0.46801375868886153     
 -0.80000000000000004      -0.29999999999999993      -0.26090714326742481     
 -0.69999999999999996      -0.29999999999999993        3.9897141068692535E-002
 -0.59999999999999998      -0.29999999999999993       0.34085015676617525     
 -0.49999999999999994      -0.29999999999999993       0.50937832902233759     
 -0.39999999999999991      -0.29999999999999993       0.48660802314378232     
 -0.29999999999999993      -0.29999999999999993       0.27518774048547662     
 -0.19999999999999993      -0.29999999999999993       -3.7656869529241736E-002
  -9.9999999999999978E-002 -0.29999999999999993      -0.33923505234257473     
   2.7755575615628914E-017 -0.29999999999999993      -0.50730678425720444     
  0.10000000000000009      -0.29999999999999993      -0.48480290509318846     
  0.20000000000000009      -0.29999999999999993      -0.27288130555263673     
  0.30000000000000016      -0.29999999999999993        3.9655396015511053E-002
  0.40000000000000013      -0.29999999999999993       0.34199939767695242     
  0.50000000000000011      -0.29999999999999993       0.50934568916959255     
  0.60000000000000009      -0.29999999999999993       0.48803356774986029     
  0.70000000000000007      -0.29999999999999993       0.27516214738797440     
  0.80000000000000004      -0.29999999999999993       -3.6129998988886178E-002
  0.90000000000000002      -0.29999999999999993      -0.33874600580135356     
   1.0000000000000000      -0.29999999999999993      -0.49766115486299828     
  -1.0000000000000000      -0.19999999999999993        6.8467299213703606E-002
 -0.90000000000000002      -0.19999999999999993        6.3860766201759997E-002
 -0.80000000000000004      -0.19999999999999993        3.5704696107948609E-002
 -0.69999999999999996      -0.19999999999999993       -5.2723236285417644E-003
 -0.59999999999999998      -0.19999999999999993       -4.6336288135711050E-002
 -0.49999999999999994      -0.19999999999999993       -6.9397963313496888E-002
 -0.39999999999999991      -0.19999999999999993       -6.6397785732458164E-002
 -0.29999999999999993      -0.19999999999999993       -3.7656869529243277E-002
 -0.19999999999999993      -0.19999999999999993        4.9647126488508234E-003
  -9.9999999999999978E-002 -0.19999999999999993        4.6115486274791402E-002
   2.7755575615628914E-017 -0.19999999999999993        6.9114804067816907E-002
  0.10000000000000009      -0.19999999999999993        6.6151882771186971E-002
  0.20000000000000009      -0.19999999999999993        3.7341745844984633E-002
  0.30000000000000016      -0.19999999999999993       -5.2375818123634134E-003
  0.40000000000000013      -0.19999999999999993       -4.6493379066948233E-002
  0.50000000000000011      -0.19999999999999993       -6.9393580616077269E-002
  0.60000000000000009      -0.19999999999999993       -6.6593009845035481E-002
  0.70000000000000007      -0.19999999999999993       -3.7653381558279811E-002
  0.80000000000000004      -0.19999999999999993        4.7565062610041703E-003
  0.90000000000000002      -0.19999999999999993        4.6048761445311677E-002
   1.0000000000000000      -0.19999999999999993        6.7800176817468166E-002
  -1.0000000000000000       -9.9999999999999978E-002  0.61901448161252515     
 -0.90000000000000002       -9.9999999999999978E-002  0.57664313427475689     
 -0.80000000000000004       -9.9999999999999978E-002  0.32163401799964181     
 -0.69999999999999996       -9.9999999999999978E-002  -4.8878865398365605E-002
 -0.59999999999999998       -9.9999999999999978E-002 -0.41968320514896496     
 -0.49999999999999994       -9.9999999999999978E-002 -0.62743497254323166     
 -0.39999999999999991       -9.9999999999999978E-002 -0.59955297078470005     
 -0.29999999999999993       -9.9999999999999978E-002 -0.33923505234257340     
 -0.19999999999999993       -9.9999999999999978E-002   4.6115486274790507E-002
  -9.9999999999999978E-002  -9.9999999999999978E-002  0.41769254165842368     
   2.7755575615628914E-017  -9.9999999999999978E-002  0.62488180257029935     
  0.10000000000000009       -9.9999999999999978E-002  0.59732953172355674     
  0.20000000000000009       -9.9999999999999978E-002  0.33639261287267513     
  0.30000000000000016       -9.9999999999999978E-002  -4.8578159587258571E-002
  0.40000000000000013       -9.9999999999999978E-002 -0.42109964171180381     
  0.50000000000000011       -9.9999999999999978E-002 -0.62739487205451294     
  0.60000000000000009       -9.9999999999999978E-002 -0.60131054346759494     
  0.70000000000000007       -9.9999999999999978E-002 -0.33920352575069884     
  0.80000000000000004       -9.9999999999999978E-002   4.4234438946433668E-002
  0.90000000000000002       -9.9999999999999978E-002  0.41708999341348951     
   1.0000000000000000       -9.9999999999999978E-002  0.61299982834236699     
  -1.0000000000000000        2.7755575615628914E-017  0.92594339445334828     
 -0.90000000000000002        2.7755575615628914E-017  0.86248419527422571     
 -0.80000000000000004        2.7755575615628914E-017  0.48098382973859088     
 -0.69999999999999996        2.7755575615628914E-017  -7.3246434174268960E-002
 -0.59999999999999998        2.7755575615628914E-017 -0.62785889621103452     
 -0.49999999999999994        2.7755575615628914E-017 -0.93853974637244508     
 -0.39999999999999991        2.7755575615628914E-017 -0.89675054493777850     
 -0.29999999999999993        2.7755575615628914E-017 -0.50730678425720499     
 -0.19999999999999993        2.7755575615628914E-017   6.9114804067808969E-002
  -9.9999999999999978E-002   2.7755575615628914E-017  0.62488180257030246     
   2.7755575615628914E-017   2.7755575615628914E-017  0.93472137381988818     
  0.10000000000000009        2.7755575615628914E-017  0.89342462303993975     
  0.20000000000000009        2.7755575615628914E-017  0.50305568207995777     
  0.30000000000000016        2.7755575615628914E-017  -7.2798084280003603E-002
  0.40000000000000013        2.7755575615628914E-017 -0.62997723532229699     
  0.50000000000000011        2.7755575615628914E-017 -0.93847971087360582     
  0.60000000000000009        2.7755575615628914E-017 -0.89937877301657776     
  0.70000000000000007        2.7755575615628914E-017 -0.50725962658170409     
  0.80000000000000004        2.7755575615628914E-017   6.6301214967468838E-002
  0.90000000000000002        2.7755575615628914E-017  0.62398056740893815     
   1.0000000000000000        2.7755575615628914E-017  0.91694829505309672     
  -1.0000000000000000       0.10000000000000009       0.88503349625691341     
 -0.90000000000000002       0.10000000000000009       0.82432466074731869     
 -0.80000000000000004       0.10000000000000009       0.45964653396354577     
 -0.69999999999999996       0.10000000000000009       -7.0099661110847006E-002
 -0.59999999999999998       0.10000000000000009      -0.60017467783725442     
 -0.49999999999999994       0.10000000000000009      -0.89707378528339887     
 -0.39999999999999991       0.10000000000000009      -0.85707503672121865     
 -0.29999999999999993       0.10000000000000009      -0.48480290509318735     
 -0.19999999999999993       0.10000000000000009        6.6151882771185944E-002
  -9.9999999999999978E-002  0.10000000000000009       0.59732953172355685     
   2.7755575615628914E-017  0.10000000000000009       0.89342462303993742     
  0.10000000000000009       0.10000000000000009       0.85389604367290972     
  0.20000000000000009       0.10000000000000009       0.48074011149733714     
  0.30000000000000016       0.10000000000000009       -6.9672108369406044E-002
  0.40000000000000013       0.10000000000000009      -0.60219914253015783     
  0.50000000000000011       0.10000000000000009      -0.89701636712035271     
  0.60000000000000009       0.10000000000000009      -0.85958659494216028     
  0.70000000000000007       0.10000000000000009      -0.48475783154474883     
  0.80000000000000004       0.10000000000000009        6.3462702937210028E-002
  0.90000000000000002       0.10000000000000009       0.59646816737259356     
   1.0000000000000000       0.10000000000000009       0.87643705765204183     
  -1.0000000000000000       0.20000000000000009       0.49832993520233659     
 -0.90000000000000002       0.20000000000000009       0.46409166373657607     
 -0.80000000000000004       0.20000000000000009       0.25872039330331853     
 -0.69999999999999996       0.20000000000000009       -3.9563238220293021E-002
 -0.59999999999999998       0.20000000000000009      -0.33799418115385294     
 -0.49999999999999994       0.20000000000000009      -0.50510986538539571     
 -0.39999999999999991       0.20000000000000009      -0.48253010318278955     
 -0.29999999999999993       0.20000000000000009      -0.27288130555263940     
 -0.19999999999999993       0.20000000000000009        3.7341745844976140E-002
  -9.9999999999999978E-002  0.20000000000000009       0.33639261287267397     
   2.7755575615628914E-017  0.20000000000000009       0.50305568207994811     
  0.10000000000000009       0.20000000000000009       0.48074011149733825     
  0.20000000000000009       0.20000000000000009       0.27059420030318271     
  0.30000000000000016       0.20000000000000009       -3.9323523653593491E-002
  0.40000000000000013       0.20000000000000009      -0.33913379035583857     
  0.50000000000000011       0.20000000000000009      -0.50507749887803077     
  0.60000000000000009       0.20000000000000009      -0.48394369945808818     
  0.70000000000000007       0.20000000000000009      -0.27285592691986771     
  0.80000000000000004       0.20000000000000009        3.5827670593970615E-002
  0.90000000000000002       0.20000000000000009       0.33590766467165517     
   1.0000000000000000       0.20000000000000009       0.49349088195820434     
  -1.0000000000000000       0.30000000000000016       -7.2115984113028261E-002
 -0.90000000000000002       0.30000000000000016       -6.7259082602584813E-002
 -0.80000000000000004       0.30000000000000016       -3.7599517455799862E-002
 -0.69999999999999996       0.30000000000000016        5.5614659540748077E-003
 -0.59999999999999998       0.30000000000000016        4.8810690338565700E-002
 -0.49999999999999994       0.30000000000000016        7.3096286909844141E-002
 -0.39999999999999991       0.30000000000000016        6.9931117248599226E-002
 -0.29999999999999993       0.30000000000000016        3.9655396015510568E-002
 -0.19999999999999993       0.30000000000000016       -5.2375818123620316E-003
  -9.9999999999999978E-002  0.30000000000000016       -4.8578159587258855E-002
   2.7755575615628914E-017  0.30000000000000016       -7.2798084280003977E-002
  0.10000000000000009       0.30000000000000016       -6.9672108369405697E-002
  0.20000000000000009       0.30000000000000016       -3.9323523653595552E-002
  0.30000000000000016       0.30000000000000016        5.5249631424532705E-003
  0.40000000000000013       0.30000000000000016        4.8976126954568350E-002
  0.50000000000000011       0.30000000000000016        7.3091667436855426E-002
  0.60000000000000009       0.30000000000000016        7.0136694747256381E-002
  0.70000000000000007       0.30000000000000016        3.9651722218163078E-002
  0.80000000000000004       0.30000000000000016       -5.0182890654637807E-003
  0.90000000000000002       0.30000000000000016       -4.8507883737232776E-002
   1.0000000000000000       0.30000000000000016       -7.1413423626869574E-002
  -1.0000000000000000       0.40000000000000013      -0.62406205107088975     
 -0.90000000000000002       0.40000000000000013      -0.58134410577651841     
 -0.80000000000000004       0.40000000000000013      -0.32425491439180248     
 -0.69999999999999996       0.40000000000000013        4.9279264536472474E-002
 -0.59999999999999998       0.40000000000000013       0.42310652899734835     
 -0.49999999999999994       0.40000000000000013       0.63255121396346026     
 -0.39999999999999991       0.40000000000000013       0.60444071230389018     
 -0.29999999999999993       0.40000000000000013       0.34199939767695225     
 -0.19999999999999993       0.40000000000000013       -4.6493379066935688E-002
  -9.9999999999999978E-002  0.40000000000000013      -0.42109964171180403     
   2.7755575615628914E-017  0.40000000000000013      -0.62997723532230920     
  0.10000000000000009       0.40000000000000013      -0.60219914253015716     
  0.20000000000000009       0.40000000000000013      -0.33913379035585878     
  0.30000000000000016       0.40000000000000013        4.8976126954568468E-002
  0.40000000000000013       0.40000000000000013       0.42453450968779100     
  0.50000000000000011       0.40000000000000013       0.63251078576711206     
  0.60000000000000009       0.40000000000000013       0.60621260532783849     
  0.70000000000000007       0.40000000000000013       0.34196761402300607     
  0.80000000000000004       0.40000000000000013       -4.4596995341819316E-002
  0.90000000000000002       0.40000000000000013      -0.42049218124308996     
   1.0000000000000000       0.40000000000000013      -0.61799837851170902     
  -1.0000000000000000       0.50000000000000011      -0.92966642756997842     
 -0.90000000000000002       0.50000000000000011      -0.86595155387278433     
 -0.80000000000000004       0.50000000000000011      -0.48291693012415987     
 -0.69999999999999996       0.50000000000000011        7.3541810497782245E-002
 -0.59999999999999998       0.50000000000000011       0.63038393196546860     
 -0.49999999999999994       0.50000000000000011       0.94231343142277102     
 -0.39999999999999991       0.50000000000000011       0.90035566204012663     
 -0.29999999999999993       0.50000000000000011       0.50934568916959178     
 -0.19999999999999993       0.50000000000000011       -6.9393580616078199E-002
  -9.9999999999999978E-002  0.50000000000000011      -0.62739487205451272     
   2.7755575615628914E-017  0.50000000000000011      -0.93847971087360493     
  0.10000000000000009       0.50000000000000011      -0.89701636712035293     
  0.20000000000000009       0.50000000000000011      -0.50507749887803055     
  0.30000000000000016       0.50000000000000011        7.3091667436855440E-002
  0.40000000000000013       0.50000000000000011       0.63251078576711406     
  0.50000000000000011       0.50000000000000011       0.94225315419420563     
  0.60000000000000009       0.50000000000000011       0.90299445236171572     
  0.70000000000000007       0.50000000000000011       0.50929834189149414     
  0.80000000000000004       0.50000000000000011       -6.6568679584463122E-002
  0.90000000000000002       0.50000000000000011      -0.62649001371736313     
   1.0000000000000000       0.50000000000000011      -0.92063517270306572     
  -1.0000000000000000       0.60000000000000009      -0.89093172148168442     
 -0.90000000000000002       0.60000000000000009      -0.82981814215239103     
 -0.80000000000000004       0.60000000000000009      -0.46270955469053415     
 -0.69999999999999996       0.60000000000000009        7.0567093977691661E-002
 -0.59999999999999998       0.60000000000000009       0.60417464960421841     
 -0.49999999999999994       0.60000000000000009       0.90305225328673755     
 -0.39999999999999991       0.60000000000000009       0.86278677415341121     
 -0.29999999999999993       0.60000000000000009       0.48803356774986023     
 -0.19999999999999993       0.60000000000000009       -6.6593009845037646E-002
  -9.9999999999999978E-002  0.60000000000000009      -0.60131054346759427     
   2.7755575615628914E-017  0.60000000000000009      -0.89937877301657732     
  0.10000000000000009       0.60000000000000009      -0.85958659494215994     
  0.20000000000000009       0.60000000000000009      -0.48394369945808735     
  0.30000000000000016       0.60000000000000009        7.0136694747254591E-002
  0.40000000000000013       0.60000000000000009       0.60621260532783083     
  0.50000000000000011       0.60000000000000009       0.90299445236171372     
  0.60000000000000009       0.60000000000000009       0.86531506882790465     
  0.70000000000000007       0.60000000000000009       0.48798819381213138     
  0.80000000000000004       0.60000000000000009       -6.3885908522436793E-002
  0.90000000000000002       0.60000000000000009      -0.60044343878468287     
   1.0000000000000000       0.60000000000000009      -0.88227799630739312     
  -1.0000000000000000       0.70000000000000007      -0.50249439201920210     
 -0.90000000000000002       0.70000000000000007      -0.46797024609528154     
 -0.80000000000000004       0.70000000000000007      -0.26088287815455458     
 -0.69999999999999996       0.70000000000000007        3.9893444671456467E-002
 -0.59999999999999998       0.70000000000000007       0.34081847997796511     
 -0.49999999999999994       0.70000000000000007       0.50933097871437372     
 -0.39999999999999991       0.70000000000000007       0.48656278179714202     
 -0.29999999999999993       0.70000000000000007       0.27516214738797345     
 -0.19999999999999993       0.70000000000000007       -3.7653381558282475E-002
  -9.9999999999999978E-002  0.70000000000000007      -0.33920352575069873     
   2.7755575615628914E-017  0.70000000000000007      -0.50725962658170320     
  0.10000000000000009       0.70000000000000007      -0.48475783154474755     
  0.20000000000000009       0.70000000000000007      -0.27285592691986377     
  0.30000000000000016       0.70000000000000007        3.9651722218162690E-002
  0.40000000000000013       0.70000000000000007       0.34196761402300796     
  0.50000000000000011       0.70000000000000007       0.50929834189149281     
  0.60000000000000009       0.70000000000000007       0.48798819381212971     
  0.70000000000000007       0.70000000000000007       0.27513655667054998     
  0.80000000000000004       0.70000000000000007       -3.6126652959396113E-002
  0.90000000000000002       0.70000000000000007      -0.33871452467731300     
   1.0000000000000000       0.70000000000000007      -0.49761489385841745     
  -1.0000000000000000       0.80000000000000004        6.5680134285958577E-002
 -0.90000000000000002       0.80000000000000004        6.1264715844086971E-002
 -0.80000000000000004       0.80000000000000004        3.4257053229941770E-002
 -0.69999999999999996       0.80000000000000004       -5.0516830599764712E-003
 -0.59999999999999998       0.80000000000000004       -4.4446280290730819E-002
 -0.49999999999999994       0.80000000000000004       -6.6572881509932999E-002
 -0.39999999999999991       0.80000000000000004       -6.3698594584729262E-002
 -0.29999999999999993       0.80000000000000004       -3.6129998988886768E-002
 -0.19999999999999993       0.80000000000000004        4.7565062609966000E-003
  -9.9999999999999978E-002  0.80000000000000004        4.4234438946434369E-002
   2.7755575615628914E-017  0.80000000000000004        6.6301214967491390E-002
  0.10000000000000009       0.80000000000000004        6.3462702937213705E-002
  0.20000000000000009       0.80000000000000004        3.5827670593996622E-002
  0.30000000000000016       0.80000000000000004       -5.0182890654638700E-003
  0.40000000000000013       0.80000000000000004       -4.4596995341830377E-002
  0.50000000000000011       0.80000000000000004       -6.6568679584465842E-002
  0.60000000000000009       0.80000000000000004       -6.3885908522457444E-002
  0.70000000000000007       0.80000000000000004       -3.6126652959395628E-002
  0.80000000000000004       0.80000000000000004        4.5567688600244207E-003
  0.90000000000000002       0.80000000000000004        4.4170426811053591E-002
   1.0000000000000000       0.80000000000000004        6.5040085621387300E-002
  -1.0000000000000000       0.90000000000000002       0.61812171087911782     
 -0.90000000000000002       0.90000000000000002       0.57581159995018460     
 -0.80000000000000004       0.90000000000000002       0.32117034796811617     
 -0.69999999999999996       0.90000000000000002       -4.8808158201025999E-002
 -0.59999999999999998       0.90000000000000002      -0.41907778685945901     
 -0.49999999999999994       0.90000000000000002      -0.62653005628791159     
 -0.39999999999999991       0.90000000000000002      -0.59868839964961940     
 -0.29999999999999993       0.90000000000000002      -0.33874600580135206     
 -0.19999999999999993       0.90000000000000002        4.6048761445307541E-002
  -9.9999999999999978E-002  0.90000000000000002       0.41708999341348851     
   2.7755575615628914E-017  0.90000000000000002       0.62398056740893637     
  0.10000000000000009       0.90000000000000002       0.59646816737259345     
  0.20000000000000009       0.90000000000000002       0.33590766467165806     
  0.30000000000000016       0.90000000000000002       -4.8507883737231805E-002
  0.40000000000000013       0.90000000000000002      -0.42049218124308874     
  0.50000000000000011       0.90000000000000002      -0.62649001371736179     
  0.60000000000000009       0.90000000000000002      -0.60044343878468676     
  0.70000000000000007       0.90000000000000002      -0.33871452467731311     
  0.80000000000000004       0.90000000000000002        4.4170426811049129E-002
  0.90000000000000002       0.90000000000000002       0.41648831406636888     
   1.0000000000000000       0.90000000000000002       0.61211572927348223     
  -1.0000000000000000        1.0000000000000000       0.90833722777034609     
 -0.90000000000000002        1.0000000000000000       0.84608493022300868     
 -0.80000000000000004        1.0000000000000000       0.47183869486526248     
 -0.69999999999999996        1.0000000000000000       -7.1853253479795390E-002
 -0.59999999999999998        1.0000000000000000      -0.61592031670119718     
 -0.49999999999999994        1.0000000000000000      -0.92069406648916785     
 -0.39999999999999991        1.0000000000000000      -0.87969973937853707     
 -0.29999999999999993        1.0000000000000000      -0.49766115486299789     
 -0.19999999999999993        1.0000000000000000        6.7800176817459215E-002
  -9.9999999999999978E-002   1.0000000000000000       0.61299982834236499     
   2.7755575615628914E-017   1.0000000000000000       0.91694829505309483     
  0.10000000000000009        1.0000000000000000       0.87643705765203972     
  0.20000000000000009        1.0000000000000000       0.49349088195820978     
  0.30000000000000016        1.0000000000000000       -7.1413423626868269E-002
  0.40000000000000013        1.0000000000000000      -0.61799837851169281     
  0.50000000000000011        1.0000000000000000      -0.92063517270305983     
  0.60000000000000009        1.0000000000000000      -0.88227799630738601     
  0.70000000000000007        1.0000000000000000      -0.49761489385841567     
  0.80000000000000004        1.0000000000000000        6.5040085621360474E-002
  0.90000000000000002        1.0000000000000000       0.61211572927347879     
   1.0000000000000000        1.0000000000000000       0.89951315763531192     
