  -1.0000000000000000       -1.0000000000000000       0.95785548859836300     
 -0.90000000000000002       -1.0000000000000000       0.76942389250672505     
 -0.80000000000000004       -1.0000000000000000       0.29896658980728413     
 -0.69999999999999996       -1.0000000000000000      -0.27966042126954443     
 -0.59999999999999998       -1.0000000000000000      -0.75278402862630434     
 -0.49999999999999994       -1.0000000000000000      -0.94161628054054347     
 -0.39999999999999991       -1.0000000000000000      -0.76754031282758017     
 -0.29999999999999993       -1.0000000000000000      -0.30244056433687028     
 -0.19999999999999993       -1.0000000000000000       0.29060692747735783     
  -9.9999999999999978E-002  -1.0000000000000000       0.78213110476408698     
   2.7755575615628914E-017  -1.0000000000000000       0.97651723484851327     
  0.10000000000000009       -1.0000000000000000       0.79654198943988297     
  0.20000000000000009       -1.0000000000000000       0.31319090203447503     
  0.30000000000000016       -1.0000000000000000      -0.29009167420301485     
  0.40000000000000013       -1.0000000000000000      -0.78288782210210284     
  0.50000000000000011       -1.0000000000000000      -0.97597356642098954     
  0.60000000000000009       -1.0000000000000000      -0.79763143603855080     
  0.70000000000000007       -1.0000000000000000      -0.31326447888272274     
  0.80000000000000004       -1.0000000000000000       0.28836280601056430     
  0.90000000000000002       -1.0000000000000000       0.78131963135396887     
   1.0000000000000000       -1.0000000000000000       0.95886588023730956     
  -1.0000000000000000      -0.90000000000000002       0.76942389250672028     
 -0.90000000000000002      -0.90000000000000002       0.61793677007937886     
 -0.80000000000000004      -0.90000000000000002       0.23995180997184429     
 -0.69999999999999996      -0.90000000000000002      -0.22484821894132875     
 -0.59999999999999998      -0.90000000000000002      -0.60481967839411144     
 -0.49999999999999994      -0.90000000000000002      -0.75638067975900181     
 -0.39999999999999991      -0.90000000000000002      -0.61642276829884035     
 -0.29999999999999993      -0.90000000000000002      -0.24274156495722715     
 -0.19999999999999993      -0.90000000000000002       0.23365015113204668     
  -9.9999999999999978E-002 -0.90000000000000002       0.62839958409195817     
   2.7755575615628914E-017 -0.90000000000000002       0.78441718850044140     
  0.10000000000000009      -0.90000000000000002       0.63971575390604607     
  0.20000000000000009      -0.90000000000000002       0.25137067820050796     
  0.30000000000000016      -0.90000000000000002      -0.23323510626840230     
  0.40000000000000013      -0.90000000000000002      -0.62900655173197539     
  0.50000000000000011      -0.90000000000000002      -0.78397950587363008     
  0.60000000000000009      -0.90000000000000002      -0.64058972270918235     
  0.70000000000000007      -0.90000000000000002      -0.25142850014100826     
  0.80000000000000004      -0.90000000000000002       0.23184784977593481     
  0.90000000000000002      -0.90000000000000002       0.62774793810942975     
   1.0000000000000000      -0.90000000000000002       0.77023886425134414     
  -1.0000000000000000      -0.80000000000000004       0.29896658980727137     
 -0.90000000000000002      -0.80000000000000004       0.23995180997184723     
 -0.80000000000000004      -0.80000000000000004        9.2987300232603529E-002
 -0.69999999999999996      -0.80000000000000004       -8.7617271836185437E-002
 -0.59999999999999998      -0.80000000000000004      -0.23516230098006702     
 -0.49999999999999994      -0.80000000000000004      -0.29390023234314039     
 -0.39999999999999991      -0.80000000000000004      -0.23936234256734201     
 -0.29999999999999993      -0.80000000000000004       -9.4070285223757100E-002
 -0.19999999999999993      -0.80000000000000004        9.1048245852896240E-002
  -9.9999999999999978E-002 -0.80000000000000004       0.24433194831227897     
   2.7755575615628914E-017 -0.80000000000000004       0.30479573743737426     
  0.10000000000000009      -0.80000000000000004       0.24840883682501619     
  0.20000000000000009      -0.80000000000000004        9.7415327488101652E-002
  0.30000000000000016      -0.80000000000000004       -9.0885555067394666E-002
  0.40000000000000013      -0.80000000000000004      -0.24456669866896738     
  0.50000000000000011      -0.80000000000000004      -0.30462448160472477     
  0.60000000000000009      -0.80000000000000004      -0.24874699672648606     
  0.70000000000000007      -0.80000000000000004       -9.7436216548504248E-002
  0.80000000000000004      -0.80000000000000004        9.0348378213252992E-002
  0.90000000000000002      -0.80000000000000004       0.24407898255267954     
   1.0000000000000000      -0.80000000000000004       0.29928737853689719     
  -1.0000000000000000      -0.69999999999999996      -0.27966042126954244     
 -0.90000000000000002      -0.69999999999999996      -0.22484821894132839     
 -0.80000000000000004      -0.69999999999999996       -8.7617271836189767E-002
 -0.69999999999999996      -0.69999999999999996        8.1318555824960087E-002
 -0.59999999999999998      -0.69999999999999996       0.21958202461895285     
 -0.49999999999999994      -0.69999999999999996       0.27491688083522614     
 -0.39999999999999991      -0.69999999999999996       0.22429985706416308     
 -0.29999999999999993      -0.69999999999999996        8.8632878279782529E-002
 -0.19999999999999993      -0.69999999999999996       -8.4500077341457008E-002
  -9.9999999999999978E-002 -0.69999999999999996      -0.22814044049676910     
   2.7755575615628914E-017 -0.69999999999999996      -0.28510453013254650     
  0.10000000000000009      -0.69999999999999996      -0.23277291917288934     
  0.20000000000000009      -0.69999999999999996       -9.1782060941998991E-002
  0.30000000000000016      -0.69999999999999996        8.4351528436505091E-002
  0.40000000000000013      -0.69999999999999996       0.22836282592062260     
  0.50000000000000011      -0.69999999999999996       0.28494737823109273     
  0.60000000000000009      -0.69999999999999996       0.23309289627071039     
  0.70000000000000007      -0.69999999999999996        9.1805638116994812E-002
  0.80000000000000004      -0.69999999999999996       -8.3844297455466885E-002
  0.90000000000000002      -0.69999999999999996      -0.22790320366631459     
   1.0000000000000000      -0.69999999999999996      -0.27994994494623587     
  -1.0000000000000000      -0.59999999999999998      -0.75278402862628901     
 -0.90000000000000002      -0.59999999999999998      -0.60481967839410478     
 -0.80000000000000004      -0.59999999999999998      -0.23516230098005766     
 -0.69999999999999996      -0.59999999999999998       0.21958202461895823     
 -0.59999999999999998      -0.59999999999999998       0.59149123454634911     
 -0.49999999999999994      -0.59999999999999998       0.74002015393231879     
 -0.39999999999999991      -0.59999999999999998       0.60334033367475193     
 -0.29999999999999993      -0.59999999999999998       0.23789333389969336     
 -0.19999999999999993      -0.59999999999999998      -0.22817603512858212     
  -9.9999999999999978E-002 -0.59999999999999998      -0.61454916898884226     
   2.7755575615628914E-017 -0.59999999999999998      -0.76744764854751457     
  0.10000000000000009      -0.59999999999999998      -0.62613635120367972     
  0.20000000000000009      -0.59999999999999998      -0.24634852215067465     
  0.30000000000000016      -0.59999999999999998       0.22777225622135253     
  0.40000000000000013      -0.59999999999999998       0.61514477011250890     
  0.50000000000000011      -0.59999999999999998       0.76702134913363462     
  0.60000000000000009      -0.59999999999999998       0.62699372076728332     
  0.70000000000000007      -0.59999999999999998       0.24640763624932246     
  0.80000000000000004      -0.59999999999999998      -0.22641201380660281     
  0.90000000000000002      -0.59999999999999998      -0.61391123367318767     
   1.0000000000000000      -0.59999999999999998      -0.75357473103544859     
  -1.0000000000000000      -0.49999999999999994      -0.94161628054054103     
 -0.90000000000000002      -0.49999999999999994      -0.75638067975900547     
 -0.80000000000000004      -0.49999999999999994      -0.29390023234313978     
 -0.69999999999999996      -0.49999999999999994       0.27491688083522503     
 -0.59999999999999998      -0.49999999999999994       0.74002015393231191     
 -0.49999999999999994      -0.49999999999999994       0.92565237205361117     
 -0.39999999999999991      -0.49999999999999994       0.75452904449149139     
 -0.29999999999999993      -0.49999999999999994       0.29731531911756032     
 -0.19999999999999993      -0.49999999999999994      -0.28567770480874743     
  -9.9999999999999978E-002 -0.49999999999999994      -0.76886962084341692     
   2.7755575615628914E-017 -0.49999999999999994      -0.95996161053206042     
  0.10000000000000009      -0.49999999999999994      -0.78303907284369778     
  0.20000000000000009      -0.49999999999999994      -0.30788346965777785     
  0.30000000000000016      -0.49999999999999994       0.28517119982210998     
  0.40000000000000013      -0.49999999999999994       0.76961351887015517     
  0.50000000000000011      -0.49999999999999994       0.95942717002608335     
  0.60000000000000009      -0.49999999999999994       0.78411006213699208     
  0.70000000000000007      -0.49999999999999994       0.30795581332826505     
  0.80000000000000004      -0.49999999999999994      -0.28347162566074668     
  0.90000000000000002      -0.49999999999999994      -0.76807190278965864     
   1.0000000000000000      -0.49999999999999994      -0.94260950513077302     
  -1.0000000000000000      -0.39999999999999991      -0.76754031282756308     
 -0.90000000000000002      -0.39999999999999991      -0.61642276829883447     
 -0.80000000000000004      -0.39999999999999991      -0.23936234256733727     
 -0.69999999999999996      -0.39999999999999991       0.22429985706416145     
 -0.59999999999999998      -0.39999999999999991       0.60334033367474549     
 -0.49999999999999994      -0.39999999999999991       0.75452904449149172     
 -0.39999999999999991      -0.39999999999999991       0.61491246309635839     
 -0.29999999999999993      -0.39999999999999991       0.24214525986938515     
 -0.19999999999999993      -0.39999999999999991      -0.23308033208489823     
  -9.9999999999999978E-002 -0.39999999999999991      -0.62686257659332845     
   2.7755575615628914E-017 -0.39999999999999991      -0.78249693256267827     
  0.10000000000000009      -0.39999999999999991      -0.63814839162445736     
  0.20000000000000009      -0.39999999999999991      -0.25075318340338909     
  0.30000000000000016      -0.39999999999999991       0.23266629154846252     
  0.40000000000000013      -0.39999999999999991       0.62746804933616007     
  0.50000000000000011      -0.39999999999999991       0.78206031151666910     
  0.60000000000000009      -0.39999999999999991       0.63902020902987777     
  0.70000000000000007      -0.39999999999999991       0.25081085070912440     
  0.80000000000000004      -0.39999999999999991      -0.23128244650096577     
  0.90000000000000002      -0.39999999999999991      -0.62621252784943537     
   1.0000000000000000      -0.39999999999999991      -0.76835332371575260     
  -1.0000000000000000      -0.29999999999999993      -0.30244056433686894     
 -0.90000000000000002      -0.29999999999999993      -0.24274156495722937     
 -0.80000000000000004      -0.29999999999999993       -9.4070285223757460E-002
 -0.69999999999999996      -0.29999999999999993        8.8632878279783722E-002
 -0.59999999999999998      -0.29999999999999993       0.23789333389969508     
 -0.49999999999999994      -0.29999999999999993       0.29731531911756048     
 -0.39999999999999991      -0.29999999999999993       0.24214525986938765     
 -0.29999999999999993      -0.29999999999999993        9.5165864424471530E-002
 -0.19999999999999993      -0.29999999999999993       -9.2103611115362971E-002
  -9.9999999999999978E-002 -0.29999999999999993      -0.24716945746025684     
   2.7755575615628914E-017 -0.29999999999999993      -0.30833741270171333     
  0.10000000000000009      -0.29999999999999993      -0.25129691583268149     
  0.20000000000000009      -0.29999999999999993       -9.8549854542621856E-002
  0.30000000000000016      -0.29999999999999993        9.1939044084348595E-002
  0.40000000000000013      -0.29999999999999993       0.24740694652223225     
  0.50000000000000011      -0.29999999999999993       0.30816417876683455     
  0.60000000000000009      -0.29999999999999993       0.25163901938412864     
  0.70000000000000007      -0.29999999999999993        9.8571002090965421E-002
  0.80000000000000004      -0.29999999999999993       -9.1395606756060926E-002
  0.90000000000000002      -0.29999999999999993      -0.24691354989015099     
   1.0000000000000000      -0.29999999999999993      -0.30276503944259298     
  -1.0000000000000000      -0.19999999999999993       0.29060692747734407     
 -0.90000000000000002      -0.19999999999999993       0.23365015113204243     
 -0.80000000000000004      -0.19999999999999993        9.1048245852871426E-002
 -0.69999999999999996      -0.19999999999999993       -8.4500077341463503E-002
 -0.59999999999999998      -0.19999999999999993      -0.22817603512860363     
 -0.49999999999999994      -0.19999999999999993      -0.28567770480875176     
 -0.39999999999999991      -0.19999999999999993      -0.23308033208489851     
 -0.29999999999999993      -0.19999999999999993       -9.2103611115363193E-002
 -0.19999999999999993      -0.19999999999999993        8.7806066847938152E-002
  -9.9999999999999978E-002 -0.19999999999999993       0.23706940221231915     
   2.7755575615628914E-017 -0.19999999999999993       0.29626411074713377     
  0.10000000000000009      -0.19999999999999993       0.24188507251069641     
  0.20000000000000009      -0.19999999999999993        9.5376105461851240E-002
  0.30000000000000016      -0.19999999999999993       -8.7651711680797620E-002
  0.40000000000000013      -0.19999999999999993      -0.23730049862952499     
  0.50000000000000011      -0.19999999999999993      -0.29610081453548748     
  0.60000000000000009      -0.19999999999999993      -0.24221758255099896     
  0.70000000000000007      -0.19999999999999993       -9.5400614704266279E-002
  0.80000000000000004      -0.19999999999999993        8.7124615772219513E-002
  0.90000000000000002      -0.19999999999999993       0.23682287803338536     
   1.0000000000000000      -0.19999999999999993       0.29090775965380794     
  -1.0000000000000000       -9.9999999999999978E-002  0.78213110476407932     
 -0.90000000000000002       -9.9999999999999978E-002  0.62839958409195684     
 -0.80000000000000004       -9.9999999999999978E-002  0.24433194831227809     
 -0.69999999999999996       -9.9999999999999978E-002 -0.22814044049676807     
 -0.59999999999999998       -9.9999999999999978E-002 -0.61454916898884215     
 -0.49999999999999994       -9.9999999999999978E-002 -0.76886962084341626     
 -0.39999999999999991       -9.9999999999999978E-002 -0.62686257659333111     
 -0.29999999999999993       -9.9999999999999978E-002 -0.24716945746025532     
 -0.19999999999999993       -9.9999999999999978E-002  0.23706940221232004     
  -9.9999999999999978E-002  -9.9999999999999978E-002  0.63850595322470549     
   2.7755575615628914E-017  -9.9999999999999978E-002  0.79736635589510541     
  0.10000000000000009       -9.9999999999999978E-002  0.65054732300036644     
  0.20000000000000009       -9.9999999999999978E-002  0.25595432955430469     
  0.30000000000000016       -9.9999999999999978E-002 -0.23664989298358327     
  0.40000000000000013       -9.9999999999999978E-002 -0.63912478206953871     
  0.50000000000000011       -9.9999999999999978E-002 -0.79692344650097025     
  0.60000000000000009       -9.9999999999999978E-002 -0.65143812792559830     
  0.70000000000000007       -9.9999999999999978E-002 -0.25601576035743234     
  0.80000000000000004       -9.9999999999999978E-002  0.23523660759856826     
  0.90000000000000002       -9.9999999999999978E-002  0.63784314633414751     
   1.0000000000000000       -9.9999999999999978E-002  0.78295260068356232     
  -1.0000000000000000        2.7755575615628914E-017  0.97651723484847797     
 -0.90000000000000002        2.7755575615628914E-017  0.78441718850043662     
 -0.80000000000000004        2.7755575615628914E-017  0.30479573743735944     
 -0.69999999999999996        2.7755575615628914E-017 -0.28510453013255072     
 -0.59999999999999998        2.7755575615628914E-017 -0.76744764854751690     
 -0.49999999999999994        2.7755575615628914E-017 -0.95996161053206708     
 -0.39999999999999991        2.7755575615628914E-017 -0.78249693256268060     
 -0.29999999999999993        2.7755575615628914E-017 -0.30833741270171061     
 -0.19999999999999993        2.7755575615628914E-017  0.29626411074713066     
  -9.9999999999999978E-002   2.7755575615628914E-017  0.79736635589510796     
   2.7755575615628914E-017   2.7755575615628914E-017  0.99554250483042617     
  0.10000000000000009        2.7755575615628914E-017  0.81206371927660814     
  0.20000000000000009        2.7755575615628914E-017  0.31929733812227667     
  0.30000000000000016        2.7755575615628914E-017 -0.29573884425500052     
  0.40000000000000013        2.7755575615628914E-017 -0.79813783574119490     
  0.50000000000000011        2.7755575615628914E-017 -0.99498826544063490     
  0.60000000000000009        2.7755575615628914E-017 -0.81317441688231518     
  0.70000000000000007        2.7755575615628914E-017 -0.31937237662558943     
  0.80000000000000004        2.7755575615628914E-017  0.29397625970532748     
  0.90000000000000002        2.7755575615628914E-017  0.79653906844693556     
   1.0000000000000000        2.7755575615628914E-017  0.97754723817987821     
  -1.0000000000000000       0.10000000000000009       0.79654198943987886     
 -0.90000000000000002       0.10000000000000009       0.63971575390604773     
 -0.80000000000000004       0.10000000000000009       0.24840883682501544     
 -0.69999999999999996       0.10000000000000009      -0.23277291917288892     
 -0.59999999999999998       0.10000000000000009      -0.62613635120367761     
 -0.49999999999999994       0.10000000000000009      -0.78303907284369512     
 -0.39999999999999991       0.10000000000000009      -0.63814839162445725     
 -0.29999999999999993       0.10000000000000009      -0.25129691583268110     
 -0.19999999999999993       0.10000000000000009       0.24188507251069685     
  -9.9999999999999978E-002  0.10000000000000009       0.65054732300036866     
   2.7755575615628914E-017  0.10000000000000009       0.81206371927660603     
  0.10000000000000009       0.10000000000000009       0.66226233105302501     
  0.20000000000000009       0.10000000000000009       0.26023015947845235     
  0.30000000000000016       0.10000000000000009      -0.24145539953406772     
  0.40000000000000013       0.10000000000000009      -0.65117568302742046     
  0.50000000000000011       0.10000000000000009      -0.81161061068205176     
  0.60000000000000009       0.10000000000000009      -0.66316710262600531     
  0.70000000000000007       0.10000000000000009      -0.26029001935280793     
  0.80000000000000004       0.10000000000000009       0.24001924961095808     
  0.90000000000000002       0.10000000000000009       0.64987270996071667     
   1.0000000000000000       0.10000000000000009       0.79738568454947834     
  -1.0000000000000000       0.20000000000000009       0.31319090203445743     
 -0.90000000000000002       0.20000000000000009       0.25137067820051068     
 -0.80000000000000004       0.20000000000000009        9.7415327488115877E-002
 -0.69999999999999996       0.20000000000000009       -9.1782060941996355E-002
 -0.59999999999999998       0.20000000000000009      -0.24634852215065736     
 -0.49999999999999994       0.20000000000000009      -0.30788346965777841     
 -0.39999999999999991       0.20000000000000009      -0.25075318340339087     
 -0.29999999999999993       0.20000000000000009       -9.8549854542621412E-002
 -0.19999999999999993       0.20000000000000009        9.5376105461850991E-002
  -9.9999999999999978E-002  0.20000000000000009       0.25595432955430580     
   2.7755575615628914E-017  0.20000000000000009       0.31929733812227434     
  0.10000000000000009       0.20000000000000009       0.26023015947845229     
  0.20000000000000009       0.20000000000000009       0.10205417043094125     
  0.30000000000000016       0.20000000000000009       -9.5205696195931652E-002
  0.40000000000000013       0.20000000000000009      -0.25620026588500350     
  0.50000000000000011       0.20000000000000009      -0.31911795271667431     
  0.60000000000000009       0.20000000000000009      -0.26058443062624531     
  0.70000000000000007       0.20000000000000009      -0.10207607786105025     
  0.80000000000000004       0.20000000000000009        9.4642932607136271E-002
  0.90000000000000002       0.20000000000000009       0.25568932443857850     
   1.0000000000000000       0.20000000000000009       0.31352688929789058     
  -1.0000000000000000       0.30000000000000016      -0.29009167420301230     
 -0.90000000000000002       0.30000000000000016      -0.23323510626839997     
 -0.80000000000000004       0.30000000000000016       -9.0885555067393486E-002
 -0.69999999999999996       0.30000000000000016        8.4351528436504855E-002
 -0.59999999999999998       0.30000000000000016       0.22777225622135189     
 -0.49999999999999994       0.30000000000000016       0.28517119982210914     
 -0.39999999999999991       0.30000000000000016       0.23266629154846466     
 -0.29999999999999993       0.30000000000000016        9.1939044084347638E-002
 -0.19999999999999993       0.30000000000000016       -8.7651711680795663E-002
  -9.9999999999999978E-002  0.30000000000000016      -0.23664989298358227     
   2.7755575615628914E-017  0.30000000000000016      -0.29573884425499841     
  0.10000000000000009       0.30000000000000016      -0.24145539953406678     
  0.20000000000000009       0.30000000000000016       -9.5205696195931333E-002
  0.30000000000000016       0.30000000000000016        8.7497623009620898E-002
  0.40000000000000013       0.30000000000000016       0.23688057413643610     
  0.50000000000000011       0.30000000000000016       0.29557583151379957     
  0.60000000000000009       0.30000000000000016       0.24178731273822929     
  0.70000000000000007       0.30000000000000016        9.5230153963698355E-002
  0.80000000000000004       0.30000000000000016       -8.6971471086016813E-002
  0.90000000000000002       0.30000000000000016      -0.23640380711469086     
   1.0000000000000000       0.30000000000000016      -0.29039199397449156     
  -1.0000000000000000       0.40000000000000013      -0.78288782210205432     
 -0.90000000000000002       0.40000000000000013      -0.62900655173196796     
 -0.80000000000000004       0.40000000000000013      -0.24456669866894892     
 -0.69999999999999996       0.40000000000000013       0.22836282592062801     
 -0.59999999999999998       0.40000000000000013       0.61514477011252666     
 -0.49999999999999994       0.40000000000000013       0.76961351887015916     
 -0.39999999999999991       0.40000000000000013       0.62746804933617106     
 -0.29999999999999993       0.40000000000000013       0.24740694652222986     
 -0.19999999999999993       0.40000000000000013      -0.23730049862951355     
  -9.9999999999999978E-002  0.40000000000000013      -0.63912478206953782     
   2.7755575615628914E-017  0.40000000000000013      -0.79813783574120545     
  0.10000000000000009       0.40000000000000013      -0.65117568302742013     
  0.20000000000000009       0.40000000000000013      -0.25620026588501488     
  0.30000000000000016       0.40000000000000013       0.23688057413643601     
  0.40000000000000013       0.40000000000000013       0.63974420241807994     
  0.50000000000000011       0.40000000000000013       0.79769448994176562     
  0.60000000000000009       0.40000000000000013       0.65206734033637548     
  0.70000000000000007       0.40000000000000013       0.25626174567299664     
  0.80000000000000004       0.40000000000000013      -0.23546593367100813     
  0.90000000000000002       0.40000000000000013      -0.63846133548589978     
   1.0000000000000000       0.40000000000000013      -0.78371014014593987     
  -1.0000000000000000       0.50000000000000011      -0.97597356642098709     
 -0.90000000000000002       0.50000000000000011      -0.78397950587363141     
 -0.80000000000000004       0.50000000000000011      -0.30462448160472549     
 -0.69999999999999996       0.50000000000000011       0.28494737823109101     
 -0.59999999999999998       0.50000000000000011       0.76702134913363629     
 -0.49999999999999994       0.50000000000000011       0.95942717002607869     
 -0.39999999999999991       0.50000000000000011       0.78206031151667299     
 -0.29999999999999993       0.50000000000000011       0.30816417876683339     
 -0.19999999999999993       0.50000000000000011      -0.29610081453549014     
  -9.9999999999999978E-002  0.50000000000000011      -0.79692344650097002     
   2.7755575615628914E-017  0.50000000000000011      -0.99498826544063501     
  0.10000000000000009       0.50000000000000011      -0.81161061068204987     
  0.20000000000000009       0.50000000000000011      -0.31911795271667481     
  0.30000000000000016       0.50000000000000011       0.29557583151380096     
  0.40000000000000013       0.50000000000000011       0.79769448994177083     
  0.50000000000000011       0.50000000000000011       0.99443432712572999     
  0.60000000000000009       0.50000000000000011       0.81272068092793126     
  0.70000000000000007       0.50000000000000011       0.31919293950270572     
  0.80000000000000004       0.50000000000000011      -0.29381423994446981     
  0.90000000000000002       0.50000000000000011      -0.79609662112837087     
   1.0000000000000000       0.50000000000000011      -0.97700302227382374     
  -1.0000000000000000       0.60000000000000009      -0.79763143603851228     
 -0.90000000000000002       0.60000000000000009      -0.64058972270918102     
 -0.80000000000000004       0.60000000000000009      -0.24874699672647607     
 -0.69999999999999996       0.60000000000000009       0.23309289627070873     
 -0.59999999999999998       0.60000000000000009       0.62699372076728888     
 -0.49999999999999994       0.60000000000000009       0.78411006213699530     
 -0.39999999999999991       0.60000000000000009       0.63902020902987688     
 -0.29999999999999993       0.60000000000000009       0.25163901938412847     
 -0.19999999999999993       0.60000000000000009      -0.24221758255101028     
  -9.9999999999999978E-002  0.60000000000000009      -0.65143812792559763     
   2.7755575615628914E-017  0.60000000000000009      -0.81317441688231273     
  0.10000000000000009       0.60000000000000009      -0.66316710262600598     
  0.20000000000000009       0.60000000000000009      -0.26058443062623632     
  0.30000000000000016       0.60000000000000009       0.24178731273822748     
  0.40000000000000013       0.60000000000000009       0.65206734033637415     
  0.50000000000000011       0.60000000000000009       0.81272068092792982     
  0.60000000000000009       0.60000000000000009       0.66407310252589069     
  0.70000000000000007       0.60000000000000009       0.26064436223908360     
  0.80000000000000004       0.60000000000000009      -0.24034921046101659     
  0.90000000000000002       0.60000000000000009      -0.65076259371681200     
   1.0000000000000000       0.60000000000000009      -0.79847631154821341     
  -1.0000000000000000       0.70000000000000007      -0.31326447888272346     
 -0.90000000000000002       0.70000000000000007      -0.25142850014100976     
 -0.80000000000000004       0.70000000000000007       -9.7436216548503207E-002
 -0.69999999999999996       0.70000000000000007        9.1805638116994132E-002
 -0.59999999999999998       0.70000000000000007       0.24640763624932202     
 -0.49999999999999994       0.70000000000000007       0.30795581332826338     
 -0.39999999999999991       0.70000000000000007       0.25081085070912618     
 -0.29999999999999993       0.70000000000000007        9.8571002090965754E-002
 -0.19999999999999993       0.70000000000000007       -9.5400614704269873E-002
  -9.9999999999999978E-002  0.70000000000000007      -0.25601576035743284     
   2.7755575615628914E-017  0.70000000000000007      -0.31937237662558926     
  0.10000000000000009       0.70000000000000007      -0.26029001935280682     
  0.20000000000000009       0.70000000000000007      -0.10207607786104742     
  0.30000000000000016       0.70000000000000007        9.5230153963698758E-002
  0.40000000000000013       0.70000000000000007       0.25626174567299925     
  0.50000000000000011       0.70000000000000007       0.31919293950270555     
  0.60000000000000009       0.70000000000000007       0.26064436223908150     
  0.70000000000000007       0.70000000000000007       0.10209797774096906     
  0.80000000000000004       0.70000000000000007       -9.4667273082784095E-002
  0.90000000000000002       0.70000000000000007      -0.25575069489147656     
   1.0000000000000000       0.70000000000000007      -0.31360057825510351     
  -1.0000000000000000       0.80000000000000004       0.28836280601054576     
 -0.90000000000000002       0.80000000000000004       0.23184784977593173     
 -0.80000000000000004       0.80000000000000004        9.0348378213240293E-002
 -0.69999999999999996       0.80000000000000004       -8.3844297455473504E-002
 -0.59999999999999998       0.80000000000000004      -0.22641201380663672     
 -0.49999999999999994       0.80000000000000004      -0.28347162566075246     
 -0.39999999999999991       0.80000000000000004      -0.23128244650098795     
 -0.29999999999999993       0.80000000000000004       -9.1395606756061495E-002
 -0.19999999999999993       0.80000000000000004        8.7124615772216030E-002
  -9.9999999999999978E-002  0.80000000000000004       0.23523660759856865     
   2.7755575615628914E-017  0.80000000000000004       0.29397625970535357     
  0.10000000000000009       0.80000000000000004       0.24001924961096291     
  0.20000000000000009       0.80000000000000004        9.4642932607153313E-002
  0.30000000000000016       0.80000000000000004       -8.6971471086017410E-002
  0.40000000000000013       0.80000000000000004      -0.23546593367102364     
  0.50000000000000011       0.80000000000000004      -0.29381423994447364     
  0.60000000000000009       0.80000000000000004      -0.24034921046103114     
  0.70000000000000007       0.80000000000000004       -9.4667273082782388E-002
  0.80000000000000004       0.80000000000000004        8.6448421441511783E-002
  0.90000000000000002       0.80000000000000004       0.23499198406143798     
   1.0000000000000000       0.80000000000000004       0.28866126156875777     
  -1.0000000000000000       0.90000000000000002       0.78131963135396776     
 -0.90000000000000002       0.90000000000000002       0.62774793810942831     
 -0.80000000000000004       0.90000000000000002       0.24407898255268226     
 -0.69999999999999996       0.90000000000000002      -0.22790320366631381     
 -0.59999999999999998       0.90000000000000002      -0.61391123367319000     
 -0.49999999999999994       0.90000000000000002      -0.76807190278965654     
 -0.39999999999999991       0.90000000000000002      -0.62621252784944237     
 -0.29999999999999993       0.90000000000000002      -0.24691354989014908     
 -0.19999999999999993       0.90000000000000002       0.23682287803337992     
  -9.9999999999999978E-002  0.90000000000000002       0.63784314633414463     
   2.7755575615628914E-017  0.90000000000000002       0.79653906844693567     
  0.10000000000000009       0.90000000000000002       0.64987270996071533     
  0.20000000000000009       0.90000000000000002       0.25568932443858133     
  0.30000000000000016       0.90000000000000002      -0.23640380711469036     
  0.40000000000000013       0.90000000000000002      -0.63846133548589934     
  0.50000000000000011       0.90000000000000002      -0.79609662112836821     
  0.60000000000000009       0.90000000000000002      -0.65076259371681766     
  0.70000000000000007       0.90000000000000002      -0.25575069489147628     
  0.80000000000000004       0.90000000000000002       0.23499198406143210     
  0.90000000000000002       0.90000000000000002       0.63718102661120224     
   1.0000000000000000       0.90000000000000002       0.78214026611916465     
  -1.0000000000000000        1.0000000000000000       0.95886588023724328     
 -0.90000000000000002        1.0000000000000000       0.77023886425133570     
 -0.80000000000000004        1.0000000000000000       0.29928737853687604     
 -0.69999999999999996        1.0000000000000000      -0.27994994494623604     
 -0.59999999999999998        1.0000000000000000      -0.75357473103544770     
 -0.49999999999999994        1.0000000000000000      -0.94260950513077757     
 -0.39999999999999991        1.0000000000000000      -0.76835332371575060     
 -0.29999999999999993        1.0000000000000000      -0.30276503944258792     
 -0.19999999999999993        1.0000000000000000       0.29090775965380200     
  -9.9999999999999978E-002   1.0000000000000000       0.78295260068356021     
   2.7755575615628914E-017   1.0000000000000000       0.97754723817986944     
  0.10000000000000009        1.0000000000000000       0.79738568454947922     
  0.20000000000000009        1.0000000000000000       0.31352688929788641     
  0.30000000000000016        1.0000000000000000      -0.29039199397449078     
  0.40000000000000013        1.0000000000000000      -0.78371014014592166     
  0.50000000000000011        1.0000000000000000      -0.97700302227381663     
  0.60000000000000009        1.0000000000000000      -0.79847631154819898     
  0.70000000000000007        1.0000000000000000      -0.31360057825510407     
  0.80000000000000004        1.0000000000000000       0.28866126156872601     
  0.90000000000000002        1.0000000000000000       0.78214026611916121     
   1.0000000000000000        1.0000000000000000       0.95987724755803006     
