  -1.0000000000000000       -1.0000000000000000       0.85004604359682678     
 -0.90000000000000002       -1.0000000000000000       0.50385180343768532     
 -0.80000000000000004       -1.0000000000000000       -2.3617027233373226E-002
 -0.69999999999999996       -1.0000000000000000      -0.53951735292158731     
 -0.59999999999999998       -1.0000000000000000      -0.84676383954716716     
 -0.49999999999999994       -1.0000000000000000      -0.83643767886496723     
 -0.39999999999999991       -1.0000000000000000      -0.49968999179280471     
 -0.29999999999999993       -1.0000000000000000        2.4249352754293241E-002
 -0.19999999999999993       -1.0000000000000000       0.56184138308187004     
  -9.9999999999999978E-002  -1.0000000000000000       0.88141897528736812     
   2.7755575615628914E-017  -1.0000000000000000       0.86916982225896167     
  0.10000000000000009       -1.0000000000000000       0.52149350347528212     
  0.20000000000000009       -1.0000000000000000       -2.1572237238326405E-002
  0.30000000000000016       -1.0000000000000000      -0.55931261454496750     
  0.40000000000000013       -1.0000000000000000      -0.88042274209826510     
  0.50000000000000011       -1.0000000000000000      -0.86740502718747037     
  0.60000000000000009       -1.0000000000000000      -0.52117862645857371     
  0.70000000000000007       -1.0000000000000000        2.3024413080620282E-002
  0.80000000000000004       -1.0000000000000000       0.55914985655760430     
  0.90000000000000002       -1.0000000000000000       0.88065769952501938     
   1.0000000000000000       -1.0000000000000000       0.85406304615118955     
  -1.0000000000000000      -0.90000000000000002       0.50385180343768177     
 -0.90000000000000002      -0.90000000000000002       0.29851931691579914     
 -0.80000000000000004      -0.90000000000000002       -1.4210392068822927E-002
 -0.69999999999999996      -0.90000000000000002      -0.32000382459187843     
 -0.59999999999999998      -0.90000000000000002      -0.50203727883227334     
 -0.49999999999999994      -0.90000000000000002      -0.49578616878994669     
 -0.39999999999999991      -0.90000000000000002      -0.29605045165147836     
 -0.29999999999999993      -0.90000000000000002        1.4590479952319442E-002
 -0.19999999999999993      -0.90000000000000002       0.33324515145435535     
  -9.9999999999999978E-002 -0.90000000000000002       0.52258453761947699     
   2.7755575615628914E-017 -0.90000000000000002       0.51518895095292627     
  0.10000000000000009      -0.90000000000000002       0.30897135983676949     
  0.20000000000000009      -0.90000000000000002       -1.3005827242899571E-002
  0.30000000000000016      -0.90000000000000002      -0.33174467453997936     
  0.40000000000000013      -0.90000000000000002      -0.52199219053522516     
  0.50000000000000011      -0.90000000000000002      -0.51414151248578543     
  0.60000000000000009      -0.90000000000000002      -0.30878326110287924     
  0.70000000000000007      -0.90000000000000002        1.3867753284671869E-002
  0.80000000000000004      -0.90000000000000002       0.33164947951395191     
  0.90000000000000002      -0.90000000000000002       0.52213309268141472     
   1.0000000000000000      -0.90000000000000002       0.50623436384045029     
  -1.0000000000000000      -0.80000000000000004       -2.3617027233376896E-002
 -0.90000000000000002      -0.80000000000000004       -1.4210392068820842E-002
 -0.80000000000000004      -0.80000000000000004        3.1421658410381157E-004
 -0.69999999999999996      -0.80000000000000004        1.4645338800301371E-002
 -0.59999999999999998      -0.80000000000000004        2.3314381976747504E-002
 -0.49999999999999994      -0.80000000000000004        2.3238110288270039E-002
 -0.39999999999999991      -0.80000000000000004        1.4098017233788035E-002
 -0.29999999999999993      -0.80000000000000004       -3.2324809784169573E-004
 -0.19999999999999993      -0.80000000000000004       -1.5250879706844448E-002
  -9.9999999999999978E-002 -0.80000000000000004       -2.4267595208614615E-002
   2.7755575615628914E-017 -0.80000000000000004       -2.4145408893549745E-002
  0.10000000000000009      -0.80000000000000004       -1.4708294765930989E-002
  0.20000000000000009      -0.80000000000000004        2.4537061025002777E-004
  0.30000000000000016      -0.80000000000000004        1.5183186578908353E-002
  0.40000000000000013      -0.80000000000000004        2.4242895989673639E-002
  0.50000000000000011      -0.80000000000000004        2.4098610634414288E-002
  0.60000000000000009      -0.80000000000000004        1.4701904316484649E-002
  0.70000000000000007      -0.80000000000000004       -2.8382587134279222E-004
  0.80000000000000004      -0.80000000000000004       -1.5176602135655581E-002
  0.90000000000000002      -0.80000000000000004       -2.4246784189360882E-002
   1.0000000000000000      -0.80000000000000004       -2.3726140138291673E-002
  -1.0000000000000000      -0.69999999999999996      -0.53951735292158398     
 -0.90000000000000002      -0.69999999999999996      -0.32000382459187859     
 -0.80000000000000004      -0.69999999999999996        1.4645338800294191E-002
 -0.69999999999999996      -0.69999999999999996       0.34208083388002813     
 -0.59999999999999998      -0.69999999999999996       0.53722131398961115     
 -0.49999999999999994      -0.69999999999999996       0.53087939574755982     
 -0.39999999999999991      -0.69999999999999996       0.31736563159717507     
 -0.29999999999999993      -0.69999999999999996       -1.5038077803918058E-002
 -0.19999999999999993      -0.69999999999999996      -0.35623492558201003     
  -9.9999999999999978E-002 -0.69999999999999996      -0.55920696656638647     
   2.7755575615628914E-017 -0.69999999999999996      -0.55165210252472074     
  0.10000000000000009      -0.69999999999999996      -0.33120867945201832     
  0.20000000000000009      -0.69999999999999996        1.3335412594410108E-002
  0.30000000000000016      -0.69999999999999996       0.35463251779390698     
  0.40000000000000013      -0.69999999999999996       0.55857766443789580     
  0.50000000000000011      -0.69999999999999996       0.55053424955521968     
  0.60000000000000009      -0.69999999999999996       0.33101120297193054     
  0.70000000000000007      -0.69999999999999996       -1.4255193503899909E-002
  0.80000000000000004      -0.69999999999999996      -0.35452714050080664     
  0.90000000000000002      -0.69999999999999996      -0.55872413291911149     
   1.0000000000000000      -0.69999999999999996      -0.54206440311671955     
  -1.0000000000000000      -0.59999999999999998      -0.84676383954715473     
 -0.90000000000000002      -0.59999999999999998      -0.50203727883226812     
 -0.80000000000000004      -0.59999999999999998        2.3314381976755300E-002
 -0.69999999999999996      -0.59999999999999998       0.53722131398961592     
 -0.59999999999999998      -0.59999999999999998       0.84336354571233707     
 -0.49999999999999994      -0.59999999999999998       0.83320750466150995     
 -0.39999999999999991      -0.59999999999999998       0.49789354889839177     
 -0.29999999999999993      -0.59999999999999998       -2.3938986933961189E-002
 -0.19999999999999993      -0.59999999999999998      -0.55945006043870571     
  -9.9999999999999978E-002 -0.59999999999999998      -0.87787892274488755     
   2.7755575615628914E-017 -0.59999999999999998      -0.86581196001727212     
  0.10000000000000009      -0.59999999999999998      -0.51961565889399330     
  0.20000000000000009      -0.59999999999999998        2.1270044880655974E-002
  0.30000000000000016      -0.59999999999999998       0.55693264172184886     
  0.40000000000000013      -0.59999999999999998       0.87688837865012093     
  0.50000000000000011      -0.59999999999999998       0.86405536035746622     
  0.60000000000000009      -0.59999999999999998       0.51930345578268122     
  0.70000000000000007      -0.59999999999999998       -2.2715444252634418E-002
  0.80000000000000004      -0.59999999999999998      -0.55676923672582213     
  0.90000000000000002      -0.59999999999999998      -0.87712079648846608     
   1.0000000000000000      -0.59999999999999998      -0.85076379033730709     
  -1.0000000000000000      -0.49999999999999994      -0.83643767886496734     
 -0.90000000000000002      -0.49999999999999994      -0.49578616878994980     
 -0.80000000000000004      -0.49999999999999994        2.3238110288269408E-002
 -0.69999999999999996      -0.49999999999999994       0.53087939574755838     
 -0.59999999999999998      -0.49999999999999994       0.83320750466150451     
 -0.49999999999999994      -0.49999999999999994       0.82304716806958567     
 -0.39999999999999991      -0.49999999999999994       0.49169099141728700     
 -0.29999999999999993      -0.49999999999999994       -2.3860292217714699E-002
 -0.19999999999999993      -0.49999999999999994      -0.55284600533389816     
  -9.9999999999999978E-002 -0.49999999999999994      -0.86730782383766214     
   2.7755575615628914E-017 -0.49999999999999994      -0.85525529831765845     
  0.10000000000000009      -0.49999999999999994      -0.51314546220697599     
  0.20000000000000009      -0.49999999999999994        2.1226025974262638E-002
  0.30000000000000016      -0.49999999999999994       0.55035772602344546     
  0.40000000000000013      -0.49999999999999994       0.86632754656789113     
  0.50000000000000011      -0.49999999999999994       0.85351876122721537     
  0.60000000000000009      -0.49999999999999994       0.51283563177395608     
  0.70000000000000007      -0.49999999999999994       -2.2654949374249309E-002
  0.80000000000000004      -0.49999999999999994      -0.55019756861223579     
  0.90000000000000002      -0.49999999999999994      -0.86655873614132584     
   1.0000000000000000      -0.49999999999999994      -0.84039036724357752     
  -1.0000000000000000      -0.39999999999999991      -0.49968999179279533     
 -0.90000000000000002      -0.39999999999999991      -0.29605045165147453     
 -0.80000000000000004      -0.39999999999999991        1.4098017233788363E-002
 -0.69999999999999996      -0.39999999999999991       0.31736563159717207     
 -0.59999999999999998      -0.39999999999999991       0.49789354889838749     
 -0.49999999999999994      -0.39999999999999991       0.49169099141728623     
 -0.39999999999999991      -0.39999999999999991       0.29360193161279902     
 -0.29999999999999993      -0.39999999999999991       -1.4475090606622590E-002
 -0.19999999999999993      -0.39999999999999991      -0.33049780019768182     
  -9.9999999999999978E-002 -0.39999999999999991      -0.51827122824476579     
   2.7755575615628914E-017 -0.39999999999999991      -0.51093353758446713     
  0.10000000000000009      -0.39999999999999991      -0.30641604725920879     
  0.20000000000000009      -0.39999999999999991        1.2903578179500852E-002
  0.30000000000000016      -0.39999999999999991       0.32900967968412076     
  0.40000000000000013      -0.39999999999999991       0.51768373034122239     
  0.50000000000000011      -0.39999999999999991       0.50989471825010146     
  0.60000000000000009      -0.39999999999999991       0.30622946769817833     
  0.70000000000000007      -0.39999999999999991       -1.3758412394640636E-002
  0.80000000000000004      -0.39999999999999991      -0.32891530116045636     
  0.90000000000000002      -0.39999999999999991      -0.51782350726100723     
   1.0000000000000000      -0.39999999999999991      -0.50205290870395847     
  -1.0000000000000000      -0.29999999999999993        2.4249352754293456E-002
 -0.90000000000000002      -0.29999999999999993        1.4590479952318592E-002
 -0.80000000000000004      -0.29999999999999993       -3.2324809784364073E-004
 -0.69999999999999996      -0.29999999999999993       -1.5038077803917726E-002
 -0.59999999999999998      -0.29999999999999993       -2.3938986933959704E-002
 -0.49999999999999994      -0.29999999999999993       -2.3860292217713547E-002
 -0.39999999999999991      -0.29999999999999993       -1.4475090606619860E-002
 -0.29999999999999993      -0.29999999999999993        3.3253740004194379E-004
 -0.19999999999999993      -0.29999999999999993        1.5659858211160456E-002
  -9.9999999999999978E-002 -0.29999999999999993        2.4917739106891275E-002
   2.7755575615628914E-017 -0.29999999999999993        2.4791886799537866E-002
  0.10000000000000009      -0.29999999999999993        1.5101699513813087E-002
  0.20000000000000009      -0.29999999999999993       -2.5258057411974499E-004
  0.30000000000000016      -0.29999999999999993       -1.5590347977218061E-002
  0.40000000000000013      -0.29999999999999993       -2.4892373152347748E-002
  0.50000000000000011      -0.29999999999999993       -2.4743831411559052E-002
  0.60000000000000009      -0.29999999999999993       -1.5095133592031065E-002
  0.70000000000000007      -0.29999999999999993        2.9206890868483260E-004
  0.80000000000000004      -0.29999999999999993        1.5583591043450451E-002
  0.90000000000000002      -0.29999999999999993        2.4896370242897533E-002
   1.0000000000000000      -0.29999999999999993        2.4361391439354337E-002
  -1.0000000000000000      -0.19999999999999993       0.56184138308185583     
 -0.90000000000000002      -0.19999999999999993       0.33324515145434958     
 -0.80000000000000004      -0.19999999999999993       -1.5250879706868342E-002
 -0.69999999999999996      -0.19999999999999993      -0.35623492558201697     
 -0.59999999999999998      -0.19999999999999993      -0.55945006043871948     
 -0.49999999999999994      -0.19999999999999993      -0.55284600533390060     
 -0.39999999999999991      -0.19999999999999993      -0.33049780019767699     
 -0.29999999999999993      -0.19999999999999993        1.5659858211161191E-002
 -0.19999999999999993      -0.19999999999999993       0.37097466281913860     
  -9.9999999999999978E-002 -0.19999999999999993       0.58234541783850546     
   2.7755575615628914E-017 -0.19999999999999993       0.57447823782396223     
  0.10000000000000009      -0.19999999999999993       0.34491364855528667     
  0.20000000000000009      -0.19999999999999993       -1.3886735794901640E-002
  0.30000000000000016      -0.19999999999999993      -0.36930595432782798     
  0.40000000000000013      -0.19999999999999993      -0.58169008050456850     
  0.50000000000000011      -0.19999999999999993      -0.57331413350767213     
  0.60000000000000009      -0.19999999999999993      -0.34470800402739771     
  0.70000000000000007      -0.19999999999999993        1.4844572711226980E-002
  0.80000000000000004      -0.19999999999999993       0.36919621404957770     
  0.90000000000000002      -0.19999999999999993       0.58184260604938964     
   1.0000000000000000      -0.19999999999999993       0.56449382125259329     
  -1.0000000000000000       -9.9999999999999978E-002  0.88141897528736068     
 -0.90000000000000002       -9.9999999999999978E-002  0.52258453761947710     
 -0.80000000000000004       -9.9999999999999978E-002  -2.4267595208612183E-002
 -0.69999999999999996       -9.9999999999999978E-002 -0.55920696656638547     
 -0.59999999999999998       -9.9999999999999978E-002 -0.87787892274488810     
 -0.49999999999999994       -9.9999999999999978E-002 -0.86730782383766047     
 -0.39999999999999991       -9.9999999999999978E-002 -0.51827122824476990     
 -0.29999999999999993       -9.9999999999999978E-002   2.4917739106892468E-002
 -0.19999999999999993       -9.9999999999999978E-002  0.58234541783850657     
  -9.9999999999999978E-002  -9.9999999999999978E-002  0.91380686850165294     
   2.7755575615628914E-017  -9.9999999999999978E-002  0.90124666163564549     
  0.10000000000000009       -9.9999999999999978E-002  0.54088236228499609     
  0.20000000000000009       -9.9999999999999978E-002  -2.2139556469685844E-002
  0.30000000000000016       -9.9999999999999978E-002 -0.57972497704505332     
  0.40000000000000013       -9.9999999999999978E-002 -0.91277579323459823     
  0.50000000000000011       -9.9999999999999978E-002 -0.89941817666770285     
  0.60000000000000009       -9.9999999999999978E-002 -0.54055738840602807     
  0.70000000000000007       -9.9999999999999978E-002   2.3644105748077088E-002
  0.80000000000000004       -9.9999999999999978E-002  0.57955487863778177     
  0.90000000000000002       -9.9999999999999978E-002  0.91301771569431167     
   1.0000000000000000       -9.9999999999999978E-002  0.88558262327625814     
  -1.0000000000000000        2.7755575615628914E-017  0.86916982225893635     
 -0.90000000000000002        2.7755575615628914E-017  0.51518895095292128     
 -0.80000000000000004        2.7755575615628914E-017  -2.4145408893559248E-002
 -0.69999999999999996        2.7755575615628914E-017 -0.55165210252472441     
 -0.59999999999999998        2.7755575615628914E-017 -0.86581196001726901     
 -0.49999999999999994        2.7755575615628914E-017 -0.85525529831766189     
 -0.39999999999999991        2.7755575615628914E-017 -0.51093353758446702     
 -0.29999999999999993        2.7755575615628914E-017   2.4791886799542008E-002
 -0.19999999999999993        2.7755575615628914E-017  0.57447823782396268     
  -9.9999999999999978E-002   2.7755575615628914E-017  0.90124666163564537     
   2.7755575615628914E-017   2.7755575615628914E-017  0.88872380992164968     
  0.10000000000000009        2.7755575615628914E-017  0.53322760907598576     
  0.20000000000000009        2.7755575615628914E-017  -2.2054513114739546E-002
  0.30000000000000016        2.7755575615628914E-017 -0.57189260073966197     
  0.40000000000000013        2.7755575615628914E-017 -0.90022804144272484     
  0.50000000000000011        2.7755575615628914E-017 -0.88691933082191876     
  0.60000000000000009        2.7755575615628914E-017 -0.53290566840556597     
  0.70000000000000007        2.7755575615628914E-017   2.3539342815348783E-002
  0.80000000000000004        2.7755575615628914E-017  0.57172616341752547     
  0.90000000000000002        2.7755575615628914E-017  0.90046826210309783     
   1.0000000000000000        2.7755575615628914E-017  0.87327717525699722     
  -1.0000000000000000       0.10000000000000009       0.52149350347528090     
 -0.90000000000000002       0.10000000000000009       0.30897135983677187     
 -0.80000000000000004       0.10000000000000009       -1.4708294765931018E-002
 -0.69999999999999996       0.10000000000000009      -0.33120867945201810     
 -0.59999999999999998       0.10000000000000009      -0.51961565889399086     
 -0.49999999999999994       0.10000000000000009      -0.51314546220697543     
 -0.39999999999999991       0.10000000000000009      -0.30641604725921001     
 -0.29999999999999993       0.10000000000000009        1.5101699513813783E-002
 -0.19999999999999993       0.10000000000000009       0.34491364855528872     
  -9.9999999999999978E-002  0.10000000000000009       0.54088236228499798     
   2.7755575615628914E-017  0.10000000000000009       0.53322760907598565     
  0.10000000000000009       0.10000000000000009       0.31978935930168717     
  0.20000000000000009       0.10000000000000009       -1.3461565840867846E-002
  0.30000000000000016       0.10000000000000009      -0.34336063185538412     
  0.40000000000000013       0.10000000000000009      -0.54026927195368413     
  0.50000000000000011       0.10000000000000009      -0.53214349369641933     
  0.60000000000000009       0.10000000000000009      -0.31959467216659831     
  0.70000000000000007       0.10000000000000009        1.4353672980574776E-002
  0.80000000000000004       0.10000000000000009       0.34326210577986666     
  0.90000000000000002       0.10000000000000009       0.54041511026186861     
   1.0000000000000000       0.10000000000000009       0.52395948857439367     
  -1.0000000000000000       0.20000000000000009       -2.1572237238334808E-002
 -0.90000000000000002       0.20000000000000009       -1.3005827242895694E-002
 -0.80000000000000004       0.20000000000000009        2.4537061026426216E-004
 -0.69999999999999996       0.20000000000000009        1.3335412594413216E-002
 -0.59999999999999998       0.20000000000000009        2.1270044880662156E-002
 -0.49999999999999994       0.20000000000000009        2.1226025974260983E-002
 -0.39999999999999991       0.20000000000000009        1.2903578179498963E-002
 -0.29999999999999993       0.20000000000000009       -2.5258057411846227E-004
 -0.19999999999999993       0.20000000000000009       -1.3886735794892852E-002
  -9.9999999999999978E-002  0.20000000000000009       -2.2139556469684577E-002
   2.7755575615628914E-017  0.20000000000000009       -2.2054513114734782E-002
  0.10000000000000009       0.20000000000000009       -1.3461565840868000E-002
  0.20000000000000009       0.20000000000000009        1.8101979765852564E-004
  0.30000000000000016       0.20000000000000009        1.3825215886752774E-002
  0.40000000000000013       0.20000000000000009        2.2117358559295468E-002
  0.50000000000000011       0.20000000000000009        2.2012038694389717E-002
  0.60000000000000009       0.20000000000000009        1.3456015823762062E-002
  0.70000000000000007       0.20000000000000009       -2.1591528767824739E-004
  0.80000000000000004       0.20000000000000009       -1.3818950363030469E-002
  0.90000000000000002       0.20000000000000009       -2.2120588660583418E-002
   1.0000000000000000       0.20000000000000009       -2.1671599507498387E-002
  -1.0000000000000000       0.30000000000000016      -0.55931261454496572     
 -0.90000000000000002       0.30000000000000016      -0.33174467453997841     
 -0.80000000000000004       0.30000000000000016        1.5183186578908941E-002
 -0.69999999999999996       0.30000000000000016       0.35463251779390570     
 -0.59999999999999998       0.30000000000000016       0.55693264172184953     
 -0.49999999999999994       0.30000000000000016       0.55035772602344435     
 -0.39999999999999991       0.30000000000000016       0.32900967968412292     
 -0.29999999999999993       0.30000000000000016       -1.5590347977218765E-002
 -0.19999999999999993       0.30000000000000016      -0.36930595432782704     
  -9.9999999999999978E-002  0.30000000000000016      -0.57972497704505255     
   2.7755575615628914E-017  0.30000000000000016      -0.57189260073966064     
  0.10000000000000009       0.30000000000000016      -0.34336063185538268     
  0.20000000000000009       0.30000000000000016        1.3825215886753981E-002
  0.30000000000000016       0.30000000000000016       0.36764474934445956     
  0.40000000000000013       0.30000000000000016       0.57907258102721948     
  0.50000000000000011       0.30000000000000016       0.57073372970221181     
  0.60000000000000009       0.30000000000000016       0.34315590636957222     
  0.70000000000000007       0.30000000000000016       -1.4778746958560997E-002
  0.80000000000000004       0.30000000000000016      -0.36753550870964324     
  0.90000000000000002       0.30000000000000016      -0.57922442740055635     
   1.0000000000000000       0.30000000000000016      -0.56195312139395903     
  -1.0000000000000000       0.40000000000000013      -0.88042274209822602     
 -0.90000000000000002       0.40000000000000013      -0.52199219053521884     
 -0.80000000000000004       0.40000000000000013        2.4242895989691034E-002
 -0.69999999999999996       0.40000000000000013       0.55857766443790013     
 -0.59999999999999998       0.40000000000000013       0.87688837865013558     
 -0.49999999999999994       0.40000000000000013       0.86632754656789568     
 -0.39999999999999991       0.40000000000000013       0.51768373034123127     
 -0.29999999999999993       0.40000000000000013       -2.4892373152349233E-002
 -0.19999999999999993       0.40000000000000013      -0.58169008050456483     
  -9.9999999999999978E-002  0.40000000000000013      -0.91277579323459623     
   2.7755575615628914E-017  0.40000000000000013      -0.90022804144273427     
  0.10000000000000009       0.40000000000000013      -0.54026927195368435     
  0.20000000000000009       0.40000000000000013        2.2117358559294600E-002
  0.30000000000000016       0.40000000000000013       0.57907258102721826     
  0.40000000000000013       0.40000000000000013       0.91174585957119447     
  0.50000000000000011       0.40000000000000013       0.89840160531958990     
  0.60000000000000009       0.40000000000000013       0.53994464656702457     
  0.70000000000000007       0.40000000000000013       -2.3620222394694232E-002
  0.80000000000000004       0.40000000000000013      -0.57890269133512229     
  0.90000000000000002       0.40000000000000013      -0.91198752966680996     
   1.0000000000000000       0.40000000000000013      -0.88458170398616598     
  -1.0000000000000000       0.50000000000000011      -0.86740502718746881     
 -0.90000000000000002       0.50000000000000011      -0.51414151248578777     
 -0.80000000000000004       0.50000000000000011        2.4098610634412439E-002
 -0.69999999999999996       0.50000000000000011       0.55053424955521824     
 -0.59999999999999998       0.50000000000000011       0.86405536035746755     
 -0.49999999999999994       0.50000000000000011       0.85351876122721271     
 -0.39999999999999991       0.50000000000000011       0.50989471825010479     
 -0.29999999999999993       0.50000000000000011       -2.4743831411559468E-002
 -0.19999999999999993       0.50000000000000011      -0.57331413350767613     
  -9.9999999999999978E-002  0.50000000000000011      -0.89941817666770163     
   2.7755575615628914E-017  0.50000000000000011      -0.88691933082191987     
  0.10000000000000009       0.50000000000000011      -0.53214349369641889     
  0.20000000000000009       0.50000000000000011        2.2012038694391490E-002
  0.30000000000000016       0.50000000000000011       0.57073372970221248     
  0.40000000000000013       0.50000000000000011       0.89840160531959445     
  0.50000000000000011       0.50000000000000011       0.88511850107556023     
  0.60000000000000009       0.50000000000000011       0.53182219136787268     
  0.70000000000000007       0.50000000000000011       -2.3493865849717525E-002
  0.80000000000000004       0.50000000000000011      -0.57056764374278246     
  0.90000000000000002       0.50000000000000011      -0.89864135542050028     
   1.0000000000000000       0.50000000000000011      -0.87150405672381659     
  -1.0000000000000000       0.60000000000000009      -0.52117862645855406     
 -0.90000000000000002       0.60000000000000009      -0.30878326110287940     
 -0.80000000000000004       0.60000000000000009        1.4701904316493646E-002
 -0.69999999999999996       0.60000000000000009       0.33101120297192882     
 -0.59999999999999998       0.60000000000000009       0.51930345578269232     
 -0.49999999999999994       0.60000000000000009       0.51283563177395830     
 -0.39999999999999991       0.60000000000000009       0.30622946769817627     
 -0.29999999999999993       0.60000000000000009       -1.5095133592033539E-002
 -0.19999999999999993       0.60000000000000009      -0.34470800402742013     
  -9.9999999999999978E-002  0.60000000000000009      -0.54055738840602652     
   2.7755575615628914E-017  0.60000000000000009      -0.53290566840557152     
  0.10000000000000009       0.60000000000000009      -0.31959467216659765     
  0.20000000000000009       0.60000000000000009        1.3456015823780421E-002
  0.30000000000000016       0.60000000000000009       0.34315590636957100     
  0.40000000000000013       0.60000000000000009       0.53994464656703633     
  0.50000000000000011       0.60000000000000009       0.53182219136787212     
  0.60000000000000009       0.60000000000000009       0.31940008543213566     
  0.70000000000000007       0.60000000000000009       -1.4347598072683607E-002
  0.80000000000000004       0.60000000000000009      -0.34305745479201927     
  0.90000000000000002       0.60000000000000009      -0.54009041604167207     
   1.0000000000000000       0.60000000000000009      -0.52364314077882812     
  -1.0000000000000000       0.70000000000000007        2.3024413080618703E-002
 -0.90000000000000002       0.70000000000000007        1.3867753284670761E-002
 -0.80000000000000004       0.70000000000000007       -2.8382587134191195E-004
 -0.69999999999999996       0.70000000000000007       -1.4255193503899789E-002
 -0.59999999999999998       0.70000000000000007       -2.2715444252634782E-002
 -0.49999999999999994       0.70000000000000007       -2.2654949374249393E-002
 -0.39999999999999991       0.70000000000000007       -1.3758412394641156E-002
 -0.29999999999999993       0.70000000000000007        2.9206890868515835E-004
 -0.19999999999999993       0.70000000000000007        1.4844572711223310E-002
  -9.9999999999999978E-002  0.70000000000000007        2.3644105748076155E-002
   2.7755575615628914E-017  0.70000000000000007        2.3539342815350663E-002
  0.10000000000000009       0.70000000000000007        1.4353672980574295E-002
  0.20000000000000009       0.70000000000000007       -2.1591528767572868E-004
  0.30000000000000016       0.70000000000000007       -1.4778746958559992E-002
  0.40000000000000013       0.70000000000000007       -2.3620222394694638E-002
  0.50000000000000011       0.70000000000000007       -2.3493865849716838E-002
  0.60000000000000009       0.70000000000000007       -1.4347598072685611E-002
  0.70000000000000007       0.70000000000000007        2.5328114943624436E-004
  0.80000000000000004       0.70000000000000007        1.4772191987855642E-002
  0.90000000000000002       0.70000000000000007        2.3623839289367673E-002
   1.0000000000000000       0.70000000000000007        2.3130624000403902E-002
  -1.0000000000000000       0.80000000000000004       0.55914985655759197     
 -0.90000000000000002       0.80000000000000004       0.33164947951394852     
 -0.80000000000000004       0.80000000000000004       -1.5176602135675326E-002
 -0.69999999999999996       0.80000000000000004      -0.35452714050081424     
 -0.59999999999999998       0.80000000000000004      -0.55676923672585410     
 -0.49999999999999994       0.80000000000000004      -0.55019756861224156     
 -0.39999999999999991       0.80000000000000004      -0.32891530116047013     
 -0.29999999999999993       0.80000000000000004        1.5583591043450768E-002
 -0.19999999999999993       0.80000000000000004       0.36919621404958231     
  -9.9999999999999978E-002  0.80000000000000004       0.57955487863778432     
   2.7755575615628914E-017  0.80000000000000004       0.57172616341754723     
  0.10000000000000009       0.80000000000000004       0.34326210577987010     
  0.20000000000000009       0.80000000000000004       -1.3818950363029471E-002
  0.30000000000000016       0.80000000000000004      -0.36753550870964569     
  0.40000000000000013       0.80000000000000004      -0.57890269133513472     
  0.50000000000000011       0.80000000000000004      -0.57056764374278535     
  0.60000000000000009       0.80000000000000004      -0.34305745479201771     
  0.70000000000000007       0.80000000000000004        1.4772191987857168E-002
  0.80000000000000004       0.80000000000000004       0.36742628680516182     
  0.90000000000000002       0.80000000000000004       0.57905447679911393     
   1.0000000000000000       0.80000000000000004       0.56178957922201922     
  -1.0000000000000000       0.90000000000000002       0.88065769952501749     
 -0.90000000000000002       0.90000000000000002       0.52213309268141472     
 -0.80000000000000004       0.90000000000000002       -2.4246784189356496E-002
 -0.69999999999999996       0.90000000000000002      -0.55872413291910894     
 -0.59999999999999998       0.90000000000000002      -0.87712079648846830     
 -0.49999999999999994       0.90000000000000002      -0.86655873614132339     
 -0.39999999999999991       0.90000000000000002      -0.51782350726101489     
 -0.29999999999999993       0.90000000000000002        2.4896370242898366E-002
 -0.19999999999999993       0.90000000000000002       0.58184260604938343     
  -9.9999999999999978E-002  0.90000000000000002       0.91301771569430890     
   2.7755575615628914E-017  0.90000000000000002       0.90046826210309927     
  0.10000000000000009       0.90000000000000002       0.54041511026186806     
  0.20000000000000009       0.90000000000000002       -2.2120588660581083E-002
  0.30000000000000016       0.90000000000000002      -0.57922442740055469     
  0.40000000000000013       0.90000000000000002      -0.91198752966681063     
  0.50000000000000011       0.90000000000000002      -0.89864135542049828     
  0.60000000000000009       0.90000000000000002      -0.54009041604167607     
  0.70000000000000007       0.90000000000000002        2.3623839289368408E-002
  0.80000000000000004       0.90000000000000002       0.57905447679910693     
  0.90000000000000002       0.90000000000000002       0.91222924432732622     
   1.0000000000000000       0.90000000000000002       0.88481775249101058     
  -1.0000000000000000        1.0000000000000000       0.85406304615113926     
 -0.90000000000000002        1.0000000000000000       0.50623436384044518     
 -0.80000000000000004        1.0000000000000000       -2.3726140138302577E-002
 -0.69999999999999996        1.0000000000000000      -0.54206440311671777     
 -0.59999999999999998        1.0000000000000000      -0.85076379033729987     
 -0.49999999999999994        1.0000000000000000      -0.84039036724358107     
 -0.39999999999999991        1.0000000000000000      -0.50205290870395602     
 -0.29999999999999993        1.0000000000000000        2.4361391439357734E-002
 -0.19999999999999993        1.0000000000000000       0.56449382125258885     
  -9.9999999999999978E-002   1.0000000000000000       0.88558262327625481     
   2.7755575615628914E-017   1.0000000000000000       0.87327717525698789     
  0.10000000000000009        1.0000000000000000       0.52395948857439367     
  0.20000000000000009        1.0000000000000000       -2.1671599507505725E-002
  0.30000000000000016        1.0000000000000000      -0.56195312139395615     
  0.40000000000000013        1.0000000000000000      -0.88458170398614600     
  0.50000000000000011        1.0000000000000000      -0.87150405672381093     
  0.60000000000000009        1.0000000000000000      -0.52364314077880791     
  0.70000000000000007        1.0000000000000000        2.3130624000402597E-002
  0.80000000000000004        1.0000000000000000       0.56178957922198802     
  0.90000000000000002        1.0000000000000000       0.88481775249100703     
   1.0000000000000000        1.0000000000000000       0.85809901343687034     
