  -1.0000000000000000       -1.0000000000000000       0.19816539610831260     
 -0.90000000000000002       -1.0000000000000000       -6.4517487153052361E-002
 -0.80000000000000004       -1.0000000000000000      -0.30027288091889559     
 -0.69999999999999996       -1.0000000000000000      -0.42317470815318098     
 -0.59999999999999998       -1.0000000000000000      -0.38075105362448280     
 -0.49999999999999994       -1.0000000000000000      -0.19684869071238634     
 -0.39999999999999991       -1.0000000000000000        6.9387303417241128E-002
 -0.29999999999999993       -1.0000000000000000       0.31249606803454888     
 -0.19999999999999993       -1.0000000000000000       0.44108543001906975     
  -9.9999999999999978E-002  -1.0000000000000000       0.39713774761155435     
   2.7755575615628914E-017  -1.0000000000000000       0.20660302766410885     
  0.10000000000000009       -1.0000000000000000       -6.7039986594801010E-002
  0.20000000000000009       -1.0000000000000000      -0.30983103554810698     
  0.30000000000000016       -1.0000000000000000      -0.43862012313611348     
  0.40000000000000013       -1.0000000000000000      -0.39463365669058237     
  0.50000000000000011       -1.0000000000000000      -0.20409025700044481     
  0.60000000000000009       -1.0000000000000000        6.9311534934699562E-002
  0.70000000000000007       -1.0000000000000000       0.31246333980948282     
  0.80000000000000004       -1.0000000000000000       0.44070871939977835     
  0.90000000000000002       -1.0000000000000000       0.39700911356781471     
   1.0000000000000000       -1.0000000000000000       0.20307440929861897     
  -1.0000000000000000      -0.90000000000000002       -6.4517487153052638E-002
 -0.90000000000000002      -0.90000000000000002        2.0542596273709975E-002
 -0.80000000000000004      -0.90000000000000002        9.7011751107617269E-002
 -0.69999999999999996      -0.90000000000000002       0.13701735607725193     
 -0.59999999999999998      -0.90000000000000002       0.12349536322208753     
 -0.49999999999999994      -0.90000000000000002        6.4083440599905769E-002
 -0.39999999999999991      -0.90000000000000002       -2.2108024627860160E-002
 -0.29999999999999993      -0.90000000000000002      -0.10095942378149453     
 -0.19999999999999993      -0.90000000000000002      -0.14281684926171437     
  -9.9999999999999978E-002 -0.90000000000000002      -0.12880958489099600     
   2.7755575615628914E-017 -0.90000000000000002       -6.7255222769459916E-002
  0.10000000000000009      -0.90000000000000002        2.1346526230802458E-002
  0.20000000000000009      -0.90000000000000002       0.10009664768585073     
  0.30000000000000016      -0.90000000000000002       0.14201857269485318     
  0.40000000000000013      -0.90000000000000002       0.12800065797431839     
  0.50000000000000011      -0.90000000000000002        6.6441408668127588E-002
  0.60000000000000009      -0.90000000000000002       -2.2079047961114984E-002
  0.70000000000000007      -0.90000000000000002      -0.10094839294171397     
  0.80000000000000004      -0.90000000000000002      -0.14269280512250648     
  0.90000000000000002      -0.90000000000000002      -0.12876747014137646     
   1.0000000000000000      -0.90000000000000002       -6.6104799023627633E-002
  -1.0000000000000000      -0.80000000000000004      -0.30027288091889581     
 -0.90000000000000002      -0.80000000000000004        9.7011751107619254E-002
 -0.80000000000000004      -0.80000000000000004       0.45377912120313574     
 -0.69999999999999996      -0.80000000000000004       0.63999482994189372     
 -0.59999999999999998      -0.80000000000000004       0.57618156137360799     
 -0.49999999999999994      -0.80000000000000004       0.29826904084663197     
 -0.39999999999999991      -0.80000000000000004      -0.10435832302457006     
 -0.29999999999999993      -0.80000000000000004      -0.47224884434883474     
 -0.19999999999999993      -0.80000000000000004      -0.66708284352790803     
  -9.9999999999999978E-002 -0.80000000000000004      -0.60097794438470353     
   2.7755575615628914E-017 -0.80000000000000004      -0.31304299683320053     
  0.10000000000000009      -0.80000000000000004       0.10080593501842308     
  0.20000000000000009      -0.80000000000000004       0.46821853512496797     
  0.30000000000000016      -0.80000000000000004       0.66335431954354374     
  0.40000000000000013      -0.80000000000000004       0.59719385392986291     
  0.50000000000000011      -0.80000000000000004       0.30924241574130673     
  0.60000000000000009      -0.80000000000000004      -0.10423653579822507     
  0.70000000000000007      -0.80000000000000004      -0.47219864447074389     
  0.80000000000000004      -0.80000000000000004      -0.66650976493397984     
  0.90000000000000002      -0.80000000000000004      -0.60078264948436455     
   1.0000000000000000      -0.80000000000000004      -0.30769362114403198     
  -1.0000000000000000      -0.69999999999999996      -0.42317470815317682     
 -0.90000000000000002      -0.69999999999999996       0.13701735607725138     
 -0.80000000000000004      -0.69999999999999996       0.63999482994188472     
 -0.69999999999999996      -0.69999999999999996       0.90243389472887392     
 -0.59999999999999998      -0.69999999999999996       0.81231458295816161     
 -0.49999999999999994      -0.69999999999999996       0.42035415670471082     
 -0.39999999999999991      -0.69999999999999996      -0.14738383147178610     
 -0.29999999999999993      -0.69999999999999996      -0.66604479900017555     
 -0.19999999999999993      -0.69999999999999996      -0.94062955505292367     
  -9.9999999999999978E-002 -0.69999999999999996      -0.84727360263389595     
   2.7755575615628914E-017 -0.69999999999999996      -0.44117766619610899     
  0.10000000000000009      -0.69999999999999996       0.14237568900250214     
  0.20000000000000009      -0.69999999999999996       0.66036172617907929     
  0.30000000000000016      -0.69999999999999996       0.93537212780278123     
  0.40000000000000013      -0.69999999999999996       0.84193658941605709     
  0.50000000000000011      -0.69999999999999996       0.43581874341573595     
  0.60000000000000009      -0.69999999999999996      -0.14721497798791919     
  0.70000000000000007      -0.69999999999999996      -0.66597429462057511     
  0.80000000000000004      -0.69999999999999996      -0.93982281695533731     
  0.90000000000000002      -0.69999999999999996      -0.84699852504944573     
   1.0000000000000000      -0.69999999999999996      -0.43363981992766820     
  -1.0000000000000000      -0.59999999999999998      -0.38075105362447503     
 -0.90000000000000002      -0.59999999999999998       0.12349536322209076     
 -0.80000000000000004      -0.59999999999999998       0.57618156137362486     
 -0.69999999999999996      -0.59999999999999998       0.81231458295816694     
 -0.59999999999999998      -0.59999999999999998       0.73109556771118855     
 -0.49999999999999994      -0.59999999999999998       0.37821574669580127     
 -0.39999999999999991      -0.59999999999999998      -0.13283187329188498     
 -0.29999999999999993      -0.59999999999999998      -0.59963475206243100     
 -0.19999999999999993      -0.59999999999999998      -0.84669579843163578     
  -9.9999999999999978E-002 -0.59999999999999998      -0.76255956797876567     
   2.7755575615628914E-017 -0.59999999999999998      -0.39695352031827413     
  0.10000000000000009      -0.59999999999999998       0.12832453963492962     
  0.20000000000000009      -0.59999999999999998       0.59451914963320052     
  0.30000000000000016      -0.59999999999999998       0.84196341363893112     
  0.40000000000000013      -0.59999999999999998       0.75775466085233656     
  0.50000000000000011      -0.59999999999999998       0.39212985415762702     
  0.60000000000000009      -0.59999999999999998      -0.13268194170186914     
  0.70000000000000007      -0.59999999999999998      -0.59957148955950434     
  0.80000000000000004      -0.59999999999999998      -0.84597058317213480     
  0.90000000000000002      -0.59999999999999998      -0.76231217588153444     
   1.0000000000000000      -0.59999999999999998      -0.39017208953888882     
  -1.0000000000000000      -0.49999999999999994      -0.19684869071238675     
 -0.90000000000000002      -0.49999999999999994        6.4083440599905436E-002
 -0.80000000000000004      -0.49999999999999994       0.29826904084663192     
 -0.69999999999999996      -0.49999999999999994       0.42035415670471071     
 -0.59999999999999998      -0.49999999999999994       0.37821574669579899     
 -0.49999999999999994      -0.49999999999999994       0.19554067199821287     
 -0.39999999999999991      -0.49999999999999994       -6.8920666996828070E-002
 -0.29999999999999993      -0.49999999999999994      -0.31041064180397393     
 -0.19999999999999993      -0.49999999999999994      -0.43814550296848137     
  -9.9999999999999978E-002 -0.49999999999999994      -0.39449331792380782     
   2.7755575615628914E-017 -0.49999999999999994      -0.20523015040516193     
  0.10000000000000009      -0.49999999999999994        6.6588978498897305E-002
  0.20000000000000009      -0.49999999999999994       0.30776337372495338     
  0.30000000000000016      -0.49999999999999994       0.43569662733164682     
  0.40000000000000013      -0.49999999999999994       0.39200593885932367     
  0.50000000000000011      -0.49999999999999994       0.20273412538197275     
  0.60000000000000009      -0.49999999999999994       -6.8845352044671279E-002
  0.70000000000000007      -0.49999999999999994      -0.31037812669148351     
  0.80000000000000004      -0.49999999999999994      -0.43777127921001507     
  0.90000000000000002      -0.49999999999999994      -0.39436553586670886     
   1.0000000000000000      -0.49999999999999994      -0.20172495935394399     
  -1.0000000000000000      -0.39999999999999991        6.9387303417260293E-002
 -0.90000000000000002      -0.39999999999999991       -2.2108024627859341E-002
 -0.80000000000000004      -0.39999999999999991      -0.10435832302456256     
 -0.69999999999999996      -0.39999999999999991      -0.14738383147178880     
 -0.59999999999999998      -0.39999999999999991      -0.13283187329186882     
 -0.49999999999999994      -0.39999999999999991       -6.8920666996830179E-002
 -0.39999999999999991      -0.39999999999999991        2.3792257097431838E-002
 -0.29999999999999993      -0.39999999999999991       0.10860499248472881     
 -0.19999999999999993      -0.39999999999999991       0.15362209440151495     
  -9.9999999999999978E-002 -0.39999999999999991       0.13854788552090219     
   2.7755575615628914E-017 -0.39999999999999991        7.2331984806231320E-002
  0.10000000000000009      -0.39999999999999991       -2.2973192426041688E-002
  0.20000000000000009      -0.39999999999999991      -0.10767693652589806     
  0.30000000000000016      -0.39999999999999991      -0.15276342325103645     
  0.40000000000000013      -0.39999999999999991      -0.13767769661542228     
  0.50000000000000011      -0.39999999999999991       -7.1456606029145817E-002
  0.60000000000000009      -0.39999999999999991        2.3761231402930457E-002
  0.70000000000000007      -0.39999999999999991       0.10859314107519497     
  0.80000000000000004      -0.39999999999999991       0.15348873214346823     
  0.90000000000000002      -0.39999999999999991       0.13850259943975407     
   1.0000000000000000      -0.39999999999999991        7.1094777671611514E-002
  -1.0000000000000000      -0.29999999999999993       0.31249606803454910     
 -0.90000000000000002      -0.29999999999999993      -0.10095942378149322     
 -0.80000000000000004      -0.29999999999999993      -0.47224884434883307     
 -0.69999999999999996      -0.29999999999999993      -0.66604479900017488     
 -0.59999999999999998      -0.29999999999999993      -0.59963475206242611     
 -0.49999999999999994      -0.29999999999999993      -0.31041064180397310     
 -0.39999999999999991      -0.29999999999999993       0.10860499248473363     
 -0.29999999999999993      -0.29999999999999993       0.49147031831865606     
 -0.19999999999999993      -0.29999999999999993       0.69423538785944183     
  -9.9999999999999978E-002 -0.29999999999999993       0.62544045758068612     
   2.7755575615628914E-017 -0.29999999999999993       0.32578598834553496     
  0.10000000000000009      -0.29999999999999993      -0.10490800566213072     
  0.20000000000000009      -0.29999999999999993      -0.48727596214981111     
  0.30000000000000016      -0.29999999999999993      -0.69035510008617629     
  0.40000000000000013      -0.29999999999999993      -0.62150234728094111     
  0.50000000000000011      -0.29999999999999993      -0.32183070997947155     
  0.60000000000000009      -0.29999999999999993       0.10847823474658762     
  0.70000000000000007      -0.29999999999999993       0.49141807383425379     
  0.80000000000000004      -0.29999999999999993       0.69363897680678654     
  0.90000000000000002      -0.29999999999999993       0.62523721211348859     
   1.0000000000000000      -0.29999999999999993       0.32021885120741528     
  -1.0000000000000000      -0.19999999999999993       0.44108543001906764     
 -0.90000000000000002      -0.19999999999999993      -0.14281684926171703     
 -0.80000000000000004      -0.19999999999999993      -0.66708284352791458     
 -0.69999999999999996      -0.19999999999999993      -0.94062955505292589     
 -0.59999999999999998      -0.19999999999999993      -0.84669579843163056     
 -0.49999999999999994      -0.19999999999999993      -0.43814550296848048     
 -0.39999999999999991      -0.19999999999999993       0.15362209440152771     
 -0.29999999999999993      -0.19999999999999993       0.69423538785944461     
 -0.19999999999999993      -0.19999999999999993       0.98044185271882600     
  -9.9999999999999978E-002 -0.19999999999999993       0.88313445911074728     
   2.7755575615628914E-017 -0.19999999999999993       0.45985036265506785     
  0.10000000000000009      -0.19999999999999993      -0.14840198230530308     
  0.20000000000000009      -0.19999999999999993      -0.68831177799595078     
  0.30000000000000016      -0.19999999999999993      -0.97496190402786509     
  0.40000000000000013      -0.19999999999999993      -0.87757155479901661     
  0.50000000000000011      -0.19999999999999993      -0.45426462271585955     
  0.60000000000000009      -0.19999999999999993       0.15344609681034424     
  0.70000000000000007      -0.19999999999999993       0.69416189963138875     
  0.80000000000000004      -0.19999999999999993       0.97960097054416984     
  0.90000000000000002      -0.19999999999999993       0.88284773909867109     
   1.0000000000000000      -0.19999999999999993       0.45199348062578704     
  -1.0000000000000000       -9.9999999999999978E-002  0.39713774761155030     
 -0.90000000000000002       -9.9999999999999978E-002 -0.12880958489099581     
 -0.80000000000000004       -9.9999999999999978E-002 -0.60097794438470131     
 -0.69999999999999996       -9.9999999999999978E-002 -0.84727360263389551     
 -0.59999999999999998       -9.9999999999999978E-002 -0.76255956797876312     
 -0.49999999999999994       -9.9999999999999978E-002 -0.39449331792380826     
 -0.39999999999999991       -9.9999999999999978E-002  0.13854788552090011     
 -0.29999999999999993       -9.9999999999999978E-002  0.62544045758068889     
 -0.19999999999999993       -9.9999999999999978E-002  0.88313445911074784     
  -9.9999999999999978E-002  -9.9999999999999978E-002  0.79537767634209933     
   2.7755575615628914E-017  -9.9999999999999978E-002  0.41403751797266047     
  0.10000000000000009       -9.9999999999999978E-002 -0.13384657045141010     
  0.20000000000000009       -9.9999999999999978E-002 -0.62010469871127927     
  0.30000000000000016       -9.9999999999999978E-002 -0.87819840987048425     
  0.40000000000000013       -9.9999999999999978E-002 -0.79036598676519987     
  0.50000000000000011       -9.9999999999999978E-002 -0.40900625867456702     
  0.60000000000000009       -9.9999999999999978E-002  0.13839149420501015     
  0.70000000000000007       -9.9999999999999978E-002  0.62537447178882843     
  0.80000000000000004       -9.9999999999999978E-002  0.88237802990155045     
  0.90000000000000002       -9.9999999999999978E-002  0.79511963664627017     
   1.0000000000000000       -9.9999999999999978E-002  0.40696422662587917     
  -1.0000000000000000        2.7755575615628914E-017  0.20660302766410052     
 -0.90000000000000002        2.7755575615628914E-017  -6.7255222769462886E-002
 -0.80000000000000004        2.7755575615628914E-017 -0.31304299683321163     
 -0.69999999999999996        2.7755575615628914E-017 -0.44117766619610782     
 -0.59999999999999998        2.7755575615628914E-017 -0.39695352031828030     
 -0.49999999999999994        2.7755575615628914E-017 -0.20523015040516285     
 -0.39999999999999991        2.7755575615628914E-017   7.2331984806240798E-002
 -0.29999999999999993        2.7755575615628914E-017  0.32578598834553940     
 -0.19999999999999993        2.7755575615628914E-017  0.45985036265507417     
  -9.9999999999999978E-002   2.7755575615628914E-017  0.41403751797265848     
   2.7755575615628914E-017   2.7755575615628914E-017  0.21539973442421437     
  0.10000000000000009        2.7755575615628914E-017  -6.9884777256928599E-002
  0.20000000000000009        2.7755575615628914E-017 -0.32300758082878522     
  0.30000000000000016        2.7755575615628914E-017 -0.45728017419305611     
  0.40000000000000013        2.7755575615628914E-017 -0.41142693399504116     
  0.50000000000000011        2.7755575615628914E-017 -0.21278005952835014     
  0.60000000000000009        2.7755575615628914E-017   7.2252903249732395E-002
  0.70000000000000007        2.7755575615628914E-017  0.32575185901829179     
  0.80000000000000004        2.7755575615628914E-017  0.45945758398207104     
  0.90000000000000002        2.7755575615628914E-017  0.41390340211527732     
   1.0000000000000000        2.7755575615628914E-017  0.21172083971640249     
  -1.0000000000000000       0.10000000000000009       -6.7039986594800316E-002
 -0.90000000000000002       0.10000000000000009        2.1346526230802527E-002
 -0.80000000000000004       0.10000000000000009       0.10080593501842106     
 -0.69999999999999996       0.10000000000000009       0.14237568900250133     
 -0.59999999999999998       0.10000000000000009       0.12832453963492912     
 -0.49999999999999994       0.10000000000000009        6.6588978498897264E-002
 -0.39999999999999991       0.10000000000000009       -2.2973192426042014E-002
 -0.29999999999999993       0.10000000000000009      -0.10490800566212981     
 -0.19999999999999993       0.10000000000000009      -0.14840198230529952     
  -9.9999999999999978E-002  0.10000000000000009      -0.13384657045140932     
   2.7755575615628914E-017  0.10000000000000009       -6.9884777256927350E-002
  0.10000000000000009       0.10000000000000009        2.2181916542809176E-002
  0.20000000000000009       0.10000000000000009       0.10401148881624625     
  0.30000000000000016       0.10000000000000009       0.14757248764174877     
  0.40000000000000013       0.10000000000000009       0.13300600579556054     
  0.50000000000000011       0.10000000000000009        6.9039137710436890E-002
  0.60000000000000009       0.10000000000000009       -2.2943089868264557E-002
  0.70000000000000007       0.10000000000000009      -0.10489654415300215     
  0.80000000000000004       0.10000000000000009      -0.14827309058050284     
  0.90000000000000002       0.10000000000000009      -0.13380280948528248     
   1.0000000000000000       0.10000000000000009       -6.8689376947619715E-002
  -1.0000000000000000       0.20000000000000009      -0.30983103554811192     
 -0.90000000000000002       0.20000000000000009       0.10009664768585218     
 -0.80000000000000004       0.20000000000000009       0.46821853512495915     
 -0.69999999999999996       0.20000000000000009       0.66036172617908462     
 -0.59999999999999998       0.20000000000000009       0.59451914963318497     
 -0.49999999999999994       0.20000000000000009       0.30776337372495377     
 -0.39999999999999991       0.20000000000000009      -0.10767693652589255     
 -0.29999999999999993       0.20000000000000009      -0.48727596214980973     
 -0.19999999999999993       0.20000000000000009      -0.68831177799593080     
  -9.9999999999999978E-002  0.20000000000000009      -0.62010469871128215     
   2.7755575615628914E-017  0.20000000000000009      -0.32300758082877939     
  0.10000000000000009       0.20000000000000009       0.10401148881624642     
  0.20000000000000009       0.20000000000000009       0.48311739507320223     
  0.30000000000000016       0.20000000000000009       0.68446459885317101     
  0.40000000000000013       0.20000000000000009       0.61620019773944290     
  0.50000000000000011       0.20000000000000009       0.31908605030315679     
  0.60000000000000009       0.20000000000000009      -0.10755124327847208     
  0.70000000000000007       0.20000000000000009      -0.48722416177800326     
  0.80000000000000004       0.20000000000000009      -0.68772044790482645     
  0.90000000000000002       0.20000000000000009      -0.61990318566245028     
   1.0000000000000000       0.20000000000000009      -0.31748791528541043     
  -1.0000000000000000       0.30000000000000016      -0.43862012313611232     
 -0.90000000000000002       0.30000000000000016       0.14201857269485205     
 -0.80000000000000004       0.30000000000000016       0.66335431954354407     
 -0.69999999999999996       0.30000000000000016       0.93537212780277790     
 -0.59999999999999998       0.30000000000000016       0.84196341363892979     
 -0.49999999999999994       0.30000000000000016       0.43569662733164655     
 -0.39999999999999991       0.30000000000000016      -0.15276342325103665     
 -0.29999999999999993       0.30000000000000016      -0.69035510008617640     
 -0.19999999999999993       0.30000000000000016      -0.97496190402786520     
  -9.9999999999999978E-002  0.30000000000000016      -0.87819840987048192     
   2.7755575615628914E-017  0.30000000000000016      -0.45728017419305611     
  0.10000000000000009       0.30000000000000016       0.14757248764175004     
  0.20000000000000009       0.30000000000000016       0.68446459885317301     
  0.30000000000000016       0.30000000000000016       0.96951258422161335     
  0.40000000000000013       0.30000000000000016       0.87266659830049353     
  0.50000000000000011       0.30000000000000016       0.45172565442038876     
  0.60000000000000009       0.30000000000000016      -0.15258840894065923     
  0.70000000000000007       0.30000000000000016      -0.69028202256104809     
  0.80000000000000004       0.30000000000000016      -0.97412572156538202     
  0.90000000000000002       0.30000000000000016      -0.87791329236944582     
   1.0000000000000000       0.30000000000000016      -0.44946720555843633     
  -1.0000000000000000       0.40000000000000013      -0.39463365669057571     
 -0.90000000000000002       0.40000000000000013       0.12800065797432073     
 -0.80000000000000004       0.40000000000000013       0.59719385392988367     
 -0.69999999999999996       0.40000000000000013       0.84193658941605931     
 -0.59999999999999998       0.40000000000000013       0.75775466085234411     
 -0.49999999999999994       0.40000000000000013       0.39200593885932750     
 -0.39999999999999991       0.40000000000000013      -0.13767769661542578     
 -0.29999999999999993       0.40000000000000013      -0.62150234728094611     
 -0.19999999999999993       0.40000000000000013      -0.87757155479902405     
  -9.9999999999999978E-002  0.40000000000000013      -0.79036598676520087     
   2.7755575615628914E-017  0.40000000000000013      -0.41142693399504354     
  0.10000000000000009       0.40000000000000013       0.13300600579556143     
  0.20000000000000009       0.40000000000000013       0.61620019773945711     
  0.30000000000000016       0.40000000000000013       0.87266659830049476     
  0.40000000000000013       0.40000000000000013       0.78538585293124763     
  0.50000000000000011       0.40000000000000013       0.40642736837195453     
  0.60000000000000009       0.40000000000000013      -0.13752232182580576     
  0.70000000000000007       0.40000000000000013      -0.62143678020187765     
  0.80000000000000004       0.40000000000000013      -0.87681990500137852     
  0.90000000000000002       0.40000000000000013      -0.79010957576032614     
   1.0000000000000000       0.40000000000000013      -0.40439825347661107     
  -1.0000000000000000       0.50000000000000011      -0.20409025700044608     
 -0.90000000000000002       0.50000000000000011        6.6441408668126534E-002
 -0.80000000000000004       0.50000000000000011       0.30924241574130790     
 -0.69999999999999996       0.50000000000000011       0.43581874341573501     
 -0.59999999999999998       0.50000000000000011       0.39212985415762885     
 -0.49999999999999994       0.50000000000000011       0.20273412538197297     
 -0.39999999999999991       0.50000000000000011       -7.1456606029145900E-002
 -0.29999999999999993       0.50000000000000011      -0.32183070997947194     
 -0.19999999999999993       0.50000000000000011      -0.45426462271586387     
  -9.9999999999999978E-002  0.50000000000000011      -0.40900625867456697     
   2.7755575615628914E-017  0.50000000000000011      -0.21278005952835050     
  0.10000000000000009       0.50000000000000011        6.9039137710437487E-002
  0.20000000000000009       0.50000000000000011       0.31908605030315906     
  0.30000000000000016       0.50000000000000011       0.45172565442039059     
  0.40000000000000013       0.50000000000000011       0.40642736837195625     
  0.50000000000000011       0.50000000000000011       0.21019220743568356     
  0.60000000000000009       0.50000000000000011       -7.1378525132512582E-002
  0.70000000000000007       0.50000000000000011      -0.32179699912651955     
  0.80000000000000004       0.50000000000000011      -0.45387663373334819     
  0.90000000000000002       0.50000000000000011      -0.40887377609747144     
   1.0000000000000000       0.50000000000000011      -0.20914592308952296     
  -1.0000000000000000       0.60000000000000009        6.9311534934698910E-002
 -0.90000000000000002       0.60000000000000009       -2.2079047961114734E-002
 -0.80000000000000004       0.60000000000000009      -0.10423653579819639     
 -0.69999999999999996       0.60000000000000009      -0.14721497798792096     
 -0.59999999999999998       0.60000000000000009      -0.13268194170184522     
 -0.49999999999999994       0.60000000000000009       -6.8845352044670530E-002
 -0.39999999999999991       0.60000000000000009        2.3761231402912503E-002
 -0.29999999999999993       0.60000000000000009       0.10847823474658175     
 -0.19999999999999993       0.60000000000000009       0.15344609681030932     
  -9.9999999999999978E-002  0.60000000000000009       0.13839149420501218     
   2.7755575615628914E-017  0.60000000000000009        7.2252903249728426E-002
  0.10000000000000009       0.60000000000000009       -2.2943089868263544E-002
  0.20000000000000009       0.60000000000000009      -0.10755124327844777     
  0.30000000000000016       0.60000000000000009      -0.15258840894065875     
  0.40000000000000013       0.60000000000000009      -0.13752232182578433     
  0.50000000000000011       0.60000000000000009       -7.1378525132511417E-002
  0.60000000000000009       0.60000000000000009        2.3730194735298631E-002
  0.70000000000000007       0.60000000000000009       0.10846639236481530     
  0.80000000000000004       0.60000000000000009       0.15331286563005467     
  0.90000000000000002       0.60000000000000009       0.13834625514188087     
   1.0000000000000000       0.60000000000000009        7.1017030458806571E-002
  -1.0000000000000000       0.70000000000000007       0.31246333980948288     
 -0.90000000000000002       0.70000000000000007      -0.10094839294171405     
 -0.80000000000000004       0.70000000000000007      -0.47219864447074428     
 -0.69999999999999996       0.70000000000000007      -0.66597429462057356     
 -0.59999999999999998       0.70000000000000007      -0.59957148955950512     
 -0.49999999999999994       0.70000000000000007      -0.31037812669148218     
 -0.39999999999999991       0.70000000000000007       0.10859314107519502     
 -0.29999999999999993       0.70000000000000007       0.49141807383425146     
 -0.19999999999999993       0.70000000000000007       0.69416189963138952     
  -9.9999999999999978E-002  0.70000000000000007       0.62537447178882610     
   2.7755575615628914E-017  0.70000000000000007       0.32575185901829268     
  0.10000000000000009       0.70000000000000007      -0.10489654415300254     
  0.20000000000000009       0.70000000000000007      -0.48722416177800471     
  0.30000000000000016       0.70000000000000007      -0.69028202256104654     
  0.40000000000000013       0.70000000000000007      -0.62143678020187731     
  0.50000000000000011       0.70000000000000007      -0.32179699912651788     
  0.60000000000000009       0.70000000000000007       0.10846639236481763     
  0.70000000000000007       0.70000000000000007       0.49136583445106308     
  0.80000000000000004       0.70000000000000007       0.69356554966423334     
  0.90000000000000002       0.70000000000000007       0.62517124737701302     
   1.0000000000000000       0.70000000000000007       0.32018530335992063     
  -1.0000000000000000       0.80000000000000004       0.44070871939979034     
 -0.90000000000000002       0.80000000000000004      -0.14269280512250840     
 -0.80000000000000004       0.80000000000000004      -0.66650976493399727     
 -0.69999999999999996       0.80000000000000004      -0.93982281695534586     
 -0.59999999999999998       0.80000000000000004      -0.84597058317214247     
 -0.49999999999999994       0.80000000000000004      -0.43777127921001713     
 -0.39999999999999991       0.80000000000000004       0.15348873214347358     
 -0.29999999999999993       0.80000000000000004       0.69363897680679010     
 -0.19999999999999993       0.80000000000000004       0.97960097054417938     
  -9.9999999999999978E-002  0.80000000000000004       0.88237802990155634     
   2.7755575615628914E-017  0.80000000000000004       0.45945758398207559     
  0.10000000000000009       0.80000000000000004      -0.14827309058050508     
  0.20000000000000009       0.80000000000000004      -0.68772044790484987     
  0.30000000000000016       0.80000000000000004      -0.97412572156538568     
  0.40000000000000013       0.80000000000000004      -0.87681990500137508     
  0.50000000000000011       0.80000000000000004      -0.45387663373334752     
  0.60000000000000009       0.80000000000000004       0.15331286563008295     
  0.70000000000000007       0.80000000000000004       0.69356554966423412     
  0.80000000000000004       0.80000000000000004       0.97876080028982060     
  0.90000000000000002       0.80000000000000004       0.88209155371879400     
   1.0000000000000000       0.80000000000000004       0.45160740501619051     
  -1.0000000000000000       0.90000000000000002       0.39700911356781432     
 -0.90000000000000002       0.90000000000000002      -0.12876747014137430     
 -0.80000000000000004       0.90000000000000002      -0.60078264948435955     
 -0.69999999999999996       0.90000000000000002      -0.84699852504944195     
 -0.59999999999999998       0.90000000000000002      -0.76231217588153444     
 -0.49999999999999994       0.90000000000000002      -0.39436553586670858     
 -0.39999999999999991       0.90000000000000002       0.13850259943974810     
 -0.29999999999999993       0.90000000000000002       0.62523721211348882     
 -0.19999999999999993       0.90000000000000002       0.88284773909866965     
  -9.9999999999999978E-002  0.90000000000000002       0.79511963664626717     
   2.7755575615628914E-017  0.90000000000000002       0.41390340211528048     
  0.10000000000000009       0.90000000000000002      -0.13380280948528325     
  0.20000000000000009       0.90000000000000002      -0.61990318566244618     
  0.30000000000000016       0.90000000000000002      -0.87791329236944460     
  0.40000000000000013       0.90000000000000002      -0.79010957576032526     
  0.50000000000000011       0.90000000000000002      -0.40887377609747000     
  0.60000000000000009       0.90000000000000002       0.13834625514187845     
  0.70000000000000007       0.90000000000000002       0.62517124737701357     
  0.80000000000000004       0.90000000000000002       0.88209155371878856     
  0.90000000000000002       0.90000000000000002       0.79486168033337767     
   1.0000000000000000       0.90000000000000002       0.40683240047733876     
  -1.0000000000000000        1.0000000000000000       0.20307440929860357     
 -0.90000000000000002        1.0000000000000000       -6.6104799023627564E-002
 -0.80000000000000004        1.0000000000000000      -0.30769362114403409     
 -0.69999999999999996        1.0000000000000000      -0.43363981992766304     
 -0.59999999999999998        1.0000000000000000      -0.39017208953889343     
 -0.49999999999999994        1.0000000000000000      -0.20172495935394627     
 -0.39999999999999991        1.0000000000000000        7.1094777671612500E-002
 -0.29999999999999993        1.0000000000000000       0.32021885120741839     
 -0.19999999999999993        1.0000000000000000       0.45199348062578903     
  -9.9999999999999978E-002   1.0000000000000000       0.40696422662587767     
   2.7755575615628914E-017   1.0000000000000000       0.21172083971640207     
  0.10000000000000009        1.0000000000000000       -6.8689376947620576E-002
  0.20000000000000009        1.0000000000000000      -0.31748791528541093     
  0.30000000000000016        1.0000000000000000      -0.44946720555843422     
  0.40000000000000013        1.0000000000000000      -0.40439825347660024     
  0.50000000000000011        1.0000000000000000      -0.20914592308952137     
  0.60000000000000009        1.0000000000000000        7.1017030458807570E-002
  0.70000000000000007        1.0000000000000000       0.32018530335991874     
  0.80000000000000004        1.0000000000000000       0.45160740501618113     
  0.90000000000000002        1.0000000000000000       0.40683240047733454     
   1.0000000000000000        1.0000000000000000       0.20810477160646124     
