  -1.0000000000000000       -1.0000000000000000       0.59641886102582231     
 -0.90000000000000002       -1.0000000000000000       0.74260740478536102     
 -0.80000000000000004       -1.0000000000000000       0.61323267341764054     
 -0.69999999999999996       -1.0000000000000000       0.25611627221427335     
 -0.59999999999999998       -1.0000000000000000      -0.20297431618346309     
 -0.49999999999999994       -1.0000000000000000      -0.58399020562591963     
 -0.39999999999999991       -1.0000000000000000      -0.74331336303356021     
 -0.29999999999999993       -1.0000000000000000      -0.61719591367433901     
 -0.19999999999999993       -1.0000000000000000      -0.25765009454656357     
  -9.9999999999999978E-002  -1.0000000000000000       0.20950469170591390     
   2.7755575615628914E-017  -1.0000000000000000       0.60343141723738358     
  0.10000000000000009       -1.0000000000000000       0.76941852633684171     
  0.20000000000000009       -1.0000000000000000       0.63732866601944971     
  0.30000000000000016       -1.0000000000000000       0.26553157841574110     
  0.40000000000000013       -1.0000000000000000      -0.21291245659612085     
  0.50000000000000011       -1.0000000000000000      -0.60529776166075688     
  0.60000000000000009       -1.0000000000000000      -0.77282450050947615     
  0.70000000000000007       -1.0000000000000000      -0.63970005824431520     
  0.80000000000000004       -1.0000000000000000      -0.26930448040140986     
  0.90000000000000002       -1.0000000000000000       0.20921216334860465     
   1.0000000000000000       -1.0000000000000000       0.59196234928803892     
  -1.0000000000000000      -0.90000000000000002       0.74260740478535581     
 -0.90000000000000002      -0.90000000000000002       0.92439910253335611     
 -0.80000000000000004      -0.90000000000000002       0.76317094102706295     
 -0.69999999999999996      -0.90000000000000002       0.31851981597118262     
 -0.59999999999999998      -0.90000000000000002      -0.25295537099997667     
 -0.49999999999999994      -0.90000000000000002      -0.72713369011679874     
 -0.39999999999999991      -0.90000000000000002      -0.92527592994611674     
 -0.29999999999999993      -0.90000000000000002      -0.76810539410869472     
 -0.19999999999999993      -0.90000000000000002      -0.32042903962051700     
  -9.9999999999999978E-002 -0.90000000000000002       0.26109672994260980     
   2.7755575615628914E-017 -0.90000000000000002       0.75134202027697949     
  0.10000000000000009      -0.90000000000000002       0.95777364912022678     
  0.20000000000000009      -0.90000000000000002       0.79316139951291864     
  0.30000000000000016      -0.90000000000000002       0.33022939611758501     
  0.40000000000000013      -0.90000000000000002      -0.26533725838762950     
  0.50000000000000011      -0.90000000000000002      -0.75366428368489502     
  0.60000000000000009      -0.90000000000000002      -0.96201271139152367     
  0.70000000000000007      -0.90000000000000002      -0.79611140224966248     
  0.80000000000000004      -0.90000000000000002      -0.33492564650429718     
  0.90000000000000002      -0.90000000000000002       0.26073249236590201     
   1.0000000000000000      -0.90000000000000002       0.73706179616622269     
  -1.0000000000000000      -0.80000000000000004       0.61323267341761656     
 -0.90000000000000002      -0.80000000000000004       0.76317094102706529     
 -0.80000000000000004      -0.80000000000000004       0.62991827435346193     
 -0.69999999999999996      -0.80000000000000004       0.26273149464300449     
 -0.59999999999999998      -0.80000000000000004      -0.20906909965734102     
 -0.49999999999999994      -0.80000000000000004      -0.60045580235272555     
 -0.39999999999999991      -0.80000000000000004      -0.76389328588529559     
 -0.29999999999999993      -0.80000000000000004      -0.63399288828736333     
 -0.19999999999999993      -0.80000000000000004      -0.26430765826808372     
  -9.9999999999999978E-002 -0.80000000000000004       0.21580030243907464     
   2.7755575615628914E-017 -0.80000000000000004       0.62044812244199554     
  0.10000000000000009      -0.80000000000000004       0.79072450820039830     
  0.20000000000000009      -0.80000000000000004       0.65467457334700851     
  0.30000000000000016      -0.80000000000000004       0.27239032036268124     
  0.40000000000000013      -0.80000000000000004      -0.21930005907695976     
  0.50000000000000011      -0.80000000000000004      -0.62236458250367388     
  0.60000000000000009      -0.80000000000000004      -0.79422366117816023     
  0.70000000000000007      -0.80000000000000004      -0.65710853447120454     
  0.80000000000000004      -0.80000000000000004      -0.27626726796622603     
  0.90000000000000002      -0.80000000000000004       0.21549951527873540     
   1.0000000000000000      -0.80000000000000004       0.60865578053677061     
  -1.0000000000000000      -0.69999999999999996       0.25611627221427458     
 -0.90000000000000002      -0.69999999999999996       0.31851981597118290     
 -0.80000000000000004      -0.69999999999999996       0.26273149464300422     
 -0.69999999999999996      -0.69999999999999996       0.10937449887437112     
 -0.59999999999999998      -0.69999999999999996       -8.7536356162299878E-002
 -0.49999999999999994      -0.69999999999999996      -0.25078128972516778     
 -0.39999999999999991      -0.69999999999999996      -0.31881943937208451     
 -0.29999999999999993      -0.69999999999999996      -0.26443304632232023     
 -0.19999999999999993      -0.69999999999999996      -0.11003225490301217     
  -9.9999999999999978E-002 -0.69999999999999996        9.0357458485448849E-002
   2.7755575615628914E-017 -0.69999999999999996       0.25913285273471864     
  0.10000000000000009      -0.69999999999999996       0.33001968475624138     
  0.20000000000000009      -0.69999999999999996       0.27305980089269549     
  0.30000000000000016      -0.69999999999999996       0.11339564033347166     
  0.40000000000000013      -0.69999999999999996       -9.1816736254422757E-002
  0.50000000000000011      -0.69999999999999996      -0.25993179421893325     
  0.60000000000000009      -0.69999999999999996      -0.33147943686959602     
  0.70000000000000007      -0.69999999999999996      -0.27407382876228098     
  0.80000000000000004      -0.69999999999999996      -0.11501348495545057     
  0.90000000000000002      -0.69999999999999996        9.0231827820470553E-002
   1.0000000000000000      -0.69999999999999996       0.25420781950827570     
  -1.0000000000000000      -0.59999999999999998      -0.20297431618344680     
 -0.90000000000000002      -0.59999999999999998      -0.25295537099997156     
 -0.80000000000000004      -0.59999999999999998      -0.20906909965731740     
 -0.69999999999999996      -0.59999999999999998       -8.7536356162297976E-002
 -0.59999999999999998      -0.59999999999999998        6.8845947023955273E-002
 -0.49999999999999994      -0.59999999999999998       0.19874323509053554     
 -0.39999999999999991      -0.59999999999999998       0.25319779935447995     
 -0.29999999999999993      -0.59999999999999998       0.21041809633858266     
 -0.19999999999999993      -0.59999999999999998        8.8058905695037715E-002
  -9.9999999999999978E-002 -0.59999999999999998       -7.1058024116151031E-002
   2.7755575615628914E-017 -0.59999999999999998      -0.20535762374541763     
  0.10000000000000009      -0.59999999999999998      -0.26208806803822543     
  0.20000000000000009      -0.59999999999999998      -0.21728124245359259     
  0.30000000000000016      -0.59999999999999998       -9.0754148646119553E-002
  0.40000000000000013      -0.59999999999999998        7.2220284018376268E-002
  0.50000000000000011      -0.59999999999999998       0.20599432785989416     
  0.60000000000000009      -0.59999999999999998       0.26324895266449788     
  0.70000000000000007      -0.59999999999999998       0.21809092976395392     
  0.80000000000000004      -0.59999999999999998        9.2039583354812743E-002
  0.90000000000000002      -0.59999999999999998       -7.0958477817733484E-002
   1.0000000000000000      -0.59999999999999998      -0.20145441708345613     
  -1.0000000000000000      -0.49999999999999994      -0.58399020562591597     
 -0.90000000000000002      -0.49999999999999994      -0.72713369011680140     
 -0.80000000000000004      -0.49999999999999994      -0.60045580235272189     
 -0.69999999999999996      -0.49999999999999994      -0.25078128972516944     
 -0.59999999999999998      -0.49999999999999994       0.19874323509053463     
 -0.49999999999999994      -0.49999999999999994       0.57182054076347011     
 -0.39999999999999991      -0.49999999999999994       0.72782494968331390     
 -0.29999999999999993      -0.49999999999999994       0.60433645470494723     
 -0.19999999999999993      -0.49999999999999994       0.25228315225726688     
  -9.9999999999999978E-002 -0.49999999999999994      -0.20513746526232438     
   2.7755575615628914E-017 -0.49999999999999994      -0.59085660987736699     
  0.10000000000000009      -0.49999999999999994      -0.75338614811733828     
  0.20000000000000009      -0.49999999999999994      -0.62404973154972432     
  0.30000000000000016      -0.49999999999999994      -0.26000047094212442     
  0.40000000000000013      -0.49999999999999994       0.20847423109945906     
  0.50000000000000011      -0.49999999999999994       0.59268407089577513     
  0.60000000000000009      -0.49999999999999994       0.75672115606809676     
  0.70000000000000007      -0.49999999999999994       0.62637172218447490     
  0.80000000000000004      -0.49999999999999994       0.26369475849150198     
  0.90000000000000002      -0.49999999999999994      -0.20485103291750198     
   1.0000000000000000      -0.49999999999999994      -0.57962654338766384     
  -1.0000000000000000      -0.39999999999999991      -0.74331336303352391     
 -0.90000000000000002      -0.39999999999999991      -0.92527592994610530     
 -0.80000000000000004      -0.39999999999999991      -0.76389328588527328     
 -0.69999999999999996      -0.39999999999999991      -0.31881943937208357     
 -0.59999999999999998      -0.39999999999999991       0.25319779935448822     
 -0.49999999999999994      -0.39999999999999991       0.72782494968331124     
 -0.39999999999999991      -0.39999999999999991       0.92615357247091346     
 -0.29999999999999993      -0.39999999999999991       0.76883242803776219     
 -0.19999999999999993      -0.39999999999999991       0.32073047328811877     
  -9.9999999999999978E-002 -0.39999999999999991      -0.26134698565614994     
   2.7755575615628914E-017 -0.39999999999999991      -0.75205630938206791     
  0.10000000000000009      -0.39999999999999991      -0.95868213366152522     
  0.20000000000000009      -0.39999999999999991      -0.79391215503603108     
  0.30000000000000016      -0.39999999999999991      -0.33054003615820737     
  0.40000000000000013      -0.39999999999999991       0.26559152399619851     
  0.50000000000000011      -0.39999999999999991       0.75438076732346215     
  0.60000000000000009      -0.39999999999999991       0.96292521087607086     
  0.70000000000000007      -0.39999999999999991       0.79686493968348404     
  0.80000000000000004      -0.39999999999999991       0.33524073885911038     
  0.90000000000000002      -0.39999999999999991      -0.26098240179563681     
   1.0000000000000000      -0.39999999999999991      -0.73776251008822225     
  -1.0000000000000000      -0.29999999999999993      -0.61719591367433391     
 -0.90000000000000002      -0.29999999999999993      -0.76810539410869605     
 -0.80000000000000004      -0.29999999999999993      -0.63399288828735934     
 -0.69999999999999996      -0.29999999999999993      -0.26443304632232001     
 -0.59999999999999998      -0.29999999999999993       0.21041809633858463     
 -0.49999999999999994      -0.29999999999999993       0.60433645470494701     
 -0.39999999999999991      -0.29999999999999993       0.76883242803776686     
 -0.29999999999999993      -0.29999999999999993       0.63809383798844721     
 -0.19999999999999993      -0.29999999999999993       0.26601940175449301     
  -9.9999999999999978E-002 -0.29999999999999993      -0.21719270371806715     
   2.7755575615628914E-017 -0.29999999999999993      -0.62445796463927006     
  0.10000000000000009      -0.29999999999999993      -0.79583711494937914     
  0.20000000000000009      -0.29999999999999993      -0.65890929544482890     
  0.30000000000000016      -0.29999999999999993      -0.27415442441167964     
  0.40000000000000013      -0.29999999999999993       0.22071510277979631     
  0.50000000000000011      -0.29999999999999993       0.62638682519973621     
  0.60000000000000009      -0.29999999999999993       0.79935889916032676     
  0.70000000000000007      -0.29999999999999993       0.66135901208739500     
  0.80000000000000004      -0.29999999999999993       0.27805644181344807     
  0.90000000000000002      -0.29999999999999993      -0.21688997269745072     
   1.0000000000000000      -0.29999999999999993      -0.61258941009871748     
  -1.0000000000000000      -0.19999999999999993      -0.25765009454657001     
 -0.90000000000000002      -0.19999999999999993      -0.32042903962051761     
 -0.80000000000000004      -0.19999999999999993      -0.26430765826809888     
 -0.69999999999999996      -0.19999999999999993      -0.11003225490301417     
 -0.59999999999999998      -0.19999999999999993        8.8058905695018341E-002
 -0.49999999999999994      -0.19999999999999993       0.25228315225726505     
 -0.39999999999999991      -0.19999999999999993       0.32073047328811877     
 -0.29999999999999993      -0.19999999999999993       0.26601940175449257     
 -0.19999999999999993      -0.19999999999999993       0.11069395415936054     
  -9.9999999999999978E-002 -0.19999999999999993       -9.0896827321676490E-002
   2.7755575615628914E-017 -0.19999999999999993      -0.26068471715477753     
  0.10000000000000009      -0.19999999999999993      -0.33199783909591446     
  0.20000000000000009      -0.19999999999999993      -0.27469790430236535     
  0.30000000000000016      -0.19999999999999993      -0.11407757718548162     
  0.40000000000000013      -0.19999999999999993        9.2364862776359760E-002
  0.50000000000000011      -0.19999999999999993       0.26148845462275389     
  0.60000000000000009      -0.19999999999999993       0.33346634618151755     
  0.70000000000000007      -0.19999999999999993       0.27571802434208786     
  0.80000000000000004      -0.19999999999999993       0.11570512119371422     
  0.90000000000000002      -0.19999999999999993       -9.0770444305331752E-002
   1.0000000000000000      -0.19999999999999993      -0.25573018877563497     
  -1.0000000000000000       -9.9999999999999978E-002  0.20950469170590991     
 -0.90000000000000002       -9.9999999999999978E-002  0.26109672994260941     
 -0.80000000000000004       -9.9999999999999978E-002  0.21580030243907566     
 -0.69999999999999996       -9.9999999999999978E-002   9.0357458485448225E-002
 -0.59999999999999998       -9.9999999999999978E-002  -7.1058024116153404E-002
 -0.49999999999999994       -9.9999999999999978E-002 -0.20513746526232604     
 -0.39999999999999991       -9.9999999999999978E-002 -0.26134698565615461     
 -0.29999999999999993       -9.9999999999999978E-002 -0.21719270371806509     
 -0.19999999999999993       -9.9999999999999978E-002  -9.0896827321677615E-002
  -9.9999999999999978E-002  -9.9999999999999978E-002   7.3341139780905659E-002
   2.7755575615628914E-017  -9.9999999999999978E-002  0.21196463746741057     
  0.10000000000000009       -9.9999999999999978E-002  0.27052336230601820     
  0.20000000000000009       -9.9999999999999978E-002  0.22427680722354548     
  0.30000000000000016       -9.9999999999999978E-002   9.3678950687917970E-002
  0.40000000000000013       -9.9999999999999978E-002  -7.4540825484813236E-002
  0.50000000000000011       -9.9999999999999978E-002 -0.21262184618280464     
  0.60000000000000009       -9.9999999999999978E-002 -0.27172161889043284     
  0.70000000000000007       -9.9999999999999978E-002 -0.22511257865869333     
  0.80000000000000004       -9.9999999999999978E-002  -9.5005760441097653E-002
  0.90000000000000002       -9.9999999999999978E-002   7.3238390731085234E-002
   1.0000000000000000       -9.9999999999999978E-002  0.20793585091904268     
  -1.0000000000000000        2.7755575615628914E-017  0.60343141723734472     
 -0.90000000000000002        2.7755575615628914E-017  0.75134202027697494     
 -0.80000000000000004        2.7755575615628914E-017  0.62044812244196834     
 -0.69999999999999996        2.7755575615628914E-017  0.25913285273471559     
 -0.59999999999999998        2.7755575615628914E-017 -0.20535762374543645     
 -0.49999999999999994        2.7755575615628914E-017 -0.59085660987737365     
 -0.39999999999999991        2.7755575615628914E-017 -0.75205630938206935     
 -0.29999999999999993        2.7755575615628914E-017 -0.62445796463926972     
 -0.19999999999999993        2.7755575615628914E-017 -0.26068471715478192     
  -9.9999999999999978E-002   2.7755575615628914E-017  0.21196463746741040     
   2.7755575615628914E-017   2.7755575615628914E-017  0.61052638058304365     
  0.10000000000000009        2.7755575615628914E-017  0.77846849650850181     
  0.20000000000000009        2.7755575615628914E-017  0.64482759417986624     
  0.30000000000000016        2.7755575615628914E-017  0.26865905112844407     
  0.40000000000000013        2.7755575615628914E-017 -0.21541250531414965     
  0.50000000000000011        2.7755575615628914E-017 -0.61241469063385157     
  0.60000000000000009        2.7755575615628914E-017 -0.78191454186567844     
  0.70000000000000007        2.7755575615628914E-017 -0.64722690567249619     
  0.80000000000000004        2.7755575615628914E-017 -0.27247633403943050     
  0.90000000000000002        2.7755575615628914E-017  0.21166866975611479     
   1.0000000000000000        2.7755575615628914E-017  0.59892246149875783     
  -1.0000000000000000       0.10000000000000009       0.76941852633683849     
 -0.90000000000000002       0.10000000000000009       0.95777364912022789     
 -0.80000000000000004       0.10000000000000009       0.79072450820039664     
 -0.69999999999999996       0.10000000000000009       0.33001968475624238     
 -0.59999999999999998       0.10000000000000009      -0.26208806803822249     
 -0.49999999999999994       0.10000000000000009      -0.75338614811733540     
 -0.39999999999999991       0.10000000000000009      -0.95868213366152755     
 -0.29999999999999993       0.10000000000000009      -0.79583711494937759     
 -0.19999999999999993       0.10000000000000009      -0.33199783909591618     
  -9.9999999999999978E-002  0.10000000000000009       0.27052336230601881     
   2.7755575615628914E-017  0.10000000000000009       0.77846849650849970     
  0.10000000000000009       0.10000000000000009       0.99235315183931683     
  0.20000000000000009       0.10000000000000009       0.82179774376722325     
  0.30000000000000016       0.10000000000000009       0.34215202864901723     
  0.40000000000000013       0.10000000000000009      -0.27491699109454382     
  0.50000000000000011       0.10000000000000009      -0.78087460306706846     
  0.60000000000000009       0.10000000000000009      -0.99674526143956677     
  0.70000000000000007       0.10000000000000009      -0.82485425362515474     
  0.80000000000000004       0.10000000000000009      -0.34701783268274733     
  0.90000000000000002       0.10000000000000009       0.27014597431468174     
   1.0000000000000000       0.10000000000000009       0.76367269872728849     
  -1.0000000000000000       0.20000000000000009       0.63732866601942206     
 -0.90000000000000002       0.20000000000000009       0.79316139951291720     
 -0.80000000000000004       0.20000000000000009       0.65467457334700374     
 -0.69999999999999996       0.20000000000000009       0.27305980089269755     
 -0.59999999999999998       0.20000000000000009      -0.21728124245357322     
 -0.49999999999999994       0.20000000000000009      -0.62404973154972565     
 -0.39999999999999991       0.20000000000000009      -0.79391215503602353     
 -0.29999999999999993       0.20000000000000009      -0.65890929544483057     
 -0.19999999999999993       0.20000000000000009      -0.27469790430236796     
  -9.9999999999999978E-002  0.20000000000000009       0.22427680722354351     
   2.7755575615628914E-017  0.20000000000000009       0.64482759417985669     
  0.10000000000000009       0.20000000000000009       0.82179774376722181     
  0.20000000000000009       0.20000000000000009       0.68040377868002333     
  0.30000000000000016       0.20000000000000009       0.28309832464478746     
  0.40000000000000013       0.20000000000000009      -0.22791411283976196     
  0.50000000000000011       0.20000000000000009      -0.64681937784815591     
  0.60000000000000009       0.20000000000000009      -0.82543441237273762     
  0.70000000000000007       0.20000000000000009      -0.68293341162748455     
  0.80000000000000004       0.20000000000000009      -0.28712762865266112     
  0.90000000000000002       0.20000000000000009       0.22396420123014296     
   1.0000000000000000       0.20000000000000009       0.63257189072903430     
  -1.0000000000000000       0.30000000000000016       0.26553157841573954     
 -0.90000000000000002       0.30000000000000016       0.33022939611758578     
 -0.80000000000000004       0.30000000000000016       0.27239032036268107     
 -0.69999999999999996       0.30000000000000016       0.11339564033347242     
 -0.59999999999999998       0.30000000000000016       -9.0754148646118721E-002
 -0.49999999999999994       0.30000000000000016      -0.26000047094212247     
 -0.39999999999999991       0.30000000000000016      -0.33054003615820476     
 -0.29999999999999993       0.30000000000000016      -0.27415442441168064     
 -0.19999999999999993       0.30000000000000016      -0.11407757718547996     
  -9.9999999999999978E-002  0.30000000000000016        9.3678950687918955E-002
   2.7755575615628914E-017  0.30000000000000016       0.26865905112844574     
  0.10000000000000009       0.30000000000000016       0.34215202864901850     
  0.20000000000000009       0.30000000000000016       0.28309832464478613     
  0.30000000000000016       0.30000000000000016       0.11756461843524639     
  0.40000000000000013       0.30000000000000016       -9.5191876426464136E-002
  0.50000000000000011       0.30000000000000016      -0.26948736455110478     
  0.60000000000000009       0.30000000000000016      -0.34366544550534983     
  0.70000000000000007       0.30000000000000016      -0.28414963241089691     
  0.80000000000000004       0.30000000000000016      -0.11924193928411890     
  0.90000000000000002       0.30000000000000016        9.3548701601900375E-002
   1.0000000000000000       0.30000000000000016       0.26355296457370064     
  -1.0000000000000000       0.40000000000000013      -0.21291245659608074     
 -0.90000000000000002       0.40000000000000013      -0.26533725838762129     
 -0.80000000000000004       0.40000000000000013      -0.21930005907693520     
 -0.69999999999999996       0.40000000000000013       -9.1816736254418413E-002
 -0.59999999999999998       0.40000000000000013        7.2220284018398057E-002
 -0.49999999999999994       0.40000000000000013       0.20847423109945953     
 -0.39999999999999991       0.40000000000000013       0.26559152399620239     
 -0.29999999999999993       0.40000000000000013       0.22071510277979242     
 -0.19999999999999993       0.40000000000000013        9.2364862776371501E-002
  -9.9999999999999978E-002  0.40000000000000013       -7.4540825484812584E-002
   2.7755575615628914E-017  0.40000000000000013      -0.21541250531415349     
  0.10000000000000009       0.40000000000000013      -0.27491699109454387     
  0.20000000000000009       0.40000000000000013      -0.22791411283977733     
  0.30000000000000016       0.40000000000000013       -9.5191876426462860E-002
  0.40000000000000013       0.40000000000000013        7.5759954745099597E-002
  0.50000000000000011       0.40000000000000013       0.21608036085830182     
  0.60000000000000009       0.40000000000000013       0.27613468919729445     
  0.70000000000000007       0.40000000000000013       0.22876340468431691     
  0.80000000000000004       0.40000000000000013        9.6540227758383099E-002
  0.90000000000000002       0.40000000000000013       -7.4436405068443887E-002
   1.0000000000000000       0.40000000000000013      -0.21131818819481007     
  -1.0000000000000000       0.50000000000000011      -0.60529776166075211     
 -0.90000000000000002       0.50000000000000011      -0.75366428368489524     
 -0.80000000000000004       0.50000000000000011      -0.62236458250367555     
 -0.69999999999999996       0.50000000000000011      -0.25993179421893325     
 -0.59999999999999998       0.50000000000000011       0.20599432785989552     
 -0.49999999999999994       0.50000000000000011       0.59268407089577257     
 -0.39999999999999991       0.50000000000000011       0.75438076732346659     
 -0.29999999999999993       0.50000000000000011       0.62638682519973343     
 -0.19999999999999993       0.50000000000000011       0.26148845462275483     
  -9.9999999999999978E-002  0.50000000000000011      -0.21262184618280391     
   2.7755575615628914E-017  0.50000000000000011      -0.61241469063385168     
  0.10000000000000009       0.50000000000000011      -0.78087460306706680     
  0.20000000000000009       0.50000000000000011      -0.64681937784815635     
  0.30000000000000016       0.50000000000000011      -0.26948736455110328     
  0.40000000000000013       0.50000000000000011       0.21608036085830387     
  0.50000000000000011       0.50000000000000011       0.61430883057434349     
  0.60000000000000009       0.50000000000000011       0.78433129478757901     
  0.70000000000000007       0.50000000000000011       0.64922609224749728     
  0.80000000000000004       0.50000000000000011       0.27331644420271634     
  0.90000000000000002       0.50000000000000011      -0.21232496302492485     
   1.0000000000000000       0.50000000000000011      -0.60077488217796626     
  -1.0000000000000000       0.60000000000000009      -0.77282450050942419     
 -0.90000000000000002       0.60000000000000009      -0.96201271139151734     
 -0.80000000000000004       0.60000000000000009      -0.79422366117813448     
 -0.69999999999999996       0.60000000000000009      -0.33147943686959469     
 -0.59999999999999998       0.60000000000000009       0.26324895266450044     
 -0.49999999999999994       0.60000000000000009       0.75672115606810009     
 -0.39999999999999991       0.60000000000000009       0.96292521087606375     
 -0.29999999999999993       0.60000000000000009       0.79935889916032687     
 -0.19999999999999993       0.60000000000000009       0.33346634618151511     
  -9.9999999999999978E-002  0.60000000000000009      -0.27172161889043162     
   2.7755575615628914E-017  0.60000000000000009      -0.78191454186566911     
  0.10000000000000009       0.60000000000000009      -0.99674526143956554     
  0.20000000000000009       0.60000000000000009      -0.82543441237273874     
  0.30000000000000016       0.60000000000000009      -0.34366544550535161     
  0.40000000000000013       0.60000000000000009       0.27613468919728529     
  0.50000000000000011       0.60000000000000009       0.78433129478757702     
  0.60000000000000009       0.60000000000000009        1.0011568081720721     
  0.70000000000000007       0.60000000000000009       0.82850444435953929     
  0.80000000000000004       0.60000000000000009       0.34855278455321898     
  0.90000000000000002       0.60000000000000009      -0.27134256029523729     
   1.0000000000000000       0.60000000000000009      -0.76705324783560247     
  -1.0000000000000000       0.70000000000000007      -0.63970005824431020     
 -0.90000000000000002       0.70000000000000007      -0.79611140224966137     
 -0.80000000000000004       0.70000000000000007      -0.65710853447120443     
 -0.69999999999999996       0.70000000000000007      -0.27407382876228142     
 -0.59999999999999998       0.70000000000000007       0.21809092976395375     
 -0.49999999999999994       0.70000000000000007       0.62637172218447112     
 -0.39999999999999991       0.70000000000000007       0.79686493968348771     
 -0.29999999999999993       0.70000000000000007       0.66135901208739079     
 -0.19999999999999993       0.70000000000000007       0.27571802434208648     
  -9.9999999999999978E-002  0.70000000000000007      -0.22511257865869355     
   2.7755575615628914E-017  0.70000000000000007      -0.64722690567249908     
  0.10000000000000009       0.70000000000000007      -0.82485425362515141     
  0.20000000000000009       0.70000000000000007      -0.68293341162748433     
  0.30000000000000016       0.70000000000000007      -0.28414963241089625     
  0.40000000000000013       0.70000000000000007       0.22876340468432116     
  0.50000000000000011       0.70000000000000007       0.64922609224749739     
  0.60000000000000009       0.70000000000000007       0.82850444435954196     
  0.70000000000000007       0.70000000000000007       0.68547244288910658     
  0.80000000000000004       0.70000000000000007       0.28819392118908432     
  0.90000000000000002       0.70000000000000007      -0.22479880944457911     
   1.0000000000000000       0.70000000000000007      -0.63492560099671969     
  -1.0000000000000000       0.80000000000000004      -0.26930448040142230     
 -0.90000000000000002       0.80000000000000004      -0.33492564650429807     
 -0.80000000000000004       0.80000000000000004      -0.27626726796622836     
 -0.69999999999999996       0.80000000000000004      -0.11501348495545481     
 -0.59999999999999998       0.80000000000000004        9.2039583354793661E-002
 -0.49999999999999994       0.80000000000000004       0.26369475849150037     
 -0.39999999999999991       0.80000000000000004       0.33524073885909539     
 -0.29999999999999993       0.80000000000000004       0.27805644181345041     
 -0.19999999999999993       0.80000000000000004       0.11570512119369737     
  -9.9999999999999978E-002  0.80000000000000004       -9.5005760441098111E-002
   2.7755575615628914E-017  0.80000000000000004      -0.27247633403941840     
  0.10000000000000009       0.80000000000000004      -0.34701783268274389     
  0.20000000000000009       0.80000000000000004      -0.28712762865263608     
  0.30000000000000016       0.80000000000000004      -0.11924193928412033     
  0.40000000000000013       0.80000000000000004        9.6540227758379657E-002
  0.50000000000000011       0.80000000000000004       0.27331644420271473     
  0.60000000000000009       0.80000000000000004       0.34855278455319999     
  0.70000000000000007       0.80000000000000004       0.28819392118908499     
  0.80000000000000004       0.80000000000000004       0.12094311831533107     
  0.90000000000000002       0.80000000000000004       -9.4873660795121578E-002
   1.0000000000000000       0.80000000000000004      -0.26729769520804375     
  -1.0000000000000000       0.90000000000000002       0.20921216334860329     
 -0.90000000000000002       0.90000000000000002       0.26073249236590090     
 -0.80000000000000004       0.90000000000000002       0.21549951527873792     
 -0.69999999999999996       0.90000000000000002        9.0231827820469707E-002
 -0.59999999999999998       0.90000000000000002       -7.0958477817734941E-002
 -0.49999999999999994       0.90000000000000002      -0.20485103291750242     
 -0.39999999999999991       0.90000000000000002      -0.26098240179564375     
 -0.29999999999999993       0.90000000000000002      -0.21688997269744828     
 -0.19999999999999993       0.90000000000000002       -9.0770444305333098E-002
  -9.9999999999999978E-002  0.90000000000000002        7.3238390731083930E-002
   2.7755575615628914E-017  0.90000000000000002       0.21166866975611548     
  0.10000000000000009       0.90000000000000002       0.27014597431468129     
  0.20000000000000009       0.90000000000000002       0.22396420123014824     
  0.30000000000000016       0.90000000000000002        9.3548701601899362E-002
  0.40000000000000013       0.90000000000000002       -7.4436405068443637E-002
  0.50000000000000011       0.90000000000000002      -0.21232496302492423     
  0.60000000000000009       0.90000000000000002      -0.27134256029524317     
  0.70000000000000007       0.90000000000000002      -0.22479880944457747     
  0.80000000000000004       0.90000000000000002       -9.4873660795124923E-002
  0.90000000000000002       0.90000000000000002        7.3135785262636338E-002
   1.0000000000000000       0.90000000000000002       0.20764550849847008     
  -1.0000000000000000        1.0000000000000000       0.59196234928797431     
 -0.90000000000000002        1.0000000000000000       0.73706179616621625     
 -0.80000000000000004        1.0000000000000000       0.60865578053673841     
 -0.69999999999999996        1.0000000000000000       0.25420781950827287     
 -0.59999999999999998        1.0000000000000000      -0.20145441708348047     
 -0.49999999999999994        1.0000000000000000      -0.57962654338766806     
 -0.39999999999999991        1.0000000000000000      -0.73776251008822635     
 -0.29999999999999993        1.0000000000000000      -0.61258941009871382     
 -0.19999999999999993        1.0000000000000000      -0.25573018877563780     
  -9.9999999999999978E-002   1.0000000000000000       0.20793585091903988     
   2.7755575615628914E-017   1.0000000000000000       0.59892246149875861     
  0.10000000000000009        1.0000000000000000       0.76367269872728838     
  0.20000000000000009        1.0000000000000000       0.63257189072903941     
  0.30000000000000016        1.0000000000000000       0.26355296457369953     
  0.40000000000000013        1.0000000000000000      -0.21131818819480938     
  0.50000000000000011        1.0000000000000000      -0.60077488217796327     
  0.60000000000000009        1.0000000000000000      -0.76705324783560758     
  0.70000000000000007        1.0000000000000000      -0.63492560099671902     
  0.80000000000000004        1.0000000000000000      -0.26729769520805813     
  0.90000000000000002        1.0000000000000000       0.20764550849846877     
   1.0000000000000000        1.0000000000000000       0.58753909130261606     
