  -1.0000000000000000       -1.0000000000000000       0.95249604056890680     
 -0.90000000000000002       -1.0000000000000000       0.83063839305664100     
 -0.80000000000000004       -1.0000000000000000       0.40334829711114412     
 -0.69999999999999996       -1.0000000000000000      -0.17044831758790024     
 -0.59999999999999998       -1.0000000000000000      -0.70475202795371150     
 -0.49999999999999994       -1.0000000000000000      -0.96584522325706001     
 -0.39999999999999991       -1.0000000000000000      -0.86341885846976418     
 -0.29999999999999993       -1.0000000000000000      -0.42627238626241670     
 -0.19999999999999993       -1.0000000000000000       0.16734619538647225     
  -9.9999999999999978E-002  -1.0000000000000000       0.70226318279609323     
   2.7755575615628914E-017  -1.0000000000000000       0.96224170607635795     
  0.10000000000000009       -1.0000000000000000       0.86021647877589968     
  0.20000000000000009       -1.0000000000000000       0.42232751634597177     
  0.30000000000000016       -1.0000000000000000      -0.17067693270513265     
  0.40000000000000013       -1.0000000000000000      -0.70681342234382805     
  0.50000000000000011       -1.0000000000000000      -0.96577921721376669     
  0.60000000000000009       -1.0000000000000000      -0.86568251180568156     
  0.70000000000000007       -1.0000000000000000      -0.42625568954858090     
  0.80000000000000004       -1.0000000000000000       0.16445205753418932     
  0.90000000000000002       -1.0000000000000000       0.70140804542640334     
   1.0000000000000000       -1.0000000000000000       0.94447604057461287     
  -1.0000000000000000      -0.90000000000000002       0.83063839305663834     
 -0.90000000000000002      -0.90000000000000002       0.72432464214354075     
 -0.80000000000000004      -0.90000000000000002       0.35167188140038141     
 -0.69999999999999996      -0.90000000000000002      -0.14871955601049736     
 -0.59999999999999998      -0.90000000000000002      -0.61463726154360121     
 -0.49999999999999994      -0.90000000000000002      -0.84228000644194523     
 -0.39999999999999991      -0.90000000000000002      -0.75290899958140756     
 -0.29999999999999993      -0.90000000000000002      -0.37165950690356647     
 -0.19999999999999993      -0.90000000000000002       0.14601494703906753     
  -9.9999999999999978E-002 -0.90000000000000002       0.61246736207844910     
   2.7755575615628914E-017 -0.90000000000000002       0.83913755344999574     
  0.10000000000000009      -0.90000000000000002       0.75011677385756148     
  0.20000000000000009      -0.90000000000000002       0.36821959867017146     
  0.30000000000000016      -0.90000000000000002      -0.14891921193193186     
  0.40000000000000013      -0.90000000000000002      -0.61643499074670915     
  0.50000000000000011      -0.90000000000000002      -0.84222246830341652     
  0.60000000000000009      -0.90000000000000002      -0.75488293789060612     
  0.70000000000000007      -0.90000000000000002      -0.37164498156311210     
  0.80000000000000004      -0.90000000000000002       0.14349113947891326     
  0.90000000000000002      -0.90000000000000002       0.61172169660219200     
   1.0000000000000000      -0.90000000000000002       0.82364534733650374     
  -1.0000000000000000      -0.80000000000000004       0.40334829711113129     
 -0.90000000000000002      -0.80000000000000004       0.35167188140038452     
 -0.80000000000000004      -0.80000000000000004       0.17068450537306254     
 -0.69999999999999996      -0.80000000000000004       -7.2303702397272768E-002
 -0.59999999999999998      -0.80000000000000004      -0.29851435568561413     
 -0.49999999999999994      -0.80000000000000004      -0.40900162016919828     
 -0.39999999999999991      -0.80000000000000004      -0.36554948314926189     
 -0.29999999999999993      -0.80000000000000004      -0.18038613667785833     
 -0.19999999999999993      -0.80000000000000004        7.0991098995688645E-002
  -9.9999999999999978E-002 -0.80000000000000004       0.29746127968530317     
   2.7755575615628914E-017 -0.80000000000000004       0.40747573563480560     
  0.10000000000000009      -0.80000000000000004       0.36419412531662160     
  0.20000000000000009      -0.80000000000000004       0.17871606611510293     
  0.30000000000000016      -0.80000000000000004       -7.2400977627251936E-002
  0.40000000000000013      -0.80000000000000004      -0.29938737885963096     
  0.50000000000000011      -0.80000000000000004      -0.40897370666066252     
  0.60000000000000009      -0.80000000000000004      -0.36650787593485151     
  0.70000000000000007      -0.80000000000000004      -0.18037912301651793     
  0.80000000000000004      -0.80000000000000004        6.9765644678361216E-002
  0.90000000000000002      -0.80000000000000004       0.29709927178338391     
   1.0000000000000000      -0.80000000000000004       0.39995358489026700     
  -1.0000000000000000      -0.69999999999999996      -0.17044831758789800     
 -0.90000000000000002      -0.69999999999999996      -0.14871955601049658     
 -0.80000000000000004      -0.69999999999999996       -7.2303702397275557E-002
 -0.69999999999999996      -0.69999999999999996        3.0370730484748542E-002
 -0.59999999999999998      -0.69999999999999996       0.12603421630151893     
 -0.49999999999999994      -0.69999999999999996       0.17283670443525670     
 -0.39999999999999991      -0.69999999999999996       0.15458953350941101     
 -0.29999999999999993      -0.69999999999999996        7.6412137132234895E-002
 -0.19999999999999993      -0.69999999999999996       -2.9814523606830057E-002
  -9.9999999999999978E-002 -0.69999999999999996      -0.12558793689533168     
   2.7755575615628914E-017 -0.69999999999999996      -0.17219177729385954     
  0.10000000000000009      -0.69999999999999996      -0.15401569905217546     
  0.20000000000000009      -0.69999999999999996       -7.5705743099062986E-002
  0.30000000000000016      -0.69999999999999996        3.0411153863918742E-002
  0.40000000000000013      -0.69999999999999996       0.12640300071707000     
  0.50000000000000011      -0.69999999999999996       0.17282485320889934     
  0.60000000000000009      -0.69999999999999996       0.15499480527147083     
  0.70000000000000007      -0.69999999999999996        7.6409089750950385E-002
  0.80000000000000004      -0.69999999999999996       -2.9296504575281893E-002
  0.90000000000000002      -0.69999999999999996      -0.12543479300815505     
   1.0000000000000000      -0.69999999999999996      -0.16901160200355736     
  -1.0000000000000000      -0.59999999999999998      -0.70475202795368852     
 -0.90000000000000002      -0.59999999999999998      -0.61463726154359555     
 -0.80000000000000004      -0.59999999999999998      -0.29851435568560042     
 -0.69999999999999996      -0.59999999999999998       0.12603421630152309     
 -0.59999999999999998      -0.59999999999999998       0.52139661437187912     
 -0.49999999999999994      -0.59999999999999998       0.71462882186963095     
 -0.39999999999999991      -0.59999999999999998       0.63889396154444511     
 -0.29999999999999993      -0.59999999999999998       0.31547970369092659     
 -0.19999999999999993      -0.59999999999999998      -0.12373828774768898     
  -9.9999999999999978E-002 -0.59999999999999998      -0.51955456165560820     
   2.7755575615628914E-017 -0.59999999999999998      -0.71196252892359069     
  0.10000000000000009      -0.59999999999999998      -0.63652404525682393     
  0.20000000000000009      -0.59999999999999998      -0.31256060857958440     
  0.30000000000000016      -0.59999999999999998       0.12620306891626745     
  0.40000000000000013      -0.59999999999999998       0.52292177879572177     
  0.50000000000000011      -0.59999999999999998       0.71457995966766852     
  0.60000000000000009      -0.59999999999999998       0.64056895789504598     
  0.70000000000000007      -0.59999999999999998       0.31546731315768167     
  0.80000000000000004      -0.59999999999999998      -0.12159684331821338     
  0.90000000000000002      -0.59999999999999998      -0.51892177281626095     
   1.0000000000000000      -0.59999999999999998      -0.69881707809887872     
  -1.0000000000000000      -0.49999999999999994      -0.96584522325706046     
 -0.90000000000000002      -0.49999999999999994      -0.84228000644194490     
 -0.80000000000000004      -0.49999999999999994      -0.40900162016919539     
 -0.69999999999999996      -0.49999999999999994       0.17283670443525470     
 -0.59999999999999998      -0.49999999999999994       0.71462882186962973     
 -0.49999999999999994      -0.49999999999999994       0.97938149258733787     
 -0.39999999999999991      -0.49999999999999994       0.87551990156899984     
 -0.29999999999999993      -0.49999999999999994       0.43224700994307835     
 -0.19999999999999993      -0.49999999999999994      -0.16969110253237624     
  -9.9999999999999978E-002 -0.49999999999999994      -0.71210509265701627     
   2.7755575615628914E-017 -0.49999999999999994      -0.97572747203327648     
  0.10000000000000009      -0.49999999999999994      -0.87227263810394895     
  0.20000000000000009      -0.49999999999999994      -0.42824685133242862     
  0.30000000000000016      -0.49999999999999994       0.17306852195796643     
  0.40000000000000013      -0.49999999999999994       0.71671910625706103     
  0.50000000000000011      -0.49999999999999994       0.97931456134024120     
  0.60000000000000009      -0.49999999999999994       0.87781528052787972     
  0.70000000000000007      -0.49999999999999994       0.43223007902688015     
  0.80000000000000004      -0.49999999999999994      -0.16675640309706424     
  0.90000000000000002      -0.49999999999999994      -0.71123797018745805     
   1.0000000000000000      -0.49999999999999994      -0.95771281821877807     
  -1.0000000000000000      -0.39999999999999991      -0.86341885846974586     
 -0.90000000000000002      -0.39999999999999991      -0.75290899958139990     
 -0.80000000000000004      -0.39999999999999991      -0.36554948314924690     
 -0.69999999999999996      -0.39999999999999991       0.15458953350940985     
 -0.59999999999999998      -0.39999999999999991       0.63889396154444267     
 -0.49999999999999994      -0.39999999999999991       0.87551990156899873     
 -0.39999999999999991      -0.39999999999999991       0.78262138881731858     
 -0.29999999999999993      -0.39999999999999991       0.38632586229197674     
 -0.19999999999999993      -0.39999999999999991      -0.15177819673797560     
  -9.9999999999999978E-002 -0.39999999999999991      -0.63663843484983051     
   2.7755575615628914E-017 -0.39999999999999991      -0.87225343482018103     
  0.10000000000000009      -0.39999999999999991      -0.77971897533102996     
  0.20000000000000009      -0.39999999999999991      -0.38275020402775967     
  0.30000000000000016      -0.39999999999999991       0.15479707201693710     
  0.40000000000000013      -0.39999999999999991       0.64076263731013250     
  0.50000000000000011      -0.39999999999999991       0.87546009299729211     
  0.60000000000000009      -0.39999999999999991       0.78467322562885777     
  0.70000000000000007      -0.39999999999999991       0.38631076412404436     
  0.80000000000000004      -0.39999999999999991      -0.14915478991481571     
  0.90000000000000002      -0.39999999999999991      -0.63586334308884063     
   1.0000000000000000      -0.39999999999999991      -0.85614984833916352     
  -1.0000000000000000      -0.29999999999999993      -0.42627238626241548     
 -0.90000000000000002      -0.29999999999999993      -0.37165950690356780     
 -0.80000000000000004      -0.29999999999999993      -0.18038613667785655     
 -0.69999999999999996      -0.29999999999999993        7.6412137132235117E-002
 -0.59999999999999998      -0.29999999999999993       0.31547970369092582     
 -0.49999999999999994      -0.29999999999999993       0.43224700994307808     
 -0.39999999999999991      -0.29999999999999993       0.38632586229197796     
 -0.29999999999999993      -0.29999999999999993       0.19063919811585336     
 -0.19999999999999993      -0.29999999999999993       -7.5024925131094586E-002
  -9.9999999999999978E-002 -0.29999999999999993      -0.31436677039747979     
   2.7755575615628914E-017 -0.29999999999999993      -0.43063440202839404     
  0.10000000000000009      -0.29999999999999993      -0.38489346800727287     
  0.20000000000000009      -0.29999999999999993      -0.18887420676592759     
  0.30000000000000016      -0.29999999999999993        7.6514937604570232E-002
  0.40000000000000013      -0.29999999999999993       0.31640234396148098     
  0.50000000000000011      -0.29999999999999993       0.43221750970761941     
  0.60000000000000009      -0.29999999999999993       0.38733872612132708     
  0.70000000000000007      -0.29999999999999993       0.19063178542527889     
  0.80000000000000004      -0.29999999999999993       -7.3729821925019104E-002
  0.90000000000000002      -0.29999999999999993      -0.31398418714823573     
   1.0000000000000000      -0.29999999999999993      -0.42268472665181966     
  -1.0000000000000000      -0.19999999999999993       0.16734619538645881     
 -0.90000000000000002      -0.19999999999999993       0.14601494703906653     
 -0.80000000000000004      -0.19999999999999993        7.0991098995675309E-002
 -0.69999999999999996      -0.19999999999999993       -2.9814523606835969E-002
 -0.59999999999999998      -0.19999999999999993      -0.12373828774771108     
 -0.49999999999999994      -0.19999999999999993      -0.16969110253238026     
 -0.39999999999999991      -0.19999999999999993      -0.15177819673798476     
 -0.29999999999999993      -0.19999999999999993       -7.5024925131096237E-002
 -0.19999999999999993      -0.19999999999999993        2.9268410920525238E-002
  -9.9999999999999978E-002 -0.19999999999999993       0.12330010660832245     
   2.7755575615628914E-017 -0.19999999999999993       0.16905791082517591     
  0.10000000000000009      -0.19999999999999993       0.15121478543863814     
  0.20000000000000009      -0.19999999999999993        7.4331375067193103E-002
  0.30000000000000016      -0.19999999999999993       -2.9854198441518490E-002
  0.40000000000000013      -0.19999999999999993      -0.12410035767780375     
  0.50000000000000011      -0.19999999999999993      -0.16967946594459274     
  0.60000000000000009      -0.19999999999999993      -0.15217609768340928     
  0.70000000000000007      -0.19999999999999993       -7.5021931637211992E-002
  0.80000000000000004      -0.19999999999999993        2.8759816611492597E-002
  0.90000000000000002      -0.19999999999999993       0.12314974678528375     
   1.0000000000000000      -0.19999999999999993       0.16593558684305929     
  -1.0000000000000000       -9.9999999999999978E-002  0.70226318279609123     
 -0.90000000000000002       -9.9999999999999978E-002  0.61246736207844821     
 -0.80000000000000004       -9.9999999999999978E-002  0.29746127968530134     
 -0.69999999999999996       -9.9999999999999978E-002 -0.12558793689533135     
 -0.59999999999999998       -9.9999999999999978E-002 -0.51955456165560843     
 -0.49999999999999994       -9.9999999999999978E-002 -0.71210509265701605     
 -0.39999999999999991       -9.9999999999999978E-002 -0.63663843484983151     
 -0.29999999999999993       -9.9999999999999978E-002 -0.31436677039747857     
 -0.19999999999999993       -9.9999999999999978E-002  0.12330010660832179     
  -9.9999999999999978E-002  -9.9999999999999978E-002  0.51771900599245879     
   2.7755575615628914E-017  -9.9999999999999978E-002  0.70944821503814015     
  0.10000000000000009       -9.9999999999999978E-002  0.63427688097050294     
  0.20000000000000009       -9.9999999999999978E-002  0.31145797992323943     
  0.30000000000000016       -9.9999999999999978E-002 -0.12575618878116468     
  0.40000000000000013       -9.9999999999999978E-002 -0.52107433902432587     
  0.50000000000000011       -9.9999999999999978E-002 -0.71205640265466696     
  0.60000000000000009       -9.9999999999999978E-002 -0.63830751767438265     
  0.70000000000000007       -9.9999999999999978E-002 -0.31435442308144801     
  0.80000000000000004       -9.9999999999999978E-002  0.12116622368400101     
  0.90000000000000002       -9.9999999999999978E-002  0.51708845078989341     
   1.0000000000000000       -9.9999999999999978E-002  0.69634917832122223     
  -1.0000000000000000        2.7755575615628914E-017  0.96224170607632387     
 -0.90000000000000002        2.7755575615628914E-017  0.83913755344999263     
 -0.80000000000000004        2.7755575615628914E-017  0.40747573563478540     
 -0.69999999999999996        2.7755575615628914E-017 -0.17219177729386312     
 -0.59999999999999998        2.7755575615628914E-017 -0.71196252892359868     
 -0.49999999999999994        2.7755575615628914E-017 -0.97572747203328303     
 -0.39999999999999991        2.7755575615628914E-017 -0.87225343482018580     
 -0.29999999999999993        2.7755575615628914E-017 -0.43063440202839554     
 -0.19999999999999993        2.7755575615628914E-017  0.16905791082516683     
  -9.9999999999999978E-002   2.7755575615628914E-017  0.70944821503814215     
   2.7755575615628914E-017   2.7755575615628914E-017  0.97208708440793901     
  0.10000000000000009        2.7755575615628914E-017  0.86901828620099109     
  0.20000000000000009        2.7755575615628914E-017  0.42664916751466642     
  0.30000000000000016        2.7755575615628914E-017 -0.17242272963917335     
  0.40000000000000013        2.7755575615628914E-017 -0.71404501449079838     
  0.50000000000000011        2.7755575615628914E-017 -0.97566079047579923     
  0.60000000000000009        2.7755575615628914E-017 -0.87454024992668822     
  0.70000000000000007        2.7755575615628914E-017 -0.43061753424430521     
  0.80000000000000004        2.7755575615628914E-017  0.16613416049964924     
  0.90000000000000002        2.7755575615628914E-017  0.70858432768206758     
   1.0000000000000000        2.7755575615628914E-017  0.95413964164800136     
  -1.0000000000000000       0.10000000000000009       0.86021647877589869     
 -0.90000000000000002       0.10000000000000009       0.75011677385756093     
 -0.80000000000000004       0.10000000000000009       0.36419412531662049     
 -0.69999999999999996       0.10000000000000009      -0.15401569905217452     
 -0.59999999999999998       0.10000000000000009      -0.63652404525682393     
 -0.49999999999999994       0.10000000000000009      -0.87227263810394640     
 -0.39999999999999991       0.10000000000000009      -0.77971897533103274     
 -0.29999999999999993       0.10000000000000009      -0.38489346800727164     
 -0.19999999999999993       0.10000000000000009       0.15121478543863684     
  -9.9999999999999978E-002  0.10000000000000009       0.63427688097050328     
   2.7755575615628914E-017  0.10000000000000009       0.86901828620098942     
  0.10000000000000009       0.10000000000000009       0.77682732404367050     
  0.20000000000000009       0.10000000000000009       0.38133107001498207     
  0.30000000000000016       0.10000000000000009      -0.15422246601991760     
  0.40000000000000013       0.10000000000000009      -0.63838578985815675     
  0.50000000000000011       0.10000000000000009      -0.87221305122126858     
  0.60000000000000009       0.10000000000000009      -0.78176320272416566     
  0.70000000000000007       0.10000000000000009      -0.38487842562234714     
  0.80000000000000004       0.10000000000000009       0.14860110832907042     
  0.90000000000000002       0.10000000000000009       0.63350466356572110     
   1.0000000000000000       0.10000000000000009       0.85297442350451758     
  -1.0000000000000000       0.20000000000000009       0.42232751634595667     
 -0.90000000000000002       0.20000000000000009       0.36821959867017390     
 -0.80000000000000004       0.20000000000000009       0.17871606611510682     
 -0.69999999999999996       0.20000000000000009       -7.5705743099058143E-002
 -0.59999999999999998       0.20000000000000009      -0.31256060857956425     
 -0.49999999999999994       0.20000000000000009      -0.42824685133242935     
 -0.39999999999999991       0.20000000000000009      -0.38275020402775756     
 -0.29999999999999993       0.20000000000000009      -0.18887420676592959     
 -0.19999999999999993       0.20000000000000009        7.4331375067184929E-002
  -9.9999999999999978E-002  0.20000000000000009       0.31145797992323970     
   2.7755575615628914E-017  0.20000000000000009       0.42664916751465809     
  0.10000000000000009       0.20000000000000009       0.38133107001498245     
  0.20000000000000009       0.20000000000000009       0.18712555190564595     
  0.30000000000000016       0.20000000000000009       -7.5807595024610208E-002
  0.40000000000000013       0.20000000000000009      -0.31347471099024854     
  0.50000000000000011       0.20000000000000009      -0.42821762432761123     
  0.60000000000000009       0.20000000000000009      -0.38375369334825704     
  0.70000000000000007       0.20000000000000009      -0.18886686301658850     
  0.80000000000000004       0.20000000000000009        7.3048257840036754E-002
  0.90000000000000002       0.20000000000000009       0.31107893790498398     
   1.0000000000000000       0.20000000000000009       0.41877306701320755     
  -1.0000000000000000       0.30000000000000016      -0.17067693270513035     
 -0.90000000000000002       0.30000000000000016      -0.14891921193193133     
 -0.80000000000000004       0.30000000000000016       -7.2400977627251728E-002
 -0.69999999999999996       0.30000000000000016        3.0411153863918686E-002
 -0.59999999999999998       0.30000000000000016       0.12620306891626767     
 -0.49999999999999994       0.30000000000000016       0.17306852195796740     
 -0.39999999999999991       0.30000000000000016       0.15479707201694018     
 -0.29999999999999993       0.30000000000000016        7.6514937604569580E-002
 -0.19999999999999993       0.30000000000000016       -2.9854198441516384E-002
  -9.9999999999999978E-002  0.30000000000000016      -0.12575618878116526     
   2.7755575615628914E-017  0.30000000000000016      -0.17242272963917479     
  0.10000000000000009       0.30000000000000016      -0.15422246601991696     
  0.20000000000000009       0.30000000000000016       -7.5807595024610999E-002
  0.30000000000000016       0.30000000000000016        3.0451630336859641E-002
  0.40000000000000013       0.30000000000000016       0.12657234770679074     
  0.50000000000000011       0.30000000000000016       0.17305665473903334     
  0.60000000000000009       0.30000000000000016       0.15520288776646485     
  0.70000000000000007       0.30000000000000016        7.6511885995834375E-002
  0.80000000000000004       0.30000000000000016       -2.9335484307156649E-002
  0.90000000000000002       0.30000000000000016      -0.12560283920796417     
   1.0000000000000000       0.30000000000000016      -0.16923828645525810     
  -1.0000000000000000       0.40000000000000013      -0.70681342234377842     
 -0.90000000000000002       0.40000000000000013      -0.61643499074670094     
 -0.80000000000000004       0.40000000000000013      -0.29938737885961392     
 -0.69999999999999996       0.40000000000000013       0.12640300071707475     
 -0.59999999999999998       0.40000000000000013       0.52292177879574175     
 -0.49999999999999994       0.40000000000000013       0.71671910625706292     
 -0.39999999999999991       0.40000000000000013       0.64076263731014538     
 -0.29999999999999993       0.40000000000000013       0.31640234396148081     
 -0.19999999999999993       0.40000000000000013      -0.12410035767779126     
  -9.9999999999999978E-002  0.40000000000000013      -0.52107433902432598     
   2.7755575615628914E-017  0.40000000000000013      -0.71404501449081337     
  0.10000000000000009       0.40000000000000013      -0.63838578985815642     
  0.20000000000000009       0.40000000000000013      -0.31347471099026714     
  0.30000000000000016       0.40000000000000013       0.12657234770679018     
  0.40000000000000013       0.40000000000000013       0.52445140443040938     
  0.50000000000000011       0.40000000000000013       0.71667010117613517     
  0.60000000000000009       0.40000000000000013       0.64244253284047492     
  0.70000000000000007       0.40000000000000013       0.31638991724659127     
  0.80000000000000004       0.40000000000000013      -0.12195264967718021     
  0.90000000000000002       0.40000000000000013      -0.52043969940420776     
   1.0000000000000000       0.40000000000000013      -0.70086111439158627     
  -1.0000000000000000       0.50000000000000011      -0.96577921721376492     
 -0.90000000000000002       0.50000000000000011      -0.84222246830341618     
 -0.80000000000000004       0.50000000000000011      -0.40897370666066063     
 -0.69999999999999996       0.50000000000000011       0.17282485320889865     
 -0.59999999999999998       0.50000000000000011       0.71457995966766918     
 -0.49999999999999994       0.50000000000000011       0.97931456134023986     
 -0.39999999999999991       0.50000000000000011       0.87546009299729466     
 -0.29999999999999993       0.50000000000000011       0.43221750970761891     
 -0.19999999999999993       0.50000000000000011      -0.16967946594459335     
  -9.9999999999999978E-002  0.50000000000000011      -0.71205640265466674     
   2.7755575615628914E-017  0.50000000000000011      -0.97566079047579901     
  0.10000000000000009       0.50000000000000011      -0.87221305122126902     
  0.20000000000000009       0.50000000000000011      -0.42821762432761029     
  0.30000000000000016       0.50000000000000011       0.17305665473903345     
  0.40000000000000013       0.50000000000000011       0.71667010117613850     
  0.50000000000000011       0.50000000000000011       0.97924763465554177     
  0.60000000000000009       0.50000000000000011       0.87775531515170147     
  0.70000000000000007       0.50000000000000011       0.43220057993035954     
  0.80000000000000004       0.50000000000000011      -0.16674496703480163     
  0.90000000000000002       0.50000000000000011      -0.71118933940882101     
   1.0000000000000000       0.50000000000000011      -0.95764736747775159     
  -1.0000000000000000       0.60000000000000009      -0.86568251180563804     
 -0.90000000000000002       0.60000000000000009      -0.75488293789060268     
 -0.80000000000000004       0.60000000000000009      -0.36650787593483114     
 -0.69999999999999996       0.60000000000000009       0.15499480527147072     
 -0.59999999999999998       0.60000000000000009       0.64056895789505341     
 -0.49999999999999994       0.60000000000000009       0.87781528052788116     
 -0.39999999999999991       0.60000000000000009       0.78467322562885855     
 -0.29999999999999993       0.60000000000000009       0.38733872612132753     
 -0.19999999999999993       0.60000000000000009      -0.15217609768341533     
  -9.9999999999999978E-002  0.60000000000000009      -0.63830751767438187     
   2.7755575615628914E-017  0.60000000000000009      -0.87454024992668877     
  0.10000000000000009       0.60000000000000009      -0.78176320272416500     
  0.20000000000000009       0.60000000000000009      -0.38375369334825310     
  0.30000000000000016       0.60000000000000009       0.15520288776646321     
  0.40000000000000013       0.60000000000000009       0.64244253284047170     
  0.50000000000000011       0.60000000000000009       0.87775531515169969     
  0.60000000000000009       0.60000000000000009       0.78673044189792907     
  0.70000000000000007       0.60000000000000009       0.38732358835856684     
  0.80000000000000004       0.60000000000000009      -0.14954581301023484     
  0.90000000000000002       0.60000000000000009      -0.63753039381154675     
   1.0000000000000000       0.60000000000000009      -0.85839444400945164     
  -1.0000000000000000       0.70000000000000007      -0.42625568954858201     
 -0.90000000000000002       0.70000000000000007      -0.37164498156311154     
 -0.80000000000000004       0.70000000000000007      -0.18037912301651510     
 -0.69999999999999996       0.70000000000000007        7.6409089750950010E-002
 -0.59999999999999998       0.70000000000000007       0.31546731315768262     
 -0.49999999999999994       0.70000000000000007       0.43223007902687816     
 -0.39999999999999991       0.70000000000000007       0.38631076412404547     
 -0.29999999999999993       0.70000000000000007       0.19063178542527806     
 -0.19999999999999993       0.70000000000000007       -7.5021931637215156E-002
  -9.9999999999999978E-002  0.70000000000000007      -0.31435442308144823     
   2.7755575615628914E-017  0.70000000000000007      -0.43061753424430532     
  0.10000000000000009       0.70000000000000007      -0.38487842562234625     
  0.20000000000000009       0.70000000000000007      -0.18886686301658528     
  0.30000000000000016       0.70000000000000007        7.6511885995834125E-002
  0.40000000000000013       0.70000000000000007       0.31638991724659266     
  0.50000000000000011       0.70000000000000007       0.43220057993035849     
  0.60000000000000009       0.70000000000000007       0.38732358835856567     
  0.70000000000000007       0.70000000000000007       0.19062437300037516     
  0.80000000000000004       0.70000000000000007       -7.3726879109806825E-002
  0.90000000000000002       0.70000000000000007      -0.31397185476867362     
   1.0000000000000000       0.70000000000000007      -0.42266816982251160     
  -1.0000000000000000       0.80000000000000004       0.16445205753416708     
 -0.90000000000000002       0.80000000000000004       0.14349113947891187     
 -0.80000000000000004       0.80000000000000004        6.9765644678359343E-002
 -0.69999999999999996       0.80000000000000004       -2.9296504575288044E-002
 -0.59999999999999998       0.80000000000000004      -0.12159684331824450     
 -0.49999999999999994       0.80000000000000004      -0.16675640309707027     
 -0.39999999999999991       0.80000000000000004      -0.14915478991484141     
 -0.29999999999999993       0.80000000000000004       -7.3729821925020131E-002
 -0.19999999999999993       0.80000000000000004        2.8759816611486827E-002
  -9.9999999999999978E-002  0.80000000000000004       0.12116622368400179     
   2.7755575615628914E-017  0.80000000000000004       0.16613416049967500     
  0.10000000000000009       0.80000000000000004       0.14860110832907411     
  0.20000000000000009       0.80000000000000004        7.3048257840060277E-002
  0.30000000000000016       0.80000000000000004       -2.9335484307156809E-002
  0.40000000000000013       0.80000000000000004      -0.12195264967719241     
  0.50000000000000011       0.80000000000000004      -0.16674496703480504     
  0.60000000000000009       0.80000000000000004      -0.14954581301025177     
  0.70000000000000007       0.80000000000000004       -7.3726879109806367E-002
  0.80000000000000004       0.80000000000000004        2.8260015998849659E-002
  0.90000000000000002       0.80000000000000004       0.12101846207263556     
   1.0000000000000000       0.80000000000000004       0.16306581620267069     
  -1.0000000000000000       0.90000000000000002       0.70140804542640267     
 -0.90000000000000002       0.90000000000000002       0.61172169660219045     
 -0.80000000000000004       0.90000000000000002       0.29709927178338463     
 -0.69999999999999996       0.90000000000000002      -0.12543479300815383     
 -0.59999999999999998       0.90000000000000002      -0.51892177281626084     
 -0.49999999999999994       0.90000000000000002      -0.71123797018745738     
 -0.39999999999999991       0.90000000000000002      -0.63586334308884596     
 -0.29999999999999993       0.90000000000000002      -0.31398418714823467     
 -0.19999999999999993       0.90000000000000002       0.12314974678527914     
  -9.9999999999999978E-002  0.90000000000000002       0.51708845078989218     
   2.7755575615628914E-017  0.90000000000000002       0.70858432768206669     
  0.10000000000000009       0.90000000000000002       0.63350466356572099     
  0.20000000000000009       0.90000000000000002       0.31107893790498609     
  0.30000000000000016       0.90000000000000002      -0.12560283920796295     
  0.40000000000000013       0.90000000000000002      -0.52043969940420742     
  0.50000000000000011       0.90000000000000002      -0.71118933940881990     
  0.60000000000000009       0.90000000000000002      -0.63753039381155030     
  0.70000000000000007       0.90000000000000002      -0.31397185476867412     
  0.80000000000000004       0.90000000000000002       0.12101846207263030     
  0.90000000000000002       0.90000000000000002       0.51645866321136835     
   1.0000000000000000       0.90000000000000002       0.69550123980319023     
  -1.0000000000000000        1.0000000000000000       0.94447604057454149     
 -0.90000000000000002        1.0000000000000000       0.82364534733649486     
 -0.80000000000000004        1.0000000000000000       0.39995358489024252     
 -0.69999999999999996        1.0000000000000000      -0.16901160200356041     
 -0.59999999999999998        1.0000000000000000      -0.69881707809888516     
 -0.49999999999999994        1.0000000000000000      -0.95771281821878029     
 -0.39999999999999991        1.0000000000000000      -0.85614984833916730     
 -0.29999999999999993        1.0000000000000000      -0.42268472665181889     
 -0.19999999999999993        1.0000000000000000       0.16593558684304682     
  -9.9999999999999978E-002   1.0000000000000000       0.69634917832121912     
   2.7755575615628914E-017   1.0000000000000000       0.95413964164799914     
  0.10000000000000009        1.0000000000000000       0.85297442350451558     
  0.20000000000000009        1.0000000000000000       0.41877306701321282     
  0.30000000000000016        1.0000000000000000      -0.16923828645525663     
  0.40000000000000013        1.0000000000000000      -0.70086111439156973     
  0.50000000000000011        1.0000000000000000      -0.95764736747774504     
  0.60000000000000009        1.0000000000000000      -0.85839444400944220     
  0.70000000000000007        1.0000000000000000      -0.42266816982251004     
  0.80000000000000004        1.0000000000000000       0.16306581620264063     
  0.90000000000000002        1.0000000000000000       0.69550123980318712     
   1.0000000000000000        1.0000000000000000       0.93652355063418702     
