  -1.0000000000000000       -1.0000000000000000       0.62799816025180200     
 -0.90000000000000002       -1.0000000000000000       0.76408223738498271     
 -0.80000000000000004       -1.0000000000000000       0.61718795947073779     
 -0.69999999999999996       -1.0000000000000000       0.24530287882635046     
 -0.59999999999999998       -1.0000000000000000      -0.23768750875365469     
 -0.49999999999999994       -1.0000000000000000      -0.63433517614043056     
 -0.39999999999999991       -1.0000000000000000      -0.79459881589581383     
 -0.29999999999999993       -1.0000000000000000      -0.64624191558044475     
 -0.19999999999999993       -1.0000000000000000      -0.25793681024214199     
  -9.9999999999999978E-002  -1.0000000000000000       0.23491453429011550     
   2.7755575615628914E-017  -1.0000000000000000       0.62986639916364318     
  0.10000000000000009       -1.0000000000000000       0.79135955629223798     
  0.20000000000000009       -1.0000000000000000       0.64125893288342184     
  0.30000000000000016       -1.0000000000000000       0.25409909288008176     
  0.40000000000000013       -1.0000000000000000      -0.24041692942699761     
  0.50000000000000011       -1.0000000000000000      -0.63441147636811790     
  0.60000000000000009       -1.0000000000000000      -0.79741469924815067     
  0.70000000000000007       -1.0000000000000000      -0.64631967507139276     
  0.80000000000000004       -1.0000000000000000      -0.26084924669487758     
  0.90000000000000002       -1.0000000000000000       0.23423874902663991     
   1.0000000000000000       -1.0000000000000000       0.61761072374828119     
  -1.0000000000000000      -0.90000000000000002       0.76408223738497794     
 -0.90000000000000002      -0.90000000000000002       0.92956380988015941     
 -0.80000000000000004      -0.90000000000000002       0.75078173818451466     
 -0.69999999999999996      -0.90000000000000002       0.29831065104939886     
 -0.59999999999999998      -0.90000000000000002      -0.28928868400373714     
 -0.49999999999999994      -0.90000000000000002      -0.77179301044063375     
 -0.39999999999999991      -0.90000000000000002      -0.96668922463396134     
 -0.29999999999999993      -0.90000000000000002      -0.78612584470982938     
 -0.19999999999999993      -0.90000000000000002      -0.31367565527720687     
  -9.9999999999999978E-002 -0.90000000000000002       0.28591486601798427     
   2.7755575615628914E-017 -0.90000000000000002       0.76635742925784911     
  0.10000000000000009      -0.90000000000000002       0.96274883142495071     
  0.20000000000000009      -0.90000000000000002       0.78006445772128130     
  0.30000000000000016      -0.90000000000000002       0.30900727588304350     
  0.40000000000000013      -0.90000000000000002      -0.29260851908111873     
  0.50000000000000011      -0.90000000000000002      -0.77188584787797621     
  0.60000000000000009      -0.90000000000000002      -0.97011487806962826     
  0.70000000000000007      -0.90000000000000002      -0.78622042773101097     
  0.80000000000000004      -0.90000000000000002      -0.31721899570978640     
  0.90000000000000002      -0.90000000000000002       0.28509247166420676     
   1.0000000000000000      -0.90000000000000002       0.75144490839293154     
  -1.0000000000000000      -0.80000000000000004       0.61718795947071781     
 -0.90000000000000002      -0.80000000000000004       0.75078173818451677     
 -0.80000000000000004      -0.80000000000000004       0.60632449908767205     
 -0.69999999999999996      -0.80000000000000004       0.24084037136372990     
 -0.59999999999999998      -0.80000000000000004      -0.23375064465584466     
 -0.49999999999999994      -0.80000000000000004      -0.62341679424567786     
 -0.39999999999999991      -0.80000000000000004      -0.78076660744062687     
 -0.29999999999999993      -0.80000000000000004      -0.63486910051119894     
 -0.19999999999999993      -0.80000000000000004      -0.25324607592712500     
  -9.9999999999999978E-002 -0.80000000000000004       0.23102547837443221     
   2.7755575615628914E-017 -0.80000000000000004       0.61902746419689769     
  0.10000000000000009      -0.80000000000000004       0.77758439978846838     
  0.20000000000000009      -0.80000000000000004       0.62997413392517154     
  0.30000000000000016      -0.80000000000000004       0.24947596226003865     
  0.40000000000000013      -0.80000000000000004      -0.23643140150431979     
  0.50000000000000011      -0.80000000000000004      -0.62349178645442138     
  0.60000000000000009      -0.80000000000000004      -0.78353334218913051     
  0.70000000000000007      -0.80000000000000004      -0.63494547844722493     
  0.80000000000000004      -0.80000000000000004      -0.25610804398238735     
  0.90000000000000002      -0.80000000000000004       0.23036105092577588     
   1.0000000000000000      -0.80000000000000004       0.60698097081071933     
  -1.0000000000000000      -0.69999999999999996       0.24530287882635371     
 -0.90000000000000002      -0.69999999999999996       0.29831065104939980     
 -0.80000000000000004      -0.69999999999999996       0.24084037136372860     
 -0.69999999999999996      -0.69999999999999996        9.5577449797795574E-002
 -0.59999999999999998      -0.69999999999999996       -9.2998318177004519E-002
 -0.49999999999999994      -0.69999999999999996      -0.24777909068869208     
 -0.39999999999999991      -0.69999999999999996      -0.31022433671709493     
 -0.29999999999999993      -0.69999999999999996      -0.25217991137994838     
 -0.19999999999999993      -0.69999999999999996      -0.10050162443509074     
  -9.9999999999999978E-002 -0.69999999999999996        9.1915239423982442E-002
   2.7755575615628914E-017 -0.69999999999999996       0.24603606670561090     
  0.10000000000000009      -0.69999999999999996       0.30896034215783724     
  0.20000000000000009      -0.69999999999999996       0.25023575016654626     
  0.30000000000000016      -0.69999999999999996        9.9004116450214966E-002
  0.40000000000000013      -0.69999999999999996       -9.4062775076349942E-002
  0.50000000000000011      -0.69999999999999996      -0.24780889979042875     
  0.60000000000000009      -0.69999999999999996      -0.31132357288365087     
  0.70000000000000007      -0.69999999999999996      -0.25221024195134317     
  0.80000000000000004      -0.69999999999999996      -0.10163891836800525     
  0.90000000000000002      -0.69999999999999996        9.1650994735338470E-002
   1.0000000000000000      -0.69999999999999996       0.24124707883928923     
  -1.0000000000000000      -0.59999999999999998      -0.23768750875363676     
 -0.90000000000000002      -0.59999999999999998      -0.28928868400372892     
 -0.80000000000000004      -0.59999999999999998      -0.23375064465582068     
 -0.69999999999999996      -0.59999999999999998       -9.2998318177002437E-002
 -0.59999999999999998      -0.59999999999999998        8.9861117028387005E-002
 -0.49999999999999994      -0.59999999999999998       0.24008538726035228     
 -0.39999999999999991      -0.59999999999999998       0.30084287072157534     
 -0.29999999999999993      -0.59999999999999998       0.24475307517772130     
 -0.19999999999999993      -0.59999999999999998        9.7787008937177677E-002
  -9.9999999999999978E-002 -0.59999999999999998       -8.8811541052807960E-002
   2.7755575615628914E-017 -0.59999999999999998      -0.23839239518949046     
  0.10000000000000009      -0.59999999999999998      -0.29961602668072207     
  0.20000000000000009      -0.59999999999999998      -0.24286564658681487     
  0.30000000000000016      -0.59999999999999998       -9.6333496432003340E-002
  0.40000000000000013      -0.59999999999999998        9.0895245723156382E-002
  0.50000000000000011      -0.59999999999999998       0.24011426222137069     
  0.60000000000000009      -0.59999999999999998       0.30190907583314680     
  0.70000000000000007      -0.59999999999999998       0.24478253372684561     
  0.80000000000000004      -0.59999999999999998        9.8889536783807505E-002
  0.90000000000000002      -0.59999999999999998       -8.8555944523033517E-002
   1.0000000000000000      -0.59999999999999998      -0.23375496578751190     
  -1.0000000000000000      -0.49999999999999994      -0.63433517614043011     
 -0.90000000000000002      -0.49999999999999994      -0.77179301044063409     
 -0.80000000000000004      -0.49999999999999994      -0.62341679424567586     
 -0.69999999999999996      -0.49999999999999994      -0.24777909068869347     
 -0.59999999999999998      -0.49999999999999994       0.24008538726035289     
 -0.49999999999999994      -0.49999999999999994       0.64073613430807708     
 -0.39999999999999991      -0.49999999999999994       0.80261755038633908     
 -0.29999999999999993      -0.49999999999999994       0.65276396337518550     
 -0.19999999999999993      -0.49999999999999994       0.26054054936176269     
  -9.9999999999999978E-002 -0.49999999999999994      -0.23728443092976409     
   2.7755575615628914E-017 -0.49999999999999994      -0.63622225420392475     
  0.10000000000000009      -0.49999999999999994      -0.79934559912284087     
  0.20000000000000009      -0.49999999999999994      -0.64773068984857463     
  0.30000000000000016      -0.49999999999999994      -0.25666410047368393     
  0.40000000000000013      -0.49999999999999994       0.24284235635883850     
  0.50000000000000011      -0.49999999999999994       0.64081320444650114     
  0.60000000000000009      -0.49999999999999994       0.80546185085596622     
  0.70000000000000007      -0.49999999999999994       0.65284250768477969     
  0.80000000000000004      -0.49999999999999994       0.26348237594249069     
  0.90000000000000002      -0.49999999999999994      -0.23660182747673961     
   1.0000000000000000      -0.49999999999999994      -0.62384291571068873     
  -1.0000000000000000      -0.39999999999999991      -0.79459881589578174     
 -0.90000000000000002      -0.39999999999999991      -0.96668922463395268     
 -0.80000000000000004      -0.39999999999999991      -0.78076660744060455     
 -0.69999999999999996      -0.39999999999999991      -0.31022433671709565     
 -0.59999999999999998      -0.39999999999999991       0.30084287072158694     
 -0.49999999999999994      -0.39999999999999991       0.80261755038633709     
 -0.39999999999999991      -0.39999999999999991        1.0052973729387245     
 -0.29999999999999993      -0.39999999999999991       0.81752229815479838     
 -0.19999999999999993      -0.39999999999999991       0.32620297923067887     
  -9.9999999999999978E-002 -0.39999999999999991      -0.29733430642614822     
   2.7755575615628914E-017 -0.39999999999999991      -0.79696488356160278     
  0.10000000000000009      -0.39999999999999991       -1.0011996075952878     
  0.20000000000000009      -0.39999999999999991      -0.81121883093595737     
  0.30000000000000016      -0.39999999999999991      -0.32134815329752298     
  0.40000000000000013      -0.39999999999999991       0.30429529271781675     
  0.50000000000000011      -0.39999999999999991       0.80271409565551266     
  0.60000000000000009      -0.39999999999999991        1.0088598416595043     
  0.70000000000000007      -0.39999999999999991       0.81762065862316502     
  0.80000000000000004      -0.39999999999999991       0.32988783595618398     
  0.90000000000000002      -0.39999999999999991      -0.29647906599748708     
   1.0000000000000000      -0.39999999999999991      -0.78145676976816758     
  -1.0000000000000000      -0.29999999999999993      -0.64624191558044142     
 -0.90000000000000002      -0.29999999999999993      -0.78612584470983038     
 -0.80000000000000004      -0.29999999999999993      -0.63486910051119605     
 -0.69999999999999996      -0.29999999999999993      -0.25217991137994800     
 -0.59999999999999998      -0.29999999999999993       0.24475307517772396     
 -0.49999999999999994      -0.29999999999999993       0.65276396337518638     
 -0.39999999999999991      -0.29999999999999993       0.81752229815480193     
 -0.29999999999999993      -0.29999999999999993       0.66475750995866345     
 -0.19999999999999993      -0.29999999999999993       0.26516970273741586     
  -9.9999999999999978E-002 -0.29999999999999993      -0.24189962179282776     
   2.7755575615628914E-017 -0.29999999999999993      -0.64816798531003383     
  0.10000000000000009      -0.29999999999999993      -0.81419027792347154     
  0.20000000000000009      -0.29999999999999993      -0.65963209505036924     
  0.30000000000000016      -0.29999999999999993      -0.26122209884897329     
  0.40000000000000013      -0.29999999999999993       0.24756004224731251     
  0.50000000000000011      -0.29999999999999993       0.65284248577530712     
  0.60000000000000009      -0.29999999999999993       0.82041928195576808     
  0.70000000000000007      -0.29999999999999993       0.66483748373157447     
  0.80000000000000004      -0.29999999999999993       0.26816640001233344     
  0.90000000000000002      -0.29999999999999993      -0.24120391894563656     
   1.0000000000000000      -0.29999999999999993      -0.63555442171228504     
  -1.0000000000000000      -0.19999999999999993      -0.25793681024214832     
 -0.90000000000000002      -0.19999999999999993      -0.31367565527720520     
 -0.80000000000000004      -0.19999999999999993      -0.25324607592713511     
 -0.69999999999999996      -0.19999999999999993      -0.10050162443509267     
 -0.59999999999999998      -0.19999999999999993        9.7787008937160802E-002
 -0.49999999999999994      -0.19999999999999993       0.26054054936175797     
 -0.39999999999999991      -0.19999999999999993       0.32620297923067626     
 -0.29999999999999993      -0.19999999999999993       0.26516970273741342     
 -0.19999999999999993      -0.19999999999999993       0.10567948298671692     
  -9.9999999999999978E-002 -0.19999999999999993       -9.6648147447221541E-002
   2.7755575615628914E-017 -0.19999999999999993      -0.25870773677594028     
  0.10000000000000009      -0.19999999999999993      -0.32487387598380274     
  0.20000000000000009      -0.19999999999999993      -0.26312539557486420     
  0.30000000000000016      -0.19999999999999993      -0.10410483789483146     
  0.40000000000000013      -0.19999999999999993        9.8906300268938471E-002
  0.50000000000000011      -0.19999999999999993       0.26057189369789130     
  0.60000000000000009      -0.19999999999999993       0.32735883434216095     
  0.70000000000000007      -0.19999999999999993       0.26520159572569385     
  0.80000000000000004      -0.19999999999999993       0.10687535366863540     
  0.90000000000000002      -0.19999999999999993       -9.6370295106152803E-002
   1.0000000000000000      -0.19999999999999993      -0.25367211175217214     
  -1.0000000000000000       -9.9999999999999978E-002  0.23491453429011269     
 -0.90000000000000002       -9.9999999999999978E-002  0.28591486601798211     
 -0.80000000000000004       -9.9999999999999978E-002  0.23102547837443263     
 -0.69999999999999996       -9.9999999999999978E-002   9.1915239423982373E-002
 -0.59999999999999998       -9.9999999999999978E-002  -8.8811541052809126E-002
 -0.49999999999999994       -9.9999999999999978E-002 -0.23728443092976406     
 -0.39999999999999991       -9.9999999999999978E-002 -0.29733430642615066     
 -0.29999999999999993       -9.9999999999999978E-002 -0.24189962179282656     
 -0.19999999999999993       -9.9999999999999978E-002  -9.6648147447222665E-002
  -9.9999999999999978E-002  -9.9999999999999978E-002   8.7774209336003634E-002
   2.7755575615628914E-017  -9.9999999999999978E-002  0.23561117029963397     
  0.10000000000000009       -9.9999999999999978E-002  0.29612176518301120     
  0.20000000000000009       -9.9999999999999978E-002  0.24003419524777347     
  0.30000000000000016       -9.9999999999999978E-002   9.5211580196349857E-002
  0.40000000000000013       -9.9999999999999978E-002  -8.9833618304600335E-002
  0.50000000000000011       -9.9999999999999978E-002 -0.23731296897964163     
  0.60000000000000009       -9.9999999999999978E-002 -0.29838807799958617     
  0.70000000000000007       -9.9999999999999978E-002 -0.24192873700240894     
  0.80000000000000004       -9.9999999999999978E-002  -9.7737815309818635E-002
  0.90000000000000002       -9.9999999999999978E-002   8.7521596874179888E-002
   1.0000000000000000       -9.9999999999999978E-002  0.23102785733778727     
  -1.0000000000000000        2.7755575615628914E-017  0.62986639916360587     
 -0.90000000000000002        2.7755575615628914E-017  0.76635742925784633     
 -0.80000000000000004        2.7755575615628914E-017  0.61902746419687227     
 -0.69999999999999996        2.7755575615628914E-017  0.24603606670561010     
 -0.59999999999999998        2.7755575615628914E-017 -0.23839239518950692     
 -0.49999999999999994        2.7755575615628914E-017 -0.63622225420392853     
 -0.39999999999999991        2.7755575615628914E-017 -0.79696488356159978     
 -0.29999999999999993        2.7755575615628914E-017 -0.64816798531003417     
 -0.19999999999999993        2.7755575615628914E-017 -0.25870773677594405     
  -9.9999999999999978E-002   2.7755575615628914E-017  0.23561117029963427     
   2.7755575615628914E-017   2.7755575615628914E-017  0.63174014694133862     
  0.10000000000000009        2.7755575615628914E-017  0.79371596893866436     
  0.20000000000000009        2.7755575615628914E-017  0.64317014660595040     
  0.30000000000000016        2.7755575615628914E-017  0.25485858048571064     
  0.40000000000000013        2.7755575615628914E-017 -0.24112995968505618     
  0.50000000000000011        2.7755575615628914E-017 -0.63629878133772211     
  0.60000000000000009        2.7755575615628914E-017 -0.79978915358116820     
  0.70000000000000007        2.7755575615628914E-017 -0.64824597674187134     
  0.80000000000000004        2.7755575615628914E-017 -0.26162884224387278     
  0.90000000000000002        2.7755575615628914E-017  0.23493337857149044     
   1.0000000000000000        2.7755575615628914E-017  0.61944803750291588     
  -1.0000000000000000       0.10000000000000009       0.79135955629223509     
 -0.90000000000000002       0.10000000000000009       0.96274883142494838     
 -0.80000000000000004       0.10000000000000009       0.77758439978846638     
 -0.69999999999999996       0.10000000000000009       0.30896034215783758     
 -0.59999999999999998       0.10000000000000009      -0.29961602668072379     
 -0.49999999999999994       0.10000000000000009      -0.79934559912283876     
 -0.39999999999999991       0.10000000000000009       -1.0011996075952905     
 -0.29999999999999993       0.10000000000000009      -0.81419027792346954     
 -0.19999999999999993       0.10000000000000009      -0.32487387598380618     
  -9.9999999999999978E-002  0.10000000000000009       0.29612176518301236     
   2.7755575615628914E-017  0.10000000000000009       0.79371596893866336     
  0.10000000000000009       0.10000000000000009       0.99711854361683683     
  0.20000000000000009       0.10000000000000009       0.80791250119831404     
  0.30000000000000016       0.10000000000000009       0.32003883694146462     
  0.40000000000000013       0.10000000000000009      -0.30305437920455847     
  0.50000000000000011       0.10000000000000009      -0.79944175080221613     
  0.60000000000000009       0.10000000000000009       -1.0047475554498375     
  0.70000000000000007       0.10000000000000009      -0.81428823753613844     
  0.80000000000000004       0.10000000000000009      -0.32854371196388915     
  0.90000000000000002       0.10000000000000009       0.29527001198724234     
   1.0000000000000000       0.10000000000000009       0.77827108043363991     
  -1.0000000000000000       0.20000000000000009       0.64125893288339642     
 -0.90000000000000002       0.20000000000000009       0.78006445772128152     
 -0.80000000000000004       0.20000000000000009       0.62997413392516433     
 -0.69999999999999996       0.20000000000000009       0.25023575016655109     
 -0.59999999999999998       0.20000000000000009      -0.24286564658679549     
 -0.49999999999999994       0.20000000000000009      -0.64773068984857496     
 -0.39999999999999991       0.20000000000000009      -0.81121883093594849     
 -0.29999999999999993       0.20000000000000009      -0.65963209505037257     
 -0.19999999999999993       0.20000000000000009      -0.26312539557487047     
  -9.9999999999999978E-002  0.20000000000000009       0.24003419524777136     
   2.7755575615628914E-017  0.20000000000000009       0.64317014660593796     
  0.10000000000000009       0.20000000000000009       0.80791250119831437     
  0.20000000000000009       0.20000000000000009       0.65454619769455602     
  0.30000000000000016       0.20000000000000009       0.25920822841821234     
  0.40000000000000013       0.20000000000000009      -0.24565097222911805     
  0.50000000000000011       0.20000000000000009      -0.64780860677922614     
  0.60000000000000009       0.20000000000000009      -0.81409347786313624     
  0.70000000000000007       0.20000000000000009      -0.65971145222793548     
  0.80000000000000004       0.20000000000000009      -0.26609898664909737     
  0.90000000000000002       0.20000000000000009       0.23934385713356060     
   1.0000000000000000       0.20000000000000009       0.63065384492924303     
  -1.0000000000000000       0.30000000000000016       0.25409909288008159     
 -0.90000000000000002       0.30000000000000016       0.30900727588304328     
 -0.80000000000000004       0.30000000000000016       0.24947596226003793     
 -0.69999999999999996       0.30000000000000016        9.9004116450214813E-002
 -0.59999999999999998       0.30000000000000016       -9.6333496432001647E-002
 -0.49999999999999994       0.30000000000000016      -0.25666410047368210     
 -0.39999999999999991       0.30000000000000016      -0.32134815329752148     
 -0.29999999999999993       0.30000000000000016      -0.26122209884897252     
 -0.19999999999999993       0.30000000000000016      -0.10410483789483023     
  -9.9999999999999978E-002  0.30000000000000016        9.5211580196350093E-002
   2.7755575615628914E-017  0.30000000000000016       0.25485858048570964     
  0.10000000000000009       0.30000000000000016       0.32003883694146468     
  0.20000000000000009       0.30000000000000016       0.25920822841821017     
  0.30000000000000016       0.30000000000000016       0.10255363528549261     
  0.40000000000000013       0.30000000000000016       -9.7436119008163249E-002
  0.50000000000000011       0.30000000000000016      -0.25669497850095052     
  0.60000000000000009       0.30000000000000016      -0.32248680480788539     
  0.70000000000000007       0.30000000000000016      -0.26125351692293869     
  0.80000000000000004       0.30000000000000016      -0.10528291273336300     
  0.90000000000000002       0.30000000000000016        9.4937859373348990E-002
   1.0000000000000000       0.30000000000000016       0.24989786178964390     
  -1.0000000000000000       0.40000000000000013      -0.24041692942695989     
 -0.90000000000000002       0.40000000000000013      -0.29260851908111257     
 -0.80000000000000004       0.40000000000000013      -0.23643140150430245     
 -0.69999999999999996       0.40000000000000013       -9.4062775076346306E-002
 -0.59999999999999998       0.40000000000000013        9.0895245723177240E-002
 -0.49999999999999994       0.40000000000000013       0.24284235635884019     
 -0.39999999999999991       0.40000000000000013       0.30429529271782541     
 -0.29999999999999993       0.40000000000000013       0.24756004224731046     
 -0.19999999999999993       0.40000000000000013        9.8906300268947686E-002
  -9.9999999999999978E-002  0.40000000000000013       -8.9833618304600918E-002
   2.7755575615628914E-017  0.40000000000000013      -0.24112995968506418     
  0.10000000000000009       0.40000000000000013      -0.30305437920455808     
  0.20000000000000009       0.40000000000000013      -0.24565097222914054     
  0.30000000000000016       0.40000000000000013       -9.7436119008163499E-002
  0.40000000000000013       0.40000000000000013        9.1941225296780671E-002
  0.50000000000000011       0.40000000000000013       0.24287156297632356     
  0.60000000000000009       0.40000000000000013       0.30537373154347436     
  0.70000000000000007       0.40000000000000013       0.24758983845506971     
  0.80000000000000004       0.40000000000000013       0.10002148387092105     
  0.90000000000000002       0.40000000000000013       -8.9575082729792088E-002
   1.0000000000000000       0.40000000000000013      -0.23643925184802511     
  -1.0000000000000000       0.50000000000000011      -0.63441147636811523     
 -0.90000000000000002       0.50000000000000011      -0.77188584787797487     
 -0.80000000000000004       0.50000000000000011      -0.62349178645442094     
 -0.69999999999999996       0.50000000000000011      -0.24780889979042900     
 -0.59999999999999998       0.50000000000000011       0.24011426222137069     
 -0.49999999999999994       0.50000000000000011       0.64081320444649914     
 -0.39999999999999991       0.50000000000000011       0.80271409565551644     
 -0.29999999999999993       0.50000000000000011       0.65284248577530557     
 -0.19999999999999993       0.50000000000000011       0.26057189369789346     
  -9.9999999999999978E-002  0.50000000000000011      -0.23731296897964130     
   2.7755575615628914E-017  0.50000000000000011      -0.63629878133772155     
  0.10000000000000009       0.50000000000000011      -0.79944175080221580     
  0.20000000000000009       0.50000000000000011      -0.64780860677922825     
  0.30000000000000016       0.50000000000000011      -0.25669497850095102     
  0.40000000000000013       0.50000000000000011       0.24287156297632431     
  0.50000000000000011       0.50000000000000011       0.64089028385534375     
  0.60000000000000009       0.50000000000000011       0.80555873826492841     
  0.70000000000000007       0.50000000000000011       0.65292103953364500     
  0.80000000000000004       0.50000000000000011       0.26351407414093903     
  0.90000000000000002       0.50000000000000011      -0.23663028342646175     
   1.0000000000000000       0.50000000000000011      -0.62391795385081716     
  -1.0000000000000000       0.60000000000000009      -0.79741469924810138     
 -0.90000000000000002       0.60000000000000009      -0.97011487806962171     
 -0.80000000000000004       0.60000000000000009      -0.78353334218910498     
 -0.69999999999999996       0.60000000000000009      -0.31132357288365003     
 -0.59999999999999998       0.60000000000000009       0.30190907583315191     
 -0.49999999999999994       0.60000000000000009       0.80546185085596633     
 -0.39999999999999991       0.60000000000000009        1.0088598416594980     
 -0.29999999999999993       0.60000000000000009       0.82041928195576630     
 -0.19999999999999993       0.60000000000000009       0.32735883434216206     
  -9.9999999999999978E-002  0.60000000000000009      -0.29838807799958522     
   2.7755575615628914E-017  0.60000000000000009      -0.79978915358116365     
  0.10000000000000009       0.60000000000000009       -1.0047475554498346     
  0.20000000000000009       0.60000000000000009      -0.81409347786313901     
  0.30000000000000016       0.60000000000000009      -0.32248680480788672     
  0.40000000000000013       0.60000000000000009       0.30537373154346226     
  0.50000000000000011       0.60000000000000009       0.80555873826492619     
  0.60000000000000009       0.60000000000000009        1.0124349346280077     
  0.70000000000000007       0.60000000000000009       0.82051799096984646     
  0.80000000000000004       0.60000000000000009       0.33105674921332556     
  0.90000000000000002       0.60000000000000009      -0.29752980663665135     
   1.0000000000000000       0.60000000000000009      -0.78422608147715223     
  -1.0000000000000000       0.70000000000000007      -0.64631967507139121     
 -0.90000000000000002       0.70000000000000007      -0.78622042773100898     
 -0.80000000000000004       0.70000000000000007      -0.63494547844722315     
 -0.69999999999999996       0.70000000000000007      -0.25221024195134240     
 -0.59999999999999998       0.70000000000000007       0.24478253372684708     
 -0.49999999999999994       0.70000000000000007       0.65284250768477847     
 -0.39999999999999991       0.70000000000000007       0.81762065862316835     
 -0.29999999999999993       0.70000000000000007       0.66483748373157225     
 -0.19999999999999993       0.70000000000000007       0.26520159572569446     
  -9.9999999999999978E-002  0.70000000000000007      -0.24192873700241041     
   2.7755575615628914E-017  0.70000000000000007      -0.64824597674187090     
  0.10000000000000009       0.70000000000000007      -0.81428823753613744     
  0.20000000000000009       0.70000000000000007      -0.65971145222793370     
  0.30000000000000016       0.70000000000000007      -0.26125351692293802     
  0.40000000000000013       0.70000000000000007       0.24758983845507257     
  0.50000000000000011       0.70000000000000007       0.65292103953364500     
  0.60000000000000009       0.70000000000000007       0.82051799096984845     
  0.70000000000000007       0.70000000000000007       0.66491746712516098     
  0.80000000000000004       0.70000000000000007       0.26819865356257871     
  0.90000000000000002       0.70000000000000007      -0.24123295042914800     
   1.0000000000000000       0.70000000000000007      -0.63563089531118311     
  -1.0000000000000000       0.80000000000000004      -0.26084924669489473     
 -0.90000000000000002       0.80000000000000004      -0.31721899570978696     
 -0.80000000000000004       0.80000000000000004      -0.25610804398238590     
 -0.69999999999999996       0.80000000000000004      -0.10163891836800923     
 -0.59999999999999998       0.80000000000000004        9.8889536783788284E-002
 -0.49999999999999994       0.80000000000000004       0.26348237594248825     
 -0.39999999999999991       0.80000000000000004       0.32988783595616716     
 -0.29999999999999993       0.80000000000000004       0.26816640001233338     
 -0.19999999999999993       0.80000000000000004       0.10687535366862201     
  -9.9999999999999978E-002  0.80000000000000004       -9.7737815309819162E-002
   2.7755575615628914E-017  0.80000000000000004      -0.26162884224385963     
  0.10000000000000009       0.80000000000000004      -0.32854371196388665     
  0.20000000000000009       0.80000000000000004      -0.26609898664907178     
  0.30000000000000016       0.80000000000000004      -0.10528291273336257     
  0.40000000000000013       0.80000000000000004       0.10002148387091402     
  0.50000000000000011       0.80000000000000004       0.26351407414093592     
  0.60000000000000009       0.80000000000000004       0.33105674921330641     
  0.70000000000000007       0.80000000000000004       0.26819865356257844     
  0.80000000000000004       0.80000000000000004       0.10808473075084202     
  0.90000000000000002       0.80000000000000004       -9.7456828527628506E-002
   1.0000000000000000       0.80000000000000004      -0.25653637717961053     
  -1.0000000000000000       0.90000000000000002       0.23423874902663755     
 -0.90000000000000002       0.90000000000000002       0.28509247166420537     
 -0.80000000000000004       0.90000000000000002       0.23036105092577813     
 -0.69999999999999996       0.90000000000000002        9.1650994735338068E-002
 -0.59999999999999998       0.90000000000000002       -8.8555944523035016E-002
 -0.49999999999999994       0.90000000000000002      -0.23660182747674019     
 -0.39999999999999991       0.90000000000000002      -0.29647906599749319     
 -0.29999999999999993       0.90000000000000002      -0.24120391894563495     
 -0.19999999999999993       0.90000000000000002       -9.6370295106155537E-002
  -9.9999999999999978E-002  0.90000000000000002        8.7521596874179361E-002
   2.7755575615628914E-017  0.90000000000000002       0.23493337857149149     
  0.10000000000000009       0.90000000000000002       0.29527001198724223     
  0.20000000000000009       0.90000000000000002       0.23934385713356485     
  0.30000000000000016       0.90000000000000002        9.4937859373349226E-002
  0.40000000000000013       0.90000000000000002       -8.9575082729791700E-002
  0.50000000000000011       0.90000000000000002      -0.23663028342646120     
  0.60000000000000009       0.90000000000000002      -0.29752980663665662     
  0.70000000000000007       0.90000000000000002      -0.24123295042914739     
  0.80000000000000004       0.90000000000000002       -9.7456828527631434E-002
  0.90000000000000002       0.90000000000000002        8.7269711305146963E-002
   1.0000000000000000       0.90000000000000002       0.23036325182245032     
  -1.0000000000000000        1.0000000000000000       0.61761072374821269     
 -0.90000000000000002        1.0000000000000000       0.75144490839292422     
 -0.80000000000000004        1.0000000000000000       0.60698097081068803     
 -0.69999999999999996        1.0000000000000000       0.24124707883928595     
 -0.59999999999999998        1.0000000000000000      -0.23375496578753369     
 -0.49999999999999994        1.0000000000000000      -0.62384291571069062     
 -0.39999999999999991        1.0000000000000000      -0.78145676976817047     
 -0.29999999999999993        1.0000000000000000      -0.63555442171228205     
 -0.19999999999999993        1.0000000000000000      -0.25367211175217685     
  -9.9999999999999978E-002   1.0000000000000000       0.23102785733778619     
   2.7755575615628914E-017   1.0000000000000000       0.61944803750291966     
  0.10000000000000009        1.0000000000000000       0.77827108043363702     
  0.20000000000000009        1.0000000000000000       0.63065384492925336     
  0.30000000000000016        1.0000000000000000       0.24989786178964360     
  0.40000000000000013        1.0000000000000000      -0.23643925184802034     
  0.50000000000000011        1.0000000000000000      -0.62391795385081272     
  0.60000000000000009        1.0000000000000000      -0.78422608147715700     
  0.70000000000000007        1.0000000000000000      -0.63563089531118011     
  0.80000000000000004        1.0000000000000000      -0.25653637717962480     
  0.90000000000000002        1.0000000000000000       0.23036325182244824     
   1.0000000000000000        1.0000000000000000       0.60739508995628000     
