  -1.0000000000000000       -1.0000000000000000       0.58059542672376974     
 -0.90000000000000002       -1.0000000000000000       0.73328515401914185     
 -0.80000000000000004       -1.0000000000000000       0.61412137468642169     
 -0.69999999999999996       -1.0000000000000000       0.27042100870568109     
 -0.59999999999999998       -1.0000000000000000      -0.19165221197437005     
 -0.49999999999999994       -1.0000000000000000      -0.58629789385313813     
 -0.39999999999999991       -1.0000000000000000      -0.76268626000438711     
 -0.29999999999999993       -1.0000000000000000      -0.64267180350208020     
 -0.19999999999999993       -1.0000000000000000      -0.28405117340827785     
  -9.9999999999999978E-002  -1.0000000000000000       0.18905428910194413     
   2.7755575615628914E-017  -1.0000000000000000       0.58175381676414806     
  0.10000000000000009       -1.0000000000000000       0.75943824095246926     
  0.20000000000000009       -1.0000000000000000       0.63765363796182495     
  0.30000000000000016       -1.0000000000000000       0.28022777165610069     
  0.40000000000000013       -1.0000000000000000      -0.19445406150592870     
  0.50000000000000011       -1.0000000000000000      -0.58636317922521608     
  0.60000000000000009       -1.0000000000000000      -0.76538997121893271     
  0.70000000000000007       -1.0000000000000000      -0.64274756099940555     
  0.80000000000000004       -1.0000000000000000      -0.28677924327138443     
  0.90000000000000002       -1.0000000000000000       0.18847901344911669     
   1.0000000000000000       -1.0000000000000000       0.57072038755903154     
  -1.0000000000000000      -0.90000000000000002       0.73328515401913696     
 -0.90000000000000002      -0.90000000000000002       0.92602957579961886     
 -0.80000000000000004      -0.90000000000000002       0.77546469424836917     
 -0.69999999999999996      -0.90000000000000002       0.34137471805929004     
 -0.59999999999999998      -0.90000000000000002      -0.24215978305167338     
 -0.49999999999999994      -0.90000000000000002      -0.74048786512439380     
 -0.39999999999999991      -0.90000000000000002      -0.96315828410282966     
 -0.29999999999999993      -0.90000000000000002      -0.81151715389585377     
 -0.19999999999999993      -0.90000000000000002      -0.35858213437109165     
  -9.9999999999999978E-002 -0.90000000000000002       0.23887890217209984     
   2.7755575615628914E-017 -0.90000000000000002       0.73475011821185432     
  0.10000000000000009      -0.90000000000000002       0.95905707939175622     
  0.20000000000000009      -0.90000000000000002       0.80518078247304492     
  0.30000000000000016      -0.90000000000000002       0.35375426853819614     
  0.40000000000000013      -0.90000000000000002      -0.24569758791006913     
  0.50000000000000011      -0.90000000000000002      -0.74057035627495327     
  0.60000000000000009      -0.90000000000000002      -0.96657273331977689     
  0.70000000000000007      -0.90000000000000002      -0.81161283725590172     
  0.80000000000000004      -0.90000000000000002      -0.36202764492657658     
  0.90000000000000002      -0.90000000000000002       0.23815215769824474     
   1.0000000000000000      -0.90000000000000002       0.72081406265738557     
  -1.0000000000000000      -0.80000000000000004       0.61412137468640038     
 -0.90000000000000002      -0.80000000000000004       0.77546469424837161     
 -0.80000000000000004      -0.80000000000000004       0.64931883525968093     
 -0.69999999999999996      -0.80000000000000004       0.28577102996765247     
 -0.59999999999999998      -0.80000000000000004      -0.20288946672172259     
 -0.49999999999999994      -0.80000000000000004      -0.62015403627166987     
 -0.39999999999999991      -0.80000000000000004      -0.80655618943205276     
 -0.29999999999999993      -0.80000000000000004      -0.67950753127233354     
 -0.19999999999999993      -0.80000000000000004      -0.30017640543370666     
  -9.9999999999999978E-002 -0.80000000000000004       0.20014195813880806     
   2.7755575615628914E-017 -0.80000000000000004       0.61534978129206275     
  0.10000000000000009      -0.80000000000000004       0.80312224331006099     
  0.20000000000000009      -0.80000000000000004       0.67420204450259869     
  0.30000000000000016      -0.80000000000000004       0.29613391710103598     
  0.40000000000000013      -0.80000000000000004      -0.20585165286176665     
  0.50000000000000011      -0.80000000000000004      -0.62022315057298927     
  0.60000000000000009      -0.80000000000000004      -0.80941552851230147     
  0.70000000000000007      -0.80000000000000004      -0.67958766742541510     
  0.80000000000000004      -0.80000000000000004      -0.30306198996857814     
  0.90000000000000002      -0.80000000000000004       0.19953317535971096     
   1.0000000000000000      -0.80000000000000004       0.60367767468831313     
  -1.0000000000000000      -0.69999999999999996       0.27042100870568420     
 -0.90000000000000002      -0.69999999999999996       0.34137471805929087     
 -0.80000000000000004      -0.69999999999999996       0.28577102996765102     
 -0.69999999999999996      -0.69999999999999996       0.12568666033583531     
 -0.59999999999999998      -0.69999999999999996       -8.9435862040297534E-002
 -0.49999999999999994      -0.69999999999999996      -0.27307793153926518     
 -0.39999999999999991      -0.69999999999999996      -0.35506135095916563     
 -0.29999999999999993      -0.69999999999999996      -0.29905843797858594     
 -0.19999999999999993      -0.69999999999999996      -0.13202322810281114     
  -9.9999999999999978E-002 -0.69999999999999996        8.8226270776284546E-002
   2.7755575615628914E-017 -0.69999999999999996       0.27096368183021335     
  0.10000000000000009      -0.69999999999999996       0.35355016905941833     
  0.20000000000000009      -0.69999999999999996       0.29672360761164501     
  0.30000000000000016      -0.69999999999999996       0.13024411872672753     
  0.40000000000000013      -0.69999999999999996       -9.0739407477131398E-002
  0.50000000000000011      -0.69999999999999996      -0.27310839843567475     
  0.60000000000000009      -0.69999999999999996      -0.35632014800573769     
  0.70000000000000007      -0.69999999999999996      -0.29909372728538092     
  0.80000000000000004      -0.69999999999999996      -0.13329385219629941     
  0.90000000000000002      -0.69999999999999996        8.7958038317850262E-002
   1.0000000000000000      -0.69999999999999996       0.26582313024475074     
  -1.0000000000000000      -0.59999999999999998      -0.19165221197435245     
 -0.90000000000000002      -0.59999999999999998      -0.24215978305166538     
 -0.80000000000000004      -0.59999999999999998      -0.20288946672169889     
 -0.69999999999999996      -0.59999999999999998       -8.9435862040295688E-002
 -0.59999999999999998      -0.59999999999999998        6.3153713552731278E-002
 -0.49999999999999994      -0.59999999999999998       0.19353398622914639     
 -0.39999999999999991      -0.59999999999999998       0.25186970887712107     
 -0.29999999999999993      -0.59999999999999998       0.21232052190131900     
 -0.19999999999999993      -0.59999999999999998        9.3942764905795575E-002
  -9.9999999999999978E-002 -0.59999999999999998       -6.2295873061516120E-002
   2.7755575615628914E-017 -0.59999999999999998      -0.19203257624083017     
  0.10000000000000009      -0.59999999999999998      -0.25079650201305448     
  0.20000000000000009      -0.59999999999999998      -0.21066246731691066     
  0.30000000000000016      -0.59999999999999998       -9.2679584344742702E-002
  0.40000000000000013      -0.59999999999999998        6.4079529927809922E-002
  0.50000000000000011      -0.59999999999999998       0.19355549856791404     
  0.60000000000000009      -0.59999999999999998       0.25276251247066106     
  0.70000000000000007      -0.59999999999999998       0.21234552649120222     
  0.80000000000000004      -0.59999999999999998        9.4843299541157097E-002
  0.90000000000000002      -0.59999999999999998       -6.2106162798551023E-002
   1.0000000000000000      -0.59999999999999998      -0.18839149283585974     
  -1.0000000000000000      -0.49999999999999994      -0.58629789385313713     
 -0.90000000000000002      -0.49999999999999994      -0.74048786512439380     
 -0.80000000000000004      -0.49999999999999994      -0.62015403627166732     
 -0.69999999999999996      -0.49999999999999994      -0.27307793153926624     
 -0.59999999999999998      -0.49999999999999994       0.19353398622914714     
 -0.49999999999999994      -0.49999999999999994       0.59205636609213430     
 -0.39999999999999991      -0.49999999999999994       0.77017776694610773     
 -0.29999999999999993      -0.49999999999999994       0.64898491611397047     
 -0.19999999999999993      -0.49999999999999994       0.28684200922492148     
  -9.9999999999999978E-002 -0.49999999999999994      -0.19091054570504154     
   2.7755575615628914E-017 -0.49999999999999994      -0.58746765055780270     
  0.10000000000000009      -0.49999999999999994      -0.76689784103580616     
  0.20000000000000009      -0.49999999999999994      -0.64391745494212749     
  0.30000000000000016      -0.49999999999999994      -0.28298104912000555     
  0.40000000000000013      -0.49999999999999994       0.19636335984508307     
  0.50000000000000011      -0.49999999999999994       0.59212229247702874     
  0.60000000000000009      -0.49999999999999994       0.77290803505899686     
  0.70000000000000007      -0.49999999999999994       0.64906141766810432     
  0.80000000000000004      -0.49999999999999994       0.28959687357339325     
  0.90000000000000002      -0.49999999999999994      -0.19032962082743188     
   1.0000000000000000      -0.49999999999999994      -0.57632585906727507     
  -1.0000000000000000      -0.39999999999999991      -0.76268626000435280     
 -0.90000000000000002      -0.39999999999999991      -0.96315828410282045     
 -0.80000000000000004      -0.39999999999999991      -0.80655618943203045     
 -0.69999999999999996      -0.39999999999999991      -0.35506135095916608     
 -0.59999999999999998      -0.39999999999999991       0.25186970887713250     
 -0.49999999999999994      -0.39999999999999991       0.77017776694610629     
 -0.39999999999999991      -0.39999999999999991        1.0017756476009920     
 -0.29999999999999993      -0.39999999999999991       0.84405414293091685     
 -0.19999999999999993      -0.39999999999999991       0.37295866358813623     
  -9.9999999999999978E-002 -0.39999999999999991      -0.24845728218546706     
   2.7755575615628914E-017 -0.39999999999999991      -0.76420997151653192     
  0.10000000000000009      -0.39999999999999991      -0.99751000980258531     
  0.20000000000000009      -0.39999999999999991      -0.83746372180146678     
  0.30000000000000016      -0.39999999999999991      -0.36793722935167189     
  0.40000000000000013      -0.39999999999999991       0.25554935777179538     
  0.50000000000000011      -0.39999999999999991       0.77026356576037824     
  0.60000000000000009      -0.39999999999999991        1.0053269978252115     
  0.70000000000000007      -0.39999999999999991       0.84415366273016779     
  0.80000000000000004      -0.39999999999999991       0.37654232200112936     
  0.90000000000000002      -0.39999999999999991      -0.24770139797875276     
   1.0000000000000000      -0.39999999999999991      -0.74971514433706266     
  -1.0000000000000000      -0.29999999999999993      -0.64267180350207709     
 -0.90000000000000002      -0.29999999999999993      -0.81151715389585477     
 -0.80000000000000004      -0.29999999999999993      -0.67950753127232955     
 -0.69999999999999996      -0.29999999999999993      -0.29905843797858556     
 -0.59999999999999998      -0.29999999999999993       0.21232052190132192     
 -0.49999999999999994      -0.29999999999999993       0.64898491611397169     
 -0.39999999999999991      -0.29999999999999993       0.84405414293091963     
 -0.29999999999999993      -0.29999999999999993       0.71109977214104980     
 -0.19999999999999993      -0.29999999999999993       0.31413360463346301     
  -9.9999999999999978E-002 -0.29999999999999993      -0.20944527880508251     
   2.7755575615628914E-017 -0.29999999999999993      -0.64395729564884718     
  0.10000000000000009      -0.29999999999999993      -0.84046054111715585     
  0.20000000000000009      -0.29999999999999993      -0.70554761596169402     
  0.30000000000000016      -0.29999999999999993      -0.30990316907510324     
  0.40000000000000013      -0.29999999999999993       0.21542043037180150     
  0.50000000000000011      -0.29999999999999993       0.64905724309506307     
  0.60000000000000009      -0.29999999999999993       0.84704641597220354     
  0.70000000000000007      -0.29999999999999993       0.71118363378203586     
  0.80000000000000004      -0.29999999999999993       0.31715333974194060     
  0.90000000000000002      -0.29999999999999993      -0.20880819590393893     
   1.0000000000000000      -0.29999999999999993      -0.63174256566452647     
  -1.0000000000000000      -0.19999999999999993      -0.28405117340828329     
 -0.90000000000000002      -0.19999999999999993      -0.35858213437108977     
 -0.80000000000000004      -0.19999999999999993      -0.30017640543371577     
 -0.69999999999999996      -0.19999999999999993      -0.13202322810281295     
 -0.59999999999999998      -0.19999999999999993        9.3942764905779408E-002
 -0.49999999999999994      -0.19999999999999993       0.28684200922491732     
 -0.39999999999999991      -0.19999999999999993       0.37295866358813268     
 -0.29999999999999993      -0.19999999999999993       0.31413360463346107     
 -0.19999999999999993      -0.19999999999999993       0.13867924899415482     
  -9.9999999999999978E-002 -0.19999999999999993       -9.2672203546594126E-002
   2.7755575615628914E-017 -0.19999999999999993      -0.28462118123743807     
  0.10000000000000009      -0.19999999999999993      -0.37137130350640396     
  0.20000000000000009      -0.19999999999999993      -0.31168107661502342     
  0.30000000000000016      -0.19999999999999993      -0.13681045657934385     
  0.40000000000000013      -0.19999999999999993        9.5312021921061141E-002
  0.50000000000000011      -0.19999999999999993       0.28687401142019436     
  0.60000000000000009      -0.19999999999999993       0.37428091124763252     
  0.70000000000000007      -0.19999999999999993       0.31417067262065251     
  0.80000000000000004      -0.19999999999999993       0.14001391706925995     
  0.90000000000000002      -0.19999999999999993       -9.2390452887033014E-002
   1.0000000000000000      -0.19999999999999993      -0.27922153682319828     
  -1.0000000000000000       -9.9999999999999978E-002  0.18905428910194125     
 -0.90000000000000002       -9.9999999999999978E-002  0.23887890217209753     
 -0.80000000000000004       -9.9999999999999978E-002  0.20014195813880772     
 -0.69999999999999996       -9.9999999999999978E-002   8.8226270776284255E-002
 -0.59999999999999998       -9.9999999999999978E-002  -6.2295873061517841E-002
 -0.49999999999999994       -9.9999999999999978E-002 -0.19091054570504160     
 -0.39999999999999991       -9.9999999999999978E-002 -0.24845728218546920     
 -0.29999999999999993       -9.9999999999999978E-002 -0.20944527880508118     
 -0.19999999999999993       -9.9999999999999978E-002  -9.2672203546594972E-002
  -9.9999999999999978E-002  -9.9999999999999978E-002   6.1449656557579536E-002
   2.7755575615628914E-017  -9.9999999999999978E-002  0.18942946491869650     
  0.10000000000000009       -9.9999999999999978E-002  0.24739860622951984     
  0.20000000000000009       -9.9999999999999978E-002  0.20780967442884787     
  0.30000000000000016       -9.9999999999999978E-002   9.1426128383396088E-002
  0.40000000000000013       -9.9999999999999978E-002  -6.3209154743545257E-002
  0.50000000000000011       -9.9999999999999978E-002 -0.19093176582879814     
  0.60000000000000009       -9.9999999999999978E-002 -0.24933798861978532     
  0.70000000000000007       -9.9999999999999978E-002 -0.20946994441109029     
  0.80000000000000004       -9.9999999999999978E-002  -9.3560531276370651E-002
  0.90000000000000002       -9.9999999999999978E-002   6.1262520885188750E-002
   1.0000000000000000       -9.9999999999999978E-002  0.18583775410954603     
  -1.0000000000000000        2.7755575615628914E-017  0.58175381676411053     
 -0.90000000000000002        2.7755575615628914E-017  0.73475011821185088     
 -0.80000000000000004        2.7755575615628914E-017  0.61534978129203610     
 -0.69999999999999996        2.7755575615628914E-017  0.27096368183021252     
 -0.59999999999999998        2.7755575615628914E-017 -0.19203257624084827     
 -0.49999999999999994        2.7755575615628914E-017 -0.58746765055780625     
 -0.39999999999999991        2.7755575615628914E-017 -0.76420997151652903     
 -0.29999999999999993        2.7755575615628914E-017 -0.64395729564884718     
 -0.19999999999999993        2.7755575615628914E-017 -0.28462118123744229     
  -9.9999999999999978E-002   2.7755575615628914E-017  0.18942946491869686     
   2.7755575615628914E-017   2.7755575615628914E-017  0.58291448109786803     
  0.10000000000000009        2.7755575615628914E-017  0.76095545284549104     
  0.20000000000000009        2.7755575615628914E-017  0.63892908906363632     
  0.30000000000000016        2.7755575615628914E-017  0.28079013110397183     
  0.40000000000000013        2.7755575615628914E-017 -0.19484003307883208     
  0.50000000000000011        2.7755575615628914E-017 -0.58753306548095274     
  0.60000000000000009        2.7755575615628914E-017 -0.76691908294858180     
  0.70000000000000007        2.7755575615628914E-017 -0.64403320424063870     
  0.80000000000000004        2.7755575615628914E-017 -0.28735469420932380     
  0.90000000000000002        2.7755575615628914E-017  0.18885304489537855     
   1.0000000000000000        2.7755575615628914E-017  0.57185905666904258     
  -1.0000000000000000       0.10000000000000009       0.75943824095246726     
 -0.90000000000000002       0.10000000000000009       0.95905707939175400     
 -0.80000000000000004       0.10000000000000009       0.80312224331005877     
 -0.69999999999999996       0.10000000000000009       0.35355016905941833     
 -0.59999999999999998       0.10000000000000009      -0.25079650201305631     
 -0.49999999999999994       0.10000000000000009      -0.76689784103580450     
 -0.39999999999999991       0.10000000000000009      -0.99751000980258742     
 -0.29999999999999993       0.10000000000000009      -0.84046054111715407     
 -0.19999999999999993       0.10000000000000009      -0.37137130350640729     
  -9.9999999999999978E-002  0.10000000000000009       0.24739860622952112     
   2.7755575615628914E-017  0.10000000000000009       0.76095545284548993     
  0.10000000000000009       0.10000000000000009       0.99326253235795725     
  0.20000000000000009       0.10000000000000009       0.83389817799240962     
  0.30000000000000016       0.10000000000000009       0.36637124807861216     
  0.40000000000000013       0.10000000000000009      -0.25446048550660372     
  0.50000000000000011       0.10000000000000009      -0.76698327426256663     
  0.60000000000000009       0.10000000000000009       -1.0010462377352409     
  0.70000000000000007       0.10000000000000009      -0.84055963708312542     
  0.80000000000000004       0.10000000000000009      -0.37493970041047781     
  0.90000000000000002       0.10000000000000009       0.24664594205651222     
   1.0000000000000000       0.10000000000000009       0.74652235949097878     
  -1.0000000000000000       0.20000000000000009       0.63765363796179886     
 -0.90000000000000002       0.20000000000000009       0.80518078247304525     
 -0.80000000000000004       0.20000000000000009       0.67420204450258969     
 -0.69999999999999996       0.20000000000000009       0.29672360761164962     
 -0.59999999999999998       0.20000000000000009      -0.21066246731689076     
 -0.49999999999999994       0.20000000000000009      -0.64391745494212771     
 -0.39999999999999991       0.20000000000000009      -0.83746372180145667     
 -0.29999999999999993       0.20000000000000009      -0.70554761596169813     
 -0.19999999999999993       0.20000000000000009      -0.31168107661502975     
  -9.9999999999999978E-002  0.20000000000000009       0.20780967442884621     
   2.7755575615628914E-017  0.20000000000000009       0.63892908906362500     
  0.10000000000000009       0.20000000000000009       0.83389817799241017     
  0.20000000000000009       0.20000000000000009       0.70003880981410516     
  0.30000000000000016       0.20000000000000009       0.30748367156785744     
  0.40000000000000013       0.20000000000000009      -0.21373817245561752     
  0.50000000000000011       0.20000000000000009      -0.64398921710361567     
  0.60000000000000009       0.20000000000000009      -0.84043263087741782     
  0.70000000000000007       0.20000000000000009      -0.70563082277994116     
  0.80000000000000004       0.20000000000000009      -0.31467723276629850     
  0.90000000000000002       0.20000000000000009       0.20717756638219961     
   1.0000000000000000       0.20000000000000009       0.62680973695599629     
  -1.0000000000000000       0.30000000000000016       0.28022777165610013     
 -0.90000000000000002       0.30000000000000016       0.35375426853819575     
 -0.80000000000000004       0.30000000000000016       0.29613391710103543     
 -0.69999999999999996       0.30000000000000016       0.13024411872672731     
 -0.59999999999999998       0.30000000000000016       -9.2679584344741023E-002
 -0.49999999999999994       0.30000000000000016      -0.28298104912000382     
 -0.39999999999999991       0.30000000000000016      -0.36793722935167072     
 -0.29999999999999993       0.30000000000000016      -0.30990316907510251     
 -0.19999999999999993       0.30000000000000016      -0.13681045657934318     
  -9.9999999999999978E-002  0.30000000000000016        9.1426128383396518E-002
   2.7755575615628914E-017  0.30000000000000016       0.28079013110397133     
  0.10000000000000009       0.30000000000000016       0.36637124807861243     
  0.20000000000000009       0.30000000000000016       0.30748367156785511     
  0.30000000000000016       0.30000000000000016       0.13496683162813730     
  0.40000000000000013       0.30000000000000016       -9.4030399622799160E-002
  0.50000000000000011       0.30000000000000016      -0.28301262101375757     
  0.60000000000000009       0.30000000000000016      -0.36924167540532948     
  0.70000000000000007       0.30000000000000016      -0.30993973815047826     
  0.80000000000000004       0.30000000000000016      -0.13812715957119562     
  0.90000000000000002       0.30000000000000016        9.1148167939473695E-002
   1.0000000000000000       0.30000000000000016       0.27546315526785109     
  -1.0000000000000000       0.40000000000000013      -0.19445406150589192     
 -0.90000000000000002       0.40000000000000013      -0.24569758791006269     
 -0.80000000000000004       0.40000000000000013      -0.20585165286174931     
 -0.69999999999999996       0.40000000000000013       -9.0739407477128151E-002
 -0.59999999999999998       0.40000000000000013        6.4079529927829768E-002
 -0.49999999999999994       0.40000000000000013       0.19636335984508416     
 -0.39999999999999991       0.40000000000000013       0.25554935777180277     
 -0.29999999999999993       0.40000000000000013       0.21542043037179862     
 -0.19999999999999993       0.40000000000000013        9.5312021921069606E-002
  -9.9999999999999978E-002  0.40000000000000013       -6.3209154743545978E-002
   2.7755575615628914E-017  0.40000000000000013      -0.19484003307883976     
  0.10000000000000009       0.40000000000000013      -0.25446048550660372     
  0.20000000000000009       0.40000000000000013      -0.21373817245563725     
  0.30000000000000016       0.40000000000000013       -9.4030399622799576E-002
  0.40000000000000013       0.40000000000000013        6.5018859594406911E-002
  0.50000000000000011       0.40000000000000013       0.19638518756983669     
  0.60000000000000009       0.40000000000000013       0.25645520628677088     
  0.70000000000000007       0.40000000000000013       0.21544580058236812     
  0.80000000000000004       0.40000000000000013        9.6225721695750069E-002
  0.90000000000000002       0.40000000000000013       -6.3016666721694689E-002
   1.0000000000000000       0.40000000000000013      -0.19114569579039856     
  -1.0000000000000000       0.50000000000000011      -0.58636317922521308     
 -0.90000000000000002       0.50000000000000011      -0.74057035627495182     
 -0.80000000000000004       0.50000000000000011      -0.62022315057298893     
 -0.69999999999999996       0.50000000000000011      -0.27310839843567469     
 -0.59999999999999998       0.50000000000000011       0.19355549856791393     
 -0.49999999999999994       0.50000000000000011       0.59212229247702697     
 -0.39999999999999991       0.50000000000000011       0.77026356576038124     
 -0.29999999999999993       0.50000000000000011       0.64905724309506119     
 -0.19999999999999993       0.50000000000000011       0.28687401142019681     
  -9.9999999999999978E-002  0.50000000000000011      -0.19093176582879792     
   2.7755575615628914E-017  0.50000000000000011      -0.58753306548095252     
  0.10000000000000009       0.50000000000000011      -0.76698327426256607     
  0.20000000000000009       0.50000000000000011      -0.64398921710361678     
  0.30000000000000016       0.50000000000000011      -0.28301262101375818     
  0.40000000000000013       0.50000000000000011       0.19638518756983764     
  0.50000000000000011       0.50000000000000011       0.59218822619031330     
  0.60000000000000009       0.50000000000000011       0.77299413800609396     
  0.70000000000000007       0.50000000000000011       0.64913375316744104     
  0.80000000000000004       0.50000000000000011       0.28962918253583897     
  0.90000000000000002       0.50000000000000011      -0.19035077632879147     
   1.0000000000000000       0.50000000000000011      -0.57639003368503783     
  -1.0000000000000000       0.60000000000000009      -0.76538997121888497     
 -0.90000000000000002       0.60000000000000009      -0.96657273331977078     
 -0.80000000000000004       0.60000000000000009      -0.80941552851227550     
 -0.69999999999999996       0.60000000000000009      -0.35632014800573680     
 -0.59999999999999998       0.60000000000000009       0.25276251247066611     
 -0.49999999999999994       0.60000000000000009       0.77290803505899708     
 -0.39999999999999991       0.60000000000000009        1.0053269978252057     
 -0.29999999999999993       0.60000000000000009       0.84704641597220387     
 -0.19999999999999993       0.60000000000000009       0.37428091124763491     
  -9.9999999999999978E-002  0.60000000000000009      -0.24933798861978418     
   2.7755575615628914E-017  0.60000000000000009      -0.76691908294857680     
  0.10000000000000009       0.60000000000000009       -1.0010462377352387     
  0.20000000000000009       0.60000000000000009      -0.84043263087742126     
  0.30000000000000016       0.60000000000000009      -0.36924167540533059     
  0.40000000000000013       0.60000000000000009       0.25645520628675916     
  0.50000000000000011       0.60000000000000009       0.77299413800609151     
  0.60000000000000009       0.60000000000000009        1.0088909377435393     
  0.70000000000000007       0.60000000000000009       0.84714628856786522     
  0.80000000000000004       0.60000000000000009       0.37787727369673746     
  0.90000000000000002       0.60000000000000009      -0.24857942493579585     
   1.0000000000000000       0.60000000000000009      -0.75237287249326179     
  -1.0000000000000000       0.70000000000000007      -0.64274756099940367     
 -0.90000000000000002       0.70000000000000007      -0.81161283725589961     
 -0.80000000000000004       0.70000000000000007      -0.67958766742541343     
 -0.69999999999999996       0.70000000000000007      -0.29909372728537997     
 -0.59999999999999998       0.70000000000000007       0.21234552649120361     
 -0.49999999999999994       0.70000000000000007       0.64906141766810310     
 -0.39999999999999991       0.70000000000000007       0.84415366273017167     
 -0.29999999999999993       0.70000000000000007       0.71118363378203353     
 -0.19999999999999993       0.70000000000000007       0.31417067262065324     
  -9.9999999999999978E-002  0.70000000000000007      -0.20946994441109193     
   2.7755575615628914E-017  0.70000000000000007      -0.64403320424063926     
  0.10000000000000009       0.70000000000000007      -0.84055963708312420     
  0.20000000000000009       0.70000000000000007      -0.70563082277993994     
  0.30000000000000016       0.70000000000000007      -0.30993973815047743     
  0.40000000000000013       0.70000000000000007       0.21544580058237084     
  0.50000000000000011       0.70000000000000007       0.64913375316744104     
  0.60000000000000009       0.70000000000000007       0.84714628856786767     
  0.70000000000000007       0.70000000000000007       0.71126750530857763     
  0.80000000000000004       0.70000000000000007       0.31719076369924815     
  0.90000000000000002       0.70000000000000007      -0.20883278645143785     
   1.0000000000000000       0.70000000000000007      -0.63181703461789163     
  -1.0000000000000000       0.80000000000000004      -0.28677924327139953     
 -0.90000000000000002       0.80000000000000004      -0.36202764492657735     
 -0.80000000000000004       0.80000000000000004      -0.30306198996857597     
 -0.69999999999999996       0.80000000000000004      -0.13329385219630288     
 -0.59999999999999998       0.80000000000000004        9.4843299541138945E-002
 -0.49999999999999994       0.80000000000000004       0.28959687357339148     
 -0.39999999999999991       0.80000000000000004       0.37654232200111287     
 -0.29999999999999993       0.80000000000000004       0.31715333974194126     
 -0.19999999999999993       0.80000000000000004       0.14001391706924640     
  -9.9999999999999978E-002  0.80000000000000004       -9.3560531276371151E-002
   2.7755575615628914E-017  0.80000000000000004      -0.28735469420931248     
  0.10000000000000009       0.80000000000000004      -0.37493970041047497     
  0.20000000000000009       0.80000000000000004      -0.31467723276627330     
  0.30000000000000016       0.80000000000000004      -0.13812715957119523     
  0.40000000000000013       0.80000000000000004        9.6225721695745128E-002
  0.50000000000000011       0.80000000000000004       0.28962918253583680     
  0.60000000000000009       0.80000000000000004       0.37787727369672025     
  0.70000000000000007       0.80000000000000004       0.31719076369924765     
  0.80000000000000004       0.80000000000000004       0.14136140368474842     
  0.90000000000000002       0.80000000000000004       -9.3276077529513876E-002
   1.0000000000000000       0.80000000000000004      -0.28190320648034128     
  -1.0000000000000000       0.90000000000000002       0.18847901344911441     
 -0.90000000000000002       0.90000000000000002       0.23815215769824333     
 -0.80000000000000004       0.90000000000000002       0.19953317535971296     
 -0.69999999999999996       0.90000000000000002        8.7958038317849860E-002
 -0.59999999999999998       0.90000000000000002       -6.2106162798552272E-002
 -0.49999999999999994       0.90000000000000002      -0.19032962082743260     
 -0.39999999999999991       0.90000000000000002      -0.24770139797875892     
 -0.29999999999999993       0.90000000000000002      -0.20880819590393745     
 -0.19999999999999993       0.90000000000000002       -9.2390452887035401E-002
  -9.9999999999999978E-002  0.90000000000000002        6.1262520885188174E-002
   2.7755575615628914E-017  0.90000000000000002       0.18885304489537982     
  0.10000000000000009       0.90000000000000002       0.24664594205651208     
  0.20000000000000009       0.90000000000000002       0.20717756638220383     
  0.30000000000000016       0.90000000000000002        9.1148167939473917E-002
  0.40000000000000013       0.90000000000000002       -6.3016666721694023E-002
  0.50000000000000011       0.90000000000000002      -0.19035077632879085     
  0.60000000000000009       0.90000000000000002      -0.24857942493580107     
  0.70000000000000007       0.90000000000000002      -0.20883278645143746     
  0.80000000000000004       0.90000000000000002       -9.3276077529517096E-002
  0.90000000000000002       0.90000000000000002        6.1075954903160208E-002
   1.0000000000000000       0.90000000000000002       0.18527226472023406     
  -1.0000000000000000        1.0000000000000000       0.57072038755896481     
 -0.90000000000000002        1.0000000000000000       0.72081406265737824     
 -0.80000000000000004        1.0000000000000000       0.60367767468828060     
 -0.69999999999999996        1.0000000000000000       0.26582313024474741     
 -0.59999999999999998        1.0000000000000000      -0.18839149283588313     
 -0.49999999999999994        1.0000000000000000      -0.57632585906727685     
 -0.39999999999999991        1.0000000000000000      -0.74971514433706565     
 -0.29999999999999993        1.0000000000000000      -0.63174256566452391     
 -0.19999999999999993        1.0000000000000000      -0.27922153682320205     
  -9.9999999999999978E-002   1.0000000000000000       0.18583775410954523     
   2.7755575615628914E-017   1.0000000000000000       0.57185905666904646     
  0.10000000000000009        1.0000000000000000       0.74652235949097623     
  0.20000000000000009        1.0000000000000000       0.62680973695600628     
  0.30000000000000016        1.0000000000000000       0.27546315526785065     
  0.40000000000000013        1.0000000000000000      -0.19114569579039509     
  0.50000000000000011        1.0000000000000000      -0.57639003368503350     
  0.60000000000000009        1.0000000000000000      -0.75237287249326779     
  0.70000000000000007        1.0000000000000000      -0.63181703461788885     
  0.80000000000000004        1.0000000000000000      -0.28190320648035377     
  0.90000000000000002        1.0000000000000000       0.18527226472023187     
   1.0000000000000000        1.0000000000000000       0.56101329843549441     
