  -1.0000000000000000       -1.0000000000000000       0.14814783232746934     
 -0.90000000000000002       -1.0000000000000000       -8.6055587438248982E-002
 -0.80000000000000004       -1.0000000000000000      -0.29099851214730166     
 -0.69999999999999996       -1.0000000000000000      -0.38333621935915141     
 -0.59999999999999998       -1.0000000000000000      -0.32997421044058151     
 -0.49999999999999994       -1.0000000000000000      -0.15059014799797077     
 -0.39999999999999991       -1.0000000000000000        8.6330001544670118E-002
 -0.29999999999999993       -1.0000000000000000       0.29028957352386797     
 -0.19999999999999993       -1.0000000000000000       0.38336039780666192     
  -9.9999999999999978E-002  -1.0000000000000000       0.32999902886436794     
   2.7755575615628914E-017  -1.0000000000000000       0.15059582432084284     
  0.10000000000000009       -1.0000000000000000       -8.6338309628079743E-002
  0.20000000000000009       -1.0000000000000000      -0.29027402522753221     
  0.30000000000000016       -1.0000000000000000      -0.38335567643574769     
  0.40000000000000013       -1.0000000000000000      -0.32994835762466151     
  0.50000000000000011       -1.0000000000000000      -0.15057986942202384     
  0.60000000000000009       -1.0000000000000000        8.6460672858035589E-002
  0.70000000000000007       -1.0000000000000000       0.29030194013502481     
  0.80000000000000004       -1.0000000000000000       0.38345389395355173     
  0.90000000000000002       -1.0000000000000000       0.32986874218617745     
   1.0000000000000000       -1.0000000000000000       0.14806973546925870     
  -1.0000000000000000      -0.90000000000000002       -8.6055587438249495E-002
 -0.90000000000000002      -0.90000000000000002        4.9911703510822567E-002
 -0.80000000000000004      -0.90000000000000002       0.16891132240745538     
 -0.69999999999999996      -0.90000000000000002       0.22254782589305855     
 -0.59999999999999998      -0.90000000000000002       0.19159796839548071     
 -0.49999999999999994      -0.90000000000000002        8.7474171976030010E-002
 -0.39999999999999991      -0.90000000000000002       -5.0071043602539868E-002
 -0.29999999999999993      -0.90000000000000002      -0.16849928933486058     
 -0.19999999999999993      -0.90000000000000002      -0.22256187839149366     
  -9.9999999999999978E-002 -0.90000000000000002      -0.19161250068286734     
   2.7755575615628914E-017 -0.90000000000000002       -8.7477482236964332E-002
  0.10000000000000009      -0.90000000000000002        5.0075873922080384E-002
  0.20000000000000009      -0.90000000000000002       0.16849022775636607     
  0.30000000000000016      -0.90000000000000002       0.22255913585187787     
  0.40000000000000013      -0.90000000000000002       0.19158300973990514     
  0.50000000000000011      -0.90000000000000002        8.7468205790458345E-002
  0.60000000000000009      -0.90000000000000002       -5.0146933521218379E-002
  0.70000000000000007      -0.90000000000000002      -0.16850644773353277     
  0.80000000000000004      -0.90000000000000002      -0.22261578707214624     
  0.90000000000000002      -0.90000000000000002      -0.19153672372519201     
   1.0000000000000000      -0.90000000000000002       -8.6009303787790439E-002
  -1.0000000000000000      -0.80000000000000004      -0.29099851214730654     
 -0.90000000000000002      -0.80000000000000004       0.16891132240745449     
 -0.80000000000000004      -0.80000000000000004       0.57139340421976015     
 -0.69999999999999996      -0.80000000000000004       0.75276672549470713     
 -0.59999999999999998      -0.80000000000000004       0.64802653209906202     
 -0.49999999999999994      -0.80000000000000004       0.29579565607231484     
 -0.39999999999999991      -0.80000000000000004      -0.16945024068849168     
 -0.29999999999999993      -0.80000000000000004      -0.57000050800130353     
 -0.19999999999999993      -0.80000000000000004      -0.75281423049617646     
  -9.9999999999999978E-002 -0.80000000000000004      -0.64807546892045942     
   2.7755575615628914E-017 -0.80000000000000004      -0.29580682681323556     
  0.10000000000000009      -0.80000000000000004       0.16946656682745923     
  0.20000000000000009      -0.80000000000000004       0.56996991892635585     
  0.30000000000000016      -0.80000000000000004       0.75280495656069402     
  0.40000000000000013      -0.80000000000000004       0.64797584569682598     
  0.50000000000000011      -0.80000000000000004       0.29577547355203065     
  0.60000000000000009      -0.80000000000000004      -0.16970688845204551     
  0.70000000000000007      -0.80000000000000004      -0.57002475848812761     
  0.80000000000000004      -0.80000000000000004      -0.75299723111449068     
  0.90000000000000002      -0.80000000000000004      -0.64781939800308119     
   1.0000000000000000      -0.80000000000000004      -0.29084362439808403     
  -1.0000000000000000      -0.69999999999999996      -0.38333621935915030     
 -0.90000000000000002      -0.69999999999999996       0.22254782589305769     
 -0.80000000000000004      -0.69999999999999996       0.75276672549470625     
 -0.69999999999999996      -0.69999999999999996       0.99169237047680792     
 -0.59999999999999998      -0.69999999999999996       0.85369284159338088     
 -0.49999999999999994      -0.69999999999999996       0.38965561148809413     
 -0.39999999999999991      -0.69999999999999996      -0.22325778099894686     
 -0.29999999999999993      -0.69999999999999996      -0.75093196052747968     
 -0.19999999999999993      -0.69999999999999996      -0.99175494547297904     
  -9.9999999999999978E-002 -0.69999999999999996      -0.85375724771546835     
   2.7755575615628914E-017 -0.69999999999999996      -0.38967032022286685     
  0.10000000000000009      -0.69999999999999996       0.22327928542449460     
  0.20000000000000009      -0.69999999999999996       0.75089168038073073     
  0.30000000000000016      -0.69999999999999996       0.99174272879727832     
  0.40000000000000013      -0.69999999999999996       0.85362604185509827     
  0.50000000000000011      -0.69999999999999996       0.38962902254511805     
  0.60000000000000009      -0.69999999999999996      -0.22359587363861091     
  0.70000000000000007      -0.69999999999999996      -0.75096391878894930     
  0.80000000000000004      -0.69999999999999996      -0.99199621889016187     
  0.90000000000000002      -0.69999999999999996      -0.85341997123022306     
   1.0000000000000000      -0.69999999999999996      -0.38313265174396138     
  -1.0000000000000000      -0.59999999999999998      -0.32997421044058373     
 -0.90000000000000002      -0.59999999999999998       0.19159796839548213     
 -0.80000000000000004      -0.59999999999999998       0.64802653209907723     
 -0.69999999999999996      -0.59999999999999998       0.85369284159338310     
 -0.59999999999999998      -0.59999999999999998       0.73488507693199201     
 -0.49999999999999994      -0.59999999999999998       0.33541395549174019     
 -0.39999999999999991      -0.59999999999999998      -0.19220911849393990     
 -0.29999999999999993      -0.59999999999999998      -0.64644726308381406     
 -0.19999999999999993      -0.59999999999999998      -0.85374670283140375     
  -9.9999999999999978E-002 -0.59999999999999998      -0.73494047210557956     
   2.7755575615628914E-017 -0.59999999999999998      -0.33542661161323506     
  0.10000000000000009      -0.59999999999999998       0.19222762771070318     
  0.20000000000000009      -0.59999999999999998       0.64641260182122195     
  0.30000000000000016      -0.59999999999999998       0.85373618677073604     
  0.40000000000000013      -0.59999999999999998       0.73482755304560476     
  0.50000000000000011      -0.59999999999999998       0.33539106612002317     
  0.60000000000000009      -0.59999999999999998      -0.19250015268821458     
  0.70000000000000007      -0.59999999999999998      -0.64647478243593148     
  0.80000000000000004      -0.59999999999999998      -0.85395454694843798     
  0.90000000000000002      -0.59999999999999998      -0.73465018369111734     
   1.0000000000000000      -0.59999999999999998      -0.32979934002002570     
  -1.0000000000000000      -0.49999999999999994      -0.15059014799797096     
 -0.90000000000000002      -0.49999999999999994        8.7474171976030038E-002
 -0.80000000000000004      -0.49999999999999994       0.29579565607231417     
 -0.69999999999999996      -0.49999999999999994       0.38965561148809452     
 -0.59999999999999998      -0.49999999999999994       0.33541395549173919     
 -0.49999999999999994      -0.49999999999999994       0.15307272674013564     
 -0.39999999999999991      -0.49999999999999994       -8.7753109901528292E-002
 -0.29999999999999993      -0.49999999999999994      -0.29507502982396172     
 -0.19999999999999993      -0.49999999999999994      -0.38968018854334452     
  -9.9999999999999978E-002 -0.49999999999999994      -0.33543918321480271     
   2.7755575615628914E-017 -0.49999999999999994      -0.15307849665807632     
  0.10000000000000009      -0.49999999999999994        8.7761554954736809E-002
  0.20000000000000009      -0.49999999999999994       0.29505922516441940     
  0.30000000000000016      -0.49999999999999994       0.38967538933744489     
  0.40000000000000013      -0.49999999999999994       0.33538767655134788     
  0.50000000000000011      -0.49999999999999994       0.15306227872086287     
  0.60000000000000009      -0.49999999999999994       -8.7885935399112214E-002
  0.70000000000000007      -0.49999999999999994      -0.29508760027400838     
  0.80000000000000004      -0.49999999999999994      -0.38977522551111249     
  0.90000000000000002      -0.49999999999999994      -0.33530674854784243     
   1.0000000000000000      -0.49999999999999994      -0.15051076246300760     
  -1.0000000000000000      -0.39999999999999991        8.6330001544674864E-002
 -0.90000000000000002      -0.39999999999999991       -5.0071043602539410E-002
 -0.80000000000000004      -0.39999999999999991      -0.16945024068849324     
 -0.69999999999999996      -0.39999999999999991      -0.22325778099894819     
 -0.59999999999999998      -0.39999999999999991      -0.19220911849393302     
 -0.49999999999999994      -0.39999999999999991       -8.7753109901527751E-002
 -0.39999999999999991      -0.39999999999999991        5.0230891944507999E-002
 -0.29999999999999993      -0.39999999999999991       0.16903689427241034     
 -0.19999999999999993      -0.39999999999999991       0.22327187828969289     
  -9.9999999999999978E-002 -0.39999999999999991       0.19222369684514121     
   2.7755575615628914E-017 -0.39999999999999991        8.7756430686953116E-002
  0.10000000000000009      -0.39999999999999991       -5.0235737656822717E-002
  0.20000000000000009      -0.39999999999999991      -0.16902780387011884     
  0.30000000000000016      -0.39999999999999991      -0.22326912700472720     
  0.40000000000000013      -0.39999999999999991      -0.19219411199823952     
  0.50000000000000011      -0.39999999999999991       -8.7747124680322572E-002
  0.60000000000000009      -0.39999999999999991        5.0307023896110831E-002
  0.70000000000000007      -0.39999999999999991       0.16904407555803280     
  0.80000000000000004      -0.39999999999999991       0.22332595983621756     
  0.90000000000000002      -0.39999999999999991       0.19214767848084910     
   1.0000000000000000      -0.39999999999999991        8.6283572500461592E-002
  -1.0000000000000000      -0.29999999999999993       0.29028957352386814     
 -0.90000000000000002      -0.29999999999999993      -0.16849928933485975     
 -0.80000000000000004      -0.29999999999999993      -0.57000050800130353     
 -0.69999999999999996      -0.29999999999999993      -0.75093196052747924     
 -0.59999999999999998      -0.29999999999999993      -0.64644726308381140     
 -0.49999999999999994      -0.29999999999999993      -0.29507502982396100     
 -0.39999999999999991      -0.29999999999999993       0.16903689427241064     
 -0.29999999999999993      -0.29999999999999993       0.56861100362981221     
 -0.19999999999999993      -0.29999999999999993       0.75097934985121029     
  -9.9999999999999978E-002 -0.29999999999999993       0.64649608148760662     
   2.7755575615628914E-017 -0.29999999999999993       0.29508617344025545     
  0.10000000000000009      -0.29999999999999993      -0.16905318066779479     
  0.20000000000000009      -0.29999999999999993      -0.56858048886978341     
  0.30000000000000016      -0.29999999999999993      -0.75097009850901220     
  0.40000000000000013      -0.29999999999999993      -0.64639670057212162     
  0.50000000000000011      -0.29999999999999993      -0.29505489650299965     
  0.60000000000000009      -0.29999999999999993       0.16929291669092886     
  0.70000000000000007      -0.29999999999999993       0.56863519486383585     
  0.80000000000000004      -0.29999999999999993       0.75116190186563025     
  0.90000000000000002      -0.29999999999999993       0.64624063374897323     
   1.0000000000000000      -0.29999999999999993       0.29013505674009110     
  -1.0000000000000000      -0.19999999999999993       0.38336039780666420     
 -0.90000000000000002      -0.19999999999999993      -0.22256187839149427     
 -0.80000000000000004      -0.19999999999999993      -0.75281423049619145     
 -0.69999999999999996      -0.19999999999999993      -0.99175494547298060     
 -0.59999999999999998      -0.19999999999999993      -0.85374670283140763     
 -0.49999999999999994      -0.19999999999999993      -0.38968018854334463     
 -0.39999999999999991      -0.19999999999999993       0.22327187828969661     
 -0.29999999999999993      -0.19999999999999993       0.75097934985121140     
 -0.19999999999999993      -0.19999999999999993       0.99181752441447923     
  -9.9999999999999978E-002 -0.19999999999999993       0.85381111299217483     
   2.7755575615628914E-017 -0.19999999999999993       0.38969489820315695     
  0.10000000000000009      -0.19999999999999993      -0.22329338407079510     
  0.20000000000000009      -0.19999999999999993      -0.75093906717007952     
  0.30000000000000016      -0.19999999999999993      -0.99180530696824531     
  0.40000000000000013      -0.19999999999999993      -0.85367989886793161     
  0.50000000000000011      -0.19999999999999993      -0.38965359792236570     
  0.60000000000000009      -0.19999999999999993       0.22360999225749670     
  0.70000000000000007      -0.19999999999999993       0.75101131013362676     
  0.80000000000000004      -0.19999999999999993       0.99205881313271582     
  0.90000000000000002      -0.19999999999999993       0.85347381525349642     
   1.0000000000000000      -0.19999999999999993       0.38315681753971853     
  -1.0000000000000000       -9.9999999999999978E-002  0.32999902886436833     
 -0.90000000000000002       -9.9999999999999978E-002 -0.19161250068286664     
 -0.80000000000000004       -9.9999999999999978E-002 -0.64807546892046075     
 -0.69999999999999996       -9.9999999999999978E-002 -0.85375724771546746     
 -0.59999999999999998       -9.9999999999999978E-002 -0.73494047210557945     
 -0.49999999999999994       -9.9999999999999978E-002 -0.33543918321480221     
 -0.39999999999999991       -9.9999999999999978E-002  0.19222369684514137     
 -0.29999999999999993       -9.9999999999999978E-002  0.64649608148760640     
 -0.19999999999999993       -9.9999999999999978E-002  0.85381111299217449     
  -9.9999999999999978E-002  -9.9999999999999978E-002  0.73499587126014576     
   2.7755575615628914E-017  -9.9999999999999978E-002  0.33545184026735819     
  0.10000000000000009       -9.9999999999999978E-002 -0.19224220744707154     
  0.20000000000000009       -9.9999999999999978E-002 -0.64646141766597887     
  0.30000000000000016       -9.9999999999999978E-002 -0.85380059614051140     
  0.40000000000000013       -9.9999999999999978E-002 -0.73488294379874131     
  0.50000000000000011       -9.9999999999999978E-002 -0.33541629211444518     
  0.60000000000000009       -9.9999999999999978E-002  0.19251475295154144     
  0.70000000000000007       -9.9999999999999978E-002  0.64652360294971034     
  0.80000000000000004       -9.9999999999999978E-002  0.85401897338405797     
  0.90000000000000002       -9.9999999999999978E-002  0.73470556116663865     
   1.0000000000000000       -9.9999999999999978E-002  0.32982414676205984     
  -1.0000000000000000        2.7755575615628914E-017  0.15059582432083912     
 -0.90000000000000002        2.7755575615628914E-017  -8.7477482236964471E-002
 -0.80000000000000004        2.7755575615628914E-017 -0.29580682681324078     
 -0.69999999999999996        2.7755575615628914E-017 -0.38967032022286513     
 -0.59999999999999998        2.7755575615628914E-017 -0.33542661161324339     
 -0.49999999999999994        2.7755575615628914E-017 -0.15307849665807685     
 -0.39999999999999991        2.7755575615628914E-017   8.7756430686954073E-002
 -0.29999999999999993        2.7755575615628914E-017  0.29508617344025523     
 -0.19999999999999993        2.7755575615628914E-017  0.38969489820315512     
  -9.9999999999999978E-002   2.7755575615628914E-017  0.33545184026735780     
   2.7755575615628914E-017   2.7755575615628914E-017  0.15308426679128317     
  0.10000000000000009        2.7755575615628914E-017  -8.7764876057707664E-002
  0.20000000000000009        2.7755575615628914E-017 -0.29507036819010879     
  0.30000000000000016        2.7755575615628914E-017 -0.38969009881634675     
  0.40000000000000013        2.7755575615628914E-017 -0.33540033167223293     
  0.50000000000000011        2.7755575615628914E-017 -0.15306804824423809     
  0.60000000000000009        2.7755575615628914E-017   8.7889261193489374E-002
  0.70000000000000007        2.7755575615628914E-017  0.29509874436840344     
  0.80000000000000004        2.7755575615628914E-017  0.38978993882173635     
  0.90000000000000002        2.7755575615628914E-017  0.33531940062493965     
   1.0000000000000000        2.7755575615628914E-017  0.15051643595126815     
  -1.0000000000000000       0.10000000000000009       -8.6338309628079479E-002
 -0.90000000000000002       0.10000000000000009        5.0075873922079843E-002
 -0.80000000000000004       0.10000000000000009       0.16946656682745911     
 -0.69999999999999996       0.10000000000000009       0.22327928542449471     
 -0.59999999999999998       0.10000000000000009       0.19222762771070243     
 -0.49999999999999994       0.10000000000000009        8.7761554954736212E-002
 -0.39999999999999991       0.10000000000000009       -5.0235737656821607E-002
 -0.29999999999999993       0.10000000000000009      -0.16905318066779462     
 -0.19999999999999993       0.10000000000000009      -0.22329338407079383     
  -9.9999999999999978E-002  0.10000000000000009      -0.19224220744707163     
   2.7755575615628914E-017  0.10000000000000009       -8.7764876057707136E-002
  0.10000000000000009       0.10000000000000009        5.0240583834791269E-002
  0.20000000000000009       0.10000000000000009       0.16904408939530108     
  0.30000000000000016       0.10000000000000009       0.22329063252102196     
  0.40000000000000013       0.10000000000000009       0.19221261976179760     
  0.50000000000000011       0.10000000000000009        8.7755569156840810E-002
  0.60000000000000009       0.10000000000000009       -5.0311876937394251E-002
  0.70000000000000007       0.10000000000000009      -0.16906036264840596     
  0.80000000000000004       0.10000000000000009      -0.22334747088388551     
  0.90000000000000002       0.10000000000000009      -0.19216618178190045     
   1.0000000000000000       0.10000000000000009       -8.6291876256591626E-002
  -1.0000000000000000       0.20000000000000009      -0.29027402522753282     
 -0.90000000000000002       0.20000000000000009       0.16849022775636627     
 -0.80000000000000004       0.20000000000000009       0.56996991892636173     
 -0.69999999999999996       0.20000000000000009       0.75089168038073340     
 -0.59999999999999998       0.20000000000000009       0.64641260182121041     
 -0.49999999999999994       0.20000000000000009       0.29505922516441874     
 -0.39999999999999991       0.20000000000000009      -0.16902780387011740     
 -0.29999999999999993       0.20000000000000009      -0.56858048886978452     
 -0.19999999999999993       0.20000000000000009      -0.75093906717006620     
  -9.9999999999999978E-002  0.20000000000000009      -0.64646141766597831     
   2.7755575615628914E-017  0.20000000000000009      -0.29507036819010402     
  0.10000000000000009       0.20000000000000009       0.16904408939530169     
  0.20000000000000009       0.20000000000000009       0.56854997572988553     
  0.30000000000000016       0.20000000000000009       0.75092981632335198     
  0.40000000000000013       0.20000000000000009       0.64636204204603698     
  0.50000000000000011       0.20000000000000009       0.29503909292392544     
  0.60000000000000009       0.20000000000000009      -0.16928381256930547     
  0.70000000000000007       0.20000000000000009      -0.56860467879607335     
  0.80000000000000004       0.20000000000000009      -0.75112160921429805     
  0.90000000000000002       0.20000000000000009      -0.64620598356309378     
   1.0000000000000000       0.20000000000000009      -0.29011951627770044     
  -1.0000000000000000       0.30000000000000016      -0.38335567643574647     
 -0.90000000000000002       0.30000000000000016       0.22255913585187703     
 -0.80000000000000004       0.30000000000000016       0.75280495656069579     
 -0.69999999999999996       0.30000000000000016       0.99174272879727732     
 -0.59999999999999998       0.30000000000000016       0.85373618677073515     
 -0.49999999999999994       0.30000000000000016       0.38967538933744461     
 -0.39999999999999991       0.30000000000000016      -0.22326912700472903     
 -0.29999999999999993       0.30000000000000016      -0.75097009850901153     
 -0.19999999999999993       0.30000000000000016      -0.99180530696824609     
  -9.9999999999999978E-002  0.30000000000000016      -0.85380059614051163     
   2.7755575615628914E-017  0.30000000000000016      -0.38969009881634814     
  0.10000000000000009       0.30000000000000016       0.22329063252102216     
  0.20000000000000009       0.30000000000000016       0.75092981632335210     
  0.30000000000000016       0.30000000000000016       0.99179308967245039     
  0.40000000000000013       0.30000000000000016       0.85366938363108125     
  0.50000000000000011       0.30000000000000016       0.38964879904403726     
  0.60000000000000009       0.30000000000000016      -0.22360723680802855     
  0.70000000000000007       0.30000000000000016      -0.75100205839730372     
  0.80000000000000004       0.30000000000000016      -0.99204659270672091     
  0.90000000000000002       0.30000000000000016      -0.85346330255396863     
   1.0000000000000000       0.30000000000000016      -0.38315209865758626     
  -1.0000000000000000       0.40000000000000013      -0.32994835762465907     
 -0.90000000000000002       0.40000000000000013       0.19158300973990605     
 -0.80000000000000004       0.40000000000000013       0.64797584569684019     
 -0.69999999999999996       0.40000000000000013       0.85362604185509816     
 -0.59999999999999998       0.40000000000000013       0.73482755304561109     
 -0.49999999999999994       0.40000000000000013       0.33538767655134932     
 -0.39999999999999991       0.40000000000000013      -0.19219411199823869     
 -0.29999999999999993       0.40000000000000013      -0.64639670057212151     
 -0.19999999999999993       0.40000000000000013      -0.85367989886793050     
  -9.9999999999999978E-002  0.40000000000000013      -0.73488294379874042     
   2.7755575615628914E-017  0.40000000000000013      -0.33540033167223543     
  0.10000000000000009       0.40000000000000013       0.19221261976179785     
  0.20000000000000009       0.40000000000000013       0.64636204204604453     
  0.30000000000000016       0.40000000000000013       0.85366938363108069     
  0.40000000000000013       0.40000000000000013       0.73477003362547111     
  0.50000000000000011       0.40000000000000013       0.33536478896990252     
  0.60000000000000009       0.40000000000000013      -0.19248512340044976     
  0.70000000000000007       0.40000000000000013      -0.64642421778556991     
  0.80000000000000004       0.40000000000000013      -0.85388772697916482     
  0.90000000000000002       0.40000000000000013      -0.73459267819471441     
   1.0000000000000000       0.40000000000000013      -0.32977350154179635     
  -1.0000000000000000       0.50000000000000011      -0.15057986942202398     
 -0.90000000000000002       0.50000000000000011        8.7468205790458317E-002
 -0.80000000000000004       0.50000000000000011       0.29577547355203110     
 -0.69999999999999996       0.50000000000000011       0.38962902254511778     
 -0.59999999999999998       0.50000000000000011       0.33539106612002401     
 -0.49999999999999994       0.50000000000000011       0.15306227872086295     
 -0.39999999999999991       0.50000000000000011       -8.7747124680323682E-002
 -0.29999999999999993       0.50000000000000011      -0.29505489650299960     
 -0.19999999999999993       0.50000000000000011      -0.38965359792236770     
  -9.9999999999999978E-002  0.50000000000000011      -0.33541629211444518     
   2.7755575615628914E-017  0.50000000000000011      -0.15306804824423892     
  0.10000000000000009       0.50000000000000011        8.7755569156840851E-002
  0.20000000000000009       0.50000000000000011       0.29503909292392672     
  0.30000000000000016       0.50000000000000011       0.38964879904403776     
  0.40000000000000013       0.50000000000000011       0.33536478896990379     
  0.50000000000000011       0.50000000000000011       0.15305183141448211     
  0.60000000000000009       0.50000000000000011       -8.7879941112522231E-002
  0.70000000000000007       0.50000000000000011      -0.29506746609647155     
  0.80000000000000004       0.50000000000000011      -0.38974862842627578     
  0.90000000000000002       0.50000000000000011      -0.33528386649240610     
   1.0000000000000000       0.50000000000000011      -0.15050048935883190     
  -1.0000000000000000       0.60000000000000009        8.6460672858033605E-002
 -0.90000000000000002       0.60000000000000009       -5.0146933521218469E-002
 -0.80000000000000004       0.60000000000000009      -0.16970688845203968     
 -0.69999999999999996       0.60000000000000009      -0.22359587363861289     
 -0.59999999999999998       0.60000000000000009      -0.19250015268819998     
 -0.49999999999999994       0.60000000000000009       -8.7885935399111187E-002
 -0.39999999999999991       0.60000000000000009        5.0307023896106605E-002
 -0.29999999999999993       0.60000000000000009       0.16929291669092797     
 -0.19999999999999993       0.60000000000000009       0.22360999225748177     
  -9.9999999999999978E-002  0.60000000000000009       0.19251475295154039     
   2.7755575615628914E-017  0.60000000000000009        8.7889261193487001E-002
  0.10000000000000009       0.60000000000000009       -5.0311876937393654E-002
  0.20000000000000009       0.60000000000000009      -0.16928381256929162     
  0.30000000000000016       0.60000000000000009      -0.22360723680802855     
  0.40000000000000013       0.60000000000000009      -0.19248512340043999     
  0.50000000000000011       0.60000000000000009       -8.7879941112521467E-002
  0.60000000000000009       0.60000000000000009        5.0383271103276464E-002
  0.70000000000000007       0.60000000000000009       0.16930010887999997     
  0.80000000000000004       0.60000000000000009       0.22366415619999883     
  0.90000000000000002       0.60000000000000009       0.19243861965259174     
   1.0000000000000000       0.60000000000000009        8.6414174758920298E-002
  -1.0000000000000000       0.70000000000000007       0.29030194013502325     
 -0.90000000000000002       0.70000000000000007      -0.16850644773353254     
 -0.80000000000000004       0.70000000000000007      -0.57002475848812972     
 -0.69999999999999996       0.70000000000000007      -0.75096391878894930     
 -0.59999999999999998       0.70000000000000007      -0.64647478243593104     
 -0.49999999999999994       0.70000000000000007      -0.29508760027400749     
 -0.39999999999999991       0.70000000000000007       0.16904407555803369     
 -0.29999999999999993       0.70000000000000007       0.56863519486383474     
 -0.19999999999999993       0.70000000000000007       0.75101131013362710     
  -9.9999999999999978E-002  0.70000000000000007       0.64652360294970967     
   2.7755575615628914E-017  0.70000000000000007       0.29509874436840366     
  0.10000000000000009       0.70000000000000007      -0.16906036264840577     
  0.20000000000000009       0.70000000000000007      -0.56860467879607435     
  0.30000000000000016       0.70000000000000007      -0.75100205839730272     
  0.40000000000000013       0.70000000000000007      -0.64642421778557069     
  0.50000000000000011       0.70000000000000007      -0.29506746609647089     
  0.60000000000000009       0.70000000000000007       0.16930010888000113     
  0.70000000000000007       0.70000000000000007       0.56865938712193143     
  0.80000000000000004       0.70000000000000007       0.75119386982076686     
  0.90000000000000002       0.70000000000000007       0.64626814430361690     
   1.0000000000000000       0.70000000000000007       0.29014741652843079     
  -1.0000000000000000       0.80000000000000004       0.38345389395355917     
 -0.90000000000000002       0.80000000000000004      -0.22261578707214794     
 -0.80000000000000004       0.80000000000000004      -0.75299723111451511     
 -0.69999999999999996       0.80000000000000004      -0.99199621889016476     
 -0.59999999999999998       0.80000000000000004      -0.85395454694844308     
 -0.49999999999999994       0.80000000000000004      -0.38977522551111310     
 -0.39999999999999991       0.80000000000000004       0.22332595983622505     
 -0.29999999999999993       0.80000000000000004       0.75116190186563159     
 -0.19999999999999993       0.80000000000000004       0.99205881313272004     
  -9.9999999999999978E-002  0.80000000000000004       0.85401897338405774     
   2.7755575615628914E-017  0.80000000000000004       0.38978993882173302     
  0.10000000000000009       0.80000000000000004      -0.22334747088388676     
  0.20000000000000009       0.80000000000000004      -0.75112160921431315     
  0.30000000000000016       0.80000000000000004      -0.99204659270672180     
  0.40000000000000013       0.80000000000000004      -0.85388772697916404     
  0.50000000000000011       0.80000000000000004      -0.38974862842627422     
  0.60000000000000009       0.80000000000000004       0.22366415620001687     
  0.70000000000000007       0.80000000000000004       0.75119386982076608     
  0.80000000000000004       0.80000000000000004       0.99230015874461175     
  0.90000000000000002       0.80000000000000004       0.85368159291246859     
   1.0000000000000000       0.80000000000000004       0.38325025954447312     
  -1.0000000000000000       0.90000000000000002       0.32986874218617429     
 -0.90000000000000002       0.90000000000000002      -0.19153672372519148     
 -0.80000000000000004       0.90000000000000002      -0.64781939800307842     
 -0.69999999999999996       0.90000000000000002      -0.85341997123022217     
 -0.59999999999999998       0.90000000000000002      -0.73465018369111645     
 -0.49999999999999994       0.90000000000000002      -0.33530674854784182     
 -0.39999999999999991       0.90000000000000002       0.19214767848084532     
 -0.29999999999999993       0.90000000000000002       0.64624063374897245     
 -0.19999999999999993       0.90000000000000002       0.85347381525349275     
  -9.9999999999999978E-002  0.90000000000000002       0.73470556116663877     
   2.7755575615628914E-017  0.90000000000000002       0.33531940062494281     
  0.10000000000000009       0.90000000000000002      -0.19216618178190012     
  0.20000000000000009       0.90000000000000002      -0.64620598356309089     
  0.30000000000000016       0.90000000000000002      -0.85346330255396818     
  0.40000000000000013       0.90000000000000002      -0.73459267819471441     
  0.50000000000000011       0.90000000000000002      -0.33528386649240582     
  0.60000000000000009       0.90000000000000002       0.19243861965258924     
  0.70000000000000007       0.90000000000000002       0.64626814430361690     
  0.80000000000000004       0.90000000000000002       0.85368159291246626     
  0.90000000000000002       0.90000000000000002       0.73441536552952147     
   1.0000000000000000       0.90000000000000002       0.32969392759737470     
  -1.0000000000000000        1.0000000000000000       0.14806973546924551     
 -0.90000000000000002        1.0000000000000000       -8.6009303787790925E-002
 -0.80000000000000004        1.0000000000000000      -0.29084362439808209     
 -0.69999999999999996        1.0000000000000000      -0.38313265174395933     
 -0.59999999999999998        1.0000000000000000      -0.32979934002003275     
 -0.49999999999999994        1.0000000000000000      -0.15051076246300829     
 -0.39999999999999991        1.0000000000000000        8.6283572500456318E-002
 -0.29999999999999993        1.0000000000000000       0.29013505674009116     
 -0.19999999999999993        1.0000000000000000       0.38315681753971526     
  -9.9999999999999978E-002   1.0000000000000000       0.32982414676206018     
   2.7755575615628914E-017   1.0000000000000000       0.15051643595127157     
  0.10000000000000009        1.0000000000000000       -8.6291876256592168E-002
  0.20000000000000009        1.0000000000000000      -0.29011951627769939     
  0.30000000000000016        1.0000000000000000      -0.38315209865758626     
  0.40000000000000013        1.0000000000000000      -0.32977350154179408     
  0.50000000000000011        1.0000000000000000      -0.15050048935883126     
  0.60000000000000009        1.0000000000000000        8.6414174758919257E-002
  0.70000000000000007        1.0000000000000000       0.29014741652843090     
  0.80000000000000004        1.0000000000000000       0.38325025954447189     
  0.90000000000000002        1.0000000000000000       0.32969392759737270     
   1.0000000000000000        1.0000000000000000       0.14799166866325134     
