  -1.0000000000000000       -1.0000000000000000       0.54910252854878194     
 -0.90000000000000002       -1.0000000000000000       0.71027603661526617     
 -0.80000000000000004       -1.0000000000000000       0.60766501252406846     
 -0.69999999999999996       -1.0000000000000000       0.27908643907473585     
 -0.59999999999999998       -1.0000000000000000      -0.16020436674630062     
 -0.49999999999999994       -1.0000000000000000      -0.53749731128555633     
 -0.39999999999999991       -1.0000000000000000      -0.71116007603830622     
 -0.29999999999999993       -1.0000000000000000      -0.61134126325031257     
 -0.19999999999999993       -1.0000000000000000      -0.28057851849861709     
  -9.9999999999999978E-002  -1.0000000000000000       0.16505709214449435     
   2.7755575615628914E-017  -1.0000000000000000       0.55517855089631618     
  0.10000000000000009       -1.0000000000000000       0.73591042619916192     
  0.20000000000000009       -1.0000000000000000       0.63120820108506948     
  0.30000000000000016       -1.0000000000000000       0.28932624842414090     
  0.40000000000000013       -1.0000000000000000      -0.16844225937470439     
  0.50000000000000011       -1.0000000000000000      -0.55708029744179854     
  0.60000000000000009       -1.0000000000000000      -0.73925182504541365     
  0.70000000000000007       -1.0000000000000000      -0.63370519585051721     
  0.80000000000000004       -1.0000000000000000      -0.29297175818439247     
  0.90000000000000002       -1.0000000000000000       0.16475324238277689     
   1.0000000000000000       -1.0000000000000000       0.54461730640441863     
  -1.0000000000000000      -0.90000000000000002       0.71027603661526117     
 -0.90000000000000002      -0.90000000000000002       0.91850622504140667     
 -0.80000000000000004      -0.90000000000000002       0.78562079149908848     
 -0.69999999999999996      -0.90000000000000002       0.36059525499450901     
 -0.59999999999999998      -0.90000000000000002      -0.20747987279624192     
 -0.49999999999999994      -0.90000000000000002      -0.69526603345207538     
 -0.39999999999999991      -0.90000000000000002      -0.91964772358828817     
 -0.29999999999999993      -0.90000000000000002      -0.79037577649069313     
 -0.19999999999999993      -0.90000000000000002      -0.36252436586479753     
  -9.9999999999999978E-002 -0.90000000000000002       0.21376756847309059     
   2.7755575615628914E-017 -0.90000000000000002       0.71813917591018095     
  0.10000000000000009      -0.90000000000000002       0.95165594507906059     
  0.20000000000000009      -0.90000000000000002       0.81606152474239235     
  0.30000000000000016      -0.90000000000000002       0.37382578619615803     
  0.40000000000000013      -0.90000000000000002      -0.21814442122772737     
  0.50000000000000011      -0.90000000000000002      -0.72059732077002103     
  0.60000000000000009      -0.90000000000000002      -0.95597614331263947     
  0.70000000000000007      -0.90000000000000002      -0.81928842303504246     
  0.80000000000000004      -0.90000000000000002      -0.37853961448135554     
  0.90000000000000002      -0.90000000000000002       0.21337519922897644     
   1.0000000000000000      -0.90000000000000002       0.70447796018713260     
  -1.0000000000000000      -0.80000000000000004       0.60766501252404448     
 -0.90000000000000002      -0.80000000000000004       0.78562079149909081     
 -0.80000000000000004      -0.80000000000000004       0.67181365077449173     
 -0.69999999999999996      -0.80000000000000004       0.30818847878783384     
 -0.59999999999999998      -0.80000000000000004      -0.17769876145960578     
 -0.49999999999999994      -0.80000000000000004      -0.59482467204009115     
 -0.39999999999999991      -0.80000000000000004      -0.78659583275152689     
 -0.29999999999999993      -0.80000000000000004      -0.67588145153896795     
 -0.19999999999999993      -0.80000000000000004      -0.30983818954312675     
  -9.9999999999999978E-002 -0.80000000000000004       0.18308619528047423     
   2.7755575615628914E-017 -0.80000000000000004       0.61439500104454459     
  0.10000000000000009      -0.80000000000000004       0.81397466958659936     
  0.20000000000000009      -0.80000000000000004       0.69784686125334483     
  0.30000000000000016      -0.80000000000000004       0.31949625953154992     
  0.40000000000000013      -0.80000000000000004      -0.18682926048169646     
  0.50000000000000011      -0.80000000000000004      -0.61649664568919182     
  0.60000000000000009      -0.80000000000000004      -0.81766923489209686     
  0.70000000000000007      -0.80000000000000004      -0.70060527258441063     
  0.80000000000000004      -0.80000000000000004      -0.32352778432401119     
  0.90000000000000002      -0.80000000000000004       0.18275102040218655     
   1.0000000000000000      -0.80000000000000004       0.60270735916792328     
  -1.0000000000000000      -0.69999999999999996       0.27908643907473718     
 -0.90000000000000002      -0.69999999999999996       0.36059525499450928     
 -0.80000000000000004      -0.69999999999999996       0.30818847878783329     
 -0.69999999999999996      -0.69999999999999996       0.14118208816483477     
 -0.59999999999999998      -0.69999999999999996       -8.1835774017823659E-002
 -0.49999999999999994      -0.69999999999999996      -0.27319058088082782     
 -0.39999999999999991      -0.69999999999999996      -0.36104127778031109     
 -0.29999999999999993      -0.69999999999999996      -0.31005643783840464     
 -0.19999999999999993      -0.69999999999999996      -0.14193894306887936     
  -9.9999999999999978E-002 -0.69999999999999996        8.4319460924049142E-002
   2.7755575615628914E-017 -0.69999999999999996       0.28218061382012904     
  0.10000000000000009      -0.69999999999999996       0.37360964704819988     
  0.20000000000000009      -0.69999999999999996       0.32013352930239219     
  0.30000000000000016      -0.69999999999999996       0.14636232891962564     
  0.40000000000000013      -0.69999999999999996       -8.6036853430077997E-002
  0.50000000000000011      -0.69999999999999996      -0.28314425398728493     
  0.60000000000000009      -0.69999999999999996      -0.37530473006102116     
  0.70000000000000007      -0.69999999999999996      -0.32139773460185295     
  0.80000000000000004      -0.69999999999999996      -0.14821239594563240     
  0.90000000000000002      -0.69999999999999996        8.4166112634084175E-002
   1.0000000000000000      -0.69999999999999996       0.27681273628371911     
  -1.0000000000000000      -0.59999999999999998      -0.16020436674628416     
 -0.90000000000000002      -0.59999999999999998      -0.20747987279623678     
 -0.80000000000000004      -0.59999999999999998      -0.17769876145958172     
 -0.69999999999999996      -0.59999999999999998       -8.1835774017821925E-002
 -0.59999999999999998      -0.59999999999999998        4.6487848225768624E-002
 -0.49999999999999994      -0.59999999999999998       0.15681686399193967     
 -0.39999999999999991      -0.59999999999999998       0.20773982938982460     
 -0.29999999999999993      -0.59999999999999998       0.17877165855117613     
 -0.19999999999999993      -0.59999999999999998        8.2272027470834994E-002
  -9.9999999999999978E-002 -0.59999999999999998       -4.7893039556353857E-002
   2.7755575615628914E-017 -0.59999999999999998      -0.16197340293585655     
  0.10000000000000009      -0.59999999999999998      -0.21496782666535116     
  0.20000000000000009      -0.59999999999999998      -0.18458057896040084     
  0.30000000000000016      -0.59999999999999998       -8.4838239623813080E-002
  0.40000000000000013      -0.59999999999999998        4.8882625653355327E-002
  0.50000000000000011      -0.59999999999999998       0.16253006167796702     
  0.60000000000000009      -0.59999999999999998       0.21594468233502556     
  0.70000000000000007      -0.59999999999999998       0.18531212233470090     
  0.80000000000000004      -0.59999999999999998        8.5903564898130585E-002
  0.90000000000000002      -0.59999999999999998       -4.7803720181046755E-002
   1.0000000000000000      -0.59999999999999998      -0.15889210545287763     
  -1.0000000000000000      -0.49999999999999994      -0.53749731128555245     
 -0.90000000000000002      -0.49999999999999994      -0.69526603345207805     
 -0.80000000000000004      -0.49999999999999994      -0.59482467204008771     
 -0.69999999999999996      -0.49999999999999994      -0.27319058088082937     
 -0.59999999999999998      -0.49999999999999994       0.15681686399193920     
 -0.49999999999999994      -0.49999999999999994       0.52613735877267709     
 -0.39999999999999991      -0.49999999999999994       0.69613140170147536     
 -0.29999999999999993      -0.49999999999999994       0.59842322769805767     
 -0.19999999999999993      -0.49999999999999994       0.27465113125393892     
  -9.9999999999999978E-002 -0.49999999999999994      -0.16156696025250949     
   2.7755575615628914E-017 -0.49999999999999994      -0.54344489427608533     
  0.10000000000000009      -0.49999999999999994      -0.72035869993755619     
  0.20000000000000009      -0.49999999999999994      -0.61787036003423157     
  0.30000000000000016      -0.49999999999999994      -0.28321406768710905     
  0.40000000000000013      -0.49999999999999994       0.16488059470653363     
  0.50000000000000011      -0.49999999999999994       0.54530645910251985     
  0.60000000000000009      -0.49999999999999994       0.72362949125672293     
  0.70000000000000007      -0.49999999999999994       0.62031460029618102     
  0.80000000000000004      -0.49999999999999994       0.28678254093722516     
  0.90000000000000002      -0.49999999999999994      -0.16126952811061196     
   1.0000000000000000      -0.49999999999999994      -0.53310686054448131     
  -1.0000000000000000      -0.39999999999999991      -0.71116007603826881     
 -0.90000000000000002      -0.39999999999999991      -0.91964772358827707     
 -0.80000000000000004      -0.39999999999999991      -0.78659583275150391     
 -0.69999999999999996      -0.39999999999999991      -0.36104127778031037     
 -0.59999999999999998      -0.39999999999999991       0.20773982938983626     
 -0.49999999999999994      -0.39999999999999991       0.69613140170147259     
 -0.39999999999999991      -0.39999999999999991       0.92079062915333165     
 -0.29999999999999993      -0.39999999999999991       0.79135673374594573     
 -0.19999999999999993      -0.39999999999999991       0.36297278332316057     
  -9.9999999999999978E-002 -0.39999999999999991      -0.21403542306294271     
   2.7755575615628914E-017 -0.39999999999999991      -0.71903302719419648     
  0.10000000000000009      -0.39999999999999991      -0.95283864237061799     
  0.20000000000000009      -0.39999999999999991      -0.81707436588518501     
  0.30000000000000016      -0.39999999999999991      -0.37428817476747739     
  0.40000000000000013      -0.39999999999999991       0.21841771038801161     
  0.50000000000000011      -0.39999999999999991       0.72149421922179890     
  0.60000000000000009      -0.39999999999999991       0.95716420423622306     
  0.70000000000000007      -0.39999999999999991       0.82030525991628811     
  0.80000000000000004      -0.39999999999999991       0.37900785832973061     
  0.90000000000000002      -0.39999999999999991      -0.21364257013114818     
   1.0000000000000000      -0.39999999999999991      -0.70535480801453632     
  -1.0000000000000000      -0.29999999999999993      -0.61134126325030713     
 -0.90000000000000002      -0.29999999999999993      -0.79037577649069424     
 -0.80000000000000004      -0.29999999999999993      -0.67588145153896384     
 -0.69999999999999996      -0.29999999999999993      -0.31005643783840409     
 -0.59999999999999998      -0.29999999999999993       0.17877165855117902     
 -0.49999999999999994      -0.29999999999999993       0.59842322769805734     
 -0.39999999999999991      -0.29999999999999993       0.79135673374595039     
 -0.29999999999999993      -0.29999999999999993       0.67997386446030972     
 -0.19999999999999993      -0.29999999999999993       0.31171613692402261     
  -9.9999999999999978E-002 -0.29999999999999993      -0.18419159522041406     
   2.7755575615628914E-017 -0.29999999999999993      -0.61811193558155098     
  0.10000000000000009      -0.29999999999999993      -0.81890126569998323     
  0.20000000000000009      -0.29999999999999993      -0.70207226739610085     
  0.30000000000000016      -0.29999999999999993      -0.32143275502434060     
  0.40000000000000013      -0.29999999999999993       0.18795732159932194     
  0.50000000000000011      -0.29999999999999993       0.62022631013084850     
  0.60000000000000009      -0.29999999999999993       0.82261819917922607     
  0.70000000000000007      -0.29999999999999993       0.70484739225085646     
  0.80000000000000004      -0.29999999999999993       0.32548868436342304     
  0.90000000000000002      -0.29999999999999993      -0.18385438686521682     
   1.0000000000000000      -0.29999999999999993      -0.60635358598125688     
  -1.0000000000000000      -0.19999999999999993      -0.28057851849862248     
 -0.90000000000000002      -0.19999999999999993      -0.36252436586479769     
 -0.80000000000000004      -0.19999999999999993      -0.30983818954314157     
 -0.69999999999999996      -0.19999999999999993      -0.14193894306888050     
 -0.59999999999999998      -0.19999999999999993        8.2272027470816703E-002
 -0.49999999999999994      -0.19999999999999993       0.27465113125393720     
 -0.39999999999999991      -0.19999999999999993       0.36297278332316080     
 -0.29999999999999993      -0.19999999999999993       0.31171613692402184     
 -0.19999999999999993      -0.19999999999999993       0.14269984905284680     
  -9.9999999999999978E-002 -0.19999999999999993       -8.4768939880142280E-002
   2.7755575615628914E-017 -0.19999999999999993      -0.28368921716761436     
  0.10000000000000009      -0.19999999999999993      -0.37560838149236669     
  0.20000000000000009      -0.19999999999999993      -0.32184716659677670     
  0.30000000000000016      -0.19999999999999993      -0.14714695365166544     
  0.40000000000000013      -0.19999999999999993        8.6495523657525372E-002
  0.50000000000000011      -0.19999999999999993       0.28465801833471077     
  0.60000000000000009      -0.19999999999999993       0.37731253684192195     
  0.70000000000000007      -0.19999999999999993       0.32311814587873128     
  0.80000000000000004      -0.19999999999999993       0.14900692034655949     
  0.90000000000000002      -0.19999999999999993       -8.4614768284331732E-002
   1.0000000000000000      -0.19999999999999993      -0.27829264145649107     
  -1.0000000000000000       -9.9999999999999978E-002  0.16505709214449005     
 -0.90000000000000002       -9.9999999999999978E-002  0.21376756847309014     
 -0.80000000000000004       -9.9999999999999978E-002  0.18308619528047493     
 -0.69999999999999996       -9.9999999999999978E-002   8.4319460924048448E-002
 -0.59999999999999998       -9.9999999999999978E-002  -4.7893039556356147E-002
 -0.49999999999999994       -9.9999999999999978E-002 -0.16156696025251110     
 -0.39999999999999991       -9.9999999999999978E-002 -0.21403542306294734     
 -0.29999999999999993       -9.9999999999999978E-002 -0.18419159522041190     
 -0.19999999999999993       -9.9999999999999978E-002  -8.4768939880142780E-002
  -9.9999999999999978E-002  -9.9999999999999978E-002   4.9340671004326764E-002
   2.7755575615628914E-017  -9.9999999999999978E-002  0.16687967067871470     
  0.10000000000000009       -9.9999999999999978E-002  0.22148244366090666     
  0.20000000000000009       -9.9999999999999978E-002  0.19017662054333237     
  0.30000000000000016       -9.9999999999999978E-002   8.7413048849037972E-002
  0.40000000000000013       -9.9999999999999978E-002  -5.0360254980962138E-002
  0.50000000000000011       -9.9999999999999978E-002 -0.16745321238431851     
  0.60000000000000009       -9.9999999999999978E-002 -0.22248891235187970     
  0.70000000000000007       -9.9999999999999978E-002 -0.19093035851826703     
  0.80000000000000004       -9.9999999999999978E-002  -8.8510664006898679E-002
  0.90000000000000002       -9.9999999999999978E-002   4.9248637989405250E-002
   1.0000000000000000       -9.9999999999999978E-002  0.16370503832870151     
  -1.0000000000000000        2.7755575615628914E-017  0.55517855089627877     
 -0.90000000000000002        2.7755575615628914E-017  0.71813917591017751     
 -0.80000000000000004        2.7755575615628914E-017  0.61439500104451761     
 -0.69999999999999996        2.7755575615628914E-017  0.28218061382012627     
 -0.59999999999999998        2.7755575615628914E-017 -0.16197340293587528     
 -0.49999999999999994        2.7755575615628914E-017 -0.54344489427609100     
 -0.39999999999999991        2.7755575615628914E-017 -0.71903302719419737     
 -0.29999999999999993        2.7755575615628914E-017 -0.61811193558155031     
 -0.19999999999999993        2.7755575615628914E-017 -0.28368921716761841     
  -9.9999999999999978E-002   2.7755575615628914E-017  0.16687967067871390     
   2.7755575615628914E-017   2.7755575615628914E-017  0.56132175300349640     
  0.10000000000000009        2.7755575615628914E-017  0.74405734986924721     
  0.20000000000000009        2.7755575615628914E-017  0.63819889212313818     
  0.30000000000000016        2.7755575615628914E-017  0.29253394801211030     
  0.40000000000000013        2.7755575615628914E-017 -0.17030232437058423     
  0.50000000000000011        2.7755575615628914E-017 -0.56324456945706980     
  0.60000000000000009        2.7755575615628914E-017 -0.74743575137363949     
  0.70000000000000007        2.7755575615628914E-017 -0.64072356117730866     
  0.80000000000000004        2.7755575615628914E-017 -0.29621982177668071     
  0.90000000000000002        2.7755575615628914E-017  0.16657244900657930     
   1.0000000000000000        2.7755575615628914E-017  0.55064364467730187     
  -1.0000000000000000       0.10000000000000009       0.73591042619915892     
 -0.90000000000000002       0.10000000000000009       0.95165594507906115     
 -0.80000000000000004       0.10000000000000009       0.81397466958659725     
 -0.69999999999999996       0.10000000000000009       0.37360964704820071     
 -0.59999999999999998       0.10000000000000009      -0.21496782666534839     
 -0.49999999999999994       0.10000000000000009      -0.72035869993755319     
 -0.39999999999999991       0.10000000000000009      -0.95283864237062099     
 -0.29999999999999993       0.10000000000000009      -0.81890126569998167     
 -0.19999999999999993       0.10000000000000009      -0.37560838149236858     
  -9.9999999999999978E-002  0.10000000000000009       0.22148244366090705     
   2.7755575615628914E-017  0.10000000000000009       0.74405734986924577     
  0.10000000000000009       0.10000000000000009       0.98600206839895554     
  0.20000000000000009       0.10000000000000009       0.84551403909980638     
  0.30000000000000016       0.10000000000000009       0.38731768673024097     
  0.40000000000000013       0.10000000000000009      -0.22601726146096485     
  0.50000000000000011       0.10000000000000009      -0.74660421205971383     
  0.60000000000000009       0.10000000000000009      -0.99047818695687917     
  0.70000000000000007       0.10000000000000009      -0.84885740032662604     
  0.80000000000000004       0.10000000000000009      -0.39220164158196735     
  0.90000000000000002       0.10000000000000009       0.22107591315766559     
   1.0000000000000000       0.10000000000000009       0.72990309073140114     
  -1.0000000000000000       0.20000000000000009       0.63120820108504205     
 -0.90000000000000002       0.20000000000000009       0.81606152474239002     
 -0.80000000000000004       0.20000000000000009       0.69784686125333739     
 -0.69999999999999996       0.20000000000000009       0.32013352930239414     
 -0.59999999999999998       0.20000000000000009      -0.18458057896038302     
 -0.49999999999999994       0.20000000000000009      -0.61787036003423246     
 -0.39999999999999991       0.20000000000000009      -0.81707436588517668     
 -0.29999999999999993       0.20000000000000009      -0.70207226739610218     
 -0.19999999999999993       0.20000000000000009      -0.32184716659677765     
  -9.9999999999999978E-002  0.20000000000000009       0.19017662054333018     
   2.7755575615628914E-017  0.20000000000000009       0.63819889212312764     
  0.10000000000000009       0.20000000000000009       0.84551403909980494     
  0.20000000000000009       0.20000000000000009       0.72488884232550865     
  0.30000000000000016       0.20000000000000009       0.33187958589611488     
  0.40000000000000013       0.20000000000000009      -0.19406472803606628     
  0.50000000000000011       0.20000000000000009      -0.64038198296118032     
  0.60000000000000009       0.20000000000000009      -0.84935176815094959     
  0.70000000000000007       0.20000000000000009      -0.72775415931728216     
  0.80000000000000004       0.20000000000000009      -0.33606732656837512     
  0.90000000000000002       0.20000000000000009       0.18982845204961657     
   1.0000000000000000       0.20000000000000009       0.62605842800208911     
  -1.0000000000000000       0.30000000000000016       0.28932624842413940     
 -0.90000000000000002       0.30000000000000016       0.37382578619615858     
 -0.80000000000000004       0.30000000000000016       0.31949625953154942     
 -0.69999999999999996       0.30000000000000016       0.14636232891962647     
 -0.59999999999999998       0.30000000000000016       -8.4838239623812428E-002
 -0.49999999999999994       0.30000000000000016      -0.28321406768710711     
 -0.39999999999999991       0.30000000000000016      -0.37428817476747506     
 -0.29999999999999993       0.30000000000000016      -0.32143275502434154     
 -0.19999999999999993       0.30000000000000016      -0.14714695365166450     
  -9.9999999999999978E-002  0.30000000000000016        8.7413048849038943E-002
   2.7755575615628914E-017  0.30000000000000016       0.29253394801211202     
  0.10000000000000009       0.30000000000000016       0.38731768673024231     
  0.20000000000000009       0.30000000000000016       0.33187958589611360     
  0.30000000000000016       0.30000000000000016       0.15173264255051308     
  0.40000000000000013       0.30000000000000016       -8.9193454221282581E-002
  0.50000000000000011       0.30000000000000016      -0.29353294548954034     
  0.60000000000000009       0.30000000000000016      -0.38907496410764464     
  0.70000000000000007       0.30000000000000016      -0.33319017698394338     
  0.80000000000000004       0.30000000000000016      -0.15365059025162431     
  0.90000000000000002       0.30000000000000016        8.7254073786205130E-002
   1.0000000000000000       0.30000000000000016       0.28696912060023688     
  -1.0000000000000000       0.40000000000000013      -0.16844225937466636     
 -0.90000000000000002       0.40000000000000013      -0.21814442122771979     
 -0.80000000000000004       0.40000000000000013      -0.18682926048167217     
 -0.69999999999999996       0.40000000000000013       -8.6036853430073709E-002
 -0.59999999999999998       0.40000000000000013        4.8882625653376498E-002
 -0.49999999999999994       0.40000000000000013       0.16488059470653402     
 -0.39999999999999991       0.40000000000000013       0.21841771038801552     
 -0.29999999999999993       0.40000000000000013       0.18795732159931808     
 -0.19999999999999993       0.40000000000000013        8.6495523657536239E-002
  -9.9999999999999978E-002  0.40000000000000013       -5.0360254980961874E-002
   2.7755575615628914E-017  0.40000000000000013      -0.17030232437058726     
  0.10000000000000009       0.40000000000000013      -0.22601726146096435     
  0.20000000000000009       0.40000000000000013      -0.19406472803608127     
  0.30000000000000016       0.40000000000000013       -8.9193454221281554E-002
  0.40000000000000013       0.40000000000000013        5.1400693602601730E-002
  0.50000000000000011       0.40000000000000013       0.17088757620208928     
  0.60000000000000009       0.40000000000000013       0.22704431435110398     
  0.70000000000000007       0.40000000000000013       0.19483383648515490     
  0.80000000000000004       0.40000000000000013        9.0313530307352050E-002
  0.90000000000000002       0.40000000000000013       -5.0266354145905183E-002
   1.0000000000000000       0.40000000000000013      -0.16706258274030425     
  -1.0000000000000000       0.50000000000000011      -0.55708029744179344     
 -0.90000000000000002       0.50000000000000011      -0.72059732077002114     
 -0.80000000000000004       0.50000000000000011      -0.61649664568919316     
 -0.69999999999999996       0.50000000000000011      -0.28314425398728515     
 -0.59999999999999998       0.50000000000000011       0.16253006167796782     
 -0.49999999999999994       0.50000000000000011       0.54530645910251729     
 -0.39999999999999991       0.50000000000000011       0.72149421922180290     
 -0.29999999999999993       0.50000000000000011       0.62022631013084539     
 -0.19999999999999993       0.50000000000000011       0.28465801833471188     
  -9.9999999999999978E-002  0.50000000000000011      -0.16745321238431776     
   2.7755575615628914E-017  0.50000000000000011      -0.56324456945707002     
  0.10000000000000009       0.50000000000000011      -0.74660421205971250     
  0.20000000000000009       0.50000000000000011      -0.64038198296118110     
  0.30000000000000016       0.50000000000000011      -0.29353294548953862     
  0.40000000000000013       0.50000000000000011       0.17088757620209136     
  0.50000000000000011       0.50000000000000011       0.56517395940609061     
  0.60000000000000009       0.50000000000000011       0.74999417189412443     
  0.70000000000000007       0.50000000000000011       0.64291527835142814     
  0.80000000000000004       0.50000000000000011       0.29723143268619756     
  0.90000000000000002       0.50000000000000011      -0.16714494310413250     
   1.0000000000000000       0.50000000000000011      -0.55252988349584842     
  -1.0000000000000000       0.60000000000000009      -0.73925182504536247     
 -0.90000000000000002       0.60000000000000009      -0.95597614331263303     
 -0.80000000000000004       0.60000000000000009      -0.81766923489206966     
 -0.69999999999999996       0.60000000000000009      -0.37530473006102005     
 -0.59999999999999998       0.60000000000000009       0.21594468233502812     
 -0.49999999999999994       0.60000000000000009       0.72362949125672515     
 -0.39999999999999991       0.60000000000000009       0.95716420423621396     
 -0.29999999999999993       0.60000000000000009       0.82261819917922518     
 -0.19999999999999993       0.60000000000000009       0.37731253684191957     
  -9.9999999999999978E-002  0.60000000000000009      -0.22248891235187793     
   2.7755575615628914E-017  0.60000000000000009      -0.74743575137363094     
  0.10000000000000009       0.60000000000000009      -0.99047818695687828     
  0.20000000000000009       0.60000000000000009      -0.84935176815095015     
  0.30000000000000016       0.60000000000000009      -0.38907496410764580     
  0.40000000000000013       0.60000000000000009       0.22704431435109482     
  0.50000000000000011       0.60000000000000009       0.74999417189412243     
  0.60000000000000009       0.60000000000000009       0.99497462309340190     
  0.70000000000000007       0.60000000000000009       0.85271030037988949     
  0.80000000000000004       0.60000000000000009       0.39398108912945445     
  0.90000000000000002       0.60000000000000009      -0.22208053808099285     
   1.0000000000000000       0.60000000000000009      -0.73321722481932505     
  -1.0000000000000000       0.70000000000000007      -0.63370519585051266     
 -0.90000000000000002       0.70000000000000007      -0.81928842303504112     
 -0.80000000000000004       0.70000000000000007      -0.70060527258441030     
 -0.69999999999999996       0.70000000000000007      -0.32139773460185322     
 -0.59999999999999998       0.70000000000000007       0.18531212233470118     
 -0.49999999999999994       0.70000000000000007       0.62031460029617758     
 -0.39999999999999991       0.70000000000000007       0.82030525991629055     
 -0.29999999999999993       0.70000000000000007       0.70484739225085224     
 -0.19999999999999993       0.70000000000000007       0.32311814587873000     
  -9.9999999999999978E-002  0.70000000000000007      -0.19093035851826731     
   2.7755575615628914E-017  0.70000000000000007      -0.64072356117731222     
  0.10000000000000009       0.70000000000000007      -0.84885740032662249     
  0.20000000000000009       0.70000000000000007      -0.72775415931728171     
  0.30000000000000016       0.70000000000000007      -0.33319017698394260     
  0.40000000000000013       0.70000000000000007       0.19483383648515876     
  0.50000000000000011       0.70000000000000007       0.64291527835142814     
  0.60000000000000009       0.70000000000000007       0.85271030037989193     
  0.70000000000000007       0.70000000000000007       0.73063079490443705     
  0.80000000000000004       0.70000000000000007       0.33739447465717659     
  0.90000000000000002       0.70000000000000007      -0.19058081628405982     
   1.0000000000000000       0.70000000000000007      -0.62853507054137436     
  -1.0000000000000000       0.80000000000000004      -0.29297175818440330     
 -0.90000000000000002       0.80000000000000004      -0.37853961448135631     
 -0.80000000000000004       0.80000000000000004      -0.32352778432401313     
 -0.69999999999999996       0.80000000000000004      -0.14821239594563632     
 -0.59999999999999998       0.80000000000000004        8.5903564898112850E-002
 -0.49999999999999994       0.80000000000000004       0.28678254093722400     
 -0.39999999999999991       0.80000000000000004       0.37900785832971651     
 -0.29999999999999993       0.80000000000000004       0.32548868436342593     
 -0.19999999999999993       0.80000000000000004       0.14900692034654311     
  -9.9999999999999978E-002  0.80000000000000004       -8.8510664006899123E-002
   2.7755575615628914E-017  0.80000000000000004      -0.29621982177667022     
  0.10000000000000009       0.80000000000000004      -0.39220164158196341     
  0.20000000000000009       0.80000000000000004      -0.33606732656835014     
  0.30000000000000016       0.80000000000000004      -0.15365059025162511     
  0.40000000000000013       0.80000000000000004        9.0313530307349177E-002
  0.50000000000000011       0.80000000000000004       0.29723143268619573     
  0.60000000000000009       0.80000000000000004       0.39398108912943675     
  0.70000000000000007       0.80000000000000004       0.33739447465717726     
  0.80000000000000004       0.80000000000000004       0.15559272889160888     
  0.90000000000000002       0.80000000000000004       -8.8349676165134630E-002
   1.0000000000000000       0.80000000000000004      -0.29058487781070330     
  -1.0000000000000000       0.90000000000000002       0.16475324238277506     
 -0.90000000000000002       0.90000000000000002       0.21337519922897524     
 -0.80000000000000004       0.90000000000000002       0.18275102040218905     
 -0.69999999999999996       0.90000000000000002        8.4166112634083287E-002
 -0.59999999999999998       0.90000000000000002       -4.7803720181048087E-002
 -0.49999999999999994       0.90000000000000002      -0.16126952811061246     
 -0.39999999999999991       0.90000000000000002      -0.21364257013115465     
 -0.29999999999999993       0.90000000000000002      -0.18385438686521435     
 -0.19999999999999993       0.90000000000000002       -8.4614768284332550E-002
  -9.9999999999999978E-002  0.90000000000000002        4.9248637989404133E-002
   2.7755575615628914E-017  0.90000000000000002       0.16657244900658003     
  0.10000000000000009       0.90000000000000002       0.22107591315766550     
  0.20000000000000009       0.90000000000000002       0.18982845204962240     
  0.30000000000000016       0.90000000000000002        8.7254073786204006E-002
  0.40000000000000013       0.90000000000000002       -5.0266354145904517E-002
  0.50000000000000011       0.90000000000000002      -0.16714494310413192     
  0.60000000000000009       0.90000000000000002      -0.22208053808099890     
  0.70000000000000007       0.90000000000000002      -0.19058081628405815     
  0.80000000000000004       0.90000000000000002       -8.8349676165138349E-002
  0.90000000000000002       0.90000000000000002        4.9156771555446420E-002
   1.0000000000000000       0.90000000000000002       0.16340366080816868     
  -1.0000000000000000        1.0000000000000000       0.54461730640435624     
 -0.90000000000000002        1.0000000000000000       0.70447796018712672     
 -0.80000000000000004        1.0000000000000000       0.60270735916789120     
 -0.69999999999999996        1.0000000000000000       0.27681273628371600     
 -0.59999999999999998        1.0000000000000000      -0.15889210545290300     
 -0.49999999999999994        1.0000000000000000      -0.53310686054448486     
 -0.39999999999999991        1.0000000000000000      -0.70535480801454009     
 -0.29999999999999993        1.0000000000000000      -0.60635358598125277     
 -0.19999999999999993        1.0000000000000000      -0.27829264145649352     
  -9.9999999999999978E-002   1.0000000000000000       0.16370503832869898     
   2.7755575615628914E-017   1.0000000000000000       0.55064364467730353     
  0.10000000000000009        1.0000000000000000       0.72990309073140125     
  0.20000000000000009        1.0000000000000000       0.62605842800209499     
  0.30000000000000016        1.0000000000000000       0.28696912060023611     
  0.40000000000000013        1.0000000000000000      -0.16706258274030469     
  0.50000000000000011        1.0000000000000000      -0.55252988349584531     
  0.60000000000000009        1.0000000000000000      -0.73321722481933171     
  0.70000000000000007        1.0000000000000000      -0.62853507054137325     
  0.80000000000000004        1.0000000000000000      -0.29058487781071557     
  0.90000000000000002        1.0000000000000000       0.16340366080816701     
   1.0000000000000000        1.0000000000000000       0.54016866760864179     
