  -1.0000000000000000       -1.0000000000000000       -4.9077956718142227E-004
 -0.90000000000000002       -1.0000000000000000        1.5248434324589906E-003
 -0.80000000000000004       -1.0000000000000000        2.9521366636501298E-003
 -0.69999999999999996       -1.0000000000000000        3.2667865863047598E-003
 -0.59999999999999998       -1.0000000000000000        2.3103865417918065E-003
 -0.49999999999999994       -1.0000000000000000        4.9354909084759662E-004
 -0.39999999999999991       -1.0000000000000000       -1.5387522613212969E-003
 -0.29999999999999993       -1.0000000000000000       -2.9614900143397345E-003
 -0.19999999999999993       -1.0000000000000000       -3.2794444150043072E-003
  -9.9999999999999978E-002  -1.0000000000000000       -2.3254590910664090E-003
   2.7755575615628914E-017  -1.0000000000000000       -5.1200747869271966E-004
  0.10000000000000009       -1.0000000000000000        1.5812733043480535E-003
  0.20000000000000009       -1.0000000000000000        3.0547410255004561E-003
  0.30000000000000016       -1.0000000000000000        3.3873338503001204E-003
  0.40000000000000013       -1.0000000000000000        2.3954604376462069E-003
  0.50000000000000011       -1.0000000000000000        5.1315809526195424E-004
  0.60000000000000009       -1.0000000000000000       -1.5951312948966311E-003
  0.70000000000000007       -1.0000000000000000       -3.0697985095783447E-003
  0.80000000000000004       -1.0000000000000000       -3.4013073137331672E-003
  0.90000000000000002       -1.0000000000000000       -2.4093154049042295E-003
   1.0000000000000000       -1.0000000000000000       -5.1993445063470989E-004
  -1.0000000000000000      -0.90000000000000002        1.5248434324589459E-003
 -0.90000000000000002      -0.90000000000000002       0.31891338684385323     
 -0.80000000000000004      -0.90000000000000002       0.51441334806090799     
 -0.69999999999999996      -0.90000000000000002       0.51655591216709140     
 -0.59999999999999998      -0.90000000000000002       0.31732518517880198     
 -0.49999999999999994      -0.90000000000000002        2.9007248673810479E-004
 -0.39999999999999991      -0.90000000000000002      -0.32126792912221169     
 -0.29999999999999993      -0.90000000000000002      -0.51635980985793584     
 -0.19999999999999993      -0.90000000000000002      -0.51878722885836681     
  -9.9999999999999978E-002 -0.90000000000000002      -0.31954395411488068     
   2.7755575615628914E-017 -0.90000000000000002       -1.8368007654762700E-003
  0.10000000000000009      -0.90000000000000002       0.33067041668727204     
  0.20000000000000009      -0.90000000000000002       0.53278942790381567     
  0.30000000000000016      -0.90000000000000002       0.53549318917838729     
  0.40000000000000013      -0.90000000000000002       0.32869428179196114     
  0.50000000000000011      -0.90000000000000002        4.8802258553404926E-004
  0.60000000000000009      -0.90000000000000002      -0.33303823821128464     
  0.70000000000000007      -0.90000000000000002      -0.53515633225347581     
  0.80000000000000004      -0.90000000000000002      -0.53799567294916972     
  0.90000000000000002      -0.90000000000000002      -0.33117954563685659     
   1.0000000000000000      -0.90000000000000002       -3.1203490421634131E-003
  -1.0000000000000000      -0.80000000000000004        2.9521366636392401E-003
 -0.90000000000000002      -0.80000000000000004       0.51441334806090866     
 -0.80000000000000004      -0.80000000000000004       0.82927143578820961     
 -0.69999999999999996      -0.80000000000000004       0.83242640976251869     
 -0.59999999999999998      -0.80000000000000004       0.51106722602420640     
 -0.49999999999999994      -0.80000000000000004       -1.8800218507506647E-005
 -0.39999999999999991      -0.80000000000000004      -0.51820864805087297     
 -0.29999999999999993      -0.80000000000000004      -0.83241106953139454     
 -0.19999999999999993      -0.80000000000000004      -0.83602359895975620     
  -9.9999999999999978E-002 -0.80000000000000004      -0.51464172826369425     
   2.7755575615628914E-017 -0.80000000000000004       -2.4651620493895930E-003
  0.10000000000000009      -0.80000000000000004       0.53337744769232920     
  0.20000000000000009      -0.80000000000000004       0.85889782380780122     
  0.30000000000000016      -0.80000000000000004       0.86294292943369544     
  0.40000000000000013      -0.80000000000000004       0.52937542205095045     
  0.50000000000000011      -0.80000000000000004        2.8204193695034784E-004
  0.60000000000000009      -0.80000000000000004      -0.53719428036325811     
  0.70000000000000007      -0.80000000000000004      -0.86271198657422776     
  0.80000000000000004      -0.80000000000000004      -0.86697749741767305     
  0.90000000000000002      -0.80000000000000004      -0.53338224972897619     
   1.0000000000000000      -0.80000000000000004       -4.5337796896026744E-003
  -1.0000000000000000      -0.69999999999999996        3.2667865863074534E-003
 -0.90000000000000002      -0.69999999999999996       0.51655591216709018     
 -0.80000000000000004      -0.69999999999999996       0.83242640976251447     
 -0.69999999999999996      -0.69999999999999996       0.83540973475546076     
 -0.59999999999999998      -0.69999999999999996       0.51271437886238769     
 -0.49999999999999994      -0.69999999999999996       -3.1764599313423503E-004
 -0.39999999999999991      -0.69999999999999996      -0.52036541059818997     
 -0.29999999999999993      -0.69999999999999996      -0.83557909199427460     
 -0.19999999999999993      -0.69999999999999996      -0.83902069900457499     
  -9.9999999999999978E-002 -0.69999999999999996      -0.51630105938128823     
   2.7755575615628914E-017 -0.69999999999999996       -2.1699463847644897E-003
  0.10000000000000009      -0.69999999999999996       0.53559886786922983     
  0.20000000000000009      -0.69999999999999996       0.86216724472353545     
  0.30000000000000016      -0.69999999999999996       0.86603514546268112     
  0.40000000000000013      -0.69999999999999996       0.53108018470916851     
  0.50000000000000011      -0.69999999999999996       -2.6879917860554185E-005
  0.60000000000000009      -0.69999999999999996      -0.53943005807175803     
  0.70000000000000007      -0.69999999999999996      -0.86599502308466758     
  0.80000000000000004      -0.69999999999999996      -0.87008529862324746     
  0.90000000000000002      -0.69999999999999996      -0.53510250397532710     
   1.0000000000000000      -0.69999999999999996       -4.2460934206314726E-003
  -1.0000000000000000      -0.59999999999999998        2.3103865418012612E-003
 -0.90000000000000002      -0.59999999999999998       0.31732518517880620     
 -0.80000000000000004      -0.59999999999999998       0.51106722602423083     
 -0.69999999999999996      -0.59999999999999998       0.51271437886239168     
 -0.59999999999999998      -0.59999999999999998       0.31448188640004321     
 -0.49999999999999994      -0.59999999999999998       -4.9510054330230012E-004
 -0.39999999999999991      -0.59999999999999998      -0.31966378042589899     
 -0.29999999999999993      -0.59999999999999998      -0.51300392015808494     
 -0.19999999999999993      -0.59999999999999998      -0.51493141605588599     
  -9.9999999999999978E-002 -0.59999999999999998      -0.31668249755131023     
   2.7755575615628914E-017 -0.59999999999999998       -1.0263082513765878E-003
  0.10000000000000009      -0.59999999999999998       0.32902332194652006     
  0.20000000000000009      -0.59999999999999998       0.52932831760355636     
  0.30000000000000016      -0.59999999999999998       0.53150957312426694     
  0.40000000000000013      -0.59999999999999998       0.32574545486181905     
  0.50000000000000011      -0.59999999999999998       -3.2785480901369055E-004
  0.60000000000000009      -0.59999999999999998      -0.33137531234525813     
  0.70000000000000007      -0.59999999999999998      -0.53167747832167833     
  0.80000000000000004      -0.59999999999999998      -0.53399639658913778     
  0.90000000000000002      -0.59999999999999998      -0.32821520174146757     
   1.0000000000000000      -0.59999999999999998       -2.3006141473734935E-003
  -1.0000000000000000      -0.49999999999999994        4.9354909084967785E-004
 -0.90000000000000002      -0.49999999999999994        2.9007248673849239E-004
 -0.80000000000000004      -0.49999999999999994       -1.8800218506297535E-005
 -0.69999999999999996      -0.49999999999999994       -3.1764599313467918E-004
 -0.59999999999999998      -0.49999999999999994       -4.9510054330166814E-004
 -0.49999999999999994      -0.49999999999999994       -4.8606012794736903E-004
 -0.39999999999999991      -0.49999999999999994       -2.8959466005400912E-004
 -0.29999999999999993      -0.49999999999999994        1.7075829550035901E-005
 -0.19999999999999993      -0.49999999999999994        3.1758194936246076E-004
  -9.9999999999999978E-002 -0.49999999999999994        4.9749326822139518E-004
   2.7755575615628914E-017 -0.49999999999999994        4.9558491491549415E-004
  0.10000000000000009      -0.49999999999999994        3.0055368535605615E-004
  0.20000000000000009      -0.49999999999999994       -1.6652602269805519E-005
  0.30000000000000016      -0.49999999999999994       -3.3006653067893283E-004
  0.40000000000000013      -0.49999999999999994       -5.1510928624920037E-004
  0.50000000000000011      -0.49999999999999994       -5.0432122556201000E-004
  0.60000000000000009      -0.49999999999999994       -3.0020089717671311E-004
  0.70000000000000007      -0.49999999999999994        1.8195819875358222E-005
  0.80000000000000004      -0.49999999999999994        3.2977469848081221E-004
  0.90000000000000002      -0.49999999999999994        5.1479738364524881E-004
   1.0000000000000000      -0.49999999999999994        4.9618609839003724E-004
  -1.0000000000000000      -0.39999999999999991       -1.5387522612870222E-003
 -0.90000000000000002      -0.39999999999999991      -0.32126792912220720     
 -0.80000000000000004      -0.39999999999999991      -0.51820864805085221     
 -0.69999999999999996      -0.39999999999999991      -0.52036541059819053     
 -0.59999999999999998      -0.39999999999999991      -0.31966378042587495     
 -0.49999999999999994      -0.39999999999999991       -2.8959466005609106E-004
 -0.39999999999999991      -0.39999999999999991       0.32363984092605935     
 -0.29999999999999993      -0.39999999999999991       0.52016948034064792     
 -0.19999999999999993      -0.39999999999999991       0.52261319052589417     
  -9.9999999999999978E-002 -0.39999999999999991       0.32189890681219635     
   2.7755575615628914E-017 -0.39999999999999991        1.8476837129789967E-003
  0.10000000000000009      -0.39999999999999991      -0.33311176016426264     
  0.20000000000000009      -0.39999999999999991      -0.53672032030590766     
  0.30000000000000016      -0.39999999999999991      -0.53944234212664677     
  0.40000000000000013      -0.39999999999999991      -0.33111665179646044     
  0.50000000000000011      -0.39999999999999991       -4.8890691676149939E-004
  0.60000000000000009      -0.39999999999999991       0.33549704981582096     
  0.70000000000000007      -0.39999999999999991       0.53910467961988828     
  0.80000000000000004      -0.39999999999999991       0.54196329107488650     
  0.90000000000000002      -0.39999999999999991       0.33362025387732153     
   1.0000000000000000      -0.39999999999999991        3.1406987914880100E-003
  -1.0000000000000000      -0.29999999999999993       -2.9614900143349566E-003
 -0.90000000000000002      -0.29999999999999993      -0.51635980985793484     
 -0.80000000000000004      -0.29999999999999993      -0.83241106953138932     
 -0.69999999999999996      -0.29999999999999993      -0.83557909199427660     
 -0.59999999999999998      -0.29999999999999993      -0.51300392015807805     
 -0.49999999999999994      -0.29999999999999993        1.7075829549925380E-005
 -0.39999999999999991      -0.29999999999999993       0.52016948034065169     
 -0.29999999999999993      -0.29999999999999993       0.83556258335582889     
 -0.19999999999999993      -0.29999999999999993       0.83918989968470159     
  -9.9999999999999978E-002 -0.29999999999999993       0.51659196405268082     
   2.7755575615628914E-017 -0.29999999999999993        2.4763255965490841E-003
  0.10000000000000009      -0.29999999999999993      -0.53539566752226431     
  0.20000000000000009      -0.29999999999999993      -0.86214961307139215     
  0.30000000000000016      -0.29999999999999993      -0.86621119098768529     
  0.40000000000000013      -0.29999999999999993      -0.53138150364730496     
  0.50000000000000011      -0.29999999999999993       -2.8497273507173301E-004
  0.60000000000000009      -0.29999999999999993       0.53922695179580438     
  0.70000000000000007      -0.29999999999999993       0.86597822171543992     
  0.80000000000000004      -0.29999999999999993       0.87026103249890163     
  0.90000000000000002      -0.29999999999999993       0.53540349975360169     
   1.0000000000000000      -0.29999999999999993        4.5527772308629842E-003
  -1.0000000000000000      -0.19999999999999993       -3.2794444150017537E-003
 -0.90000000000000002      -0.19999999999999993      -0.51878722885836570     
 -0.80000000000000004      -0.19999999999999993      -0.83602359895975675     
 -0.69999999999999996      -0.19999999999999993      -0.83902069900457266     
 -0.59999999999999998      -0.19999999999999993      -0.51493141605588666     
 -0.49999999999999994      -0.19999999999999993        3.1758194936366911E-004
 -0.39999999999999991      -0.19999999999999993       0.52261319052590471     
 -0.29999999999999993      -0.19999999999999993       0.83918989968470270     
 -0.19999999999999993      -0.19999999999999993       0.84264726701785475     
  -9.9999999999999978E-002 -0.19999999999999993       0.51853360263531700     
   2.7755575615628914E-017 -0.19999999999999993        2.1807879417565820E-003
  0.10000000000000009      -0.19999999999999993      -0.53791244318123765     
  0.20000000000000009      -0.19999999999999993      -0.86589294554679941     
  0.30000000000000016      -0.19999999999999993      -0.86977848689380877     
  0.40000000000000013      -0.19999999999999993      -0.53337664450404310     
  0.50000000000000011      -0.19999999999999993        2.5505444667412027E-005
  0.60000000000000009      -0.19999999999999993       0.54176019005440534     
  0.70000000000000007      -0.19999999999999993       0.86973726933460116     
  0.80000000000000004      -0.19999999999999993       0.87384614098306124     
  0.90000000000000002      -0.19999999999999993       0.53741634435922758     
   1.0000000000000000      -0.19999999999999993        4.2659085050369841E-003
  -1.0000000000000000       -9.9999999999999978E-002  -2.3254590910699439E-003
 -0.90000000000000002       -9.9999999999999978E-002 -0.31954395411488196     
 -0.80000000000000004       -9.9999999999999978E-002 -0.51464172826369226     
 -0.69999999999999996       -9.9999999999999978E-002 -0.51630105938129067     
 -0.59999999999999998       -9.9999999999999978E-002 -0.31668249755131045     
 -0.49999999999999994       -9.9999999999999978E-002   4.9749326821996512E-004
 -0.39999999999999991       -9.9999999999999978E-002  0.32189890681219246     
 -0.29999999999999993       -9.9999999999999978E-002  0.51659196405268382     
 -0.19999999999999993       -9.9999999999999978E-002  0.51853360263531889     
  -9.9999999999999978E-002  -9.9999999999999978E-002  0.31889850528798069     
   2.7755575615628914E-017  -9.9999999999999978E-002   1.0345774190872851E-003
  0.10000000000000009       -9.9999999999999978E-002 -0.33132388587702932     
  0.20000000000000009       -9.9999999999999978E-002 -0.53303053521595312     
  0.30000000000000016       -9.9999999999999978E-002 -0.53522773665849310     
  0.40000000000000013       -9.9999999999999978E-002 -0.32802488871116103     
  0.50000000000000011       -9.9999999999999978E-002   3.2903759405709465E-004
  0.60000000000000009       -9.9999999999999978E-002  0.33369232712772851     
  0.70000000000000007       -9.9999999999999978E-002  0.53539612961742211     
  0.80000000000000004       -9.9999999999999978E-002  0.53773195259793904     
  0.90000000000000002       -9.9999999999999978E-002  0.33051190858666085     
   1.0000000000000000       -9.9999999999999978E-002   2.3177972535276103E-003
  -1.0000000000000000        2.7755575615628914E-017  -5.1200747870821313E-004
 -0.90000000000000002        2.7755575615628914E-017  -1.8368007654782597E-003
 -0.80000000000000004        2.7755575615628914E-017  -2.4651620494054870E-003
 -0.69999999999999996        2.7755575615628914E-017  -2.1699463847647902E-003
 -0.59999999999999998        2.7755575615628914E-017  -1.0263082513916344E-003
 -0.49999999999999994        2.7755575615628914E-017   4.9558491491382090E-004
 -0.39999999999999991        2.7755575615628914E-017   1.8476837129856531E-003
 -0.29999999999999993        2.7755575615628914E-017   2.4763255965533125E-003
 -0.19999999999999993        2.7755575615628914E-017   2.1807879417578822E-003
  -9.9999999999999978E-002   2.7755575615628914E-017   1.0345774190830305E-003
   2.7755575615628914E-017   2.7755575615628914E-017  -4.9785258886523827E-004
  0.10000000000000009        2.7755575615628914E-017  -1.9042988778015270E-003
  0.20000000000000009        2.7755575615628914E-017  -2.5561061421821535E-003
  0.30000000000000016        2.7755575615628914E-017  -2.2487051203708610E-003
  0.40000000000000013        2.7755575615628914E-017  -1.0607575113122266E-003
  0.50000000000000011        2.7755575615628914E-017   5.1330032584163900E-004
  0.60000000000000009        2.7755575615628914E-017   1.9153733644642942E-003
  0.70000000000000007        2.7755575615628914E-017   2.5659591419235203E-003
  0.80000000000000004        2.7755575615628914E-017   2.2610892948878194E-003
  0.90000000000000002        2.7755575615628914E-017   1.0730790581538333E-003
   1.0000000000000000        2.7755575615628914E-017  -4.9226947413878177E-004
  -1.0000000000000000       0.10000000000000009        1.5812733043475860E-003
 -0.90000000000000002       0.10000000000000009       0.33067041668727276     
 -0.80000000000000004       0.10000000000000009       0.53337744769232764     
 -0.69999999999999996       0.10000000000000009       0.53559886786923061     
 -0.59999999999999998       0.10000000000000009       0.32902332194651895     
 -0.49999999999999994       0.10000000000000009        3.0055368535608401E-004
 -0.39999999999999991       0.10000000000000009      -0.33311176016426275     
 -0.29999999999999993       0.10000000000000009      -0.53539566752226453     
 -0.19999999999999993       0.10000000000000009      -0.53791244318123643     
  -9.9999999999999978E-002  0.10000000000000009      -0.33132388587702805     
   2.7755575615628914E-017  0.10000000000000009       -1.9042988778029714E-003
  0.10000000000000009       0.10000000000000009       0.34286087997493631     
  0.20000000000000009       0.10000000000000009       0.55243097193816570     
  0.30000000000000016       0.10000000000000009       0.55523427172377360     
  0.40000000000000013       0.10000000000000009       0.34081153732016628     
  0.50000000000000011       0.10000000000000009        5.0579335187091125E-004
  0.60000000000000009       0.10000000000000009      -0.34531599224099779     
  0.70000000000000007       0.10000000000000009      -0.55488513271468221     
  0.80000000000000004       0.10000000000000009      -0.55782901093873172     
  0.90000000000000002       0.10000000000000009      -0.34338842179856549     
   1.0000000000000000       0.10000000000000009       -3.2351653973151586E-003
  -1.0000000000000000       0.20000000000000009        3.0547410254832047E-003
 -0.90000000000000002       0.20000000000000009       0.53278942790381434     
 -0.80000000000000004       0.20000000000000009       0.85889782380777913     
 -0.69999999999999996       0.20000000000000009       0.86216724472353845     
 -0.59999999999999998       0.20000000000000009       0.52932831760354659     
 -0.49999999999999994       0.20000000000000009       -1.6652602268724112E-005
 -0.39999999999999991       0.20000000000000009      -0.53672032030589523     
 -0.29999999999999993       0.20000000000000009      -0.86214961307139482     
 -0.19999999999999993       0.20000000000000009      -0.86589294554678464     
  -9.9999999999999978E-002  0.20000000000000009      -0.53303053521595622     
   2.7755575615628914E-017  0.20000000000000009       -2.5561061421902308E-003
  0.10000000000000009       0.20000000000000009       0.55243097193816781     
  0.20000000000000009       0.20000000000000009       0.88958262197787752     
  0.30000000000000016       0.20000000000000009       0.89377405959660461     
  0.40000000000000013       0.20000000000000009       0.54829070228665289     
  0.50000000000000011       0.20000000000000009        2.9504326126994409E-004
  0.60000000000000009       0.20000000000000009      -0.55638416556421022     
  0.70000000000000007       0.20000000000000009      -0.89353305722193144     
  0.80000000000000004       0.20000000000000009      -0.89795276353849973     
  0.90000000000000002       0.20000000000000009      -0.55244067476425807     
   1.0000000000000000       0.20000000000000009       -4.6986300153196974E-003
  -1.0000000000000000       0.30000000000000016        3.3873338502972868E-003
 -0.90000000000000002       0.30000000000000016       0.53549318917838584     
 -0.80000000000000004       0.30000000000000016       0.86294292943369266     
 -0.69999999999999996       0.30000000000000016       0.86603514546268012     
 -0.59999999999999998       0.30000000000000016       0.53150957312426439     
 -0.49999999999999994       0.30000000000000016       -3.3006653067736567E-004
 -0.39999999999999991       0.30000000000000016      -0.53944234212664965     
 -0.29999999999999993       0.30000000000000016      -0.86621119098768240     
 -0.19999999999999993       0.30000000000000016      -0.86977848689380854     
  -9.9999999999999978E-002  0.30000000000000016      -0.53522773665849011     
   2.7755575615628914E-017  0.30000000000000016       -2.2487051203690907E-003
  0.10000000000000009       0.30000000000000016       0.55523427172377471     
  0.20000000000000009       0.30000000000000016       0.89377405959660539     
  0.30000000000000016       0.30000000000000016       0.89778325645656454     
  0.40000000000000013       0.30000000000000016       0.55054863300608625     
  0.50000000000000011       0.30000000000000016       -2.8670192235342094E-005
  0.60000000000000009       0.30000000000000016      -0.55920591187842750     
  0.70000000000000007       0.30000000000000016      -0.89774216092627335     
  0.80000000000000004       0.30000000000000016      -0.90198188771647569     
  0.90000000000000002       0.30000000000000016      -0.55471841001931299     
   1.0000000000000000       0.30000000000000016       -4.4009622962501256E-003
  -1.0000000000000000       0.40000000000000013        2.3954604376485193E-003
 -0.90000000000000002       0.40000000000000013       0.32869428179196158     
 -0.80000000000000004       0.40000000000000013       0.52937542205097554     
 -0.69999999999999996       0.40000000000000013       0.53108018470916862     
 -0.59999999999999998       0.40000000000000013       0.32574545486183060     
 -0.49999999999999994       0.40000000000000013       -5.1510928624912177E-004
 -0.39999999999999991       0.40000000000000013      -0.33111665179646999     
 -0.29999999999999993       0.40000000000000013      -0.53138150364730929     
 -0.19999999999999993       0.40000000000000013      -0.53337664450404954     
  -9.9999999999999978E-002  0.40000000000000013      -0.32802488871116081     
   2.7755575615628914E-017  0.40000000000000013       -1.0607575113112430E-003
  0.10000000000000009       0.40000000000000013       0.34081153732016645     
  0.20000000000000009       0.40000000000000013       0.54829070228666088     
  0.30000000000000016       0.40000000000000013       0.55054863300608692     
  0.40000000000000013       0.40000000000000013       0.33741243171961099     
  0.50000000000000011       0.40000000000000013       -3.4195755902749844E-004
  0.60000000000000009       0.40000000000000013      -0.34324778286919444     
  0.70000000000000007       0.40000000000000013      -0.55072401123527148     
  0.80000000000000004       0.40000000000000013      -0.55312454487168916     
  0.90000000000000002       0.40000000000000013      -0.33997065535086268     
   1.0000000000000000       0.40000000000000013       -2.3807107225390337E-003
  -1.0000000000000000       0.50000000000000011        5.1315809526279082E-004
 -0.90000000000000002       0.50000000000000011        4.8802258553531762E-004
 -0.80000000000000004       0.50000000000000011        2.8204193695083931E-004
 -0.69999999999999996       0.50000000000000011       -2.6879917858430138E-005
 -0.59999999999999998       0.50000000000000011       -3.2785480901189663E-004
 -0.49999999999999994       0.50000000000000011       -5.0432122556166371E-004
 -0.39999999999999991       0.50000000000000011       -4.8890691675936839E-004
 -0.29999999999999993       0.50000000000000011       -2.8497273507393101E-004
 -0.19999999999999993       0.50000000000000011        2.5505444665923854E-005
  -9.9999999999999978E-002  0.50000000000000011        3.2903759405635653E-004
   2.7755575615628914E-017  0.50000000000000011        5.1330032584189097E-004
  0.10000000000000009       0.50000000000000011        5.0579335187151287E-004
  0.20000000000000009       0.50000000000000011        2.9504326127047123E-004
  0.30000000000000016       0.50000000000000011       -2.8670192233613801E-005
  0.40000000000000013       0.50000000000000011       -3.4195755902662473E-004
  0.50000000000000011       0.50000000000000011       -5.2315871468164125E-004
  0.60000000000000009       0.50000000000000011       -5.0681519209337179E-004
  0.70000000000000007       0.50000000000000011       -2.9482901032270545E-004
  0.80000000000000004       0.50000000000000011        2.6900319943659406E-005
  0.90000000000000002       0.50000000000000011        3.4017694789609113E-004
   1.0000000000000000       0.50000000000000011        5.1317201875992493E-004
  -1.0000000000000000       0.60000000000000009       -1.5951312948832661E-003
 -0.90000000000000002       0.60000000000000009      -0.33303823821128092     
 -0.80000000000000004       0.60000000000000009      -0.53719428036321992     
 -0.69999999999999996       0.60000000000000009      -0.53943005807175881     
 -0.59999999999999998       0.60000000000000009      -0.33137531234523732     
 -0.49999999999999994       0.60000000000000009       -3.0020089717616401E-004
 -0.39999999999999991       0.60000000000000009       0.33549704981580214     
 -0.29999999999999993       0.60000000000000009       0.53922695179579927     
 -0.19999999999999993       0.60000000000000009       0.54176019005438114     
  -9.9999999999999978E-002  0.60000000000000009       0.33369232712773073     
   2.7755575615628914E-017  0.60000000000000009        1.9153733644710128E-003
  0.10000000000000009       0.60000000000000009      -0.34531599224099707     
  0.20000000000000009       0.60000000000000009      -0.55638416556419568     
  0.30000000000000016       0.60000000000000009      -0.55920591187842583     
  0.40000000000000013       0.60000000000000009      -0.34324778286918251     
  0.50000000000000011       0.60000000000000009       -5.0681519209285039E-004
  0.60000000000000009       0.60000000000000009       0.34778867192137197     
  0.70000000000000007       0.60000000000000009       0.55885588078053727     
  0.80000000000000004       0.60000000000000009       0.56181922096403625     
  0.90000000000000002       0.60000000000000009       0.34584310954675068     
   1.0000000000000000       0.60000000000000009        3.2557609603040805E-003
  -1.0000000000000000       0.70000000000000007       -3.0697985095752105E-003
 -0.90000000000000002       0.70000000000000007      -0.53515633225347403     
 -0.80000000000000004       0.70000000000000007      -0.86271198657422898     
 -0.69999999999999996       0.70000000000000007      -0.86599502308466503     
 -0.59999999999999998       0.70000000000000007      -0.53167747832167744     
 -0.49999999999999994       0.70000000000000007        1.8195819874339224E-005
 -0.39999999999999991       0.70000000000000007       0.53910467961988973     
 -0.29999999999999993       0.70000000000000007       0.86597822171543593     
 -0.19999999999999993       0.70000000000000007       0.86973726933460549     
  -9.9999999999999978E-002  0.70000000000000007       0.53539612961741756     
   2.7755575615628914E-017  0.70000000000000007        2.5659591419217708E-003
  0.10000000000000009       0.70000000000000007      -0.55488513271468110     
  0.20000000000000009       0.70000000000000007      -0.89353305722193355     
  0.30000000000000016       0.70000000000000007      -0.89774216092626946     
  0.40000000000000013       0.70000000000000007      -0.55072401123527026     
  0.50000000000000011       0.70000000000000007       -2.9482901032001934E-004
  0.60000000000000009       0.70000000000000007       0.55885588078054127     
  0.70000000000000007       0.70000000000000007       0.89750103103798706     
  0.80000000000000004       0.70000000000000007       0.90193942267813665     
  0.90000000000000002       0.70000000000000007       0.55489241399074463     
   1.0000000000000000       0.70000000000000007        4.7179959488930900E-003
  -1.0000000000000000       0.80000000000000004       -3.4013073137186358E-003
 -0.90000000000000002       0.80000000000000004      -0.53799567294916961     
 -0.80000000000000004       0.80000000000000004      -0.86697749741768004     
 -0.69999999999999996       0.80000000000000004      -0.87008529862325057     
 -0.59999999999999998       0.80000000000000004      -0.53399639658913367     
 -0.49999999999999994       0.80000000000000004        3.2977469848008678E-004
 -0.39999999999999991       0.80000000000000004       0.54196329107489150     
 -0.29999999999999993       0.80000000000000004       0.87026103249890918     
 -0.19999999999999993       0.80000000000000004       0.87384614098305946     
  -9.9999999999999978E-002  0.80000000000000004       0.53773195259794226     
   2.7755575615628914E-017  0.80000000000000004        2.2610892948853245E-003
  0.10000000000000009       0.80000000000000004      -0.55782901093873460     
  0.20000000000000009       0.80000000000000004      -0.89795276353851239     
  0.30000000000000016       0.80000000000000004      -0.90198188771647869     
  0.40000000000000013       0.80000000000000004      -0.55312454487167884     
  0.50000000000000011       0.80000000000000004        2.6900319944857463E-005
  0.60000000000000009       0.80000000000000004       0.56181922096405679     
  0.70000000000000007       0.80000000000000004       0.90193942267813765     
  0.80000000000000004       0.80000000000000004       0.90620014764412238     
  0.90000000000000002       0.80000000000000004       0.55731381557412674     
   1.0000000000000000       0.80000000000000004        4.4234112206527031E-003
  -1.0000000000000000       0.90000000000000002       -2.4093154049061598E-003
 -0.90000000000000002       0.90000000000000002      -0.33117954563685559     
 -0.80000000000000004       0.90000000000000002      -0.53338224972897097     
 -0.69999999999999996       0.90000000000000002      -0.53510250397532599     
 -0.59999999999999998       0.90000000000000002      -0.32821520174146929     
 -0.49999999999999994       0.90000000000000002        5.1479738364315685E-004
 -0.39999999999999991       0.90000000000000002       0.33362025387731625     
 -0.29999999999999993       0.90000000000000002       0.53540349975359991     
 -0.19999999999999993       0.90000000000000002       0.53741634435922747     
  -9.9999999999999978E-002  0.90000000000000002       0.33051190858665774     
   2.7755575615628914E-017  0.90000000000000002        1.0730790581552655E-003
  0.10000000000000009       0.90000000000000002      -0.34338842179856460     
  0.20000000000000009       0.90000000000000002      -0.55244067476425318     
  0.30000000000000016       0.90000000000000002      -0.55471841001931155     
  0.40000000000000013       0.90000000000000002      -0.33997065535086135     
  0.50000000000000011       0.90000000000000002        3.4017694789657138E-004
  0.60000000000000009       0.90000000000000002       0.34584310954674785     
  0.70000000000000007       0.90000000000000002       0.55489241399074674     
  0.80000000000000004       0.90000000000000002       0.55731381557412363     
  0.90000000000000002       0.90000000000000002       0.34254823862008621     
   1.0000000000000000       0.90000000000000002        2.4030278291626616E-003
  -1.0000000000000000        1.0000000000000000       -5.1993445065548970E-004
 -0.90000000000000002        1.0000000000000000       -3.1203490421635042E-003
 -0.80000000000000004        1.0000000000000000       -4.5337796896147151E-003
 -0.69999999999999996        1.0000000000000000       -4.2460934206311786E-003
 -0.59999999999999998        1.0000000000000000       -2.3006141473937095E-003
 -0.49999999999999994        1.0000000000000000        4.9618609838767216E-004
 -0.39999999999999991        1.0000000000000000        3.1406987914857900E-003
 -0.29999999999999993        1.0000000000000000        4.5527772308679437E-003
 -0.19999999999999993        1.0000000000000000        4.2659085050394284E-003
  -9.9999999999999978E-002   1.0000000000000000        2.3177972535269493E-003
   2.7755575615628914E-017   1.0000000000000000       -4.9226947413309199E-004
  0.10000000000000009        1.0000000000000000       -3.2351653973156438E-003
  0.20000000000000009        1.0000000000000000       -4.6986300153081580E-003
  0.30000000000000016        1.0000000000000000       -4.4009622962509799E-003
  0.40000000000000013        1.0000000000000000       -2.3807107225396638E-003
  0.50000000000000011        1.0000000000000000        5.1317201876064148E-004
  0.60000000000000009        1.0000000000000000        3.2557609602920199E-003
  0.70000000000000007        1.0000000000000000        4.7179959488936269E-003
  0.80000000000000004        1.0000000000000000        4.4234112206539234E-003
  0.90000000000000002        1.0000000000000000        2.4030278291610275E-003
   1.0000000000000000        1.0000000000000000       -4.8152573638677253E-004
