  -1.0000000000000000       -1.0000000000000000       0.80650470443061950     
 -0.90000000000000002       -1.0000000000000000       0.84479708701425649     
 -0.80000000000000004       -1.0000000000000000       0.57101918230538140     
 -0.69999999999999996       -1.0000000000000000        8.6636497037227075E-002
 -0.59999999999999998       -1.0000000000000000      -0.43476539579353951     
 -0.49999999999999994       -1.0000000000000000      -0.79057969231392455     
 -0.39999999999999991       -1.0000000000000000      -0.84423726741261884     
 -0.29999999999999993       -1.0000000000000000      -0.57563906574802282     
 -0.19999999999999993       -1.0000000000000000       -8.7393588863402011E-002
  -9.9999999999999978E-002  -1.0000000000000000       0.45078863847361539     
   2.7755575615628914E-017  -1.0000000000000000       0.81824321432580283     
  0.10000000000000009       -1.0000000000000000       0.87504663422563644     
  0.20000000000000009       -1.0000000000000000       0.59496659260826235     
  0.30000000000000016       -1.0000000000000000        9.0031488444374974E-002
  0.40000000000000013       -1.0000000000000000      -0.45293475121232385     
  0.50000000000000011       -1.0000000000000000      -0.81950411479337648     
  0.60000000000000009       -1.0000000000000000      -0.87810043455796016     
  0.70000000000000007       -1.0000000000000000      -0.59653379400613715     
  0.80000000000000004       -1.0000000000000000       -9.3722709210621369E-002
  0.90000000000000002       -1.0000000000000000       0.44999864187327326     
   1.0000000000000000       -1.0000000000000000       0.80285544548246046     
  -1.0000000000000000      -0.90000000000000002       0.84479708701425116     
 -0.90000000000000002      -0.90000000000000002       0.88474698490601367     
 -0.80000000000000004      -0.90000000000000002       0.59787038546822191     
 -0.69999999999999996      -0.90000000000000002        9.0487593688107201E-002
 -0.59999999999999998      -0.90000000000000002      -0.45557035337493362     
 -0.49999999999999994      -0.90000000000000002      -0.82811731962249924     
 -0.39999999999999991      -0.90000000000000002      -0.88415905935586214     
 -0.29999999999999993      -0.90000000000000002      -0.60270827102358004     
 -0.19999999999999993      -0.90000000000000002       -9.1276964407074876E-002
  -9.9999999999999978E-002 -0.90000000000000002       0.47236119522920456     
   2.7755575615628914E-017 -0.90000000000000002       0.85709566754397459     
  0.10000000000000009      -0.90000000000000002       0.91642651799919927     
  0.20000000000000009      -0.90000000000000002       0.62294563336904518     
  0.30000000000000016      -0.90000000000000002        9.4034271363759525E-002
  0.40000000000000013      -0.90000000000000002      -0.47460666228639686     
  0.50000000000000011      -0.90000000000000002      -0.85841499312831671     
  0.60000000000000009      -0.90000000000000002      -0.91962314573849280     
  0.70000000000000007      -0.90000000000000002      -0.62458584312060683     
  0.80000000000000004      -0.90000000000000002       -9.7898956319797170E-002
  0.90000000000000002      -0.90000000000000002       0.47153329905775465     
   1.0000000000000000      -0.90000000000000002       0.84097770685864559     
  -1.0000000000000000      -0.80000000000000004       0.57101918230536142     
 -0.90000000000000002      -0.80000000000000004       0.59787038546822524     
 -0.80000000000000004      -0.80000000000000004       0.40386893247622307     
 -0.69999999999999996      -0.80000000000000004        6.0914601213748705E-002
 -0.59999999999999998      -0.80000000000000004      -0.30808500729663585     
 -0.49999999999999994      -0.80000000000000004      -0.55974619821110272     
 -0.39999999999999991      -0.80000000000000004      -0.59747154842558281     
 -0.29999999999999993      -0.80000000000000004      -0.40713770403291583     
 -0.19999999999999993      -0.80000000000000004       -6.1444687123786632E-002
  -9.9999999999999978E-002 -0.80000000000000004       0.31944080776201034     
   2.7755575615628914E-017 -0.80000000000000004       0.57933468146377198     
  0.10000000000000009      -0.80000000000000004       0.61927745478922391     
  0.20000000000000009      -0.80000000000000004       0.42080923413438298     
  0.30000000000000016      -0.80000000000000004        6.3302895217775879E-002
  0.40000000000000013      -0.80000000000000004      -0.32095616955438550     
  0.50000000000000011      -0.80000000000000004      -0.58022508225482661     
  0.60000000000000009      -0.80000000000000004      -0.62143608589862787     
  0.70000000000000007      -0.80000000000000004      -0.42191656648601211     
  0.80000000000000004      -0.80000000000000004       -6.5913434970924167E-002
  0.90000000000000002      -0.80000000000000004       0.31888084241979597     
   1.0000000000000000      -0.80000000000000004       0.56844054286202195     
  -1.0000000000000000      -0.69999999999999996        8.6636497037228727E-002
 -0.90000000000000002      -0.69999999999999996        9.0487593688107645E-002
 -0.80000000000000004      -0.69999999999999996        6.0914601213747199E-002
 -0.69999999999999996      -0.69999999999999996        8.8780618792957209E-003
 -0.59999999999999998      -0.69999999999999996       -4.6969004987378542E-002
 -0.49999999999999994      -0.69999999999999996       -8.4928011390490082E-002
 -0.39999999999999991      -0.69999999999999996       -9.0424963502643674E-002
 -0.29999999999999993      -0.69999999999999996       -6.1408678037710940E-002
 -0.19999999999999993      -0.69999999999999996       -8.9533990840181942E-003
  -9.9999999999999978E-002 -0.69999999999999996        4.8701406638320614E-002
   2.7755575615628914E-017 -0.69999999999999996        8.7901938150128742E-002
  0.10000000000000009      -0.69999999999999996        9.3726862855857129E-002
  0.20000000000000009      -0.69999999999999996        6.3472100081689548E-002
  0.30000000000000016      -0.69999999999999996        9.2272289835300600E-003
  0.40000000000000013      -0.69999999999999996       -4.8927793874920092E-002
  0.50000000000000011      -0.69999999999999996       -8.8035031438523259E-002
  0.60000000000000009      -0.69999999999999996       -9.4051371261766645E-002
  0.70000000000000007      -0.69999999999999996       -6.3638162587972474E-002
  0.80000000000000004      -0.69999999999999996       -9.6208188943687004E-003
  0.90000000000000002      -0.69999999999999996        4.8615904677278429E-002
   1.0000000000000000      -0.69999999999999996        8.6249621270378871E-002
  -1.0000000000000000      -0.59999999999999998      -0.43476539579352352     
 -0.90000000000000002      -0.59999999999999998      -0.45557035337492724     
 -0.80000000000000004      -0.59999999999999998      -0.30808500729661709     
 -0.69999999999999996      -0.59999999999999998       -4.6969004987376502E-002
 -0.59999999999999998      -0.59999999999999998       0.23420601915539496     
 -0.49999999999999994      -0.59999999999999998       0.42617927051147420     
 -0.39999999999999991      -0.59999999999999998       0.45527011406017542     
 -0.29999999999999993      -0.59999999999999998       0.31057682824605726     
 -0.19999999999999993      -0.59999999999999998        4.7380845068956012E-002
  -9.9999999999999978E-002 -0.59999999999999998      -0.24283681822884881     
   2.7755575615628914E-017 -0.59999999999999998      -0.44109055044652407     
  0.10000000000000009      -0.59999999999999998      -0.47188340729559813     
  0.20000000000000009      -0.59999999999999998      -0.32100370768264552     
  0.30000000000000016      -0.59999999999999998       -4.8808777196568905E-002
  0.40000000000000013      -0.59999999999999998       0.24399630394528937     
  0.50000000000000011      -0.59999999999999998       0.44177172791545655     
  0.60000000000000009      -0.59999999999999998       0.47353182213150763     
  0.70000000000000007      -0.59999999999999998       0.32184996320264631     
  0.80000000000000004      -0.59999999999999998        5.0800431623188300E-002
  0.90000000000000002      -0.59999999999999998      -0.24241134770196357     
   1.0000000000000000      -0.59999999999999998      -0.43279499483389300     
  -1.0000000000000000      -0.49999999999999994      -0.79057969231392156     
 -0.90000000000000002      -0.49999999999999994      -0.82811731962250290     
 -0.80000000000000004      -0.49999999999999994      -0.55974619821109950     
 -0.69999999999999996      -0.49999999999999994       -8.4928011390491456E-002
 -0.59999999999999998      -0.49999999999999994       0.42617927051147081     
 -0.49999999999999994      -0.49999999999999994       0.77496911960112413     
 -0.39999999999999991      -0.49999999999999994       0.82756856693372061     
 -0.29999999999999993      -0.49999999999999994       0.56427487010831279     
 -0.19999999999999993      -0.49999999999999994        8.5670184585147760E-002
  -9.9999999999999978E-002 -0.49999999999999994      -0.44188606520100093     
   2.7755575615628914E-017 -0.49999999999999994      -0.80208639395530645     
  0.10000000000000009      -0.49999999999999994      -0.85776962059638351     
  0.20000000000000009      -0.49999999999999994      -0.58322082714429291     
  0.30000000000000016      -0.49999999999999994       -8.8256046455550477E-002
  0.40000000000000013      -0.49999999999999994       0.44398982293383105     
  0.50000000000000011      -0.49999999999999994       0.80332240920829878     
  0.60000000000000009      -0.49999999999999994       0.86076313970900253     
  0.70000000000000007      -0.49999999999999994       0.58475709489332495     
  0.80000000000000004      -0.49999999999999994        9.1874396566639510E-002
  0.90000000000000002      -0.49999999999999994      -0.44111167097516024     
   1.0000000000000000      -0.49999999999999994      -0.78700246414952912     
  -1.0000000000000000      -0.39999999999999991      -0.84423726741259131     
 -0.90000000000000002      -0.39999999999999991      -0.88415905935585160     
 -0.80000000000000004      -0.39999999999999991      -0.59747154842556682     
 -0.69999999999999996      -0.39999999999999991       -9.0424963502644062E-002
 -0.59999999999999998      -0.39999999999999991       0.45527011406017742     
 -0.49999999999999994      -0.39999999999999991       0.82756856693371894     
 -0.39999999999999991      -0.39999999999999991       0.88357150789152028     
 -0.29999999999999993      -0.39999999999999991       0.60230621437531950     
 -0.19999999999999993      -0.39999999999999991        9.1213773861007472E-002
  -9.9999999999999978E-002 -0.39999999999999991      -0.47204989854673718     
   2.7755575615628914E-017 -0.39999999999999991      -0.85652772585010128     
  0.10000000000000009      -0.39999999999999991      -0.91581753596321935     
  0.20000000000000009      -0.39999999999999991      -0.62253008653850594     
  0.30000000000000016      -0.39999999999999991       -9.3969194277385953E-002
  0.40000000000000013      -0.39999999999999991       0.47429385176228522     
  0.50000000000000011      -0.39999999999999991       0.85784616250432266     
  0.60000000000000009      -0.39999999999999991       0.91901202338975108     
  0.70000000000000007      -0.39999999999999991       0.62416919512782820     
  0.80000000000000004      -0.39999999999999991        9.7831300006013408E-002
  0.90000000000000002      -0.39999999999999991      -0.47122254701937299     
   1.0000000000000000      -0.39999999999999991      -0.84042045018877198     
  -1.0000000000000000      -0.29999999999999993      -0.57563906574801882     
 -0.90000000000000002      -0.29999999999999993      -0.60270827102358204     
 -0.80000000000000004      -0.29999999999999993      -0.40713770403291283     
 -0.69999999999999996      -0.29999999999999993       -6.1408678037710614E-002
 -0.59999999999999998      -0.29999999999999993       0.31057682824605853     
 -0.49999999999999994      -0.29999999999999993       0.56427487010831334     
 -0.39999999999999991      -0.29999999999999993       0.60230621437532317     
 -0.29999999999999993      -0.29999999999999993       0.41043292826601185     
 -0.19999999999999993      -0.29999999999999993        6.1943070051014910E-002
  -9.9999999999999978E-002 -0.29999999999999993      -0.32202447156686581     
   2.7755575615628914E-017 -0.29999999999999993      -0.58402182927522217     
  0.10000000000000009      -0.29999999999999993      -0.62428856577283287     
  0.20000000000000009      -0.29999999999999993      -0.42421510617684544     
  0.30000000000000016      -0.29999999999999993       -6.3816339747007012E-002
  0.40000000000000013      -0.29999999999999993       0.32355210555218744     
  0.50000000000000011      -0.29999999999999993       0.58491944075912572     
  0.60000000000000009      -0.29999999999999993       0.62646467173641129     
  0.70000000000000007      -0.29999999999999993       0.42533140413027365     
  0.80000000000000004      -0.29999999999999993        6.6448008796604272E-002
  0.90000000000000002      -0.29999999999999993      -0.32145997761964729     
   1.0000000000000000      -0.29999999999999993      -0.57303954869528595     
  -1.0000000000000000      -0.19999999999999993       -8.7393588863413488E-002
 -0.90000000000000002      -0.19999999999999993       -9.1276964407077416E-002
 -0.80000000000000004      -0.19999999999999993       -6.1444687123805776E-002
 -0.69999999999999996      -0.19999999999999993       -8.9533990840223072E-003
 -0.59999999999999998      -0.19999999999999993        4.7380845068932573E-002
 -0.49999999999999994      -0.19999999999999993        8.5670184585143680E-002
 -0.39999999999999991      -0.19999999999999993        9.1213773861005723E-002
 -0.29999999999999993      -0.19999999999999993        6.1943070051014099E-002
 -0.19999999999999993      -0.19999999999999993        9.0293640146181936E-003
  -9.9999999999999978E-002 -0.19999999999999993       -4.9128444144344086E-002
   2.7755575615628914E-017 -0.19999999999999993       -8.8670111463321891E-002
  0.10000000000000009      -0.19999999999999993       -9.4544487171004485E-002
  0.20000000000000009      -0.19999999999999993       -6.4024456822481646E-002
  0.30000000000000016      -0.19999999999999993       -9.3055361738245603E-003
  0.40000000000000013      -0.19999999999999993        4.9356787737095356E-002
  0.50000000000000011      -0.19999999999999993        8.8804355474535079E-002
  0.60000000000000009      -0.19999999999999993        9.4871812890037419E-002
  0.70000000000000007      -0.19999999999999993        6.4191958397325499E-002
  0.80000000000000004      -0.19999999999999993        9.7025501824224217E-003
  0.90000000000000002      -0.19999999999999993       -4.9042191578792083E-002
   1.0000000000000000      -0.19999999999999993       -8.7003358959784310E-002
  -1.0000000000000000       -9.9999999999999978E-002  0.45078863847360950     
 -0.90000000000000002       -9.9999999999999978E-002  0.47236119522920467     
 -0.80000000000000004       -9.9999999999999978E-002  0.31944080776200945     
 -0.69999999999999996       -9.9999999999999978E-002   4.8701406638320455E-002
 -0.59999999999999998       -9.9999999999999978E-002 -0.24283681822885009     
 -0.49999999999999994       -9.9999999999999978E-002 -0.44188606520100210     
 -0.39999999999999991       -9.9999999999999978E-002 -0.47204989854674151     
 -0.29999999999999993       -9.9999999999999978E-002 -0.32202447156686342     
 -0.19999999999999993       -9.9999999999999978E-002  -4.9128444144345654E-002
  -9.9999999999999978E-002  -9.9999999999999978E-002  0.25178566923611967     
   2.7755575615628914E-017  -9.9999999999999978E-002  0.45734689196842387     
  0.10000000000000009       -9.9999999999999978E-002  0.48927549784448487     
  0.20000000000000009       -9.9999999999999978E-002  0.33283567343110637     
  0.30000000000000016       -9.9999999999999978E-002   5.0609032885605483E-002
  0.40000000000000013       -9.9999999999999978E-002 -0.25298790089422285     
  0.50000000000000011       -9.9999999999999978E-002 -0.45805318166570386     
  0.60000000000000009       -9.9999999999999978E-002 -0.49098467612269875     
  0.70000000000000007       -9.9999999999999978E-002 -0.33371312490228916     
  0.80000000000000004       -9.9999999999999978E-002  -5.2674098882918144E-002
  0.90000000000000002       -9.9999999999999978E-002  0.25134452005474289     
   1.0000000000000000       -9.9999999999999978E-002  0.44874560220781645     
  -1.0000000000000000        2.7755575615628914E-017  0.81824321432576219     
 -0.90000000000000002        2.7755575615628914E-017  0.85709566754396926     
 -0.80000000000000004        2.7755575615628914E-017  0.57933468146375000     
 -0.69999999999999996        2.7755575615628914E-017   8.7901938150125855E-002
 -0.59999999999999998        2.7755575615628914E-017 -0.44109055044653694     
 -0.49999999999999994        2.7755575615628914E-017 -0.80208639395531489     
 -0.39999999999999991        2.7755575615628914E-017 -0.85652772585010539     
 -0.29999999999999993        2.7755575615628914E-017 -0.58402182927522162     
 -0.19999999999999993        2.7755575615628914E-017  -8.8670111463329523E-002
  -9.9999999999999978E-002   2.7755575615628914E-017  0.45734689196842587     
   2.7755575615628914E-017   2.7755575615628914E-017  0.83015252938107909     
  0.10000000000000009        2.7755575615628914E-017  0.88778559696946957     
  0.20000000000000009        2.7755575615628914E-017  0.60363079745225845     
  0.30000000000000016        2.7755575615628914E-017   9.1346504705131781E-002
  0.40000000000000013        2.7755575615628914E-017 -0.45952428426263681     
  0.50000000000000011        2.7755575615628914E-017 -0.83143180653089310     
  0.60000000000000009        2.7755575615628914E-017 -0.89088388156643328     
  0.70000000000000007        2.7755575615628914E-017 -0.60522083302791918     
  0.80000000000000004        2.7755575615628914E-017  -9.5091480948561721E-002
  0.90000000000000002        2.7755575615628914E-017  0.45654540380918113     
   1.0000000000000000        2.7755575615628914E-017  0.81454078774584604     
  -1.0000000000000000       0.10000000000000009       0.87504663422563167     
 -0.90000000000000002       0.10000000000000009       0.91642651799920105     
 -0.80000000000000004       0.10000000000000009       0.61927745478922180     
 -0.69999999999999996       0.10000000000000009        9.3726862855858628E-002
 -0.59999999999999998       0.10000000000000009      -0.47188340729559625     
 -0.49999999999999994       0.10000000000000009      -0.85776962059637962     
 -0.39999999999999991       0.10000000000000009      -0.91581753596322035     
 -0.29999999999999993       0.10000000000000009      -0.62428856577283165     
 -0.19999999999999993       0.10000000000000009       -9.4544487171006122E-002
  -9.9999999999999978E-002  0.10000000000000009       0.48927549784448576     
   2.7755575615628914E-017  0.10000000000000009       0.88778559696946691     
  0.10000000000000009       0.10000000000000009       0.94924037704358810     
  0.20000000000000009       0.10000000000000009       0.64525054077432153     
  0.30000000000000016       0.10000000000000009        9.7400506672354809E-002
  0.40000000000000013       0.10000000000000009      -0.49160136022774392     
  0.50000000000000011       0.10000000000000009      -0.88915215903895495     
  0.60000000000000009       0.10000000000000009      -0.95255145936795693     
  0.70000000000000007       0.10000000000000009      -0.64694947699495930     
  0.80000000000000004       0.10000000000000009      -0.10140356840573603     
  0.90000000000000002       0.10000000000000009       0.48841795608838223     
   1.0000000000000000       0.10000000000000009       0.87109050368016772     
  -1.0000000000000000       0.20000000000000009       0.59496659260823725     
 -0.90000000000000002       0.20000000000000009       0.62294563336904607     
 -0.80000000000000004       0.20000000000000009       0.42080923413438764     
 -0.69999999999999996       0.20000000000000009        6.3472100081692254E-002
 -0.59999999999999998       0.20000000000000009      -0.32100370768262454     
 -0.49999999999999994       0.20000000000000009      -0.58322082714429380     
 -0.39999999999999991       0.20000000000000009      -0.62253008653850395     
 -0.29999999999999993       0.20000000000000009      -0.42421510617684910     
 -0.19999999999999993       0.20000000000000009       -6.4024456822485268E-002
  -9.9999999999999978E-002  0.20000000000000009       0.33283567343110515     
   2.7755575615628914E-017  0.20000000000000009       0.60363079745224801     
  0.10000000000000009       0.20000000000000009       0.64525054077432065     
  0.20000000000000009       0.20000000000000009       0.43846007843986978     
  0.30000000000000016       0.20000000000000009        6.5960658081955892E-002
  0.40000000000000013       0.20000000000000009      -0.33441461418862689     
  0.50000000000000011       0.20000000000000009      -0.60455855560863225     
  0.60000000000000009       0.20000000000000009      -0.64749972420830959     
  0.70000000000000007       0.20000000000000009      -0.43961386538546487     
  0.80000000000000004       0.20000000000000009       -6.8680698239127994E-002
  0.90000000000000002       0.20000000000000009       0.33225222851075376     
   1.0000000000000000       0.20000000000000009       0.59227977583607583     
  -1.0000000000000000       0.30000000000000016        9.0031488444375293E-002
 -0.90000000000000002       0.30000000000000016        9.4034271363760830E-002
 -0.80000000000000004       0.30000000000000016        6.3302895217776975E-002
 -0.69999999999999996       0.30000000000000016        9.2272289835301207E-003
 -0.59999999999999998       0.30000000000000016       -4.8808777196568433E-002
 -0.49999999999999994       0.30000000000000016       -8.8256046455549256E-002
 -0.39999999999999991       0.30000000000000016       -9.3969194277383872E-002
 -0.29999999999999993       0.30000000000000016       -6.3816339747007872E-002
 -0.19999999999999993       0.30000000000000016       -9.3055361738229782E-003
  -9.9999999999999978E-002  0.30000000000000016        5.0609032885606399E-002
   2.7755575615628914E-017  0.30000000000000016        9.1346504705134599E-002
  0.10000000000000009       0.30000000000000016        9.7400506672355294E-002
  0.20000000000000009       0.30000000000000016        6.5960658081954684E-002
  0.30000000000000016       0.30000000000000016        9.5901246412813095E-003
  0.40000000000000013       0.30000000000000016       -5.0844303714722899E-002
  0.50000000000000011       0.30000000000000016       -9.1484820425781446E-002
  0.60000000000000009       0.30000000000000016       -9.7737741919831658E-002
  0.70000000000000007       0.30000000000000016       -6.6133234767401336E-002
  0.80000000000000004       0.30000000000000016       -9.9991466579958856E-003
  0.90000000000000002       0.30000000000000016        5.0520182269980264E-002
   1.0000000000000000       0.30000000000000016        8.9629437130631484E-002
  -1.0000000000000000       0.40000000000000013      -0.45293475121227605     
 -0.90000000000000002       0.40000000000000013      -0.47460666228638904     
 -0.80000000000000004       0.40000000000000013      -0.32095616955436396     
 -0.69999999999999996       0.40000000000000013       -4.8927793874915276E-002
 -0.59999999999999998       0.40000000000000013       0.24399630394531088     
 -0.49999999999999994       0.40000000000000013       0.44398982293383371     
 -0.39999999999999991       0.40000000000000013       0.47429385176229377     
 -0.29999999999999993       0.40000000000000013       0.32355210555218500     
 -0.19999999999999993       0.40000000000000013        4.9356787737109525E-002
  -9.9999999999999978E-002  0.40000000000000013      -0.25298790089422224     
   2.7755575615628914E-017  0.40000000000000013      -0.45952428426264463     
  0.10000000000000009       0.40000000000000013      -0.49160136022774314     
  0.20000000000000009       0.40000000000000013      -0.33441461418864360     
  0.30000000000000016       0.40000000000000013       -5.0844303714721956E-002
  0.40000000000000013       0.40000000000000013       0.25419580319336932     
  0.50000000000000011       0.40000000000000013       0.46023390640071588     
  0.60000000000000009       0.40000000000000013       0.49331863038967366     
  0.70000000000000007       0.40000000000000013       0.33529621383598696     
  0.80000000000000004       0.40000000000000013        5.2919163695009638E-002
  0.90000000000000002       0.40000000000000013      -0.25254464336181404     
   1.0000000000000000       0.40000000000000013      -0.45088205408173526     
  -1.0000000000000000       0.50000000000000011      -0.81950411479337226     
 -0.90000000000000002       0.50000000000000011      -0.85841499312831693     
 -0.80000000000000004       0.50000000000000011      -0.58022508225482905     
 -0.69999999999999996       0.50000000000000011       -8.8035031438523689E-002
 -0.59999999999999998       0.50000000000000011       0.44177172791545671     
 -0.49999999999999994       0.50000000000000011       0.80332240920829556     
 -0.39999999999999991       0.50000000000000011       0.85784616250432888     
 -0.29999999999999993       0.50000000000000011       0.58491944075912239     
 -0.19999999999999993       0.50000000000000011        8.8804355474536800E-002
  -9.9999999999999978E-002  0.50000000000000011      -0.45805318166570391     
   2.7755575615628914E-017  0.50000000000000011      -0.83143180653089188     
  0.10000000000000009       0.50000000000000011      -0.88915215903895306     
  0.20000000000000009       0.50000000000000011      -0.60455855560863314     
  0.30000000000000016       0.50000000000000011       -9.1484820425780253E-002
  0.40000000000000013       0.50000000000000011       0.46023390640071787     
  0.50000000000000011       0.50000000000000011       0.83271304204610042     
  0.60000000000000009       0.50000000000000011       0.89225519854919988     
  0.70000000000000007       0.50000000000000011       0.60615102878592941     
  0.80000000000000004       0.50000000000000011        9.5235551478013422E-002
  0.90000000000000002       0.50000000000000011      -0.45725045490469268     
   1.0000000000000000       0.50000000000000011      -0.81579601113445166     
  -1.0000000000000000       0.60000000000000009      -0.87810043455790798     
 -0.90000000000000002       0.60000000000000009      -0.91962314573848825     
 -0.80000000000000004       0.60000000000000009      -0.62143608589861010     
 -0.69999999999999996       0.60000000000000009       -9.4051371261766575E-002
 -0.59999999999999998       0.60000000000000009       0.47353182213150785     
 -0.49999999999999994       0.60000000000000009       0.86076313970900575     
 -0.39999999999999991       0.60000000000000009       0.91901202338974830     
 -0.29999999999999993       0.60000000000000009       0.62646467173641140     
 -0.19999999999999993       0.60000000000000009        9.4871812890036669E-002
  -9.9999999999999978E-002  0.60000000000000009      -0.49098467612269830     
   2.7755575615628914E-017  0.60000000000000009      -0.89088388156642373     
  0.10000000000000009       0.60000000000000009      -0.95255145936795727     
  0.20000000000000009       0.60000000000000009      -0.64749972420830892     
  0.30000000000000016       0.60000000000000009       -9.7737741919833310E-002
  0.40000000000000013       0.60000000000000009       0.49331863038966367     
  0.50000000000000011       0.60000000000000009       0.89225519854919688     
  0.60000000000000009       0.60000000000000009       0.95587407560200977     
  0.70000000000000007       0.60000000000000009       0.64920457567299861     
  0.80000000000000004       0.60000000000000009       0.10175475614755247     
  0.90000000000000002       0.60000000000000009      -0.49012413779493091     
   1.0000000000000000       0.60000000000000009      -0.87413052859513329     
  -1.0000000000000000       0.70000000000000007      -0.59653379400613393     
 -0.90000000000000002       0.70000000000000007      -0.62458584312060694     
 -0.80000000000000004       0.70000000000000007      -0.42191656648601200     
 -0.69999999999999996       0.70000000000000007       -6.3638162587973196E-002
 -0.59999999999999998       0.70000000000000007       0.32184996320264631     
 -0.49999999999999994       0.70000000000000007       0.58475709489332084     
 -0.39999999999999991       0.70000000000000007       0.62416919512783064     
 -0.29999999999999993       0.70000000000000007       0.42533140413027087     
 -0.19999999999999993       0.70000000000000007        6.4191958397323307E-002
  -9.9999999999999978E-002  0.70000000000000007      -0.33371312490228938     
   2.7755575615628914E-017  0.70000000000000007      -0.60522083302792151     
  0.10000000000000009       0.70000000000000007      -0.64694947699495697     
  0.20000000000000009       0.70000000000000007      -0.43961386538546199     
  0.30000000000000016       0.70000000000000007       -6.6133234767400823E-002
  0.40000000000000013       0.70000000000000007       0.33529621383599018     
  0.50000000000000011       0.70000000000000007       0.60615102878593063     
  0.60000000000000009       0.70000000000000007       0.64920457567299961     
  0.70000000000000007       0.70000000000000007       0.44077068550326381     
  0.80000000000000004       0.70000000000000007        6.8860432067894731E-002
  0.90000000000000002       0.70000000000000007      -0.33312814145794301     
   1.0000000000000000       0.70000000000000007      -0.59383991345691833     
  -1.0000000000000000       0.80000000000000004       -9.3722709210640062E-002
 -0.90000000000000002       0.80000000000000004       -9.7898956319800196E-002
 -0.80000000000000004       0.80000000000000004       -6.5913434970928497E-002
 -0.69999999999999996       0.80000000000000004       -9.6208188943738022E-003
 -0.59999999999999998       0.80000000000000004        5.0800431623162008E-002
 -0.49999999999999994       0.80000000000000004        9.1874396566636762E-002
 -0.39999999999999991       0.80000000000000004        9.7831300005993355E-002
 -0.29999999999999993       0.80000000000000004        6.6448008796606242E-002
 -0.19999999999999993       0.80000000000000004        9.7025501824095448E-003
  -9.9999999999999978E-002  0.80000000000000004       -5.2674098882918352E-002
   2.7755575615628914E-017  0.80000000000000004       -9.5091480948540821E-002
  0.10000000000000009       0.80000000000000004      -0.10140356840573170     
  0.20000000000000009       0.80000000000000004       -6.8680698239100821E-002
  0.30000000000000016       0.80000000000000004       -9.9991466579961320E-003
  0.40000000000000013       0.80000000000000004        5.2919163695000174E-002
  0.50000000000000011       0.80000000000000004        9.5235551478010716E-002
  0.60000000000000009       0.80000000000000004       0.10175475614752838     
  0.70000000000000007       0.80000000000000004        6.8860432067896049E-002
  0.80000000000000004       0.80000000000000004        1.0425042683977804E-002
  0.90000000000000002       0.80000000000000004       -5.2581628238352836E-002
   1.0000000000000000       0.80000000000000004       -9.3303991027403679E-002
  -1.0000000000000000       0.90000000000000002       0.44999864187327226     
 -0.90000000000000002       0.90000000000000002       0.47153329905775365     
 -0.80000000000000004       0.90000000000000002       0.31888084241979758     
 -0.69999999999999996       0.90000000000000002        4.8615904677278242E-002
 -0.59999999999999998       0.90000000000000002      -0.24241134770196462     
 -0.49999999999999994       0.90000000000000002      -0.44111167097515991     
 -0.39999999999999991       0.90000000000000002      -0.47122254701938143     
 -0.29999999999999993       0.90000000000000002      -0.32145997761964473     
 -0.19999999999999993       0.90000000000000002       -4.9042191578796288E-002
  -9.9999999999999978E-002  0.90000000000000002       0.25134452005474067     
   2.7755575615628914E-017  0.90000000000000002       0.45654540380918091     
  0.10000000000000009       0.90000000000000002       0.48841795608838179     
  0.20000000000000009       0.90000000000000002       0.33225222851075992     
  0.30000000000000016       0.90000000000000002        5.0520182269979647E-002
  0.40000000000000013       0.90000000000000002      -0.25254464336181426     
  0.50000000000000011       0.90000000000000002      -0.45725045490469157     
  0.60000000000000009       0.90000000000000002      -0.49012413779493691     
  0.70000000000000007       0.90000000000000002      -0.33312814145794178     
  0.80000000000000004       0.90000000000000002       -5.2581628238357526E-002
  0.90000000000000002       0.90000000000000002       0.25090414375610193     
   1.0000000000000000       0.90000000000000002       0.44795918785073441     
  -1.0000000000000000        1.0000000000000000       0.80285544548238907     
 -0.90000000000000002        1.0000000000000000       0.84097770685863815     
 -0.80000000000000004        1.0000000000000000       0.56844054286198997     
 -0.69999999999999996        1.0000000000000000        8.6249621270375984E-002
 -0.59999999999999998        1.0000000000000000      -0.43279499483390649     
 -0.49999999999999994        1.0000000000000000      -0.78700246414953279     
 -0.39999999999999991        1.0000000000000000      -0.84042045018877143     
 -0.29999999999999993        1.0000000000000000      -0.57303954869528240     
 -0.19999999999999993        1.0000000000000000       -8.7003358959788668E-002
  -9.9999999999999978E-002   1.0000000000000000       0.44874560220781357     
   2.7755575615628914E-017   1.0000000000000000       0.81454078774584227     
  0.10000000000000009        1.0000000000000000       0.87109050368016860     
  0.20000000000000009        1.0000000000000000       0.59227977583607838     
  0.30000000000000016        1.0000000000000000        8.9629437130631026E-002
  0.40000000000000013        1.0000000000000000      -0.45088205408172777     
  0.50000000000000011        1.0000000000000000      -0.81579601113444711     
  0.60000000000000009        1.0000000000000000      -0.87413052859513285     
  0.70000000000000007        1.0000000000000000      -0.59383991345691667     
  0.80000000000000004        1.0000000000000000       -9.3303991027425814E-002
  0.90000000000000002        1.0000000000000000       0.44795918785073263     
   1.0000000000000000        1.0000000000000000       0.79922263718451325     
