  -1.0000000000000000       -1.0000000000000000       0.31150491537118130     
 -0.90000000000000002       -1.0000000000000000       0.50641970302332795     
 -0.80000000000000004       -1.0000000000000000       0.51208245553157894     
 -0.69999999999999996       -1.0000000000000000       0.32661937773466587     
 -0.59999999999999998       -1.0000000000000000        1.2716897228970283E-002
 -0.49999999999999994       -1.0000000000000000      -0.30426205760244940     
 -0.39999999999999991       -1.0000000000000000      -0.50743987037332061     
 -0.29999999999999993       -1.0000000000000000      -0.51461168990118933     
 -0.19999999999999993       -1.0000000000000000      -0.32825187601773731     
  -9.9999999999999978E-002  -1.0000000000000000       -1.3150422301102829E-002
   2.7755575615628914E-017  -1.0000000000000000       0.31338146401990785     
  0.10000000000000009       -1.0000000000000000       0.52459212977966374     
  0.20000000000000009       -1.0000000000000000       0.53110663722986096     
  0.30000000000000016       -1.0000000000000000       0.33861386439884933     
  0.40000000000000013       -1.0000000000000000        1.1826843181391726E-002
  0.50000000000000011       -1.0000000000000000      -0.31543141660665402     
  0.60000000000000009       -1.0000000000000000      -0.52735300462519707     
  0.70000000000000007       -1.0000000000000000      -0.53364574650233065     
  0.80000000000000004       -1.0000000000000000      -0.34150149505177374     
  0.90000000000000002       -1.0000000000000000       -1.4749393787840735E-002
   1.0000000000000000       -1.0000000000000000       0.30755113323050082     
  -1.0000000000000000      -0.90000000000000002       0.50641970302332495     
 -0.90000000000000002      -0.90000000000000002       0.82283071210170056     
 -0.80000000000000004      -0.90000000000000002       0.83174979887287959     
 -0.69999999999999996      -0.90000000000000002       0.53023467887253439     
 -0.59999999999999998      -0.90000000000000002        2.0208450139032871E-002
 -0.49999999999999994      -0.90000000000000002      -0.49464751994308503     
 -0.39999999999999991      -0.90000000000000002      -0.82448664310449860     
 -0.29999999999999993      -0.90000000000000002      -0.83585882134032541     
 -0.19999999999999993      -0.90000000000000002      -0.53288389153792126     
  -9.9999999999999978E-002 -0.90000000000000002       -2.0903712111400963E-002
   2.7755575615628914E-017 -0.90000000000000002       0.50947709009060271     
  0.10000000000000009      -0.90000000000000002       0.85235753367718681     
  0.20000000000000009      -0.90000000000000002       0.86265107636965588     
  0.30000000000000016      -0.90000000000000002       0.54970647832858122     
  0.40000000000000013      -0.90000000000000002        1.8743717665766275E-002
  0.50000000000000011      -0.90000000000000002      -0.51280518359289118     
  0.60000000000000009      -0.90000000000000002      -0.85684215932624108     
  0.70000000000000007      -0.90000000000000002      -0.86677503804091438     
  0.80000000000000004      -0.90000000000000002      -0.55439778100125758     
  0.90000000000000002      -0.90000000000000002       -2.3492220995938857E-002
   1.0000000000000000      -0.90000000000000002       0.49999764097587357     
  -1.0000000000000000      -0.80000000000000004       0.51208245553155574     
 -0.90000000000000002      -0.80000000000000004       0.83174979887288070     
 -0.80000000000000004      -0.80000000000000004       0.84059504694318843     
 -0.69999999999999996      -0.80000000000000004       0.53570590885507863     
 -0.59999999999999998      -0.80000000000000004        2.0152760644536513E-002
 -0.49999999999999994      -0.80000000000000004      -0.50018025409243660     
 -0.39999999999999991      -0.80000000000000004      -0.83342268873651815     
 -0.29999999999999993      -0.80000000000000004      -0.84474832028571556     
 -0.19999999999999993      -0.80000000000000004      -0.53838185841076192     
  -9.9999999999999978E-002 -0.80000000000000004       -2.0850033705406036E-002
   2.7755575615628914E-017 -0.80000000000000004       0.51517804927242417     
  0.10000000000000009      -0.80000000000000004       0.86159683628609385     
  0.20000000000000009      -0.80000000000000004       0.87182570415273275     
  0.30000000000000016      -0.80000000000000004       0.55537858042248733     
  0.40000000000000013      -0.80000000000000004        1.8660910971524287E-002
  0.50000000000000011      -0.80000000000000004      -0.51854060219003129     
  0.60000000000000009      -0.80000000000000004      -0.86612932042886825     
  0.70000000000000007      -0.80000000000000004      -0.87599340955790284     
  0.80000000000000004      -0.80000000000000004      -0.56012042014928831     
  0.90000000000000002      -0.80000000000000004       -2.3460851420888742E-002
   1.0000000000000000      -0.80000000000000004       0.50559201786977515     
  -1.0000000000000000      -0.69999999999999996       0.32661937773466787     
 -0.90000000000000002      -0.69999999999999996       0.53023467887253473     
 -0.80000000000000004      -0.69999999999999996       0.53570590885507796     
 -0.69999999999999996      -0.69999999999999996       0.34123731357669618     
 -0.59999999999999998      -0.69999999999999996        1.2577279444407672E-002
 -0.49999999999999994      -0.69999999999999996      -0.31902943592751631     
 -0.39999999999999991      -0.69999999999999996      -0.53130016104629996     
 -0.29999999999999993      -0.69999999999999996      -0.53835330764117129     
 -0.19999999999999993      -0.69999999999999996      -0.34294126780725342     
  -9.9999999999999978E-002 -0.69999999999999996       -1.3016356952021827E-002
   2.7755575615628914E-017 -0.69999999999999996       0.32859777512423682     
  0.10000000000000009      -0.69999999999999996       0.54926211305916661     
  0.20000000000000009      -0.69999999999999996       0.55560975608537666     
  0.30000000000000016      -0.69999999999999996       0.35376848846675352     
  0.40000000000000013      -0.69999999999999996        1.1615190854044374E-002
  0.50000000000000011      -0.69999999999999996      -0.33073979165735140     
  0.60000000000000009      -0.69999999999999996      -0.55215080039901865     
  0.70000000000000007      -0.69999999999999996      -0.55826569776306778     
  0.80000000000000004      -0.69999999999999996      -0.35679106919075165     
  0.90000000000000002      -0.69999999999999996       -1.4675085553035729E-002
   1.0000000000000000      -0.69999999999999996       0.32248298406787157     
  -1.0000000000000000      -0.59999999999999998        1.2716897228983805E-002
 -0.90000000000000002      -0.59999999999999998        2.0208450139038325E-002
 -0.80000000000000004      -0.59999999999999998        2.0152760644562451E-002
 -0.69999999999999996      -0.59999999999999998        1.2577279444408895E-002
 -0.59999999999999998      -0.59999999999999998        5.3649865472237890E-005
 -0.49999999999999994      -0.59999999999999998       -1.2423887506588899E-002
 -0.39999999999999991      -0.59999999999999998       -2.0247523160836382E-002
 -0.29999999999999993      -0.59999999999999998       -2.0253211343047084E-002
 -0.19999999999999993      -0.59999999999999998       -1.2639154189397546E-002
  -9.9999999999999978E-002 -0.59999999999999998       -6.1822908502868644E-005
   2.7755575615628914E-017 -0.59999999999999998        1.2800148170185299E-002
  0.10000000000000009      -0.59999999999999998        2.0933875909150385E-002
  0.20000000000000009      -0.59999999999999998        2.0902703020107639E-002
  0.30000000000000016      -0.59999999999999998        1.3039077689285378E-002
  0.40000000000000013      -0.59999999999999998       -4.3382891861458260E-007
  0.50000000000000011      -0.59999999999999998       -1.2879282117729252E-002
  0.60000000000000009      -0.59999999999999998       -2.1042804102205052E-002
  0.70000000000000007      -0.59999999999999998       -2.1002442568245031E-002
  0.80000000000000004      -0.59999999999999998       -1.3153787961333738E-002
  0.90000000000000002      -0.59999999999999998       -1.1613247351794528E-004
   1.0000000000000000      -0.59999999999999998        1.2561165668676891E-002
  -1.0000000000000000      -0.49999999999999994      -0.30426205760244696     
 -0.90000000000000002      -0.49999999999999994      -0.49464751994308653     
 -0.80000000000000004      -0.49999999999999994      -0.50018025409243327     
 -0.69999999999999996      -0.49999999999999994      -0.31902943592751742     
 -0.59999999999999998      -0.49999999999999994       -1.2423887506588916E-002
 -0.49999999999999994      -0.49999999999999994       0.29718758949515434     
 -0.39999999999999991      -0.49999999999999994       0.49564398198863330     
 -0.29999999999999993      -0.49999999999999994       0.50265069687287356     
 -0.19999999999999993      -0.49999999999999994       0.32062400409827968     
  -9.9999999999999978E-002 -0.49999999999999994        1.2847387264238026E-002
   2.7755575615628914E-017 -0.49999999999999994      -0.30609493613223121     
  0.10000000000000009      -0.49999999999999994      -0.51239751072852213     
  0.20000000000000009      -0.49999999999999994      -0.51876225440915824     
  0.30000000000000016      -0.49999999999999994      -0.33074519660472518     
  0.40000000000000013      -0.49999999999999994       -1.1554630184147693E-002
  0.50000000000000011      -0.49999999999999994       0.30809725104290503     
  0.60000000000000009      -0.49999999999999994       0.51509421368211272     
  0.70000000000000007      -0.49999999999999994       0.52124234886975029     
  0.80000000000000004      -0.49999999999999994       0.33356570465406826     
  0.90000000000000002      -0.49999999999999994        1.4409243785838102E-002
   1.0000000000000000      -0.49999999999999994      -0.30040017297161770     
  -1.0000000000000000      -0.39999999999999991      -0.50743987037328053     
 -0.90000000000000002      -0.39999999999999991      -0.82448664310448705     
 -0.80000000000000004      -0.39999999999999991      -0.83342268873649139     
 -0.69999999999999996      -0.39999999999999991      -0.53130016104629851     
 -0.59999999999999998      -0.39999999999999991       -2.0247523160819573E-002
 -0.49999999999999994      -0.39999999999999991       0.49564398198863185     
 -0.39999999999999991      -0.39999999999999991       0.82614590093885987     
 -0.29999999999999993      -0.39999999999999991       0.83753997888597143     
 -0.19999999999999993      -0.39999999999999991       0.53395469375609428     
  -9.9999999999999978E-002 -0.39999999999999991        2.0944151992930041E-002
   2.7755575615628914E-017 -0.39999999999999991      -0.51050343982264512     
  0.10000000000000009      -0.39999999999999991      -0.85407288778322210     
  0.20000000000000009      -0.39999999999999991      -0.86438612212594490     
  0.30000000000000016      -0.39999999999999991      -0.55081108790049638     
  0.40000000000000013      -0.39999999999999991       -1.8779777626855881E-002
  0.50000000000000011      -0.39999999999999991       0.51383822165147308     
  0.60000000000000009      -0.39999999999999991       0.85856653426260521     
  0.70000000000000007      -0.39999999999999991       0.86851837755368677     
  0.80000000000000004      -0.39999999999999991       0.55551182987310710     
  0.90000000000000002      -0.39999999999999991        2.3537837004172103E-002
   1.0000000000000000      -0.39999999999999991      -0.50100489125594461     
  -1.0000000000000000      -0.29999999999999993      -0.51461168990118245     
 -0.90000000000000002      -0.29999999999999993      -0.83585882134032596     
 -0.80000000000000004      -0.29999999999999993      -0.84474832028570812     
 -0.69999999999999996      -0.29999999999999993      -0.53835330764117117     
 -0.59999999999999998      -0.29999999999999993       -2.0253211343042792E-002
 -0.49999999999999994      -0.29999999999999993       0.50265069687287212     
 -0.39999999999999991      -0.29999999999999993       0.83753997888597442     
 -0.29999999999999993      -0.29999999999999993       0.84892211264497364     
 -0.19999999999999993      -0.29999999999999993       0.54104248341578198     
  -9.9999999999999978E-002 -0.29999999999999993        2.0953946881953872E-002
   2.7755575615628914E-017 -0.29999999999999993      -0.51772256010660844     
  0.10000000000000009      -0.29999999999999993      -0.86585330901388979     
  0.20000000000000009      -0.29999999999999993      -0.87613328176831262     
  0.30000000000000016      -0.29999999999999993      -0.55812319950525613     
  0.40000000000000013      -0.29999999999999993       -1.8754028087945476E-002
  0.50000000000000011      -0.29999999999999993       0.52110172999367921     
  0.60000000000000009      -0.29999999999999993       0.87040818703275158     
  0.70000000000000007      -0.29999999999999993       0.88032157960235180     
  0.80000000000000004      -0.29999999999999993       0.56288846594128228     
  0.90000000000000002      -0.29999999999999993        2.3577681370418151E-002
   1.0000000000000000      -0.29999999999999993      -0.50808918408525161     
  -1.0000000000000000      -0.19999999999999993      -0.32825187601773781     
 -0.90000000000000002      -0.19999999999999993      -0.53288389153791904     
 -0.80000000000000004      -0.19999999999999993      -0.53838185841076813     
 -0.69999999999999996      -0.19999999999999993      -0.34294126780725243     
 -0.59999999999999998      -0.19999999999999993       -1.2639154189409779E-002
 -0.49999999999999994      -0.19999999999999993       0.32062400409827896     
 -0.39999999999999991      -0.19999999999999993       0.53395469375609939     
 -0.29999999999999993      -0.19999999999999993       0.54104248341578232     
 -0.19999999999999993      -0.19999999999999993       0.34465372860473292     
  -9.9999999999999978E-002 -0.19999999999999993        1.3080405824427052E-002
   2.7755575615628914E-017 -0.19999999999999993      -0.33024017589204180     
  0.10000000000000009      -0.19999999999999993      -0.55200639310981314     
  0.20000000000000009      -0.19999999999999993      -0.55838513174111459     
  0.30000000000000016      -0.19999999999999993      -0.35553501641788104     
  0.40000000000000013      -0.19999999999999993       -1.1672219213372262E-002
  0.50000000000000011      -0.19999999999999993       0.33239288890020963     
  0.60000000000000009      -0.19999999999999993       0.55490951054172144     
  0.70000000000000007      -0.19999999999999993       0.56105433987365094     
  0.80000000000000004      -0.19999999999999993       0.35857269773619804     
  0.90000000000000002      -0.19999999999999993        1.4747401927022166E-002
   1.0000000000000000      -0.19999999999999993      -0.32409482004402729     
  -1.0000000000000000       -9.9999999999999978E-002  -1.3150422301105672E-002
 -0.90000000000000002       -9.9999999999999978E-002  -2.0903712111402354E-002
 -0.80000000000000004       -9.9999999999999978E-002  -2.0850033705405658E-002
 -0.69999999999999996       -9.9999999999999978E-002  -1.3016356952023463E-002
 -0.59999999999999998       -9.9999999999999978E-002  -6.1822908505733702E-005
 -0.49999999999999994       -9.9999999999999978E-002   1.2847387264236997E-002
 -0.39999999999999991       -9.9999999999999978E-002   2.0944151992925372E-002
 -0.29999999999999993       -9.9999999999999978E-002   2.0953946881956072E-002
 -0.19999999999999993       -9.9999999999999978E-002   1.3080405824427148E-002
  -9.9999999999999978E-002  -9.9999999999999978E-002   7.0405413643989179E-005
   2.7755575615628914E-017  -9.9999999999999978E-002  -1.3236420702039460E-002
  0.10000000000000009       -9.9999999999999978E-002  -2.1654092066540797E-002
  0.20000000000000009       -9.9999999999999978E-002  -2.1625905653676135E-002
  0.30000000000000016       -9.9999999999999978E-002  -1.3494277921854441E-002
  0.40000000000000013       -9.9999999999999978E-002  -6.1374147769966826E-006
  0.50000000000000011       -9.9999999999999978E-002   1.3318314472716915E-002
  0.60000000000000009       -9.9999999999999978E-002   2.1766785299873581E-002
  0.70000000000000007       -9.9999999999999978E-002   2.1729099058770129E-002
  0.80000000000000004       -9.9999999999999978E-002   1.3612942113042051E-002
  0.90000000000000002       -9.9999999999999978E-002   1.2671502179332063E-004
   1.0000000000000000       -9.9999999999999978E-002  -1.2989304295612047E-002
  -1.0000000000000000        2.7755575615628914E-017  0.31338146401987754     
 -0.90000000000000002        2.7755575615628914E-017  0.50947709009059983     
 -0.80000000000000004        2.7755575615628914E-017  0.51517804927240018     
 -0.69999999999999996        2.7755575615628914E-017  0.32859777512423521     
 -0.59999999999999998        2.7755575615628914E-017   1.2800148170163946E-002
 -0.49999999999999994        2.7755575615628914E-017 -0.30609493613223548     
 -0.39999999999999991        2.7755575615628914E-017 -0.51050343982264434     
 -0.29999999999999993        2.7755575615628914E-017 -0.51772256010660667     
 -0.19999999999999993        2.7755575615628914E-017 -0.33024017589204524     
  -9.9999999999999978E-002   2.7755575615628914E-017  -1.3236420702042565E-002
   2.7755575615628914E-017   2.7755575615628914E-017  0.31526922247347072     
  0.10000000000000009        2.7755575615628914E-017  0.52775922474812431     
  0.20000000000000009        2.7755575615628914E-017  0.53431721631566287     
  0.30000000000000016        2.7755575615628914E-017  0.34066491585999020     
  0.40000000000000013        2.7755575615628914E-017   1.1904985566308302E-002
  0.50000000000000011        2.7755575615628914E-017 -0.31733158923047489     
  0.60000000000000009        2.7755575615628914E-017 -0.53053678544548100     
  0.70000000000000007        2.7755575615628914E-017 -0.53687167740795161     
  0.80000000000000004        2.7755575615628914E-017 -0.34356998728994104     
  0.90000000000000002        2.7755575615628914E-017  -1.4845181171649348E-002
   1.0000000000000000        2.7755575615628914E-017  0.30940378273392727     
  -1.0000000000000000       0.10000000000000009       0.52459212977966119     
 -0.90000000000000002       0.10000000000000009       0.85235753367718670     
 -0.80000000000000004       0.10000000000000009       0.86159683628609163     
 -0.69999999999999996       0.10000000000000009       0.54926211305916628     
 -0.59999999999999998       0.10000000000000009        2.0933875909152997E-002
 -0.49999999999999994       0.10000000000000009      -0.51239751072852002     
 -0.39999999999999991       0.10000000000000009      -0.85407288778322554     
 -0.29999999999999993       0.10000000000000009      -0.86585330901388902     
 -0.19999999999999993       0.10000000000000009      -0.55200639310981592     
  -9.9999999999999978E-002  0.10000000000000009       -2.1654092066541304E-002
   2.7755575615628914E-017  0.10000000000000009       0.52775922474812376     
  0.10000000000000009       0.10000000000000009       0.88294390864636374     
  0.20000000000000009       0.10000000000000009       0.89360699413209688     
  0.30000000000000016       0.10000000000000009       0.56943265671247423     
  0.40000000000000013       0.10000000000000009        1.9416592829683957E-002
  0.50000000000000011       0.10000000000000009      -0.53120674653761568     
  0.60000000000000009       0.10000000000000009      -0.88758946328570998     
  0.70000000000000007       0.10000000000000009      -0.89787894274526336     
  0.80000000000000004       0.10000000000000009      -0.57429230445260204     
  0.90000000000000002       0.10000000000000009       -2.4335493580669842E-002
   1.0000000000000000       0.10000000000000009       0.51793961446548342     
  -1.0000000000000000       0.20000000000000009       0.53110663722983431     
 -0.90000000000000002       0.20000000000000009       0.86265107636965277     
 -0.80000000000000004       0.20000000000000009       0.87182570415271710     
 -0.69999999999999996       0.20000000000000009       0.55560975608537755     
 -0.59999999999999998       0.20000000000000009        2.0902703020119779E-002
 -0.49999999999999994       0.20000000000000009      -0.51876225440916079     
 -0.39999999999999991       0.20000000000000009      -0.86438612212593480     
 -0.29999999999999993       0.20000000000000009      -0.87613328176831429     
 -0.19999999999999993       0.20000000000000009      -0.55838513174111293     
  -9.9999999999999978E-002  0.20000000000000009       -2.1625905653678973E-002
   2.7755575615628914E-017  0.20000000000000009       0.53431721631564977     
  0.10000000000000009       0.20000000000000009       0.89360699413209621     
  0.20000000000000009       0.20000000000000009       0.90421667172765141     
  0.30000000000000016       0.20000000000000009       0.57601335473929727     
  0.40000000000000013       0.20000000000000009        1.9355478030850741E-002
  0.50000000000000011       0.20000000000000009      -0.53780470242736977     
  0.60000000000000009       0.20000000000000009      -0.89830787305493964     
  0.70000000000000007       0.20000000000000009      -0.90853922047142799     
  0.80000000000000004       0.20000000000000009      -0.58093136528924438     
  0.90000000000000002       0.20000000000000009       -2.4333746625782079E-002
   1.0000000000000000       0.20000000000000009       0.52437506049051630     
  -1.0000000000000000       0.30000000000000016       0.33861386439884522     
 -0.90000000000000002       0.30000000000000016       0.54970647832858088     
 -0.80000000000000004       0.30000000000000016       0.55537858042248567     
 -0.69999999999999996       0.30000000000000016       0.35376848846675357     
 -0.59999999999999998       0.30000000000000016        1.3039077689285240E-002
 -0.49999999999999994       0.30000000000000016      -0.33074519660472407     
 -0.39999999999999991       0.30000000000000016      -0.55081108790049482     
 -0.29999999999999993       0.30000000000000016      -0.55812319950525668     
 -0.19999999999999993       0.30000000000000016      -0.35553501641788121     
  -9.9999999999999978E-002  0.30000000000000016       -1.3494277921852808E-002
   2.7755575615628914E-017  0.30000000000000016       0.34066491585999259     
  0.10000000000000009       0.30000000000000016       0.56943265671247523     
  0.20000000000000009       0.30000000000000016       0.57601335473929660     
  0.30000000000000016       0.30000000000000016       0.36675984263305794     
  0.40000000000000013       0.30000000000000016        1.2041655187690443E-002
  0.50000000000000011       0.30000000000000016      -0.34288559318056666     
  0.60000000000000009       0.30000000000000016      -0.57242742506246524     
  0.70000000000000007       0.30000000000000016      -0.57876683026233966     
  0.80000000000000004       0.30000000000000016      -0.36989342145632553     
  0.90000000000000002       0.30000000000000016       -1.5213918344165444E-002
   1.0000000000000000       0.30000000000000016       0.33432557035761357     
  -1.0000000000000000       0.40000000000000013        1.1826843181416590E-002
 -0.90000000000000002       0.40000000000000013        1.8743717665771691E-002
 -0.80000000000000004       0.40000000000000013        1.8660910971549646E-002
 -0.69999999999999996       0.40000000000000013        1.1615190854047931E-002
 -0.59999999999999998       0.40000000000000013       -4.3382890013668591E-007
 -0.49999999999999994       0.40000000000000013       -1.1554630184147093E-002
 -0.39999999999999991       0.40000000000000013       -1.8779777626857463E-002
 -0.29999999999999993       0.40000000000000013       -1.8754028087951184E-002
 -0.19999999999999993       0.40000000000000013       -1.1672219213367084E-002
  -9.9999999999999978E-002  0.40000000000000013       -6.1374147768219084E-006
   2.7755575615628914E-017  0.40000000000000013        1.1904985566307839E-002
  0.10000000000000009       0.40000000000000013        1.9416592829683648E-002
  0.20000000000000009       0.40000000000000013        1.9355478030841287E-002
  0.30000000000000016       0.40000000000000013        1.2041655187692291E-002
  0.40000000000000013       0.40000000000000013       -5.2651066613282755E-005
  0.50000000000000011       0.40000000000000013       -1.1978088639983040E-002
  0.60000000000000009       0.40000000000000013       -1.9517488267141541E-002
  0.70000000000000007       0.40000000000000013       -1.9447813323895651E-002
  0.80000000000000004       0.40000000000000013       -1.2147993690294243E-002
  0.90000000000000002       0.40000000000000013       -5.5460101144186641E-005
   1.0000000000000000       0.40000000000000013        1.1682625120200251E-002
  -1.0000000000000000       0.50000000000000011      -0.31543141660664997     
 -0.90000000000000002       0.50000000000000011      -0.51280518359289018     
 -0.80000000000000004       0.50000000000000011      -0.51854060219003173     
 -0.69999999999999996       0.50000000000000011      -0.33073979165735040     
 -0.59999999999999998       0.50000000000000011       -1.2879282117727951E-002
 -0.49999999999999994       0.50000000000000011       0.30809725104290370     
 -0.39999999999999991       0.50000000000000011       0.51383822165147586     
 -0.29999999999999993       0.50000000000000011       0.52110172999367610     
 -0.19999999999999993       0.50000000000000011       0.33239288890021201     
  -9.9999999999999978E-002  0.50000000000000011        1.3318314472717028E-002
   2.7755575615628914E-017  0.50000000000000011      -0.31733158923047428     
  0.10000000000000009       0.50000000000000011      -0.53120674653761457     
  0.20000000000000009       0.50000000000000011      -0.53780470242737066     
  0.30000000000000016       0.50000000000000011      -0.34288559318056477     
  0.40000000000000013       0.50000000000000011       -1.1978088639982176E-002
  0.50000000000000011       0.50000000000000011       0.31940740178433658     
  0.60000000000000009       0.50000000000000011       0.53400243901977673     
  0.70000000000000007       0.50000000000000011       0.54037583459693472     
  0.80000000000000004       0.50000000000000011       0.34580963649367191     
  0.90000000000000002       0.50000000000000011        1.4937490139289576E-002
   1.0000000000000000       0.50000000000000011      -0.31142777179295705     
  -1.0000000000000000       0.60000000000000009      -0.52735300462515167     
 -0.90000000000000002       0.60000000000000009      -0.85684215932623420     
 -0.80000000000000004       0.60000000000000009      -0.86612932042883317     
 -0.69999999999999996       0.60000000000000009      -0.55215080039901809     
 -0.59999999999999998       0.60000000000000009       -2.1042804102196652E-002
 -0.49999999999999994       0.60000000000000009       0.51509421368211405     
 -0.39999999999999991       0.60000000000000009       0.85856653426259455     
 -0.29999999999999993       0.60000000000000009       0.87040818703275136     
 -0.19999999999999993       0.60000000000000009       0.55490951054171533     
  -9.9999999999999978E-002  0.60000000000000009        2.1766785299876478E-002
   2.7755575615628914E-017  0.60000000000000009      -0.53053678544547012     
  0.10000000000000009       0.60000000000000009      -0.88758946328570909     
  0.20000000000000009       0.60000000000000009      -0.89830787305493809     
  0.30000000000000016       0.60000000000000009      -0.57242742506246524     
  0.40000000000000013       0.60000000000000009       -1.9517488267145455E-002
  0.50000000000000011       0.60000000000000009       0.53400243901977473     
  0.60000000000000009       0.60000000000000009       0.89225945690008113     
  0.70000000000000007       0.60000000000000009       0.90260229404881787     
  0.80000000000000004       0.60000000000000009       0.57731264015536687     
  0.90000000000000002       0.60000000000000009        2.4462269362572953E-002
   1.0000000000000000       0.60000000000000009      -0.52066549297449216     
  -1.0000000000000000       0.70000000000000007      -0.53364574650232632     
 -0.90000000000000002       0.70000000000000007      -0.86677503804091183     
 -0.80000000000000004       0.70000000000000007      -0.87599340955790239     
 -0.69999999999999996       0.70000000000000007      -0.55826569776306789     
 -0.59999999999999998       0.70000000000000007       -2.1002442568244267E-002
 -0.49999999999999994       0.70000000000000007       0.52124234886974674     
 -0.39999999999999991       0.70000000000000007       0.86851837755369121     
 -0.29999999999999993       0.70000000000000007       0.88032157960234803     
 -0.19999999999999993       0.70000000000000007       0.56105433987365183     
  -9.9999999999999978E-002  0.70000000000000007        2.1729099058769078E-002
   2.7755575615628914E-017  0.70000000000000007      -0.53687167740795450     
  0.10000000000000009       0.70000000000000007      -0.89787894274525948     
  0.20000000000000009       0.70000000000000007      -0.90853922047142821     
  0.30000000000000016       0.70000000000000007      -0.57876683026233799     
  0.40000000000000013       0.70000000000000007       -1.9447813323891203E-002
  0.50000000000000011       0.70000000000000007       0.54037583459693506     
  0.60000000000000009       0.70000000000000007       0.90260229404882220     
  0.70000000000000007       0.70000000000000007       0.91288243288771054     
  0.80000000000000004       0.70000000000000007       0.58370835151671874     
  0.90000000000000002       0.70000000000000007        2.4449880875481316E-002
   1.0000000000000000       0.70000000000000007      -0.52688198981919854     
  -1.0000000000000000       0.80000000000000004      -0.34150149505177613     
 -0.90000000000000002       0.80000000000000004      -0.55439778100125692     
 -0.80000000000000004       0.80000000000000004      -0.56012042014928676     
 -0.69999999999999996       0.80000000000000004      -0.35679106919075582     
 -0.59999999999999998       0.80000000000000004       -1.3153787961341248E-002
 -0.49999999999999994       0.80000000000000004       0.33356570465406743     
 -0.39999999999999991       0.80000000000000004       0.55551182987309999     
 -0.29999999999999993       0.80000000000000004       0.56288846594128550     
 -0.19999999999999993       0.80000000000000004       0.35857269773618183     
  -9.9999999999999978E-002  0.80000000000000004        1.3612942113042453E-002
   2.7755575615628914E-017  0.80000000000000004      -0.34356998728993521     
  0.10000000000000009       0.80000000000000004      -0.57429230445260127     
  0.20000000000000009       0.80000000000000004      -0.58093136528922917     
  0.30000000000000016       0.80000000000000004      -0.36989342145632698     
  0.40000000000000013       0.80000000000000004       -1.2147993690290867E-002
  0.50000000000000011       0.80000000000000004       0.34580963649367041     
  0.60000000000000009       0.80000000000000004       0.57731264015536099     
  0.70000000000000007       0.80000000000000004       0.58370835151672051     
  0.80000000000000004       0.80000000000000004       0.37305374679708087     
  0.90000000000000002       0.80000000000000004        1.5347330002805068E-002
   1.0000000000000000       0.80000000000000004      -0.33717658841161158     
  -1.0000000000000000       0.90000000000000002       -1.4749393787843006E-002
 -0.90000000000000002       0.90000000000000002       -2.3492220995940345E-002
 -0.80000000000000004       0.90000000000000002       -2.3460851420886934E-002
 -0.69999999999999996       0.90000000000000002       -1.4675085553036687E-002
 -0.59999999999999998       0.90000000000000002       -1.1613247351985724E-004
 -0.49999999999999994       0.90000000000000002        1.4409243785837146E-002
 -0.39999999999999991       0.90000000000000002        2.3537837004166642E-002
 -0.29999999999999993       0.90000000000000002        2.3577681370420156E-002
 -0.19999999999999993       0.90000000000000002        1.4747401927022499E-002
  -9.9999999999999978E-002  0.90000000000000002        1.2671502179286985E-004
   2.7755575615628914E-017  0.90000000000000002       -1.4845181171648991E-002
  0.10000000000000009       0.90000000000000002       -2.4335493580669412E-002
  0.20000000000000009       0.90000000000000002       -2.4333746625776805E-002
  0.30000000000000016       0.90000000000000002       -1.5213918344166320E-002
  0.40000000000000013       0.90000000000000002       -5.5460101143237341E-005
  0.50000000000000011       0.90000000000000002        1.4937490139290251E-002
  0.60000000000000009       0.90000000000000002        2.4462269362567665E-002
  0.70000000000000007       0.90000000000000002        2.4449880875481729E-002
  0.80000000000000004       0.90000000000000002        1.5347330002802478E-002
  0.90000000000000002       0.90000000000000002        1.9097458049296089E-004
   1.0000000000000000       0.90000000000000002       -1.4568114657338309E-002
  -1.0000000000000000        1.0000000000000000       0.30755113323044936     
 -0.90000000000000002        1.0000000000000000       0.49999764097586824     
 -0.80000000000000004        1.0000000000000000       0.50559201786974828     
 -0.69999999999999996        1.0000000000000000       0.32248298406786940     
 -0.59999999999999998        1.0000000000000000        1.2561165668648698E-002
 -0.49999999999999994        1.0000000000000000      -0.30040017297161964     
 -0.39999999999999991        1.0000000000000000      -0.50100489125595071     
 -0.29999999999999993        1.0000000000000000      -0.50808918408524872     
 -0.19999999999999993        1.0000000000000000      -0.32409482004402790     
  -9.9999999999999978E-002   1.0000000000000000       -1.2989304295614710E-002
   2.7755575615628914E-017   1.0000000000000000       0.30940378273392971     
  0.10000000000000009        1.0000000000000000       0.51793961446548253     
  0.20000000000000009        1.0000000000000000       0.52437506049052574     
  0.30000000000000016        1.0000000000000000       0.33432557035761329     
  0.40000000000000013        1.0000000000000000        1.1682625120195359E-002
  0.50000000000000011        1.0000000000000000      -0.31142777179295600     
  0.60000000000000009        1.0000000000000000      -0.52066549297450704     
  0.70000000000000007        1.0000000000000000      -0.52688198981919709     
  0.80000000000000004        1.0000000000000000      -0.33717658841161552     
  0.90000000000000002        1.0000000000000000       -1.4568114657340630E-002
   1.0000000000000000        1.0000000000000000       0.30364746529979891     
