  -1.0000000000000000       -1.0000000000000000        7.4592715676196672E-002
 -0.90000000000000002       -1.0000000000000000       0.20705614962492427     
 -0.80000000000000004       -1.0000000000000000       0.26132854586248278     
 -0.69999999999999996       -1.0000000000000000       0.21892625834270410     
 -0.59999999999999998       -1.0000000000000000        8.9425246503943887E-002
 -0.49999999999999994       -1.0000000000000000       -7.4196486261737457E-002
 -0.39999999999999991       -1.0000000000000000      -0.21625391571648589     
 -0.29999999999999993       -1.0000000000000000      -0.27286009273362505     
 -0.19999999999999993       -1.0000000000000000      -0.22871494733982137     
  -9.9999999999999978E-002  -1.0000000000000000       -9.4330499758239275E-002
   2.7755575615628914E-017  -1.0000000000000000        7.2419928167483355E-002
  0.10000000000000009       -1.0000000000000000       0.21454327603554096     
  0.20000000000000009       -1.0000000000000000       0.27091943110851446     
  0.30000000000000016       -1.0000000000000000       0.22693159845914987     
  0.40000000000000013       -1.0000000000000000        9.2405247700781346E-002
  0.50000000000000011       -1.0000000000000000       -7.4270419953518838E-002
  0.60000000000000009       -1.0000000000000000      -0.21643612460800993     
  0.70000000000000007       -1.0000000000000000      -0.27281072587373689     
  0.80000000000000004       -1.0000000000000000      -0.22888051114538113     
  0.90000000000000002       -1.0000000000000000       -9.4400071934224589E-002
   1.0000000000000000       -1.0000000000000000        7.0971472312925749E-002
  -1.0000000000000000      -0.90000000000000002       0.20705614962492266     
 -0.90000000000000002      -0.90000000000000002       0.57378381473462581     
 -0.80000000000000004      -0.90000000000000002       0.72383584071087870     
 -0.69999999999999996      -0.90000000000000002       0.60611735005470502     
 -0.59999999999999998      -0.90000000000000002       0.24725559182876883     
 -0.49999999999999994      -0.90000000000000002      -0.20596953983657235     
 -0.39999999999999991      -0.90000000000000002      -0.59926868339283801     
 -0.29999999999999993      -0.90000000000000002      -0.75577694505831250     
 -0.19999999999999993      -0.90000000000000002      -0.63321923107949363     
  -9.9999999999999978E-002 -0.90000000000000002      -0.26082264449460180     
   2.7755575615628914E-017 -0.90000000000000002       0.20104890303759171     
  0.10000000000000009      -0.90000000000000002       0.59453158923986749     
  0.20000000000000009      -0.90000000000000002       0.75040141831633511     
  0.30000000000000016      -0.90000000000000002       0.62827974998750813     
  0.40000000000000013      -0.90000000000000002       0.25548738427409290     
  0.50000000000000011      -0.90000000000000002      -0.20617414803377473     
  0.60000000000000009      -0.90000000000000002      -0.59977559803248481     
  0.70000000000000007      -0.90000000000000002      -0.75564011212614246     
  0.80000000000000004      -0.90000000000000002      -0.63367739013681046     
  0.90000000000000002      -0.90000000000000002      -0.26101565257566639     
   1.0000000000000000      -0.90000000000000002       0.19703010206347313     
  -1.0000000000000000      -0.80000000000000004       0.26132854586246762     
 -0.90000000000000002      -0.80000000000000004       0.72383584071087970     
 -0.80000000000000004      -0.80000000000000004       0.91300521908587817     
 -0.69999999999999996      -0.80000000000000004       0.76442486270078325     
 -0.59999999999999998      -0.80000000000000004       0.31171784009049852     
 -0.49999999999999994      -0.80000000000000004      -0.25996184619166307     
 -0.39999999999999991      -0.80000000000000004      -0.75598407789295707     
 -0.29999999999999993      -0.80000000000000004      -0.95329414509521115     
 -0.19999999999999993      -0.80000000000000004      -0.79860565069470224     
  -9.9999999999999978E-002 -0.80000000000000004      -0.32882351669442178     
   2.7755575615628914E-017 -0.80000000000000004       0.25375528165723671     
  0.10000000000000009      -0.80000000000000004       0.75000936660233664     
  0.20000000000000009      -0.80000000000000004       0.94651368292675975     
  0.30000000000000016      -0.80000000000000004       0.79237530455084304     
  0.40000000000000013      -0.80000000000000004       0.32209298119192054     
  0.50000000000000011      -0.80000000000000004      -0.26021986452836759     
  0.60000000000000009      -0.80000000000000004      -0.75662426694301954     
  0.70000000000000007      -0.80000000000000004      -0.95312151786128196     
  0.80000000000000004      -0.80000000000000004      -0.79918339461349974     
  0.90000000000000002      -0.80000000000000004      -0.32906707505051225     
   1.0000000000000000      -0.80000000000000004       0.24868375685575334     
  -1.0000000000000000      -0.69999999999999996       0.21892625834270713     
 -0.90000000000000002      -0.69999999999999996       0.60611735005470591     
 -0.80000000000000004      -0.69999999999999996       0.76442486270078158     
 -0.69999999999999996      -0.69999999999999996       0.63994781182442873     
 -0.59999999999999998      -0.69999999999999996       0.26086662658421184     
 -0.49999999999999994      -0.69999999999999996      -0.21778503203395549     
 -0.39999999999999991      -0.69999999999999996      -0.63303628021938485     
 -0.29999999999999993      -0.69999999999999996      -0.79815745095284185     
 -0.19999999999999993      -0.69999999999999996      -0.66856296671120985     
  -9.9999999999999978E-002 -0.69999999999999996      -0.27518303273356837     
   2.7755575615628914E-017 -0.69999999999999996       0.21258854560088108     
  0.10000000000000009      -0.69999999999999996       0.62803418570050318     
  0.20000000000000009      -0.69999999999999996       0.79248036295017343     
  0.30000000000000016      -0.69999999999999996       0.66334655898081840     
  0.40000000000000013      -0.69999999999999996       0.26954706705806780     
  0.50000000000000011      -0.69999999999999996      -0.21800101169078809     
  0.60000000000000009      -0.69999999999999996      -0.63357291271500571     
  0.70000000000000007      -0.69999999999999996      -0.79801288992998509     
  0.80000000000000004      -0.69999999999999996      -0.66904657047033356     
  0.90000000000000002      -0.69999999999999996      -0.27538704073682380     
   1.0000000000000000      -0.69999999999999996       0.20834042977181969     
  -1.0000000000000000      -0.59999999999999998        8.9425246503953199E-002
 -0.90000000000000002      -0.59999999999999998       0.24725559182877554     
 -0.80000000000000004      -0.59999999999999998       0.31171784009052361     
 -0.69999999999999996      -0.59999999999999998       0.26086662658421472     
 -0.59999999999999998      -0.59999999999999998       0.10622841605248881     
 -0.49999999999999994      -0.59999999999999998       -8.8963558931623984E-002
 -0.39999999999999991      -0.59999999999999998      -0.25823553259888476     
 -0.29999999999999993      -0.59999999999999998      -0.32547357172663194     
 -0.19999999999999993      -0.59999999999999998      -0.27253157146871909     
  -9.9999999999999978E-002 -0.59999999999999998      -0.11205971435283538     
   2.7755575615628914E-017 -0.59999999999999998        8.6844574626426349E-002
  0.10000000000000009      -0.59999999999999998       0.25619614250686984     
  0.20000000000000009      -0.59999999999999998       0.32315848849079831     
  0.30000000000000016      -0.59999999999999998       0.27040445179866035     
  0.40000000000000013      -0.59999999999999998       0.10976058234572515     
  0.50000000000000011      -0.59999999999999998       -8.9051571860573261E-002
  0.60000000000000009      -0.59999999999999998      -0.25845511491007001     
  0.70000000000000007      -0.59999999999999998      -0.32541459031694336     
  0.80000000000000004      -0.59999999999999998      -0.27272863207300707     
  0.90000000000000002      -0.59999999999999998      -0.11214300814218259     
   1.0000000000000000      -0.59999999999999998        8.5109964327178531E-002
  -1.0000000000000000      -0.49999999999999994       -7.4196486261735306E-002
 -0.90000000000000002      -0.49999999999999994      -0.20596953983657262     
 -0.80000000000000004      -0.49999999999999994      -0.25996184619165957     
 -0.69999999999999996      -0.49999999999999994      -0.21778503203395558     
 -0.59999999999999998      -0.49999999999999994       -8.8963558931622055E-002
 -0.49999999999999994      -0.49999999999999994        7.3802180071092446E-002
 -0.39999999999999991      -0.49999999999999994       0.21511908531077487     
 -0.29999999999999993      -0.49999999999999994       0.27143307601297167     
 -0.19999999999999993      -0.49999999999999994       0.22752268053248972     
  -9.9999999999999978E-002 -0.49999999999999994        9.3843428093350501E-002
   2.7755575615628914E-017 -0.49999999999999994       -7.2034911234513346E-002
  0.10000000000000009      -0.49999999999999994      -0.21341737705574154     
  0.20000000000000009      -0.49999999999999994      -0.26950256668332290     
  0.30000000000000016      -0.49999999999999994      -0.22574865693362808     
  0.40000000000000013      -0.49999999999999994       -9.1928280853975988E-002
  0.50000000000000011      -0.49999999999999994        7.3875729469443693E-002
  0.60000000000000009      -0.49999999999999994       0.21530031081129269     
  0.70000000000000007      -0.49999999999999994       0.27138396863608638     
  0.80000000000000004      -0.49999999999999994       0.22768738429849067     
  0.90000000000000002      -0.49999999999999994        9.3912632238103755E-002
   1.0000000000000000      -0.49999999999999994       -7.0594124018113505E-002
  -1.0000000000000000      -0.39999999999999991      -0.21625391571644942     
 -0.90000000000000002      -0.39999999999999991      -0.59926868339283135     
 -0.80000000000000004      -0.39999999999999991      -0.75598407789293143     
 -0.69999999999999996      -0.39999999999999991      -0.63303628021938640     
 -0.59999999999999998      -0.39999999999999991      -0.25823553259886323     
 -0.49999999999999994      -0.39999999999999991       0.21511908531077434     
 -0.39999999999999991      -0.39999999999999991       0.62588546117398047     
 -0.29999999999999993      -0.39999999999999991       0.78934380773170143     
 -0.19999999999999993      -0.39999999999999991       0.66134181571696593     
  -9.9999999999999978E-002 -0.39999999999999991       0.27240507655206664     
   2.7755575615628914E-017 -0.39999999999999991      -0.20997990523694671     
  0.10000000000000009      -0.39999999999999991      -0.62093797905875137     
  0.20000000000000009      -0.39999999999999991      -0.78372953308110682     
  0.30000000000000016      -0.39999999999999991      -0.65618295427409290     
  0.40000000000000013      -0.39999999999999991      -0.26683284797702433     
  0.50000000000000011      -0.39999999999999991       0.21533278028003958     
  0.60000000000000009      -0.39999999999999991       0.62641489791087668     
  0.70000000000000007      -0.39999999999999991       0.78920089719332220     
  0.80000000000000004      -0.39999999999999991       0.66182032176557049     
  0.90000000000000002      -0.39999999999999991       0.27260665795363409     
   1.0000000000000000      -0.39999999999999991      -0.20578258944903741     
  -1.0000000000000000      -0.29999999999999993      -0.27286009273362116     
 -0.90000000000000002      -0.29999999999999993      -0.75577694505831139     
 -0.80000000000000004      -0.29999999999999993      -0.95329414509520705     
 -0.69999999999999996      -0.29999999999999993      -0.79815745095283996     
 -0.59999999999999998      -0.29999999999999993      -0.32547357172662544     
 -0.49999999999999994      -0.29999999999999993       0.27143307601297190     
 -0.39999999999999991      -0.29999999999999993       0.78934380773170709     
 -0.29999999999999993      -0.29999999999999993       0.99536093293874928     
 -0.19999999999999993      -0.29999999999999993       0.83384657019974118     
  -9.9999999999999978E-002 -0.29999999999999993       0.34333409816097293     
   2.7755575615628914E-017 -0.29999999999999993      -0.26495262926139196     
  0.10000000000000009      -0.29999999999999993      -0.78310544472421428     
  0.20000000000000009      -0.29999999999999993      -0.98828126394874938     
  0.30000000000000016      -0.29999999999999993      -0.82734129242778354     
  0.40000000000000013      -0.29999999999999993      -0.33630656066866299     
  0.50000000000000011      -0.29999999999999993       0.27170248026356425     
  0.60000000000000009      -0.29999999999999993       0.79001224537091452     
  0.70000000000000007      -0.29999999999999993       0.99518068810811722     
  0.80000000000000004      -0.29999999999999993       0.83444980898928012     
  0.90000000000000002      -0.29999999999999993       0.34358840400374085     
   1.0000000000000000      -0.29999999999999993      -0.25965731389674390     
  -1.0000000000000000      -0.19999999999999993      -0.22871494733982053     
 -0.90000000000000002      -0.19999999999999993      -0.63321923107949241     
 -0.80000000000000004      -0.19999999999999993      -0.79860565069470213     
 -0.69999999999999996      -0.19999999999999993      -0.66856296671120974     
 -0.59999999999999998      -0.19999999999999993      -0.27253157146872287     
 -0.49999999999999994      -0.19999999999999993       0.22752268053249081     
 -0.39999999999999991      -0.19999999999999993       0.66134181571697426     
 -0.29999999999999993      -0.19999999999999993       0.83384657019974129     
 -0.19999999999999993      -0.19999999999999993       0.69845764223728157     
  -9.9999999999999978E-002 -0.19999999999999993       0.28748814734618178     
   2.7755575615628914E-017 -0.19999999999999993      -0.22209383624254039     
  0.10000000000000009      -0.19999999999999993      -0.65611605448989851     
  0.20000000000000009      -0.19999999999999993      -0.82791563490069153     
  0.30000000000000016      -0.19999999999999993      -0.69300798593320156     
  0.40000000000000013      -0.19999999999999993      -0.28160017565049200     
  0.50000000000000011      -0.19999999999999993       0.22774831774862248     
  0.60000000000000009      -0.19999999999999993       0.66190244111167784     
  0.70000000000000007      -0.19999999999999993       0.83369554531876278     
  0.80000000000000004      -0.19999999999999993       0.69896287048732275     
  0.90000000000000002      -0.19999999999999993       0.28770127712322435     
   1.0000000000000000      -0.19999999999999993      -0.21765577561034988     
  -1.0000000000000000       -9.9999999999999978E-002  -9.4330499758241038E-002
 -0.90000000000000002       -9.9999999999999978E-002 -0.26082264449460268     
 -0.80000000000000004       -9.9999999999999978E-002 -0.32882351669442056     
 -0.69999999999999996       -9.9999999999999978E-002 -0.27518303273356970     
 -0.59999999999999998       -9.9999999999999978E-002 -0.11205971435283589     
 -0.49999999999999994       -9.9999999999999978E-002   9.3843428093349834E-002
 -0.39999999999999991       -9.9999999999999978E-002  0.27240507655206397     
 -0.29999999999999993       -9.9999999999999978E-002  0.34333409816097532     
 -0.19999999999999993       -9.9999999999999978E-002  0.28748814734618294     
  -9.9999999999999978E-002  -9.9999999999999978E-002  0.11821109629038179     
   2.7755575615628914E-017  -9.9999999999999978E-002  -9.1608162857414674E-002
  0.10000000000000009       -9.9999999999999978E-002 -0.27025376900490478     
  0.20000000000000009       -9.9999999999999978E-002 -0.34089197453803527     
  0.30000000000000016       -9.9999999999999978E-002 -0.28524430047146543     
  0.40000000000000013       -9.9999999999999978E-002 -0.11578581005251105     
  0.50000000000000011       -9.9999999999999978E-002   9.3936271561498974E-002
  0.60000000000000009       -9.9999999999999978E-002  0.27263669857778688     
  0.70000000000000007       -9.9999999999999978E-002  0.34327188054231628     
  0.80000000000000004       -9.9999999999999978E-002  0.28769602365564095     
  0.90000000000000002       -9.9999999999999978E-002  0.11829895950236906     
   1.0000000000000000       -9.9999999999999978E-002  -8.9778395507253111E-002
  -1.0000000000000000        2.7755575615628914E-017   7.2419928167460457E-002
 -0.90000000000000002        2.7755575615628914E-017  0.20104890303758785     
 -0.80000000000000004        2.7755575615628914E-017  0.25375528165721467     
 -0.69999999999999996        2.7755575615628914E-017  0.21258854560088219     
 -0.59999999999999998        2.7755575615628914E-017   8.6844574626408780E-002
 -0.49999999999999994        2.7755575615628914E-017  -7.2034911234514720E-002
 -0.39999999999999991        2.7755575615628914E-017 -0.20997990523693943     
 -0.29999999999999993        2.7755575615628914E-017 -0.26495262926138774     
 -0.19999999999999993        2.7755575615628914E-017 -0.22209383624254095     
  -9.9999999999999978E-002   2.7755575615628914E-017  -9.1608162857416589E-002
   2.7755575615628914E-017   2.7755575615628914E-017   7.0309834344273375E-002
  0.10000000000000009        2.7755575615628914E-017  0.20831881262333143     
  0.20000000000000009        2.7755575615628914E-017  0.26306821325305479     
  0.30000000000000016        2.7755575615628914E-017  0.22036216623515534     
  0.40000000000000013        2.7755575615628914E-017   8.9738769846641350E-002
  0.50000000000000011        2.7755575615628914E-017  -7.2106706694638395E-002
  0.60000000000000009        2.7755575615628914E-017 -0.21015677843598529     
  0.70000000000000007        2.7755575615628914E-017 -0.26490469540787631     
  0.80000000000000004        2.7755575615628914E-017 -0.22225461258186807     
  0.90000000000000002        2.7755575615628914E-017  -9.1675711267302284E-002
   1.0000000000000000        2.7755575615628914E-017   6.8903524011672379E-002
  -1.0000000000000000       0.10000000000000009       0.21454327603553872     
 -0.90000000000000002       0.10000000000000009       0.59453158923986615     
 -0.80000000000000004       0.10000000000000009       0.75000936660233486     
 -0.69999999999999996       0.10000000000000009       0.62803418570050185     
 -0.59999999999999998       0.10000000000000009       0.25619614250686801     
 -0.49999999999999994       0.10000000000000009      -0.21341737705574099     
 -0.39999999999999991       0.10000000000000009      -0.62093797905875259     
 -0.29999999999999993       0.10000000000000009      -0.78310544472421351     
 -0.19999999999999993       0.10000000000000009      -0.65611605448989863     
  -9.9999999999999978E-002  0.10000000000000009      -0.27025376900490344     
   2.7755575615628914E-017  0.10000000000000009       0.20831881262333238     
  0.10000000000000009       0.10000000000000009       0.61602959426092185     
  0.20000000000000009       0.10000000000000009       0.77753554169993999     
  0.30000000000000016       0.10000000000000009       0.65099796435892410     
  0.40000000000000013       0.10000000000000009       0.26472558806404228     
  0.50000000000000011       0.10000000000000009      -0.21362938374434329     
  0.60000000000000009       0.10000000000000009      -0.62146322388742437     
  0.70000000000000007       0.10000000000000009      -0.78296366396680150     
  0.80000000000000004       0.10000000000000009      -0.65659078025968665     
  0.90000000000000002       0.10000000000000009      -0.27045375621469309     
   1.0000000000000000       0.10000000000000009       0.20415469261985483     
  -1.0000000000000000       0.20000000000000009       0.27091943110849187     
 -0.90000000000000002       0.20000000000000009       0.75040141831633433     
 -0.80000000000000004       0.20000000000000009       0.94651368292673566     
 -0.69999999999999996       0.20000000000000009       0.79248036295017810     
 -0.59999999999999998       0.20000000000000009       0.32315848849079848     
 -0.49999999999999994       0.20000000000000009      -0.26950256668332473     
 -0.39999999999999991       0.20000000000000009      -0.78372953308109505     
 -0.29999999999999993       0.20000000000000009      -0.98828126394875060     
 -0.19999999999999993       0.20000000000000009      -0.82791563490068287     
  -9.9999999999999978E-002  0.20000000000000009      -0.34089197453803860     
   2.7755575615628914E-017  0.20000000000000009       0.26306821325304652     
  0.10000000000000009       0.20000000000000009       0.77753554169994110     
  0.20000000000000009       0.20000000000000009       0.98125195026811407     
  0.30000000000000016       0.20000000000000009       0.82145662703096223     
  0.40000000000000013       0.20000000000000009       0.33391442100168145     
  0.50000000000000011       0.20000000000000009      -0.26977005474688753     
  0.60000000000000009       0.20000000000000009      -0.78439321681792429     
  0.70000000000000007       0.20000000000000009      -0.98810230111707997     
  0.80000000000000004       0.20000000000000009      -0.82851458295064973     
  0.90000000000000002       0.20000000000000009      -0.34114447166079076     
   1.0000000000000000       0.20000000000000009       0.25781056015330511     
  -1.0000000000000000       0.30000000000000016       0.22693159845914845     
 -0.90000000000000002       0.30000000000000016       0.62827974998750635     
 -0.80000000000000004       0.30000000000000016       0.79237530455084293     
 -0.69999999999999996       0.30000000000000016       0.66334655898081585     
 -0.59999999999999998       0.30000000000000016       0.27040445179866102     
 -0.49999999999999994       0.30000000000000016      -0.22574865693362667     
 -0.39999999999999991       0.30000000000000016      -0.65618295427409312     
 -0.29999999999999993       0.30000000000000016      -0.82734129242778309     
 -0.19999999999999993       0.30000000000000016      -0.69300798593320412     
  -9.9999999999999978E-002  0.30000000000000016      -0.28524430047146387     
   2.7755575615628914E-017  0.30000000000000016       0.22036216623515525     
  0.10000000000000009       0.30000000000000016       0.65099796435892510     
  0.20000000000000009       0.30000000000000016       0.82145662703096245     
  0.30000000000000016       0.30000000000000016       0.68760084549916967     
  0.40000000000000013       0.30000000000000016       0.27940225820625858     
  0.50000000000000011       0.30000000000000016      -0.22597253346396826     
  0.60000000000000009       0.30000000000000016      -0.65673921079113229     
  0.70000000000000007       0.30000000000000016      -0.82719144556368762     
  0.80000000000000004       0.30000000000000016      -0.69350927169722643     
  0.90000000000000002       0.30000000000000016      -0.28545576817853174     
   1.0000000000000000       0.30000000000000016       0.21595871434103195     
  -1.0000000000000000       0.40000000000000013        9.2405247700789131E-002
 -0.90000000000000002       0.40000000000000013       0.25548738427409651     
 -0.80000000000000004       0.40000000000000013       0.32209298119194185     
 -0.69999999999999996       0.40000000000000013       0.26954706705807008     
 -0.59999999999999998       0.40000000000000013       0.10976058234574000     
 -0.49999999999999994       0.40000000000000013       -9.1928280853975156E-002
 -0.39999999999999991       0.40000000000000013      -0.26683284797702761     
 -0.29999999999999993       0.40000000000000013      -0.33630656066866937     
 -0.19999999999999993       0.40000000000000013      -0.28160017565049289     
  -9.9999999999999978E-002  0.40000000000000013      -0.11578581005251184     
   2.7755575615628914E-017  0.40000000000000013        8.9738769846641017E-002
  0.10000000000000009       0.40000000000000013       0.26472558806404239     
  0.20000000000000009       0.40000000000000013       0.33391442100168023     
  0.30000000000000016       0.40000000000000013       0.27940225820625841     
  0.40000000000000013       0.40000000000000013       0.11341013310139626     
  0.50000000000000011       0.40000000000000013       -9.2019221792070907E-002
  0.60000000000000009       0.40000000000000013      -0.26705975669614990     
  0.70000000000000007       0.40000000000000013      -0.33624561537125541     
  0.80000000000000004       0.40000000000000013      -0.28180379175234721     
  0.90000000000000002       0.40000000000000013      -0.11587187862547531     
   1.0000000000000000       0.40000000000000013        8.7946370346332056E-002
  -1.0000000000000000       0.50000000000000011       -7.4270419953517380E-002
 -0.90000000000000002       0.50000000000000011      -0.20617414803377423     
 -0.80000000000000004       0.50000000000000011      -0.26021986452836732     
 -0.69999999999999996       0.50000000000000011      -0.21800101169078720     
 -0.59999999999999998       0.50000000000000011       -8.9051571860572762E-002
 -0.49999999999999994       0.50000000000000011        7.3875729469443555E-002
 -0.39999999999999991       0.50000000000000011       0.21533278028004035     
 -0.29999999999999993       0.50000000000000011       0.27170248026356303     
 -0.19999999999999993       0.50000000000000011       0.22774831774862403     
  -9.9999999999999978E-002  0.50000000000000011        9.3936271561498239E-002
   2.7755575615628914E-017  0.50000000000000011       -7.2106706694637299E-002
  0.10000000000000009       0.50000000000000011      -0.21362938374434312     
  0.20000000000000009       0.50000000000000011      -0.26977005474688742     
  0.30000000000000016       0.50000000000000011      -0.22597253346396673     
  0.40000000000000013       0.50000000000000011       -9.2019221792071740E-002
  0.50000000000000011       0.50000000000000011        7.3949351779811767E-002
  0.60000000000000009       0.50000000000000011       0.21551418708082709     
  0.70000000000000007       0.50000000000000011       0.27165332408377718     
  0.80000000000000004       0.50000000000000011       0.22791318470279742     
  0.90000000000000002       0.50000000000000011        9.4005544594915405E-002
   1.0000000000000000       0.50000000000000011       -7.0664485005743197E-002
  -1.0000000000000000       0.60000000000000009      -0.21643612460798395     
 -0.90000000000000002       0.60000000000000009      -0.59977559803247948     
 -0.80000000000000004       0.60000000000000009      -0.75662426694298024     
 -0.69999999999999996       0.60000000000000009      -0.63357291271500471     
 -0.59999999999999998       0.60000000000000009      -0.25845511491005579     
 -0.49999999999999994       0.60000000000000009       0.21530031081129281     
 -0.39999999999999991       0.60000000000000009       0.62641489791085858     
 -0.29999999999999993       0.60000000000000009       0.79001224537090997     
 -0.19999999999999993       0.60000000000000009       0.66190244111166374     
  -9.9999999999999978E-002  0.60000000000000009       0.27263669857778933     
   2.7755575615628914E-017  0.60000000000000009      -0.21015677843597724     
  0.10000000000000009       0.60000000000000009      -0.62146322388742281     
  0.20000000000000009       0.60000000000000009      -0.78439321681791607     
  0.30000000000000016       0.60000000000000009      -0.65673921079113173     
  0.40000000000000013       0.60000000000000009      -0.26705975669614940     
  0.50000000000000011       0.60000000000000009       0.21551418708082726     
  0.60000000000000009       0.60000000000000009       0.62694477842302820     
  0.70000000000000007       0.60000000000000009       0.78986921400824295     
  0.80000000000000004       0.60000000000000009       0.66238135325455283     
  0.90000000000000002       0.60000000000000009       0.27283845005333984     
   1.0000000000000000       0.60000000000000009      -0.20595592230332513     
  -1.0000000000000000       0.70000000000000007      -0.27281072587373367     
 -0.90000000000000002       0.70000000000000007      -0.75564011212614079     
 -0.80000000000000004       0.70000000000000007      -0.95312151786128407     
 -0.69999999999999996       0.70000000000000007      -0.79801288992998309     
 -0.59999999999999998       0.70000000000000007      -0.32541459031694170     
 -0.49999999999999994       0.70000000000000007       0.27138396863608527     
 -0.39999999999999991       0.70000000000000007       0.78920089719332465     
 -0.29999999999999993       0.70000000000000007       0.99518068810811433     
 -0.19999999999999993       0.70000000000000007       0.83369554531876544     
  -9.9999999999999978E-002  0.70000000000000007       0.34327188054231500     
   2.7755575615628914E-017  0.70000000000000007      -0.26490469540787898     
  0.10000000000000009       0.70000000000000007      -0.78296366396679984     
  0.20000000000000009       0.70000000000000007      -0.98810230111708108     
  0.30000000000000016       0.70000000000000007      -0.82719144556368562     
  0.40000000000000013       0.70000000000000007      -0.33624561537125325     
  0.50000000000000011       0.70000000000000007       0.27165332408377774     
  0.60000000000000009       0.70000000000000007       0.78986921400824772     
  0.70000000000000007       0.70000000000000007       0.99500047590775020     
  0.80000000000000004       0.70000000000000007       0.83429867482916331     
  0.90000000000000002       0.70000000000000007       0.34352614036408435     
   1.0000000000000000       0.70000000000000007      -0.25961033827349428     
  -1.0000000000000000       0.80000000000000004      -0.22888051114537492     
 -0.90000000000000002       0.80000000000000004      -0.63367739013681157     
 -0.80000000000000004       0.80000000000000004      -0.79918339461350074     
 -0.69999999999999996       0.80000000000000004      -0.66904657047033689     
 -0.59999999999999998       0.80000000000000004      -0.27272863207300729     
 -0.49999999999999994       0.80000000000000004       0.22768738429849120     
 -0.39999999999999991       0.80000000000000004       0.66182032176556904     
 -0.29999999999999993       0.80000000000000004       0.83444980898928378     
 -0.19999999999999993       0.80000000000000004       0.69896287048731320     
  -9.9999999999999978E-002  0.80000000000000004       0.28769602365564240     
   2.7755575615628914E-017  0.80000000000000004      -0.22225461258186965     
  0.10000000000000009       0.80000000000000004      -0.65659078025968665     
  0.20000000000000009       0.80000000000000004      -0.82851458295064939     
  0.30000000000000016       0.80000000000000004      -0.69350927169722698     
  0.40000000000000013       0.80000000000000004      -0.28180379175234044     
  0.50000000000000011       0.80000000000000004       0.22791318470279801     
  0.60000000000000009       0.80000000000000004       0.66238135325456160     
  0.70000000000000007       0.80000000000000004       0.83429867482916309     
  0.80000000000000004       0.80000000000000004       0.69946846414444230     
  0.90000000000000002       0.80000000000000004       0.28790930768841755     
   1.0000000000000000       0.80000000000000004      -0.21781333971726788     
  -1.0000000000000000       0.90000000000000002       -9.4400071934226476E-002
 -0.90000000000000002       0.90000000000000002      -0.26101565257566550     
 -0.80000000000000004       0.90000000000000002      -0.32906707505050958     
 -0.69999999999999996       0.90000000000000002      -0.27538704073682324     
 -0.59999999999999998       0.90000000000000002      -0.11214300814218346     
 -0.49999999999999994       0.90000000000000002        9.3912632238101965E-002
 -0.39999999999999991       0.90000000000000002       0.27260665795362965     
 -0.29999999999999993       0.90000000000000002       0.34358840400374130     
 -0.19999999999999993       0.90000000000000002       0.28770127712322469     
  -9.9999999999999978E-002  0.90000000000000002       0.11829895950236780     
   2.7755575615628914E-017  0.90000000000000002       -9.1675711267300536E-002
  0.10000000000000009       0.90000000000000002      -0.27045375621469320     
  0.20000000000000009       0.90000000000000002      -0.34114447166078588     
  0.30000000000000016       0.90000000000000002      -0.28545576817853130     
  0.40000000000000013       0.90000000000000002      -0.11587187862547399     
  0.50000000000000011       0.90000000000000002        9.4005544594915363E-002
  0.60000000000000009       0.90000000000000002       0.27283845005333568     
  0.70000000000000007       0.90000000000000002       0.34352614036408446     
  0.80000000000000004       0.90000000000000002       0.28790930768841477     
  0.90000000000000002       0.90000000000000002       0.11838688759122495     
   1.0000000000000000       0.90000000000000002       -8.9844593165787773E-002
  -1.0000000000000000        1.0000000000000000        7.0971472312892997E-002
 -0.90000000000000002        1.0000000000000000       0.19703010206346816     
 -0.80000000000000004        1.0000000000000000       0.24868375685573141     
 -0.69999999999999996        1.0000000000000000       0.20834042977181910     
 -0.59999999999999998        1.0000000000000000        8.5109964327152579E-002
 -0.49999999999999994        1.0000000000000000       -7.0594124018115392E-002
 -0.39999999999999991        1.0000000000000000      -0.20578258944904237     
 -0.29999999999999993        1.0000000000000000      -0.25965731389674024     
 -0.19999999999999993        1.0000000000000000      -0.21765577561034832     
  -9.9999999999999978E-002   1.0000000000000000       -8.9778395507253306E-002
   2.7755575615628914E-017   1.0000000000000000        6.8903524011681538E-002
  0.10000000000000009        1.0000000000000000       0.20415469261985364     
  0.20000000000000009        1.0000000000000000       0.25781056015331538     
  0.30000000000000016        1.0000000000000000       0.21595871434103162     
  0.40000000000000013        1.0000000000000000        8.7946370346328281E-002
  0.50000000000000011        1.0000000000000000       -7.0664485005743252E-002
  0.60000000000000009        1.0000000000000000      -0.20595592230334084     
  0.70000000000000007        1.0000000000000000      -0.25961033827349311     
  0.80000000000000004        1.0000000000000000      -0.21781333971726585     
  0.90000000000000002        1.0000000000000000       -8.9844593165790756E-002
   1.0000000000000000        1.0000000000000000        6.7525336516935208E-002
