  -1.0000000000000000       -1.0000000000000000       0.53222659702442232     
 -0.90000000000000002       -1.0000000000000000       0.69895441584048479     
 -0.80000000000000004       -1.0000000000000000       0.60626049137522586     
 -0.69999999999999996       -1.0000000000000000       0.29134712440202215     
 -0.59999999999999998       -1.0000000000000000      -0.14783448366298516     
 -0.49999999999999994       -1.0000000000000000      -0.53731357910510025     
 -0.39999999999999991       -1.0000000000000000      -0.72713326584019833     
 -0.29999999999999993       -1.0000000000000000      -0.63415089980914485     
 -0.19999999999999993       -1.0000000000000000      -0.30579375792256169     
  -9.9999999999999978E-002  -1.0000000000000000       0.14531215084903532     
   2.7755575615628914E-017  -1.0000000000000000       0.53283099604325523     
  0.10000000000000009       -1.0000000000000000       0.72387898068614420     
  0.20000000000000009       -1.0000000000000000       0.62918225066054945     
  0.30000000000000016       -1.0000000000000000       0.30199412214909654     
  0.40000000000000013       -1.0000000000000000      -0.15057481259862376     
  0.50000000000000011       -1.0000000000000000      -0.53735802022966539     
  0.60000000000000009       -1.0000000000000000      -0.72967705658675108     
  0.70000000000000007       -1.0000000000000000      -0.63421370734486082     
  0.80000000000000004       -1.0000000000000000      -0.30824945774929025     
  0.90000000000000002       -1.0000000000000000       0.14482798374840006     
   1.0000000000000000       -1.0000000000000000       0.52291574291997645     
  -1.0000000000000000      -0.90000000000000002       0.69895441584048035     
 -0.90000000000000002      -0.90000000000000002       0.91779969900646363     
 -0.80000000000000004      -0.90000000000000002       0.79599858524701861     
 -0.69999999999999996      -0.90000000000000002       0.38243320275245252     
 -0.59999999999999998      -0.90000000000000002      -0.19426253137472899     
 -0.49999999999999994      -0.90000000000000002      -0.70563551633951460     
 -0.39999999999999991      -0.90000000000000002      -0.95480073880156979     
 -0.29999999999999993      -0.90000000000000002      -0.83261874472577113     
 -0.19999999999999993      -0.90000000000000002      -0.40139719685108360     
  -9.9999999999999978E-002 -0.90000000000000002       0.19095095686759828     
   2.7755575615628914E-017 -0.90000000000000002       0.69974988601689492     
  0.10000000000000009      -0.90000000000000002       0.95052819983867098     
  0.20000000000000009      -0.90000000000000002       0.82609498155685235     
  0.30000000000000016      -0.90000000000000002       0.39640859452890587     
  0.40000000000000013      -0.90000000000000002      -0.19786088128480708     
  0.50000000000000011      -0.90000000000000002      -0.70569396808983997     
  0.60000000000000009      -0.90000000000000002      -0.95814119356759242     
  0.70000000000000007      -0.90000000000000002      -0.83270127965587137     
  0.80000000000000004      -0.90000000000000002      -0.40462256294145094     
  0.90000000000000002      -0.90000000000000002       0.19031495281217159     
   1.0000000000000000      -0.90000000000000002       0.68672791683601853     
  -1.0000000000000000      -0.80000000000000004       0.60626049137520521     
 -0.90000000000000002      -0.80000000000000004       0.79599858524702083     
 -0.80000000000000004      -0.80000000000000004       0.69029839433909101     
 -0.69999999999999996      -0.80000000000000004       0.33157864385788816     
 -0.59999999999999998      -0.80000000000000004      -0.16858737509885210     
 -0.49999999999999994      -0.80000000000000004      -0.61205596762251635     
 -0.39999999999999991      -0.80000000000000004      -0.82808868390956292     
 -0.29999999999999993      -0.80000000000000004      -0.72205656395022533     
 -0.19999999999999993      -0.80000000000000004      -0.34802147554499663     
  -9.9999999999999978E-002 -0.80000000000000004       0.16571566220456779     
   2.7755575615628914E-017 -0.80000000000000004       0.60695176872054291     
  0.10000000000000009      -0.80000000000000004       0.82438365975076955     
  0.20000000000000009      -0.80000000000000004       0.71639901054710442     
  0.30000000000000016      -0.80000000000000004       0.34369544570439320     
  0.40000000000000013      -0.80000000000000004      -0.17170819855400243     
  0.50000000000000011      -0.80000000000000004      -0.61210673422264994     
  0.60000000000000009      -0.80000000000000004      -0.83098597237725114     
  0.70000000000000007      -0.80000000000000004      -0.72212819227910297     
  0.80000000000000004      -0.80000000000000004      -0.35081938675097646     
  0.90000000000000002      -0.80000000000000004       0.16516388035204388     
   1.0000000000000000      -0.80000000000000004       0.59565628404231630     
  -1.0000000000000000      -0.69999999999999996       0.29134712440202576     
 -0.90000000000000002      -0.69999999999999996       0.38243320275245341     
 -0.80000000000000004      -0.69999999999999996       0.33157864385788699     
 -0.69999999999999996      -0.69999999999999996       0.15919010359810096     
 -0.59999999999999998      -0.69999999999999996       -8.1115925645373232E-002
 -0.49999999999999994      -0.69999999999999996      -0.29413268592980141     
 -0.39999999999999991      -0.69999999999999996      -0.39785011070934090     
 -0.29999999999999993      -0.69999999999999996      -0.34683427670605177     
 -0.19999999999999993      -0.69999999999999996      -0.16708494470449869     
  -9.9999999999999978E-002 -0.69999999999999996        7.9736659026520537E-002
   2.7755575615628914E-017 -0.69999999999999996       0.29168079649417966     
  0.10000000000000009      -0.69999999999999996       0.39607062398719306     
  0.20000000000000009      -0.69999999999999996       0.34411663478730370     
  0.30000000000000016      -0.69999999999999996       0.16500713187383359     
  0.40000000000000013      -0.69999999999999996       -8.2615319807738730E-002
  0.50000000000000011      -0.69999999999999996      -0.29415715774300577     
  0.60000000000000009      -0.69999999999999996      -0.39924226113603128     
  0.70000000000000007      -0.69999999999999996      -0.34686874276861801     
  0.80000000000000004      -0.69999999999999996      -0.16842984446835779     
  0.90000000000000002      -0.69999999999999996        7.9471353074804893E-002
   1.0000000000000000      -0.69999999999999996       0.28625206763958716     
  -1.0000000000000000      -0.59999999999999998      -0.14783448366296761     
 -0.90000000000000002      -0.59999999999999998      -0.19426253137472155     
 -0.80000000000000004      -0.59999999999999998      -0.16858737509882857     
 -0.69999999999999996      -0.59999999999999998       -8.1115925645371734E-002
 -0.59999999999999998      -0.59999999999999998        4.0942284723634162E-002
 -0.49999999999999994      -0.59999999999999998       0.14924690768922078     
 -0.39999999999999991      -0.59999999999999998       0.20209510725794852     
 -0.29999999999999993      -0.59999999999999998       0.17634199029518841     
 -0.19999999999999993      -0.59999999999999998        8.5137281503795834E-002
  -9.9999999999999978E-002 -0.59999999999999998       -4.0240715342993456E-002
   2.7755575615628914E-017 -0.59999999999999998      -0.14800056566700007     
  0.10000000000000009      -0.59999999999999998      -0.20118993316363676     
  0.20000000000000009      -0.59999999999999998      -0.17496042749933324     
  0.30000000000000016      -0.59999999999999998       -8.4080496346112366E-002
  0.40000000000000013      -0.59999999999999998        4.1703898426011660E-002
  0.50000000000000011      -0.59999999999999998       0.14925915977550011     
  0.60000000000000009      -0.59999999999999998       0.20280190997743067     
  0.70000000000000007      -0.59999999999999998       0.17635938211390803     
  0.80000000000000004      -0.59999999999999998        8.5818994921795760E-002
  0.90000000000000002      -0.59999999999999998       -4.0106400825540421E-002
   1.0000000000000000      -0.59999999999999998      -0.14524708503944656     
  -1.0000000000000000      -0.49999999999999994      -0.53731357910509825     
 -0.90000000000000002      -0.49999999999999994      -0.70563551633951449     
 -0.80000000000000004      -0.49999999999999994      -0.61205596762251369     
 -0.69999999999999996      -0.49999999999999994      -0.29413268592980224     
 -0.59999999999999998      -0.49999999999999994       0.14924690768922122     
 -0.49999999999999994      -0.49999999999999994       0.54244917953081850     
 -0.39999999999999991      -0.49999999999999994       0.73408372319257531     
 -0.29999999999999993      -0.49999999999999994       0.64021298611391209     
 -0.19999999999999993      -0.49999999999999994       0.30871743942355523     
  -9.9999999999999978E-002 -0.49999999999999994      -0.14670046212792506     
   2.7755575615628914E-017 -0.49999999999999994      -0.53792374651247676     
  0.10000000000000009      -0.49999999999999994      -0.73079832799770628     
  0.20000000000000009      -0.49999999999999994      -0.63519684025726164     
  0.30000000000000016      -0.49999999999999994      -0.30488148056972209     
  0.40000000000000013      -0.49999999999999994       0.15201343053510957     
  0.50000000000000011      -0.49999999999999994       0.54249404498704235     
  0.60000000000000009      -0.49999999999999994       0.73665182834523413     
  0.70000000000000007      -0.49999999999999994       0.64027639370482592     
  0.80000000000000004      -0.49999999999999994       0.31119660877462618     
  0.90000000000000002      -0.49999999999999994      -0.14621166819193931     
   1.0000000000000000      -0.49999999999999994      -0.52791372712137241     
  -1.0000000000000000      -0.39999999999999991      -0.72713326584016258     
 -0.90000000000000002      -0.39999999999999991      -0.95480073880155969     
 -0.80000000000000004      -0.39999999999999991      -0.82808868390953871     
 -0.69999999999999996      -0.39999999999999991      -0.39785011070934101     
 -0.59999999999999998      -0.39999999999999991       0.20209510725796037     
 -0.49999999999999994      -0.39999999999999991       0.73408372319257431     
 -0.39999999999999991      -0.39999999999999991       0.99329346876053370     
 -0.29999999999999993      -0.39999999999999991       0.86618516486561647     
 -0.19999999999999993      -0.39999999999999991       0.41757859935692831     
  -9.9999999999999978E-002 -0.39999999999999991      -0.19865003001886639     
   2.7755575615628914E-017 -0.39999999999999991      -0.72796081701751181     
  0.10000000000000009      -0.39999999999999991      -0.98884868693535699     
  0.20000000000000009      -0.39999999999999991      -0.85939840034606585     
  0.30000000000000016      -0.39999999999999991      -0.41238888635774718     
  0.40000000000000013      -0.39999999999999991       0.20583852447079878     
  0.50000000000000011      -0.39999999999999991       0.73414453202835006     
  0.60000000000000009      -0.39999999999999991       0.99676859498247816     
  0.70000000000000007      -0.39999999999999991       0.86627102757817287     
  0.80000000000000004      -0.39999999999999991       0.42093400080492654     
  0.90000000000000002      -0.39999999999999991      -0.19798838395429727     
   1.0000000000000000      -0.39999999999999991      -0.71441385383180600     
  -1.0000000000000000      -0.29999999999999993      -0.63415089980914130     
 -0.90000000000000002      -0.29999999999999993      -0.83261874472577202     
 -0.80000000000000004      -0.29999999999999993      -0.72205656395022022     
 -0.69999999999999996      -0.29999999999999993      -0.34683427670605127     
 -0.59999999999999998      -0.29999999999999993       0.17634199029519154     
 -0.49999999999999994      -0.29999999999999993       0.64021298611391353     
 -0.39999999999999991      -0.29999999999999993       0.86618516486561969     
 -0.29999999999999993      -0.29999999999999993       0.75527580420415219     
 -0.19999999999999993      -0.29999999999999993       0.36403362079405971     
  -9.9999999999999978E-002 -0.29999999999999993      -0.17333815858294313     
   2.7755575615628914E-017 -0.29999999999999993      -0.63487396267990182     
  0.10000000000000009      -0.29999999999999993      -0.86230968368402539     
  0.20000000000000009      -0.29999999999999993      -0.74935796790849674     
  0.30000000000000016      -0.29999999999999993      -0.35950856400475339     
  0.40000000000000013      -0.29999999999999993       0.17960638800689535     
  0.50000000000000011      -0.29999999999999993       0.64026608735551926     
  0.60000000000000009      -0.29999999999999993       0.86921574217999265     
  0.70000000000000007      -0.29999999999999993       0.75535072723764152     
  0.80000000000000004      -0.29999999999999993       0.36696024354407830     
  0.90000000000000002      -0.29999999999999993      -0.17276099407427939     
   1.0000000000000000      -0.29999999999999993      -0.62305884617446172     
  -1.0000000000000000      -0.19999999999999993      -0.30579375792256669     
 -0.90000000000000002      -0.19999999999999993      -0.40139719685108172     
 -0.80000000000000004      -0.19999999999999993      -0.34802147554500418     
 -0.69999999999999996      -0.19999999999999993      -0.16708494470450019     
 -0.59999999999999998      -0.19999999999999993        8.5137281503780263E-002
 -0.49999999999999994      -0.19999999999999993       0.30871743942355145     
 -0.39999999999999991      -0.19999999999999993       0.41757859935692515     
 -0.29999999999999993      -0.19999999999999993       0.36403362079405777     
 -0.19999999999999993      -0.19999999999999993       0.17537131524689753     
  -9.9999999999999978E-002 -0.19999999999999993       -8.3689616526276850E-002
   2.7755575615628914E-017 -0.19999999999999993      -0.30614396305163277     
  0.10000000000000009      -0.19999999999999993      -0.41571086712665317     
  0.20000000000000009      -0.19999999999999993      -0.36118121301403389     
  0.30000000000000016      -0.19999999999999993      -0.17319046331370785     
  0.40000000000000013      -0.19999999999999993        8.6711027092815141E-002
  0.50000000000000011      -0.19999999999999993       0.30874312405423254     
  0.60000000000000009      -0.19999999999999993       0.41903978198167618     
  0.70000000000000007      -0.19999999999999993       0.36406979550676455     
  0.80000000000000004      -0.19999999999999993       0.17678289999425700     
  0.90000000000000002      -0.19999999999999993       -8.3411156376274428E-002
   1.0000000000000000      -0.19999999999999993      -0.30044605156993603     
  -1.0000000000000000       -9.9999999999999978E-002  0.14531215084903257     
 -0.90000000000000002       -9.9999999999999978E-002  0.19095095686759603     
 -0.80000000000000004       -9.9999999999999978E-002  0.16571566220456704     
 -0.69999999999999996       -9.9999999999999978E-002   7.9736659026519996E-002
 -0.59999999999999998       -9.9999999999999978E-002  -4.0240715342995378E-002
 -0.49999999999999994       -9.9999999999999978E-002 -0.14670046212792509     
 -0.39999999999999991       -9.9999999999999978E-002 -0.19865003001886850     
 -0.29999999999999993       -9.9999999999999978E-002 -0.17333815858294163     
 -0.19999999999999993       -9.9999999999999978E-002  -8.3689616526277336E-002
  -9.9999999999999978E-002  -9.9999999999999978E-002   3.9551092549212193E-002
   2.7755575615628914E-017  -9.9999999999999978E-002  0.14547535427144240     
  0.10000000000000009       -9.9999999999999978E-002  0.19776026891169929     
  0.20000000000000009       -9.9999999999999978E-002  0.17198013184575886     
  0.30000000000000016       -9.9999999999999978E-002   8.2650827890035999E-002
  0.40000000000000013       -9.9999999999999978E-002  -4.0989345705541629E-002
  0.50000000000000011       -9.9999999999999978E-002 -0.14671250288843807     
  0.60000000000000009       -9.9999999999999978E-002 -0.19934477897270780     
  0.70000000000000007       -9.9999999999999978E-002 -0.17335525233262900     
  0.80000000000000004       -9.9999999999999978E-002  -8.4359688856993936E-002
  0.90000000000000002       -9.9999999999999978E-002   3.9419073949352207E-002
   1.0000000000000000       -9.9999999999999978E-002  0.14276886922798146     
  -1.0000000000000000        2.7755575615628914E-017  0.53283099604321771     
 -0.90000000000000002        2.7755575615628914E-017  0.69974988601689136     
 -0.80000000000000004        2.7755575615628914E-017  0.60695176872051515     
 -0.69999999999999996        2.7755575615628914E-017  0.29168079649417922     
 -0.59999999999999998        2.7755575615628914E-017 -0.14800056566701944     
 -0.49999999999999994        2.7755575615628914E-017 -0.53792374651248054     
 -0.39999999999999991        2.7755575615628914E-017 -0.72796081701750859     
 -0.29999999999999993        2.7755575615628914E-017 -0.63487396267990215     
 -0.19999999999999993        2.7755575615628914E-017 -0.30614396305163760     
  -9.9999999999999978E-002   2.7755575615628914E-017  0.14547535427144284     
   2.7755575615628914E-017   2.7755575615628914E-017  0.53343605471521205     
  0.10000000000000009        2.7755575615628914E-017  0.72470281778898815     
  0.20000000000000009        2.7755575615628914E-017  0.62989964974334434     
  0.30000000000000016        2.7755575615628914E-017  0.30233999193774180     
  0.40000000000000013        2.7755575615628914E-017 -0.15074401304950849     
  0.50000000000000011        2.7755575615628914E-017 -0.53796823672983729     
  0.60000000000000009        2.7755575615628914E-017 -0.73050749982019669     
  0.70000000000000007        2.7755575615628914E-017 -0.63493684073277190     
  0.80000000000000004        2.7755575615628914E-017 -0.30860244564786943     
  0.90000000000000002        2.7755575615628914E-017  0.14499063988057442     
   1.0000000000000000        2.7755575615628914E-017  0.52350955125181720     
  -1.0000000000000000       0.10000000000000009       0.72387898068614220     
 -0.90000000000000002       0.10000000000000009       0.95052819983866876     
 -0.80000000000000004       0.10000000000000009       0.82438365975076711     
 -0.69999999999999996       0.10000000000000009       0.39607062398719295     
 -0.59999999999999998       0.10000000000000009      -0.20118993316363773     
 -0.49999999999999994       0.10000000000000009      -0.73079832799770483     
 -0.39999999999999991       0.10000000000000009      -0.98884868693536010     
 -0.29999999999999993       0.10000000000000009      -0.86230968368402339     
 -0.19999999999999993       0.10000000000000009      -0.41571086712665634     
  -9.9999999999999978E-002  0.10000000000000009       0.19776026891170065     
   2.7755575615628914E-017  0.10000000000000009       0.72470281778898626     
  0.10000000000000009       0.10000000000000009       0.98442379057068363     
  0.20000000000000009       0.10000000000000009       0.85555328502674710     
  0.30000000000000016       0.10000000000000009       0.41054437277577077     
  0.40000000000000013       0.10000000000000009      -0.20491659928043543     
  0.50000000000000011       0.10000000000000009      -0.73085886415421597     
  0.60000000000000009       0.10000000000000009      -0.99230826152130902     
  0.70000000000000007       0.10000000000000009      -0.86239516180838649     
  0.80000000000000004       0.10000000000000009      -0.41905124920020503     
  0.90000000000000002       0.10000000000000009       0.19710158502782635     
   1.0000000000000000       0.10000000000000009       0.71121648773728607     
  -1.0000000000000000       0.20000000000000009       0.62918225066052313     
 -0.90000000000000002       0.20000000000000009       0.82609498155685190     
 -0.80000000000000004       0.20000000000000009       0.71639901054709276     
 -0.69999999999999996       0.20000000000000009       0.34411663478730814     
 -0.59999999999999998       0.20000000000000009      -0.17496042749931368     
 -0.49999999999999994       0.20000000000000009      -0.63519684025726286     
 -0.39999999999999991       0.20000000000000009      -0.85939840034605575     
 -0.29999999999999993       0.20000000000000009      -0.74935796790850118     
 -0.19999999999999993       0.20000000000000009      -0.36118121301403949     
  -9.9999999999999978E-002  0.20000000000000009       0.17198013184575722     
   2.7755575615628914E-017  0.20000000000000009       0.62989964974333212     
  0.10000000000000009       0.20000000000000009       0.85555328502674777     
  0.20000000000000009       0.20000000000000009       0.74348649979137915     
  0.30000000000000016       0.20000000000000009       0.35669161167967883     
  0.40000000000000013       0.20000000000000009      -0.17819924781494786     
  0.50000000000000011       0.20000000000000009      -0.63524952551201985     
  0.60000000000000009       0.20000000000000009      -0.86240523252330770     
  0.70000000000000007       0.20000000000000009      -0.74943230394819238     
  0.80000000000000004       0.20000000000000009      -0.36408490559072604     
  0.90000000000000002       0.20000000000000009       0.17140748934834740     
   1.0000000000000000       0.20000000000000009       0.61817710553558991     
  -1.0000000000000000       0.30000000000000016       0.30199412214909582     
 -0.90000000000000002       0.30000000000000016       0.39640859452890531     
 -0.80000000000000004       0.30000000000000016       0.34369544570439259     
 -0.69999999999999996       0.30000000000000016       0.16500713187383323     
 -0.59999999999999998       0.30000000000000016       -8.4080496346110686E-002
 -0.49999999999999994       0.30000000000000016      -0.30488148056972053     
 -0.39999999999999991       0.30000000000000016      -0.41238888635774584     
 -0.29999999999999993       0.30000000000000016      -0.35950856400475290     
 -0.19999999999999993       0.30000000000000016      -0.17319046331370802     
  -9.9999999999999978E-002  0.30000000000000016        8.2650827890036610E-002
   2.7755575615628914E-017  0.30000000000000016       0.30233999193774153     
  0.10000000000000009       0.30000000000000016       0.41054437277577116     
  0.20000000000000009       0.30000000000000016       0.35669161167967661     
  0.30000000000000016       0.30000000000000016       0.17103672187868066     
  0.40000000000000013       0.30000000000000016       -8.5634683447283727E-002
  0.50000000000000011       0.30000000000000016      -0.30490684688672809     
  0.60000000000000009       0.30000000000000016      -0.41383191107723227     
  0.70000000000000007       0.30000000000000016      -0.35954428971675284     
  0.80000000000000004       0.30000000000000016      -0.17458451202048314     
  0.90000000000000002       0.30000000000000016        8.2375826213168066E-002
   1.0000000000000000       0.30000000000000016       0.29671287405246571     
  -1.0000000000000000       0.40000000000000013      -0.15057481259858851     
 -0.90000000000000002       0.40000000000000013      -0.19786088128480059     
 -0.80000000000000004       0.40000000000000013      -0.17170819855398359     
 -0.69999999999999996       0.40000000000000013       -8.2615319807735677E-002
 -0.59999999999999998       0.40000000000000013        4.1703898426031526E-002
 -0.49999999999999994       0.40000000000000013       0.15201343053511038     
 -0.39999999999999991       0.40000000000000013       0.20583852447080436     
 -0.29999999999999993       0.40000000000000013       0.17960638800689205     
 -0.19999999999999993       0.40000000000000013        8.6711027092822954E-002
  -9.9999999999999978E-002  0.40000000000000013       -4.0989345705542239E-002
   2.7755575615628914E-017  0.40000000000000013      -0.15074401304951590     
  0.10000000000000009       0.40000000000000013      -0.20491659928043557     
  0.20000000000000009       0.40000000000000013      -0.17819924781496457     
  0.30000000000000016       0.40000000000000013       -8.5634683447283727E-002
  0.40000000000000013       0.40000000000000013        4.2479620064294017E-002
  0.50000000000000011       0.40000000000000013       0.15202591178912375     
  0.60000000000000009       0.40000000000000013       0.20655842387014020     
  0.70000000000000007       0.40000000000000013       0.17962410341803345     
  0.80000000000000004       0.40000000000000013        8.7405385961528359E-002
  0.90000000000000002       0.40000000000000013       -4.0852537690974355E-002
   1.0000000000000000       0.40000000000000013      -0.14793947850544725     
  -1.0000000000000000       0.50000000000000011      -0.53735802022966261     
 -0.90000000000000002       0.50000000000000011      -0.70569396808983864     
 -0.80000000000000004       0.50000000000000011      -0.61210673422264961     
 -0.69999999999999996       0.50000000000000011      -0.29415715774300555     
 -0.59999999999999998       0.50000000000000011       0.14925915977549983     
 -0.49999999999999994       0.50000000000000011       0.54249404498704079     
 -0.39999999999999991       0.50000000000000011       0.73414453202835261     
 -0.29999999999999993       0.50000000000000011       0.64026608735551760     
 -0.19999999999999993       0.50000000000000011       0.30874312405423565     
  -9.9999999999999978E-002  0.50000000000000011      -0.14671250288843790     
   2.7755575615628914E-017  0.50000000000000011      -0.53796823672983629     
  0.10000000000000009       0.50000000000000011      -0.73085886415421564     
  0.20000000000000009       0.50000000000000011      -0.63524952551202074     
  0.30000000000000016       0.50000000000000011      -0.30490684688672876     
  0.40000000000000013       0.50000000000000011       0.15202591178912500     
  0.50000000000000011       0.50000000000000011       0.54253891408495791     
  0.60000000000000009       0.50000000000000011       0.73671284976107210     
  0.70000000000000007       0.50000000000000011       0.64032950015070966     
  0.80000000000000004       0.50000000000000011       0.31122249816245218     
  0.90000000000000002       0.50000000000000011      -0.14622366865478156     
   1.0000000000000000       0.50000000000000011      -0.52795738990579444     
  -1.0000000000000000       0.60000000000000009      -0.72967705658670357     
 -0.90000000000000002       0.60000000000000009      -0.95814119356758587     
 -0.80000000000000004       0.60000000000000009      -0.83098597237722338     
 -0.69999999999999996       0.60000000000000009      -0.39924226113603045     
 -0.59999999999999998       0.60000000000000009       0.20280190997743522     
 -0.49999999999999994       0.60000000000000009       0.73665182834523391     
 -0.39999999999999991       0.60000000000000009       0.99676859498247250     
 -0.29999999999999993       0.60000000000000009       0.86921574217999320     
 -0.19999999999999993       0.60000000000000009       0.41903978198167796     
  -9.9999999999999978E-002  0.60000000000000009      -0.19934477897270647     
   2.7755575615628914E-017  0.60000000000000009      -0.73050749982019025     
  0.10000000000000009       0.60000000000000009      -0.99230826152130747     
  0.20000000000000009       0.60000000000000009      -0.86240523252331214     
  0.30000000000000016       0.60000000000000009      -0.41383191107723349     
  0.40000000000000013       0.60000000000000009       0.20655842387012904     
  0.50000000000000011       0.60000000000000009       0.73671284976106943     
  0.60000000000000009       0.60000000000000009        1.0002558789084570     
  0.70000000000000007       0.60000000000000009       0.86930190518465045     
  0.80000000000000004       0.60000000000000009       0.42240692125981538     
  0.90000000000000002       0.60000000000000009      -0.19868081850475489     
   1.0000000000000000       0.60000000000000009      -0.71691314525943128     
  -1.0000000000000000       0.70000000000000007      -0.63421370734485893     
 -0.90000000000000002       0.70000000000000007      -0.83270127965586949     
 -0.80000000000000004       0.70000000000000007      -0.72212819227910152     
 -0.69999999999999996       0.70000000000000007      -0.34686874276861673     
 -0.59999999999999998       0.70000000000000007       0.17635938211390914     
 -0.49999999999999994       0.70000000000000007       0.64027639370482459     
 -0.39999999999999991       0.70000000000000007       0.86627102757817709     
 -0.29999999999999993       0.70000000000000007       0.75535072723763907     
 -0.19999999999999993       0.70000000000000007       0.36406979550676571     
  -9.9999999999999978E-002  0.70000000000000007      -0.17335525233263083     
   2.7755575615628914E-017  0.70000000000000007      -0.63493684073277301     
  0.10000000000000009       0.70000000000000007      -0.86239516180838505     
  0.20000000000000009       0.70000000000000007      -0.74943230394819138     
  0.30000000000000016       0.70000000000000007      -0.35954428971675190     
  0.40000000000000013       0.70000000000000007       0.17962410341803603     
  0.50000000000000011       0.70000000000000007       0.64032950015071000     
  0.60000000000000009       0.70000000000000007       0.86930190518465400     
  0.70000000000000007       0.70000000000000007       0.75542565765976799     
  0.80000000000000004       0.70000000000000007       0.36699670788138039     
  0.90000000000000002       0.70000000000000007      -0.17277803076453357     
   1.0000000000000000       0.70000000000000007      -0.62312055443044756     
  -1.0000000000000000       0.80000000000000004      -0.30824945774930351     
 -0.90000000000000002       0.80000000000000004      -0.40462256294145182     
 -0.80000000000000004       0.80000000000000004      -0.35081938675097418     
 -0.69999999999999996       0.80000000000000004      -0.16842984446836073     
 -0.59999999999999998       0.80000000000000004        8.5818994921779787E-002
 -0.49999999999999994       0.80000000000000004       0.31119660877462452     
 -0.39999999999999991       0.80000000000000004       0.42093400080491111     
 -0.29999999999999993       0.80000000000000004       0.36696024354407963     
 -0.19999999999999993       0.80000000000000004       0.17678289999424412     
  -9.9999999999999978E-002  0.80000000000000004       -8.4359688856994575E-002
   2.7755575615628914E-017  0.80000000000000004      -0.30860244564785999     
  0.10000000000000009       0.80000000000000004      -0.41905124920020231     
  0.20000000000000009       0.80000000000000004      -0.36408490559070339     
  0.30000000000000016       0.80000000000000004      -0.17458451202048286     
  0.40000000000000013       0.80000000000000004        8.7405385961525306E-002
  0.50000000000000011       0.80000000000000004       0.31122249816245118     
  0.60000000000000009       0.80000000000000004       0.42240692125980034     
  0.70000000000000007       0.80000000000000004       0.36699670788137995     
  0.80000000000000004       0.80000000000000004       0.17820581412296768     
  0.90000000000000002       0.80000000000000004       -8.4078995317742489E-002
   1.0000000000000000       0.80000000000000004      -0.30285878722220011     
  -1.0000000000000000       0.90000000000000002       0.14482798374839792     
 -0.90000000000000002       0.90000000000000002       0.19031495281217006     
 -0.80000000000000004       0.90000000000000002       0.16516388035204574     
 -0.69999999999999996       0.90000000000000002        7.9471353074804407E-002
 -0.59999999999999998       0.90000000000000002       -4.0106400825541566E-002
 -0.49999999999999994       0.90000000000000002      -0.14621166819193990     
 -0.39999999999999991       0.90000000000000002      -0.19798838395430310     
 -0.29999999999999993       0.90000000000000002      -0.17276099407427789     
 -0.19999999999999993       0.90000000000000002       -8.3411156376276357E-002
  -9.9999999999999978E-002  0.90000000000000002        3.9419073949351631E-002
   2.7755575615628914E-017  0.90000000000000002       0.14499063988057587     
  0.10000000000000009       0.90000000000000002       0.19710158502782621     
  0.20000000000000009       0.90000000000000002       0.17140748934835162     
  0.30000000000000016       0.90000000000000002        8.2375826213168329E-002
  0.40000000000000013       0.90000000000000002       -4.0852537690973363E-002
  0.50000000000000011       0.90000000000000002      -0.14622366865478081     
  0.60000000000000009       0.90000000000000002      -0.19868081850476008     
  0.70000000000000007       0.90000000000000002      -0.17277803076453327     
  0.80000000000000004       0.90000000000000002       -8.4078995317745930E-002
  0.90000000000000002       0.90000000000000002        3.9287495556720620E-002
   1.0000000000000000       0.90000000000000002       0.14229317385619497     
  -1.0000000000000000        1.0000000000000000       0.52291574291991316     
 -0.90000000000000002        1.0000000000000000       0.68672791683601142     
 -0.80000000000000004        1.0000000000000000       0.59565628404228488     
 -0.69999999999999996        1.0000000000000000       0.28625206763958366     
 -0.59999999999999998        1.0000000000000000      -0.14524708503947056     
 -0.49999999999999994        1.0000000000000000      -0.52791372712137397     
 -0.39999999999999991        1.0000000000000000      -0.71441385383180922     
 -0.29999999999999993        1.0000000000000000      -0.62305884617445884     
 -0.19999999999999993        1.0000000000000000      -0.30044605156993992     
  -9.9999999999999978E-002   1.0000000000000000       0.14276886922798079     
   2.7755575615628914E-017   1.0000000000000000       0.52350955125182141     
  0.10000000000000009        1.0000000000000000       0.71121648773728430     
  0.20000000000000009        1.0000000000000000       0.61817710553560035     
  0.30000000000000016        1.0000000000000000       0.29671287405246521     
  0.40000000000000013        1.0000000000000000      -0.14793947850544506     
  0.50000000000000011        1.0000000000000000      -0.52795738990579033     
  0.60000000000000009        1.0000000000000000      -0.71691314525943806     
  0.70000000000000007        1.0000000000000000      -0.62312055443044467     
  0.80000000000000004        1.0000000000000000      -0.30285878722221155     
  0.90000000000000002        1.0000000000000000       0.14229317385619261     
   1.0000000000000000        1.0000000000000000       0.51376776323705620     
